raw_emg,raw_ax,raw_ay,raw_az,raw_gx,raw_gy,raw_gz
209.0000,1.0085,-0.2012,0.0977,-3.4275,0.5038,-0.1374
169.0000,1.0066,-0.2017,0.1018,-3.4656,0.2061,-0.9695
146.0000,1.0137,-0.1956,0.0989,-3.4504,0.4504,-1.4351
199.0000,1.0095,-0.1890,0.1025,-3.4809,0.6718,-1.1603
162.0000,1.0059,-0.1985,0.0981,-3.2137,0.9542,-0.2366
152.0000,1.0090,-0.1985,0.0972,-3.0305,1.1298,0.5802
184.0000,1.0127,-0.1965,0.0945,-2.9542,1.0229,0.6183
180.0000,1.0125,-0.1941,0.1011,-3.1832,0.4733,0.4427
158.0000,1.0029,-0.2009,0.1042,-3.3130,0.3664,-0.5038
184.0000,1.0088,-0.1965,0.1074,-3.3664,0.4962,-1.2901
194.0000,1.0071,-0.1917,0.1016,-3.6183,0.3053,-1.4351
174.0000,1.0127,-0.1968,0.0972,-3.3740,0.5725,-1.0763
186.0000,1.0083,-0.1943,0.0918,-3.1527,0.7863,-0.1069
192.0000,1.0066,-0.2024,0.1028,-3.2137,0.7176,0.6870
179.0000,1.0078,-0.1982,0.0889,-3.0992,0.6718,0.3664
192.0000,1.0083,-0.1990,0.1077,-3.4198,0.2366,-0.2366
210.0000,1.0090,-0.1987,0.0967,-3.6260,0.0840,-0.9160
188.0000,1.0093,-0.1992,0.0930,-3.4504,0.3282,-1.4122
197.0000,1.0073,-0.1938,0.0991,-3.4809,0.4198,-1.1908
209.0000,1.0129,-0.1912,0.0942,-3.2519,0.6489,-0.3359
191.0000,1.0171,-0.1980,0.0950,-3.3359,0.4504,0.3053
202.0000,1.0125,-0.1987,0.0942,-3.0992,0.5573,0.7786
215.0000,1.0103,-0.1985,0.0945,-3.3511,0.4046,0.1450
203.0000,1.0093,-0.1980,0.1028,-3.3435,0.3282,-0.7252
205.0000,1.0105,-0.1951,0.1003,-3.4733,0.4351,-1.3435
217.0000,1.0093,-0.1941,0.0916,-3.4580,0.5267,-1.2824
214.0000,1.0112,-0.1904,0.1028,-3.2214,0.6336,-0.7786
211.0000,1.0088,-0.1943,0.0930,-3.1908,0.6183,0.2137
225.0000,1.0103,-0.1992,0.1089,-3.2366,0.7863,0.6565
215.0000,1.0056,-0.2009,0.1028,-3.2061,0.6336,0.2901
218.0000,1.0115,-0.1970,0.1074,-3.2901,0.3359,-0.3893
226.0000,1.0107,-0.1968,0.0903,-3.4504,0.1908,-0.9618
223.0000,1.0127,-0.1973,0.0991,-3.6031,0.1298,-1.3893
220.0000,1.0078,-0.1943,0.0940,-3.7099,0.2290,-1.0153
231.0000,1.0122,-0.1943,0.1052,-3.2672,0.8321,-0.3664
233.0000,1.0117,-0.1973,0.0999,-3.2366,0.6107,0.2901
227.0000,1.0164,-0.2031,0.1060,-3.1679,0.6794,0.4580
233.0000,1.0034,-0.2019,0.1062,-3.3435,0.5878,0.2214
237.0000,1.0127,-0.1951,0.0999,-3.1985,0.3893,-0.6107
232.0000,1.0059,-0.1997,0.0896,-3.3893,0.4504,-1.1298
238.0000,1.0168,-0.1904,0.1052,-3.5878,0.4733,-1.1527
240.0000,1.0139,-0.1956,0.0940,-3.3359,0.6260,-0.5573
242.0000,1.0144,-0.1963,0.0940,-3.2366,0.7939,0.3588
243.0000,1.0071,-0.1965,0.0945,-3.1221,0.5496,0.8168
248.0000,1.0068,-0.1990,0.1052,-3.2214,0.3588,0.3740
241.0000,1.0046,-0.1938,0.1030,-3.4275,0.3893,-0.4656
245.0000,1.0098,-0.2019,0.0994,-3.5954,0.2061,-1.2061
258.0000,1.0115,-0.1965,0.1125,-3.5573,0.3435,-1.3740
247.0000,1.0112,-0.1951,0.0886,-3.4656,0.6260,-0.7099
250.0000,1.0159,-0.1926,0.0952,-3.1374,0.9313,0.0000
257.0000,1.0146,-0.1992,0.1079,-2.8473,0.7252,0.6031
261.0000,1.0063,-0.1982,0.1033,-2.9847,0.8397,0.6565
239.0000,1.0054,-0.1938,0.1067,-3.0992,0.6870,0.1603
271.0000,1.0117,-0.2034,0.1064,-3.5038,0.5344,-0.8626
255.0000,1.0122,-0.1956,0.0979,-3.5573,0.2290,-1.1832
255.0000,1.0085,-0.1948,0.0977,-3.6718,0.3969,-1.1145
262.0000,1.0117,-0.1975,0.1025,-3.3435,0.4656,-0.4046
264.0000,1.0081,-0.2031,0.1035,-3.1450,0.5954,0.0687
256.0000,1.0132,-0.1985,0.1042,-3.1450,0.7786,0.4427
257.0000,1.0103,-0.1953,0.1025,-3.4656,0.3053,0.3969
270.0000,1.0090,-0.2002,0.0940,-3.5878,0.3130,-0.3893
271.0000,1.0122,-0.1960,0.1013,-3.7786,0.4809,-1.2214
262.0000,1.0112,-0.1956,0.0938,-3.4351,0.2672,-1.3053
206.0000,1.0088,-0.1965,0.0935,-3.3053,0.4580,-0.7863
311.0000,1.0115,-0.1985,0.0942,-3.0992,0.6794,-0.0458
268.0000,1.0115,-0.2002,0.0991,-3.1374,0.7710,0.6565
264.0000,1.0144,-0.1985,0.0962,-3.1603,0.5725,0.5725
292.0000,1.0198,-0.1963,0.0999,-3.3511,0.3435,-0.1069
282.0000,1.0103,-0.1931,0.0955,-3.5191,0.1450,-1.0687
292.0000,1.0088,-0.1970,0.1040,-3.7023,0.1069,-1.4962
252.0000,1.0110,-0.1919,0.0986,-3.5725,0.2366,-1.2672
293.0000,1.0181,-0.1982,0.0989,-3.2366,0.4122,-0.4885
243.0000,1.0093,-0.1948,0.0959,-3.2519,0.7023,0.4580
306.0000,1.0103,-0.1921,0.1077,-3.0229,0.8321,0.7252
271.0000,1.0071,-0.1929,0.0996,-2.9313,0.8626,0.4275
317.0000,1.0085,-0.1946,0.1016,-3.2519,0.7176,-0.5878
278.0000,1.0078,-0.1941,0.1025,-3.3893,0.7176,-0.9847
268.0000,1.0122,-0.1958,0.0945,-3.3282,0.5878,-1.1603
298.0000,1.0071,-0.1902,0.0981,-3.1908,0.8855,-0.5573
311.0000,1.0168,-0.2012,0.0935,-3.1298,0.8473,0.1298
439.0000,1.0156,-0.1975,0.0923,-3.1145,0.7786,0.6641
275.0000,1.0093,-0.2007,0.0945,-3.2214,0.6565,0.2290
273.0000,1.0107,-0.1982,0.1030,-3.3511,0.3588,-0.1756
355.0000,1.0061,-0.2009,0.1021,-3.5344,0.2366,-0.9695
244.0000,1.0144,-0.1946,0.0857,-3.4351,0.5573,-1.3817
202.0000,1.0103,-0.1980,0.0945,-3.3282,0.5267,-1.0076
393.0000,1.0122,-0.2024,0.0945,-3.1756,0.5802,-0.2595
336.0000,1.0122,-0.1995,0.0991,-3.2061,0.6183,0.1908
356.0000,1.0139,-0.1987,0.1099,-3.2061,0.1450,0.3664
290.0000,1.0071,-0.1985,0.0977,-3.4122,0.1298,-0.2443
339.0000,1.0088,-0.2009,0.0977,-3.5420,-0.0611,-1.1527
190.0000,1.0122,-0.1953,0.0991,-3.6489,0.0076,-1.3740
380.0000,1.0105,-0.1924,0.0984,-3.7023,-0.0153,-1.3053
293.0000,1.0173,-0.1958,0.1055,-3.4275,0.4504,-0.4046
317.0000,1.0171,-0.1948,0.0962,-3.3511,0.5115,0.0992
331.0000,1.0071,-0.2009,0.0996,-3.2672,0.5725,0.4809
222.0000,1.0088,-0.1965,0.1069,-3.2366,0.5649,0.1450
337.0000,1.0134,-0.1941,0.1013,-3.3359,0.6870,-0.6336
329.0000,1.0120,-0.1948,0.0962,-3.2977,0.4275,-1.0992
308.0000,1.0115,-0.1965,0.1074,-3.2366,0.4656,-0.9924
313.0000,1.0083,-0.1987,0.0974,-3.2977,0.6870,-0.4809
319.0000,1.0203,-0.1956,0.0940,-3.1603,0.9695,0.1908
393.0000,1.0146,-0.1985,0.0964,-3.0229,0.8244,0.7710
307.0000,1.0059,-0.2012,0.1038,-2.9160,0.8244,0.6412
321.0000,1.0100,-0.2026,0.0999,-3.3817,0.5496,-0.1450
339.0000,1.0085,-0.1956,0.0977,-3.5496,0.3435,-1.0458
321.0000,1.0144,-0.1902,0.1113,-3.4962,0.2672,-1.1832
345.0000,1.0134,-0.1960,0.1001,-3.5649,0.3511,-1.2901
323.0000,1.0081,-0.1980,0.0837,-3.2595,0.4885,-0.3740
296.0000,1.0107,-0.1965,0.0930,-3.5496,0.5191,0.1908
356.0000,1.0085,-0.2007,0.0969,-3.4580,0.5344,0.5191
304.0000,1.0081,-0.1970,0.0991,-3.4733,0.2901,0.1298
336.0000,1.0032,-0.1990,0.1008,-3.3282,0.2443,-0.8168
339.0000,1.0032,-0.1970,0.1045,-3.6412,0.0305,-1.5725
309.0000,1.0137,-0.1946,0.0955,-3.8015,0.1298,-1.2901
331.0000,1.0176,-0.1946,0.1011,-3.5802,0.3359,-0.9313
348.0000,1.0066,-0.2041,0.0967,-3.4656,0.4962,0.1679
365.0000,1.0095,-0.1934,0.0889,-3.1527,0.9542,0.7786
285.0000,1.0090,-0.1965,0.0898,-2.9618,0.9695,0.7405
354.0000,1.0139,-0.1953,0.0962,-2.8473,1.3664,0.1756
343.0000,1.0151,-0.2012,0.0981,-2.8397,1.3511,-0.5115
379.0000,1.0115,-0.1965,0.0979,-2.5496,1.7252,-0.1756
387.0000,1.0076,-0.1943,0.1003,-2.5115,2.0000,0.0305
362.0000,1.0110,-0.1934,0.1064,-2.3359,2.3130,0.7863
349.0000,1.0159,-0.1914,0.0969,-2.4122,2.0687,1.1374
370.0000,1.0063,-0.1963,0.1001,-2.3893,1.7328,1.3130
371.0000,1.0068,-0.1992,0.1060,-2.8931,1.0687,0.5725
330.0000,1.0107,-0.1990,0.1079,-3.3053,0.2672,-0.5725
309.0000,1.0061,-0.1982,0.1006,-3.6794,-0.0611,-1.6031
327.0000,1.0061,-0.1968,0.1025,-3.8931,-0.2290,-1.7710
295.0000,1.0100,-0.1924,0.1008,-3.6107,0.1985,-0.8550
354.0000,1.0164,-0.1975,0.1006,-3.0763,0.6641,0.0000
348.0000,1.0146,-0.1914,0.1006,-2.4504,1.3206,1.1832
346.0000,1.0110,-0.1985,0.0955,-2.2748,1.9695,1.8473
353.0000,1.0093,-0.1973,0.0999,-1.9160,2.4427,1.4504
352.0000,1.0059,-0.1914,0.0969,-2.2061,2.5649,0.6870
351.0000,1.0127,-0.1973,0.1030,-2.3053,2.2061,-0.1908
354.0000,1.0100,-0.1956,0.1006,-2.8931,1.0992,-0.5496
358.0000,1.0022,-0.1936,0.1016,-3.5878,0.0305,-0.7023
361.0000,1.0100,-0.1982,0.1025,-4.3893,-1.3053,-1.0992
357.0000,1.0129,-0.2014,0.1008,-5.3206,-3.0458,-2.0458
365.0000,1.0117,-0.1992,0.1125,-6.3206,-4.4885,-3.0992
353.0000,1.0107,-0.1985,0.0959,-6.7557,-5.3053,-4.3435
363.0000,1.0076,-0.1970,0.0955,-6.8702,-5.0611,-4.6947
365.0000,1.0137,-0.1934,0.0891,-6.3969,-4.3511,-4.4809
358.0000,1.0132,-0.1953,0.0901,-5.4733,-2.7481,-2.9924
360.0000,1.0186,-0.1921,0.0876,-4.2366,-1.0458,-1.2977
367.0000,1.0151,-0.1897,0.0896,-3.1298,0.8779,0.4656
363.0000,1.0110,-0.1921,0.0864,-2.1832,2.2901,1.3206
357.0000,1.0117,-0.1985,0.1008,-1.3053,3.5344,1.7099
365.0000,1.0137,-0.1953,0.0864,-1.0382,4.5191,1.6718
366.0000,1.0110,-0.1958,0.0923,-0.9008,4.5038,1.7786
365.0000,1.0173,-0.1921,0.0906,-0.9542,4.5267,1.9084
372.0000,1.0054,-0.1970,0.0999,-1.2977,4.1756,2.0611
369.0000,1.0186,-0.2002,0.0918,-1.5496,3.4122,2.2137
365.0000,1.0068,-0.2002,0.1050,-2.0458,2.4504,1.5267
373.0000,1.0061,-0.2039,0.1025,-2.6718,1.6031,0.7634
375.0000,1.0071,-0.1953,0.0999,-3.3053,0.7863,-0.2672
371.0000,1.0127,-0.1970,0.1033,-3.6489,0.2748,-1.1145
365.0000,1.0081,-0.2002,0.1111,-3.7863,-0.2824,-1.4198
371.0000,1.0125,-0.1956,0.0967,-3.7176,-0.0611,-0.6641
373.0000,1.0164,-0.1965,0.1016,-3.7863,0.0840,-0.3588
379.0000,1.0095,-0.2014,0.0942,-3.3817,0.2137,0.5267
375.0000,1.0068,-0.1956,0.1045,-3.7557,-0.0763,-0.0382
372.0000,1.0132,-0.1958,0.0984,-3.7176,-0.0534,-0.8626
378.0000,1.0110,-0.2009,0.1096,-4.0153,-0.7252,-1.7176
393.0000,1.0115,-0.1987,0.1072,-4.3817,-0.9542,-2.1374
362.0000,1.0173,-0.1978,0.0908,-4.3206,-0.8931,-1.7099
386.0000,1.0129,-0.1887,0.0986,-3.9847,-0.7176,-1.2443
385.0000,1.0132,-0.1990,0.0957,-3.8168,-0.2824,-0.1221
388.0000,1.0146,-0.2000,0.0903,-3.2061,0.2061,0.1756
375.0000,1.0149,-0.1980,0.0996,-3.0840,0.8779,0.2519
386.0000,1.0085,-0.1943,0.0962,-2.9466,1.1069,-0.2443
378.0000,1.0088,-0.1975,0.1016,-2.6031,1.8168,-0.4580
375.0000,1.0164,-0.1931,0.0991,-2.7176,1.7939,0.0076
397.0000,1.0063,-0.1948,0.1047,-2.5420,1.6718,0.3130
377.0000,1.0110,-0.1970,0.0898,-2.6489,1.5115,0.5038
391.0000,1.0071,-0.1995,0.0984,-3.0229,0.6260,0.7328
387.0000,1.0076,-0.2046,0.1072,-3.4656,-0.2061,-0.3740
382.0000,1.0059,-0.1995,0.1006,-4.0611,-0.7023,-1.2214
387.0000,1.0071,-0.1990,0.1006,-4.3969,-1.1756,-1.9160
397.0000,1.0061,-0.1924,0.0901,-4.3359,-0.8931,-2.0916
384.0000,1.0122,-0.1946,0.1028,-4.1374,-0.4733,-1.0305
388.0000,1.0171,-0.1980,0.0959,-3.5344,-0.0153,-0.0763
395.0000,1.0132,-0.2000,0.1040,-3.2443,0.5115,0.3740
391.0000,1.0127,-0.2000,0.0981,-2.7939,0.8550,0.3817
385.0000,1.0066,-0.2014,0.1077,-2.8626,1.1450,0.1832
397.0000,1.0134,-0.1943,0.0967,-3.2214,1.0382,-0.5420
393.0000,1.0078,-0.2009,0.0933,-3.1298,1.1069,-0.7328
389.0000,1.0071,-0.1926,0.1045,-3.3969,0.5420,-0.8244
400.0000,1.0195,-0.1973,0.0972,-3.5649,0.1985,-0.4351
403.0000,1.0100,-0.1963,0.0942,-3.8626,-0.2977,-0.2672
384.0000,1.0068,-0.1985,0.1074,-3.9237,-0.8015,-0.3893
399.0000,1.0090,-0.1992,0.1006,-4.0534,-0.8779,-0.9618
401.0000,1.0171,-0.1958,0.0955,-3.9160,-0.7786,-1.3435
384.0000,1.0029,-0.1978,0.0942,-3.6565,-0.2214,-1.4198
407.0000,1.0112,-0.1912,0.1045,-3.3511,0.6183,-0.8931
397.0000,1.0122,-0.1882,0.1016,-2.9237,1.3359,0.1985
385.0000,1.0139,-0.2051,0.0906,-2.4962,1.7099,0.8550
405.0000,1.0146,-0.1948,0.1011,-2.4351,1.7634,1.3359
405.0000,1.0095,-0.1978,0.1040,-2.5267,1.7786,0.9389
393.0000,1.0085,-0.1973,0.1035,-2.8321,1.3206,0.1069
396.0000,1.0081,-0.1980,0.1030,-3.1145,0.2977,-0.8855
399.0000,1.0081,-0.1921,0.0969,-3.6260,0.0534,-1.2595
402.0000,1.0156,-0.1907,0.0989,-4.0840,-0.7634,-1.2366
403.0000,1.0115,-0.1960,0.1001,-4.2061,-1.0458,-1.1145
406.0000,1.0046,-0.1970,0.0962,-4.3435,-1.3511,-1.0382
406.0000,1.0122,-0.1926,0.0984,-4.4656,-1.5267,-1.1603
409.0000,1.0081,-0.1946,0.0959,-4.4351,-1.5038,-1.6336
399.0000,1.0081,-0.2014,0.0950,-4.1832,-1.2214,-2.0000
407.0000,1.0161,-0.1997,0.0930,-4.0992,-0.8779,-1.7939
409.0000,1.0100,-0.1973,0.0935,-3.7557,-0.0305,-1.3282
392.0000,1.0117,-0.1948,0.0935,-3.5496,0.4733,-0.2824
417.0000,1.0151,-0.2002,0.1016,-3.3206,0.7557,0.2672
391.0000,1.0063,-0.1919,0.0952,-3.1527,0.8397,0.4122
426.0000,1.0059,-0.2002,0.0933,-3.0153,0.5802,0.1603
395.0000,1.0134,-0.1982,0.0930,-3.2824,0.4733,-0.4962
410.0000,1.0149,-0.1938,0.0925,-3.4427,0.6794,-0.9924
427.0000,1.0100,-0.1995,0.0981,-3.4962,0.4733,-1.1756
388.0000,1.0103,-0.1895,0.0947,-3.6489,0.4046,-0.5573
401.0000,1.0137,-0.2000,0.1047,-3.4122,0.3359,-0.1374
413.0000,1.0134,-0.1963,0.0950,-3.3817,0.1679,0.0840
451.0000,1.0117,-0.1970,0.0933,-3.5191,0.1832,-0.0992
390.0000,1.0034,-0.2014,0.0967,-3.5344,0.0000,-0.7634
438.0000,1.0134,-0.1992,0.1018,-3.7176,0.1145,-1.1756
405.0000,1.0117,-0.1970,0.0986,-3.6412,0.3511,-0.9008
415.0000,1.0088,-0.1921,0.0906,-3.3359,0.4580,-0.5649
415.0000,1.0078,-0.1909,0.0911,-3.0687,0.8321,0.0153
427.0000,1.0220,-0.1970,0.0942,-2.9847,0.9618,0.3893
423.0000,1.0083,-0.1980,0.0974,-2.9237,0.9847,0.4198
399.0000,1.0112,-0.1936,0.0969,-2.7863,1.0000,0.0611
433.0000,1.0046,-0.1987,0.1003,-3.1679,0.8931,-0.3435
401.0000,1.0098,-0.1946,0.0925,-3.1679,0.8244,-0.8397
418.0000,1.0105,-0.1946,0.1011,-3.2366,0.8168,-0.7176
450.0000,1.0186,-0.1968,0.0974,-3.0611,1.0229,-0.0687
423.0000,1.0015,-0.1943,0.0994,-3.0763,1.1298,0.4656
405.0000,1.0125,-0.2012,0.1008,-3.1374,0.8931,0.6565
410.0000,1.0063,-0.2024,0.0996,-3.0916,0.7328,0.0382
441.0000,1.0100,-0.1863,0.1047,-3.3130,0.4962,-0.4427
396.0000,1.0076,-0.1948,0.1055,-3.4580,0.4198,-1.1221
427.0000,1.0100,-0.1970,0.0957,-3.6107,0.5725,-1.1450
445.0000,1.0107,-0.1985,0.0911,-3.3435,0.4275,-0.6794
387.0000,1.0076,-0.1936,0.0996,-3.2290,0.6641,0.0000
459.0000,1.0208,-0.1885,0.1030,-3.2214,0.9084,0.5344
453.0000,1.0081,-0.2024,0.0945,-3.0076,0.8244,0.5725
413.0000,1.0042,-0.2024,0.0972,-3.0305,0.8855,0.0458
425.0000,1.0134,-0.2000,0.1108,-3.1908,0.6412,-0.6489
432.0000,1.0103,-0.2012,0.0989,-3.5115,0.7252,-0.8855
430.0000,1.0117,-0.1970,0.0923,-3.1221,0.8244,-0.9237
409.0000,1.0146,-0.1921,0.1072,-3.1145,0.7099,-0.1679
435.0000,1.0066,-0.1963,0.1042,-3.3053,0.7557,0.3740
419.0000,1.0125,-0.1919,0.0950,-3.0992,0.8015,0.3435
486.0000,1.0117,-0.1902,0.0952,-3.1450,0.7023,-0.0305
387.0000,1.0098,-0.1924,0.1021,-3.1221,0.5573,-0.1756
435.0000,1.0059,-0.2000,0.0977,-3.2290,0.4198,-0.8473
436.0000,1.0098,-0.1941,0.1069,-3.2519,0.6794,-0.6412
434.0000,1.0088,-0.1995,0.1008,-3.4275,0.7099,-0.5191
402.0000,1.0088,-0.1956,0.0940,-3.1908,0.7863,0.0305
388.0000,1.0134,-0.1992,0.0938,-3.0076,0.9618,0.4885
435.0000,1.0198,-0.1973,0.0972,-3.2137,0.7863,0.2824
410.0000,1.0073,-0.1970,0.1023,-3.3588,0.4885,-0.2595
437.0000,1.0139,-0.1995,0.1028,-3.4656,0.1603,-0.9924
441.0000,1.0103,-0.1938,0.1013,-3.5954,0.0763,-1.2519
447.0000,1.0100,-0.1985,0.0847,-3.7023,-0.0229,-1.1221
427.0000,1.0159,-0.1958,0.1023,-3.4885,-0.2061,-0.6718
450.0000,1.0112,-0.1975,0.0957,-3.5878,-0.0763,-0.0687
421.0000,1.0176,-0.1973,0.0933,-3.6565,-0.0305,-0.3664
431.0000,1.0098,-0.1956,0.0930,-3.6031,0.0458,-0.5725
446.0000,1.0044,-0.2024,0.1018,-3.7023,-0.0763,-0.8244
451.0000,1.0127,-0.1978,0.1042,-3.4275,0.3664,-0.9618
422.0000,1.0225,-0.1965,0.0933,-3.3206,0.4427,-1.0458
446.0000,1.0059,-0.1951,0.1025,-3.2366,0.9847,-0.1527
409.0000,1.0178,-0.1956,0.0938,-2.8321,1.2214,0.2214
438.0000,1.0146,-0.1931,0.1003,-2.8092,1.1756,0.6794
442.0000,1.0083,-0.1968,0.1067,-3.0458,1.2137,0.8015
415.0000,1.0042,-0.1973,0.0962,-3.2824,0.7481,-0.0687
439.0000,1.0063,-0.1973,0.1042,-3.5344,0.2824,-1.1069
446.0000,1.0115,-0.1943,0.0962,-3.6794,0.0382,-1.1298
458.0000,1.0071,-0.2007,0.0959,-3.6489,-0.1679,-1.1145
407.0000,1.0149,-0.1992,0.0903,-3.5038,-0.0305,-0.4962
452.0000,1.0159,-0.1924,0.0940,-3.3969,0.3588,-0.0840
438.0000,1.0107,-0.2007,0.0938,-3.1756,0.4504,0.0916
434.0000,1.0151,-0.1987,0.1040,-3.0611,0.9008,0.0534
444.0000,1.0088,-0.1970,0.0974,-2.8092,1.2901,0.0534
443.0000,1.0071,-0.1960,0.0967,-2.6489,1.8550,-0.0153
435.0000,1.0122,-0.1992,0.0930,-2.3053,2.1527,0.0611
445.0000,1.0039,-0.1960,0.0962,-2.1985,2.6183,0.8015
443.0000,1.0139,-0.1912,0.0969,-1.9389,2.6336,1.4809
436.0000,1.0071,-0.1960,0.1006,-2.0763,2.6565,1.6870
448.0000,1.0078,-0.1997,0.0933,-2.1450,2.3053,1.4351
446.0000,1.0122,-0.1995,0.0984,-2.2290,1.7405,0.5267
434.0000,1.0061,-0.1997,0.1008,-2.8321,1.1679,-0.3435
447.0000,1.0093,-0.1953,0.0947,-3.2214,0.5191,-0.7023
445.0000,1.0088,-0.1978,0.1094,-3.7710,-0.0153,-1.0763
445.0000,1.0127,-0.1919,0.1013,-4.0076,-0.6718,-0.9313
447.0000,1.0073,-0.1970,0.1008,-4.4809,-1.4962,-1.2290
446.0000,1.0112,-0.2024,0.0986,-4.8931,-2.3817,-1.5573
439.0000,1.0049,-0.1912,0.1028,-5.2977,-3.0611,-2.6718
444.0000,1.0032,-0.2014,0.1003,-5.9160,-3.6107,-3.6107
451.0000,1.0100,-0.1912,0.0991,-5.9847,-3.7634,-3.8244
439.0000,1.0139,-0.1995,0.0969,-5.7939,-3.5115,-3.5115
447.0000,1.0098,-0.1917,0.0981,-5.3435,-2.7557,-2.7099
450.0000,1.0088,-0.1980,0.0894,-4.6870,-1.6107,-1.5267
437.0000,1.0151,-0.2024,0.0923,-3.8397,-0.5115,-0.3511
442.0000,1.0176,-0.1941,0.0891,-3.1221,0.8931,-0.0153
452.0000,1.0117,-0.1992,0.0896,-2.2061,2.0763,0.6565
443.0000,1.0120,-0.1934,0.0962,-1.8092,2.9542,0.5954
451.0000,1.0200,-0.1985,0.0930,-1.4656,4.0229,1.1527
451.0000,1.0093,-0.1970,0.1035,-1.2137,4.2366,1.6870
447.0000,1.0105,-0.1921,0.0989,-1.1069,4.1985,2.3969
439.0000,1.0139,-0.1938,0.0979,-1.1679,3.9771,2.3130
456.0000,1.0090,-0.2036,0.1018,-1.1679,3.3817,2.1298
459.0000,1.0129,-0.1934,0.1060,-1.6794,2.9237,1.6565
434.0000,1.0146,-0.1907,0.1028,-2.1603,2.4962,0.9771
455.0000,1.0032,-0.1980,0.0959,-2.2443,2.0992,0.4962
448.0000,1.0100,-0.1980,0.0864,-2.7252,1.6183,0.0000
445.0000,1.0129,-0.2014,0.1035,-2.9771,1.6107,0.0611
458.0000,1.0110,-0.1951,0.1030,-3.1527,0.9389,0.2519
448.0000,1.0085,-0.1948,0.1050,-3.2061,0.4580,0.3359
446.0000,1.0095,-0.2017,0.1050,-3.5649,0.1679,-0.4885
459.0000,1.0071,-0.1958,0.1008,-3.8168,-0.4046,-0.9924
459.0000,1.0093,-0.1995,0.1050,-4.3130,-0.8397,-1.7710
443.0000,1.0142,-0.1934,0.0952,-4.0992,-0.7405,-1.6565
452.0000,1.0112,-0.1946,0.0916,-4.0916,-0.6947,-1.1603
455.0000,1.0090,-0.1973,0.0945,-3.7786,-0.2290,-0.4962
447.0000,1.0142,-0.2031,0.0916,-3.3435,0.3511,-0.0611
449.0000,1.0100,-0.1956,0.0942,-3.2061,0.7405,0.4198
460.0000,1.0110,-0.2002,0.0964,-2.8626,1.3282,0.2672
446.0000,1.0129,-0.1975,0.0920,-2.5954,1.5878,-0.0534
456.0000,1.0142,-0.1912,0.0906,-2.6336,1.8321,-0.0916
465.0000,1.0103,-0.1885,0.1030,-2.7481,1.8473,0.0229
443.0000,1.0085,-0.1919,0.0945,-2.6489,1.7176,0.5878
454.0000,1.0144,-0.1946,0.1072,-2.9542,1.0840,0.5878
468.0000,1.0076,-0.1985,0.1038,-3.0840,0.8473,0.2977
454.0000,1.0068,-0.1960,0.1013,-3.7481,-0.1145,-0.3893
451.0000,1.0100,-0.1917,0.1045,-4.0992,-0.8015,-1.1069
465.0000,1.0122,-0.1985,0.1045,-4.3282,-1.0916,-1.9084
452.0000,1.0056,-0.1982,0.0957,-4.3817,-0.9313,-2.1527
456.0000,1.0078,-0.1987,0.0908,-4.3435,-0.7481,-1.2214
467.0000,1.0164,-0.1917,0.0935,-3.8092,-0.2901,-0.5344
454.0000,1.0156,-0.1924,0.1045,-3.3740,0.5649,0.2595
454.0000,1.0178,-0.1978,0.1018,-3.0153,0.9542,0.4427
463.0000,1.0129,-0.1958,0.1021,-2.7634,1.3435,0.2595
455.0000,1.0103,-0.1965,0.1023,-2.7328,1.5802,-0.3282
457.0000,1.0193,-0.1943,0.1057,-3.0076,1.4885,-0.2443
463.0000,1.0100,-0.1912,0.1060,-3.0763,1.0458,-0.4122
461.0000,1.0142,-0.1941,0.0894,-3.2061,0.7710,-0.0916
456.0000,1.0181,-0.1943,0.1003,-3.4427,0.1603,-0.2519
463.0000,1.0029,-0.1965,0.0925,-3.6183,-0.3435,-0.3130
455.0000,1.0066,-0.1973,0.1050,-3.9389,-0.8626,-0.8168
455.0000,1.0049,-0.1968,0.0925,-4.2137,-1.1374,-1.8855
465.0000,1.0095,-0.2000,0.1008,-4.5420,-1.2137,-2.4962
464.0000,1.0146,-0.1941,0.0964,-4.3740,-1.2977,-1.8702
451.0000,1.0151,-0.1895,0.0969,-4.0305,-0.6412,-1.0000
470.0000,1.0149,-0.2048,0.0901,-3.7863,-0.3588,-0.4580
462.0000,1.0081,-0.1934,0.0869,-3.5267,-0.1221,-0.4580
450.0000,1.0107,-0.2031,0.0967,-3.4122,0.0000,-0.4580
472.0000,1.0134,-0.1997,0.0989,-3.3206,0.1908,-0.6794
461.0000,1.0073,-0.1924,0.0994,-3.5344,0.2214,-0.8626
455.0000,1.0112,-0.1953,0.1033,-3.5267,0.2824,-0.9237
466.0000,1.0110,-0.1919,0.0984,-3.5344,0.3282,-0.7634
468.0000,1.0146,-0.1929,0.1003,-3.4046,0.4351,-0.6870
453.0000,1.0095,-0.1917,0.1074,-3.4198,0.2672,0.2290
466.0000,1.0103,-0.1921,0.0972,-3.0763,0.4809,0.5267
475.0000,1.0063,-0.1970,0.0940,-3.2824,0.3893,-0.0992
455.0000,1.0117,-0.1985,0.0952,-3.5420,0.0382,-0.9160
464.0000,1.0083,-0.1931,0.0903,-3.5420,0.0992,-1.3053
467.0000,1.0076,-0.1941,0.0991,-3.5802,0.2290,-1.1985
461.0000,1.0112,-0.1936,0.0994,-3.2519,0.5191,-0.5573
498.0000,1.0137,-0.1948,0.0947,-3.1603,0.6565,0.1450
471.0000,1.0164,-0.2002,0.0901,-3.2214,0.8855,0.5802
462.0000,1.0100,-0.1975,0.0947,-3.0687,0.6565,0.0840
475.0000,1.0054,-0.2007,0.0984,-3.0763,0.7099,-0.1527
452.0000,1.0071,-0.1948,0.1079,-3.0611,0.8092,-0.3740
442.0000,1.0115,-0.1948,0.0962,-2.9618,1.0992,-0.4733
463.0000,1.0120,-0.1987,0.0999,-2.8779,1.1298,-0.1679
488.0000,1.0156,-0.1960,0.1047,-3.0000,0.9924,0.3511
447.0000,1.0088,-0.1934,0.0894,-2.7557,1.3206,0.6336
437.0000,1.0081,-0.1980,0.0984,-2.8397,0.9771,0.7023
492.0000,1.0115,-0.1987,0.0967,-2.9695,0.9695,0.1679
464.0000,1.0120,-0.1953,0.0942,-3.4046,0.5802,-0.6947
417.0000,1.0068,-0.2002,0.0974,-3.4351,0.5115,-1.0763
474.0000,1.0208,-0.1948,0.0913,-3.5802,0.2290,-1.0000
446.0000,1.0127,-0.1956,0.0955,-3.5420,0.2901,-0.6412
495.0000,1.0068,-0.1921,0.1035,-3.4962,0.3817,-0.0840
445.0000,1.0117,-0.1948,0.0908,-3.3969,0.3282,-0.1527
422.0000,1.0127,-0.1963,0.1062,-3.2901,0.0840,-0.3740
600.0000,1.0015,-0.1953,0.0940,-3.6794,0.0000,-0.8168
398.0000,1.0134,-0.2017,0.0984,-3.7481,-0.1069,-1.1527
497.0000,1.0115,-0.1973,0.0986,-3.8855,-0.2137,-1.3511
460.0000,1.0093,-0.1929,0.1060,-3.8015,0.1298,-0.9466
470.0000,1.0137,-0.1938,0.1028,-3.4733,0.0916,-0.4198
467.0000,1.0137,-0.1978,0.0923,-3.1527,0.3664,0.1679
435.0000,1.0076,-0.2002,0.0889,-3.0840,0.7557,0.2137
505.0000,1.0054,-0.1953,0.0986,-3.1298,0.8092,-0.0687
389.0000,1.0083,-0.1968,0.0981,-3.1756,1.0000,-0.5496
648.0000,1.0139,-0.1985,0.1147,-3.2443,0.8550,-0.5038
360.0000,1.0088,-0.1946,0.0896,-3.0611,1.0305,-0.3893
532.0000,1.0105,-0.1887,0.0889,-2.8397,1.6107,0.1450
474.0000,1.0171,-0.1907,0.1033,-2.4885,1.6641,0.8626
460.0000,1.0122,-0.1956,0.0947,-2.7863,1.3511,0.8931
483.0000,1.0117,-0.1980,0.0898,-2.7786,1.1527,0.4122
427.0000,1.0066,-0.1987,0.1028,-3.1908,0.9695,-0.1679
487.0000,1.0078,-0.1953,0.1006,-3.1985,0.7481,-0.6412
484.0000,1.0112,-0.1904,0.1101,-3.3664,0.9160,-0.7099
445.0000,1.0120,-0.1951,0.0974,-3.1145,1.0153,-0.1985
489.0000,1.0093,-0.1985,0.1038,-2.8931,1.1527,0.4122
482.0000,1.0049,-0.1985,0.0955,-2.8092,1.1985,0.6336
455.0000,1.0068,-0.1938,0.1003,-3.0611,1.0534,0.4580
485.0000,1.0090,-0.1985,0.0952,-3.4656,0.5725,-0.0382
471.0000,1.0059,-0.2017,0.1045,-3.5649,0.3664,-1.0687
453.0000,1.0173,-0.1951,0.1052,-3.6183,0.0840,-1.4198
470.0000,1.0171,-0.1941,0.1006,-3.5344,-0.0229,-0.8779
469.0000,1.0154,-0.1943,0.0962,-3.2595,0.4275,-0.4733
473.0000,1.0132,-0.1963,0.1025,-3.1985,0.6489,0.3206
471.0000,1.0071,-0.1948,0.0981,-3.1908,0.8321,0.5267
481.0000,1.0046,-0.1938,0.1079,-3.0000,0.8397,0.5267
484.0000,1.0159,-0.1973,0.1086,-3.1450,0.5115,-0.5496
470.0000,1.0117,-0.1926,0.1099,-3.5573,0.3588,-1.3359
486.0000,1.0142,-0.1960,0.1108,-3.8321,-0.1069,-1.6718
480.0000,1.0105,-0.1963,0.0999,-3.8550,-0.3130,-1.1985
449.0000,1.0137,-0.1904,0.0989,-4.0076,-0.6565,-0.8092
488.0000,1.0205,-0.1975,0.0991,-4.1298,-1.0153,-0.5191
485.0000,1.0007,-0.1960,0.0908,-4.1985,-1.0382,-0.9466
473.0000,1.0061,-0.1997,0.1035,-4.5725,-1.1908,-1.5725
481.0000,1.0132,-0.2046,0.1030,-4.2977,-1.0229,-1.8779
496.0000,1.0134,-0.1997,0.0955,-4.0305,-0.5649,-1.6641
426.0000,1.0127,-0.2004,0.0913,-3.5267,0.1832,-1.0840
481.0000,1.0139,-0.1958,0.0940,-3.0534,0.8931,0.0305
470.0000,1.0127,-0.1934,0.1016,-2.5038,1.9237,0.9618
505.0000,1.0103,-0.1992,0.0884,-2.0611,2.3969,1.2214
475.0000,1.0122,-0.1921,0.0999,-2.2061,2.4351,1.2290
487.0000,1.0149,-0.1951,0.0977,-2.1832,2.1603,0.5420
485.0000,1.0073,-0.1970,0.0999,-2.5802,1.7405,-0.0229
421.0000,1.0093,-0.1914,0.0945,-2.9771,1.4198,-0.3893
493.0000,1.0146,-0.1975,0.0977,-3.0382,1.1603,-0.3282
461.0000,1.0071,-0.1936,0.0974,-3.2672,0.8397,0.1679
479.0000,1.0046,-0.1948,0.1018,-3.1908,0.5496,0.3206
452.0000,1.0098,-0.2041,0.1006,-3.1908,0.2519,0.0916
491.0000,1.0098,-0.1975,0.0964,-3.4275,0.1832,-0.4504
470.0000,1.0081,-0.1992,0.1018,-3.3206,0.5878,-0.6641
481.0000,1.0103,-0.1941,0.1040,-3.2824,0.5496,-0.6870
452.0000,1.0139,-0.1912,0.0913,-3.0153,1.2366,-0.3664
482.0000,1.0134,-0.1946,0.0981,-2.6489,1.4885,0.3817
481.0000,1.0127,-0.1938,0.1028,-2.4733,1.7252,0.9466
475.0000,1.0115,-0.1938,0.0940,-2.5649,1.8473,1.0305
471.0000,1.0051,-0.1987,0.0920,-2.6183,1.4351,0.5725
483.0000,1.0010,-0.2009,0.0999,-2.9771,1.0687,-0.3359
480.0000,1.0120,-0.1973,0.1008,-3.4504,0.7405,-0.6947
472.0000,1.0159,-0.1956,0.1003,-3.4198,0.2901,-0.8168
484.0000,1.0120,-0.1943,0.0940,-3.5802,0.0534,-0.6336
480.0000,1.0044,-0.1990,0.0901,-3.6489,-0.2061,-0.5115
473.0000,1.0105,-0.1941,0.0996,-3.6794,-0.6260,-0.3511
478.0000,1.0122,-0.2026,0.1045,-4.0305,-0.8702,-1.0611
482.0000,1.0139,-0.1948,0.0989,-4.3588,-1.2824,-1.7710
470.0000,1.0085,-0.1936,0.0979,-4.5344,-1.5725,-2.1298
483.0000,1.0112,-0.1914,0.0889,-4.4580,-1.4580,-2.2595
481.0000,1.0161,-0.1941,0.0994,-3.9847,-0.7939,-1.5573
471.0000,1.0146,-0.1909,0.0933,-3.7252,-0.0611,-0.6718
484.0000,1.0142,-0.1929,0.0938,-3.1374,0.4504,0.4656
486.0000,1.0054,-0.1963,0.1050,-2.8702,1.3359,0.7481
477.0000,1.0122,-0.1931,0.0879,-2.6336,1.8244,0.6870
481.0000,1.0117,-0.1948,0.0925,-2.3130,2.0305,0.1679
484.0000,1.0137,-0.1929,0.0964,-2.1832,2.1756,-0.1221
473.0000,1.0090,-0.1924,0.1021,-2.2137,2.5115,0.3206
481.0000,1.0142,-0.1980,0.0984,-2.1145,2.6183,1.0763
486.0000,1.0090,-0.1943,0.0933,-2.1985,2.4580,1.6336
476.0000,1.0066,-0.2000,0.1003,-2.3206,2.1756,1.5802
479.0000,1.0127,-0.2048,0.1052,-2.5420,1.7557,1.1145
488.0000,1.0120,-0.2046,0.0999,-2.8473,1.3664,0.1145
479.0000,1.0110,-0.1948,0.1047,-3.0687,0.8397,-0.5267
480.0000,1.0127,-0.1890,0.0959,-3.2672,0.7099,-1.0382
488.0000,1.0046,-0.2007,0.0942,-3.2901,0.5420,-0.6870
475.0000,1.0115,-0.1938,0.1047,-3.0382,0.7863,-0.0916
492.0000,1.0100,-0.1870,0.1021,-3.0687,0.8931,0.6794
484.0000,1.0085,-0.1929,0.1021,-2.7023,1.1679,0.6336
477.0000,1.0127,-0.2007,0.0940,-2.8855,0.8931,0.3206
477.0000,1.0066,-0.2043,0.1067,-3.0382,0.8473,-0.1908
495.0000,1.0117,-0.1970,0.1045,-3.1679,0.8092,-0.7939
477.0000,1.0093,-0.1936,0.1104,-3.3435,0.7328,-0.8473
491.0000,1.0142,-0.1931,0.1086,-3.3130,0.7481,-0.6794
476.0000,1.0049,-0.1990,0.1016,-3.5038,0.3969,0.0076
488.0000,1.0039,-0.1926,0.0969,-3.5191,-0.0229,0.0992
480.0000,1.0015,-0.2036,0.0918,-3.7863,-0.6718,-0.3130
489.0000,1.0071,-0.1987,0.1052,-4.1985,-0.7328,-1.2901
487.0000,1.0120,-0.1902,0.1001,-4.2061,-0.7863,-2.0076
467.0000,1.0088,-0.1931,0.1021,-4.1374,-0.4809,-1.7786
488.0000,1.0122,-0.1941,0.0906,-3.8015,0.0000,-0.9771
488.0000,1.0173,-0.1897,0.0977,-3.0992,0.6336,0.2366
481.0000,1.0117,-0.1943,0.0938,-2.7786,1.4504,0.8550
473.0000,1.0083,-0.1987,0.0886,-2.7481,1.4427,0.9466
488.0000,1.0093,-0.2075,0.1016,-2.8168,1.5878,0.2519
478.0000,1.0127,-0.1926,0.0999,-2.9160,1.1985,-0.3130
487.0000,1.0022,-0.1978,0.0955,-3.0534,0.8702,-0.5115
482.0000,1.0068,-0.1953,0.0969,-3.2366,0.7557,-0.6183
479.0000,1.0142,-0.2012,0.1106,-3.4351,0.2443,-0.4580
481.0000,1.0066,-0.1978,0.1067,-3.5802,-0.0840,0.0687
496.0000,1.0090,-0.1934,0.1013,-3.8015,-0.5954,-0.3817
471.0000,1.0083,-0.1921,0.0967,-4.0305,-0.8626,-0.7099
491.0000,1.0061,-0.1987,0.1006,-4.6870,-1.5191,-1.8855
485.0000,1.0059,-0.1960,0.0986,-4.5344,-1.5649,-2.7328
482.0000,1.0186,-0.1897,0.0928,-4.6336,-1.4656,-2.6260
492.0000,1.0225,-0.1963,0.0977,-4.2214,-1.0611,-1.7405
487.0000,1.0103,-0.1956,0.0908,-3.8168,-0.4198,-0.7710
481.0000,1.0142,-0.1956,0.1040,-3.4046,0.3588,0.1679
484.0000,1.0090,-0.1899,0.1094,-2.9924,0.9008,0.6947
491.0000,1.0083,-0.1929,0.0979,-2.7405,1.3511,0.4198
482.0000,1.0100,-0.1956,0.0984,-2.6412,1.7252,0.1603
479.0000,1.0137,-0.1956,0.1003,-2.4656,1.9771,-0.0916
484.0000,1.0081,-0.1897,0.0920,-2.4656,1.9466,-0.0992
489.0000,1.0134,-0.1904,0.0981,-2.7786,1.5725,0.2061
481.0000,1.0076,-0.1968,0.0967,-2.8397,0.9695,0.3740
493.0000,1.0103,-0.1917,0.0994,-3.3435,0.0382,-0.1069
490.0000,1.0100,-0.2026,0.1069,-4.0534,-0.9084,-0.8626
483.0000,1.0088,-0.1990,0.1052,-4.6183,-1.7710,-2.0458
486.0000,1.0044,-0.2012,0.1003,-5.1069,-2.1985,-2.8473
485.0000,1.0144,-0.1995,0.0972,-5.1145,-2.2137,-2.7786
481.0000,1.0132,-0.1936,0.0974,-4.6489,-1.5878,-1.9847
492.0000,1.0181,-0.1956,0.0923,-3.9618,-0.6870,-0.9695
488.0000,1.0125,-0.1997,0.0938,-3.2901,0.2672,0.1985
483.0000,1.0122,-0.1890,0.0984,-2.7328,1.3511,0.8626
501.0000,1.0122,-0.1975,0.0906,-2.5649,1.7023,0.4275
484.0000,1.0083,-0.1929,0.0942,-2.2901,2.3206,0.3588
480.0000,1.0078,-0.1970,0.0933,-2.1069,2.5115,0.1908
490.0000,1.0134,-0.1873,0.0981,-2.1603,2.7863,0.5191
481.0000,1.0093,-0.2002,0.1055,-2.2824,2.4580,0.9618
506.0000,1.0042,-0.1943,0.0984,-2.4427,1.9008,1.2977
499.0000,1.0098,-0.1970,0.1042,-2.8855,0.8702,0.9389
499.0000,1.0132,-0.1953,0.1064,-3.4885,0.3588,-0.1603
474.0000,1.0115,-0.1970,0.1018,-3.8244,-0.2519,-1.3206
497.0000,1.0098,-0.1960,0.1011,-3.9771,-0.5267,-1.8092
491.0000,1.0139,-0.1907,0.0969,-3.8473,-0.2214,-1.4351
493.0000,1.0083,-0.1956,0.0947,-3.5191,0.2214,-0.5573
479.0000,1.0073,-0.1978,0.0901,-3.0534,0.8168,0.3359
485.0000,1.0066,-0.1938,0.0859,-2.7939,1.2901,0.7176
461.0000,1.0146,-0.1987,0.0940,-2.6336,1.2977,0.7023
508.0000,1.0103,-0.1987,0.1050,-2.8626,1.3664,-0.0305
497.0000,1.0085,-0.1975,0.1018,-3.0840,1.0992,-0.5115
488.0000,1.0137,-0.1904,0.0974,-3.0458,1.0763,-0.6794
479.0000,1.0098,-0.1943,0.0999,-2.9466,1.4046,-0.2748
492.0000,1.0161,-0.1904,0.0947,-2.9771,1.1985,0.4427
467.0000,1.0168,-0.1936,0.1003,-2.8092,1.0916,0.9771
473.0000,1.0037,-0.1941,0.0938,-3.1069,0.7939,0.7405
460.0000,1.0037,-0.1980,0.0938,-3.4885,0.4504,-0.1832
491.0000,1.0142,-0.1924,0.0991,-3.5649,0.3969,-0.9695
471.0000,1.0125,-0.1985,0.1028,-3.5725,0.3435,-1.3817
502.0000,1.0078,-0.1924,0.1030,-3.4122,0.5420,-0.9313
476.0000,1.0161,-0.1946,0.0994,-3.3206,0.6336,-0.1603
496.0000,1.0081,-0.1985,0.0935,-3.0000,0.8855,0.6641
466.0000,1.0176,-0.1938,0.0989,-2.9389,0.9084,0.9542
483.0000,1.0115,-0.1948,0.0989,-3.1145,0.7786,0.4046
450.0000,1.0059,-0.1963,0.1030,-3.3282,0.5191,-0.4275
520.0000,1.0073,-0.1963,0.0933,-3.4580,0.2977,-1.3359
473.0000,1.0144,-0.1958,0.1038,-3.5725,0.3969,-1.4122
467.0000,1.0132,-0.1924,0.1011,-3.4198,0.5954,-0.7481
546.0000,1.0139,-0.1992,0.0974,-3.2595,0.6794,0.0611
510.0000,1.0056,-0.1992,0.0991,-3.2366,0.7252,0.6947
459.0000,1.0095,-0.2014,0.0974,-3.1298,0.5878,0.7099
497.0000,1.0144,-0.2078,0.1074,-3.1756,0.4198,-0.4275
484.0000,1.0088,-0.2058,0.1028,-3.6107,0.3740,-1.3893
493.0000,1.0085,-0.1956,0.1055,-3.6183,0.1756,-1.3664
495.0000,1.0127,-0.1973,0.0986,-3.6031,0.4809,-0.8855
486.0000,1.0125,-0.1914,0.0996,-3.2748,0.4733,-0.2214
477.0000,1.0066,-0.2000,0.1023,-3.0840,0.6947,0.6031
453.0000,1.0107,-0.1980,0.0979,-3.1145,0.6260,0.7099
539.0000,1.0059,-0.1985,0.0999,-3.3893,0.6031,0.0840
440.0000,1.0017,-0.1973,0.0989,-3.5191,0.2061,-1.0611
483.0000,1.0144,-0.1968,0.0928,-3.6565,0.1985,-1.5496
543.0000,1.0100,-0.1907,0.1052,-3.6107,0.1374,-1.3817
455.0000,1.0093,-0.1897,0.1021,-3.3282,0.4962,-0.6489
533.0000,1.0042,-0.1919,0.0977,-3.1832,0.4885,0.3282
445.0000,1.0166,-0.1982,0.1001,-2.9466,0.6260,0.7328
499.0000,1.0103,-0.1970,0.0972,-3.2214,0.2748,0.4351
533.0000,1.0022,-0.1958,0.1021,-3.6107,0.0687,-0.7176
423.0000,1.0110,-0.2012,0.1038,-3.9389,-0.3511,-1.6107
497.0000,1.0105,-0.1965,0.1016,-4.0611,-0.3588,-1.9466
510.0000,1.0164,-0.1975,0.1018,-3.7176,-0.1069,-1.4962
480.0000,1.0156,-0.1943,0.1006,-3.4656,0.0382,-0.3206
502.0000,1.0088,-0.1987,0.0952,-3.3206,0.2748,0.2595
449.0000,1.0120,-0.1970,0.0996,-3.2901,0.2366,0.4122
508.0000,1.0122,-0.2002,0.0994,-3.3511,0.2901,-0.2824
510.0000,1.0134,-0.1958,0.1057,-3.4733,0.3740,-1.0458
472.0000,1.0105,-0.1985,0.1033,-3.6412,0.3664,-1.3817
530.0000,1.0146,-0.1970,0.1040,-3.3740,0.7023,-1.0534
414.0000,1.0190,-0.1941,0.0950,-3.1450,1.0153,-0.2137
494.0000,1.0090,-0.1953,0.0942,-2.9084,1.0916,0.9237
485.0000,1.0181,-0.2014,0.1013,-2.9618,0.7710,1.0229
504.0000,1.0066,-0.2053,0.0979,-3.4046,0.2672,0.1145
506.0000,1.0073,-0.2043,0.1074,-3.9924,-0.3282,-1.2061
466.0000,1.0112,-0.1956,0.0989,-4.2901,-1.0458,-2.1527
524.0000,1.0120,-0.1958,0.0969,-4.5878,-1.1679,-2.5344
451.0000,1.0068,-0.1946,0.0940,-4.3435,-1.4733,-2.0305
579.0000,1.0066,-0.1992,0.0933,-4.1756,-0.9466,-1.0992
555.0000,1.0176,-0.1951,0.0938,-3.9542,-0.7252,-0.3435
558.0000,1.0110,-0.1978,0.0928,-4.0229,-0.7863,-0.4198
516.0000,1.0117,-0.1973,0.0999,-4.0916,-0.9008,-1.0000
522.0000,1.0024,-0.1924,0.0994,-3.8779,-0.5191,-1.4885
560.0000,1.0146,-0.1943,0.0991,-3.7481,-0.0916,-1.6412
417.0000,1.0183,-0.1921,0.0925,-3.2672,0.5344,-1.0076
537.0000,1.0154,-0.2002,0.0974,-3.0229,1.0763,-0.1527
495.0000,1.0095,-0.1968,0.1018,-2.8015,1.2137,0.8855
548.0000,1.0061,-0.1924,0.0977,-2.9847,0.7939,0.7328
468.0000,1.0090,-0.1948,0.0967,-3.4656,0.0763,-0.0763
338.0000,1.0098,-0.1953,0.0984,-4.1145,-0.8244,-1.5573
397.0000,1.0120,-0.1985,0.1055,-4.4580,-1.2824,-2.3130
385.0000,1.0078,-0.1985,0.0974,-4.5802,-1.6718,-2.5954
460.0000,1.0112,-0.1943,0.0952,-4.4885,-1.4885,-1.8855
480.0000,1.0059,-0.1936,0.0842,-4.2748,-1.1908,-1.1221
490.0000,1.0161,-0.1892,0.1023,-4.1450,-0.9466,-0.3969
490.0000,1.0098,-0.1973,0.0955,-3.8473,-0.4351,-0.3206
480.0000,1.0071,-0.1978,0.1018,-3.8015,-0.1908,-0.9618
499.0000,1.0088,-0.1990,0.0920,-3.7099,0.1756,-1.4427
493.0000,1.0151,-0.1936,0.0928,-3.5496,0.3817,-1.5496
487.0000,1.0120,-0.1956,0.0984,-3.0687,1.0229,-1.0076
499.0000,1.0122,-0.1904,0.0935,-2.5878,1.4885,0.3588
492.0000,1.0176,-0.1958,0.0889,-2.1145,2.1832,1.5954
486.0000,1.0107,-0.1958,0.0920,-2.0840,2.4504,1.8321
501.0000,1.0066,-0.1980,0.1028,-1.9771,2.5878,1.6183
495.0000,1.0044,-0.1938,0.0969,-1.9695,2.3817,0.6641
488.0000,1.0054,-0.1943,0.0984,-2.2977,2.7328,0.0916
495.0000,1.0139,-0.1943,0.0981,-2.1221,2.7328,0.1679
496.0000,1.0159,-0.1936,0.0913,-1.8473,2.9847,0.9160
484.0000,1.0176,-0.1992,0.0881,-1.6870,3.3130,1.9008
494.0000,1.0100,-0.1956,0.0916,-1.6870,3.0916,2.3969
500.0000,1.0125,-0.1963,0.0930,-1.7328,2.9160,2.1756
481.0000,1.0107,-0.1931,0.1013,-2.2061,2.3130,1.1374
493.0000,1.0083,-0.2029,0.0969,-2.4275,2.0382,0.1069
496.0000,1.0071,-0.2009,0.1016,-2.7863,1.6336,-0.4504
487.0000,1.0098,-0.1924,0.1035,-2.6031,1.7710,-0.2595
496.0000,1.0134,-0.1929,0.0935,-2.6870,1.4733,0.4122
495.0000,1.0142,-0.1958,0.1106,-2.7176,1.3817,1.2824
481.0000,1.0076,-0.2014,0.1003,-2.7634,0.8397,0.9771
486.0000,1.0093,-0.2024,0.1018,-3.4351,0.2824,0.0687
500.0000,1.0100,-0.1948,0.0969,-3.7252,-0.0687,-1.3359
491.0000,1.0059,-0.1973,0.1055,-4.1145,-0.5573,-2.1908
487.0000,1.0100,-0.1970,0.1030,-4.1450,-0.6641,-2.1832
500.0000,1.0107,-0.1909,0.0994,-3.9618,-0.6412,-1.4733
492.0000,1.0146,-0.1987,0.0999,-3.6794,-0.3969,-0.2061
486.0000,1.0164,-0.1970,0.0991,-3.8779,-0.4427,0.0534
503.0000,1.0061,-0.1987,0.0935,-3.7252,-0.2901,-0.2443
483.0000,1.0083,-0.1978,0.0903,-3.9542,-0.6870,-1.0992
488.0000,1.0120,-0.2002,0.1030,-3.8931,-0.4580,-1.9695
486.0000,1.0132,-0.1970,0.1006,-3.8168,-0.1450,-1.9160
492.0000,1.0115,-0.1909,0.0891,-3.4962,0.4427,-0.7863
467.0000,1.0103,-0.1963,0.0911,-2.9008,1.0153,0.5191
522.0000,1.0117,-0.1909,0.0928,-2.6718,1.4275,1.1908
486.0000,1.0093,-0.1980,0.0964,-2.7786,1.4733,1.1374
484.0000,1.0139,-0.1960,0.0999,-2.7863,1.3130,0.3817
505.0000,0.9998,-0.1946,0.1082,-2.9084,1.0534,-0.4275
488.0000,1.0093,-0.1924,0.1030,-3.0611,1.0382,-0.9008
485.0000,1.0154,-0.1958,0.1042,-2.9847,1.3588,-0.7176
505.0000,1.0144,-0.1912,0.1018,-3.1069,1.4885,0.2214
496.0000,1.0103,-0.1958,0.0964,-2.6718,1.6183,1.0687
487.0000,1.0073,-0.1931,0.0901,-2.6794,1.3053,1.5725
499.0000,1.0117,-0.1987,0.0938,-2.8473,1.3282,1.1450
494.0000,1.0125,-0.2009,0.1003,-2.9924,0.9160,-0.2137
491.0000,1.0173,-0.1917,0.0942,-3.2977,0.8702,-1.3588
495.0000,1.0100,-0.1970,0.0942,-3.2595,0.9695,-1.3817
497.0000,1.0078,-0.1985,0.0986,-3.0229,0.9008,-0.2748
485.0000,1.0110,-0.1936,0.0967,-2.9313,1.3206,0.4885
498.0000,1.0144,-0.1948,0.1001,-2.9618,1.0382,1.3359
497.0000,1.0112,-0.1953,0.1035,-2.9008,0.8397,0.8779
486.0000,1.0034,-0.1963,0.1042,-3.3817,0.4580,-0.3588
494.0000,1.0129,-0.1970,0.0989,-3.5954,0.0534,-1.3282
496.0000,1.0137,-0.1938,0.0986,-3.8321,0.1145,-1.8015
494.0000,1.0093,-0.1975,0.0977,-3.8626,0.0534,-1.4580
494.0000,1.0095,-0.1919,0.0947,-3.6031,0.1450,-0.6947
502.0000,1.0122,-0.1909,0.0964,-3.6641,-0.0305,0.2290
488.0000,1.0122,-0.2024,0.0874,-3.6565,-0.1985,0.3588
493.0000,1.0034,-0.2039,0.1001,-3.9771,-0.8779,-0.5802
496.0000,1.0105,-0.1958,0.1047,-4.3435,-1.0992,-1.9084
487.0000,1.0120,-0.2039,0.0967,-4.3740,-1.0000,-2.4809
496.0000,1.0090,-0.1897,0.0923,-4.3817,-1.1450,-2.3740
503.0000,1.0129,-0.1919,0.1028,-3.9924,-0.6336,-1.4198
488.0000,1.0063,-0.1929,0.0940,-3.8473,-0.3664,-0.1908
489.0000,1.0095,-0.1970,0.0918,-3.6718,-0.3282,0.1527
504.0000,1.0049,-0.1987,0.0979,-3.7405,0.1069,0.2061
492.0000,1.0129,-0.1975,0.0981,-3.7557,-0.0305,-0.8397
489.0000,1.0117,-0.1941,0.0945,-3.7634,-0.0840,-1.6718
505.0000,1.0105,-0.1941,0.1021,-3.8244,0.1679,-1.6336
491.0000,1.0059,-0.1965,0.0908,-3.4351,0.3435,-1.0992
493.0000,1.0156,-0.1870,0.0935,-3.1756,0.8015,-0.0763
502.0000,1.0117,-0.1941,0.0972,-2.9924,1.0076,0.9313
503.0000,1.0129,-0.1995,0.0864,-2.9237,0.8244,0.9695
483.0000,1.0129,-0.1992,0.0930,-3.4046,0.5496,0.0840
497.0000,1.0098,-0.1965,0.1101,-3.5802,0.3893,-0.7252
504.0000,1.0120,-0.1907,0.1089,-3.3969,0.5267,-1.3969
486.0000,1.0139,-0.1943,0.1055,-3.0000,0.6794,-1.2061
502.0000,1.0066,-0.1958,0.0996,-3.1145,0.8702,-0.1603
514.0000,1.0061,-0.1956,0.0945,-2.6260,1.1374,0.7023
461.0000,1.0232,-0.1985,0.1040,-2.9237,1.0153,1.1374
495.0000,1.0127,-0.2009,0.0938,-3.0305,0.5802,0.5573
510.0000,1.0042,-0.2041,0.0986,-3.4427,0.3359,-0.7939
487.0000,1.0044,-0.1965,0.1016,-3.7099,0.0305,-1.5267
493.0000,1.0117,-0.1958,0.0955,-3.6412,0.2366,-1.5496
409.0000,1.0090,-0.1938,0.0984,-3.3740,0.5878,-0.7176
525.0000,1.0122,-0.1965,0.0898,-3.0076,0.9084,0.1603
503.0000,1.0166,-0.1990,0.0994,-2.6718,1.1450,1.1450
511.0000,1.0144,-0.2014,0.1001,-2.8168,1.2214,1.0000
481.0000,1.0054,-0.1997,0.0969,-3.1298,1.0534,0.3282
518.0000,1.0078,-0.1968,0.0955,-3.1832,0.8473,-1.0153
456.0000,1.0142,-0.1995,0.0991,-3.4885,0.5954,-1.4275
539.0000,1.0105,-0.1924,0.1067,-3.3511,0.5191,-0.9542
489.0000,1.0178,-0.1931,0.1101,-3.3206,0.5420,0.0229
500.0000,1.0146,-0.1951,0.1006,-2.9771,0.6031,0.8855
512.0000,1.0081,-0.1958,0.0981,-3.1908,0.3664,0.4427
483.0000,1.0110,-0.1995,0.1018,-3.6794,0.0382,-0.2595
473.0000,1.0120,-0.1931,0.0989,-3.8015,-0.3282,-0.9237
545.0000,1.0112,-0.1909,0.0994,-3.8550,-0.2443,-1.6183
502.0000,1.0090,-0.1863,0.0979,-3.6641,-0.0076,-1.6260
490.0000,1.0122,-0.1907,0.1006,-3.3740,0.6947,-0.7634
470.0000,1.0085,-0.1968,0.1021,-2.9924,0.8626,0.3893
510.0000,1.0178,-0.1978,0.0940,-2.6947,1.1298,1.1908
522.0000,1.0117,-0.2031,0.0969,-2.7023,1.0076,0.8855
484.0000,1.0095,-0.1995,0.0991,-3.1145,0.8473,-0.1069
478.0000,0.9971,-0.1960,0.1016,-3.4885,0.5802,-1.0153
502.0000,1.0139,-0.1934,0.1074,-3.4427,0.6794,-1.3893
511.0000,1.0122,-0.1956,0.0959,-3.3969,0.7099,-0.9313
477.0000,1.0066,-0.1941,0.0994,-2.9695,0.9237,0.1756
500.0000,1.0078,-0.1943,0.0930,-3.1679,0.6641,0.6641
495.0000,1.0132,-0.2053,0.1006,-3.1527,0.5115,0.6947
498.0000,1.0098,-0.1990,0.1052,-3.6489,0.0305,-0.4656
494.0000,1.0051,-0.1995,0.1069,-3.7634,-0.1832,-1.3282
509.0000,1.0129,-0.1907,0.0991,-3.9160,-0.3130,-1.7939
497.0000,1.0085,-0.1968,0.0967,-3.7328,-0.1527,-1.3893
481.0000,1.0078,-0.1958,0.1018,-3.4885,0.3664,-0.4733
536.0000,1.0090,-0.1912,0.1011,-3.3359,0.6641,0.5191
512.0000,1.0112,-0.1948,0.0940,-3.2366,0.8473,0.8397
502.0000,1.0044,-0.2024,0.0933,-3.1145,0.5878,0.4733
499.0000,1.0129,-0.2007,0.0974,-3.3664,0.4656,-0.5420
503.0000,1.0166,-0.1877,0.1042,-3.5115,0.5573,-1.1679
482.0000,1.0061,-0.1980,0.0881,-3.1450,0.8702,-1.2595
503.0000,1.0083,-0.1919,0.0950,-2.8321,1.3511,-0.5191
494.0000,1.0178,-0.1953,0.0977,-2.5802,1.5802,0.7481
496.0000,1.0100,-0.1987,0.0989,-2.5191,1.5496,1.5267
478.0000,1.0122,-0.1965,0.0979,-2.6031,1.1298,1.3282
499.0000,1.0076,-0.1960,0.1050,-3.0382,0.8702,0.0382
487.0000,1.0122,-0.1987,0.0940,-3.4809,0.1069,-1.1603
534.0000,1.0122,-0.1931,0.1104,-3.8168,-0.1527,-1.7786
501.0000,1.0164,-0.1895,0.0967,-3.9466,-0.0687,-1.8244
486.0000,1.0144,-0.1902,0.0923,-3.6794,-0.2595,-0.9466
490.0000,1.0071,-0.1960,0.0989,-3.7405,-0.2137,0.0840
485.0000,1.0144,-0.1978,0.0999,-3.7939,-0.4198,0.0840
482.0000,1.0063,-0.1934,0.0981,-3.9084,-0.3817,-0.2977
516.0000,1.0063,-0.1929,0.1011,-3.9237,-0.5954,-1.2672
471.0000,1.0088,-0.1951,0.0933,-3.9389,-0.2672,-1.7786
475.0000,1.0083,-0.1960,0.0986,-3.5802,0.0458,-1.6718
515.0000,1.0142,-0.1919,0.1069,-3.2137,0.6183,-0.5344
465.0000,1.0044,-0.1960,0.0955,-2.8931,1.4198,0.8092
468.0000,1.0098,-0.2026,0.0947,-2.7786,1.2824,0.9466
499.0000,1.0098,-0.2019,0.1082,-2.7634,1.3969,0.5496
478.0000,1.0122,-0.2002,0.1001,-2.8015,0.9237,0.2290
518.0000,1.0046,-0.2017,0.0935,-3.2366,0.7710,-0.3282
485.0000,1.0088,-0.1963,0.0967,-3.3053,0.8321,-1.2977
479.0000,1.0117,-0.1919,0.0962,-3.1145,0.7939,-0.8473
487.0000,1.0144,-0.1919,0.0959,-3.2672,0.5267,0.0840
501.0000,1.0078,-0.1921,0.0962,-3.3282,0.1832,0.5115
502.0000,1.0132,-0.2000,0.0991,-3.5420,-0.1985,0.1374
507.0000,1.0059,-0.2000,0.1025,-4.1069,-0.9160,-1.0611
499.0000,1.0073,-0.2024,0.0947,-4.4351,-1.2672,-2.0840
464.0000,1.0222,-0.1941,0.1045,-4.2443,-1.0458,-2.4733
502.0000,1.0139,-0.1877,0.0938,-3.9924,-0.5802,-1.6489
502.0000,1.0098,-0.1926,0.0867,-3.5038,0.1069,-0.4656
498.0000,1.0159,-0.1899,0.1018,-3.0382,0.7786,0.5191
477.0000,1.0107,-0.1973,0.0986,-2.8550,1.2214,0.9542
503.0000,1.0112,-0.1963,0.0967,-3.0153,0.9847,0.6870
500.0000,1.0098,-0.1946,0.0991,-3.1527,0.7023,-0.2366
494.0000,1.0032,-0.1975,0.0974,-3.2366,0.6336,-1.0763
492.0000,1.0151,-0.1978,0.1094,-3.3588,0.4046,-1.3588
524.0000,1.0154,-0.1895,0.1021,-3.5725,0.3282,-1.0000
469.0000,1.0105,-0.1931,0.1033,-3.4198,0.2214,-0.2214
496.0000,1.0071,-0.1958,0.0901,-3.5115,-0.2901,0.2290
506.0000,1.0103,-0.2004,0.0896,-3.8931,-0.8779,-0.1069
499.0000,1.0129,-0.2014,0.0938,-4.4046,-1.1756,-1.3053
489.0000,1.0063,-0.1992,0.0989,-4.4580,-1.3511,-2.3588
504.0000,1.0107,-0.1992,0.0938,-4.3969,-1.1985,-2.7328
495.0000,1.0144,-0.1938,0.0911,-3.9618,-0.3511,-1.9084
494.0000,1.0171,-0.1946,0.0984,-3.5573,0.1985,-0.6718
507.0000,1.0142,-0.1975,0.0916,-2.8550,1.3817,0.8168
498.0000,1.0112,-0.1965,0.0962,-2.6183,1.5420,1.5496
492.0000,1.0095,-0.1875,0.0984,-2.4885,1.9771,1.2443
502.0000,1.0134,-0.1970,0.1067,-2.4504,2.1908,0.4122
492.0000,1.0051,-0.2012,0.1018,-2.2748,2.5573,0.2824
487.0000,1.0181,-0.1851,0.0969,-1.9618,3.2061,0.3893
509.0000,1.0139,-0.1938,0.0989,-1.5420,3.7863,1.2748
498.0000,1.0122,-0.1938,0.0986,-1.3817,3.8626,2.5496
489.0000,1.0078,-0.1985,0.0986,-1.3053,3.7939,3.0992
500.0000,1.0107,-0.1997,0.1042,-1.5344,3.3588,2.4351
504.0000,1.0051,-0.1995,0.1011,-2.0000,2.5802,1.3359
488.0000,1.0020,-0.2024,0.0962,-2.4351,2.1145,-0.0992
499.0000,1.0081,-0.1980,0.1077,-2.8855,1.5878,-0.6947
497.0000,1.0085,-0.1963,0.1030,-2.9008,1.2595,-0.4656
488.0000,1.0046,-0.2000,0.0930,-3.0000,1.0992,0.2748
498.0000,1.0137,-0.2012,0.0986,-2.9237,1.0000,0.9160
504.0000,1.0112,-0.1951,0.0999,-3.2214,0.6794,0.8397
490.0000,1.0068,-0.2029,0.0959,-3.2672,0.3130,0.2290
496.0000,1.0117,-0.2024,0.1025,-3.7939,0.0534,-0.9847
504.0000,1.0105,-0.1929,0.1018,-3.9160,-0.3511,-1.7481
490.0000,1.0073,-0.1970,0.1003,-4.0534,-0.5344,-2.0229
497.0000,1.0049,-0.2012,0.0991,-3.9924,-0.7099,-1.5496
505.0000,1.0129,-0.1931,0.1033,-4.2214,-1.0763,-1.0000
483.0000,1.0142,-0.2029,0.0991,-4.5191,-1.4198,-0.8015
502.0000,1.0032,-0.1982,0.1016,-4.7863,-2.1450,-1.2366
505.0000,1.0059,-0.1997,0.1052,-5.2977,-2.6641,-2.3435
499.0000,1.0071,-0.1929,0.1030,-5.2443,-2.6641,-3.2748
489.0000,1.0122,-0.1909,0.1047,-5.1374,-2.2595,-3.2290
503.0000,1.0188,-0.1982,0.0972,-4.5725,-1.3740,-2.2824
497.0000,1.0122,-0.1985,0.0879,-3.8015,-0.2672,-0.9237
500.0000,1.0115,-0.1963,0.0950,-3.4809,0.6947,0.3969
502.0000,1.0186,-0.1956,0.0928,-2.7786,0.9924,0.7863
501.0000,1.0063,-0.1951,0.0977,-2.6183,1.5420,0.6718
485.0000,1.0063,-0.1951,0.1008,-2.6412,1.6412,-0.2366
506.0000,1.0076,-0.1943,0.0991,-2.5573,1.9618,-0.5802
492.0000,1.0142,-0.1975,0.0891,-2.7023,2.1603,-0.4580
488.0000,1.0085,-0.1965,0.0964,-2.3893,1.9695,0.7939
512.0000,1.0120,-0.2007,0.1030,-2.3664,2.2137,1.4198
495.0000,1.0149,-0.1987,0.1030,-2.2290,1.7099,1.5496
496.0000,1.0144,-0.1980,0.0991,-2.7405,1.3588,0.8168
502.0000,1.0088,-0.2043,0.1082,-2.9542,0.9389,-0.3511
502.0000,1.0078,-0.1963,0.1064,-3.0611,0.8779,-0.9389
493.0000,1.0200,-0.1953,0.0947,-3.2290,1.0305,-1.2901
503.0000,1.0073,-0.1992,0.1025,-2.8092,1.2443,-0.1908
498.0000,1.0088,-0.1975,0.0913,-2.5725,1.4809,0.6565
490.0000,1.0110,-0.1936,0.0901,-2.5038,1.5420,1.2366
500.0000,1.0007,-0.1975,0.0955,-2.7863,1.0840,1.0458
501.0000,1.0066,-0.2024,0.1074,-3.1450,0.8550,0.0611
493.0000,1.0139,-0.1912,0.0955,-3.5115,0.3969,-1.0153
495.0000,1.0132,-0.1948,0.0994,-3.5496,0.2519,-1.8168
503.0000,1.0081,-0.1987,0.0894,-3.5344,0.0229,-1.3740
488.0000,1.0103,-0.1929,0.0940,-3.5496,0.4580,-0.4122
491.0000,1.0112,-0.1963,0.0918,-3.2901,0.4046,0.5344
509.0000,1.0051,-0.1956,0.0972,-3.4122,0.4275,0.6489
490.0000,1.0078,-0.2036,0.1077,-3.5267,0.1985,0.0687
494.0000,1.0093,-0.1948,0.0981,-3.7099,-0.2061,-1.1908
506.0000,1.0120,-0.2041,0.0950,-3.9160,-0.2672,-1.9847
490.0000,1.0110,-0.1946,0.0981,-4.0611,-0.2214,-2.0840
498.0000,1.0178,-0.1897,0.0991,-3.6870,0.1069,-1.1298
503.0000,1.0222,-0.1951,0.0959,-3.6107,0.2214,-0.0611
495.0000,1.0098,-0.1946,0.0952,-3.5954,-0.0840,0.5878
501.0000,1.0146,-0.1975,0.0967,-3.5496,-0.3206,0.2214
500.0000,1.0144,-0.1995,0.1023,-3.7786,-0.5954,-1.0305
495.0000,1.0071,-0.1953,0.1064,-4.0305,-0.6183,-1.8092
493.0000,1.0115,-0.1948,0.1001,-3.9084,-0.5649,-2.1298
503.0000,1.0122,-0.1902,0.0996,-3.7710,-0.0458,-1.5344
503.0000,1.0098,-0.1941,0.0945,-3.6107,0.1679,-0.4885
489.0000,1.0178,-0.1992,0.0979,-3.3206,-0.0763,0.2366
506.0000,1.0142,-0.1980,0.1038,-3.4122,0.1069,0.0916
497.0000,1.0117,-0.1995,0.1074,-3.5420,-0.1145,-0.1756
506.0000,1.0112,-0.1951,0.0979,-3.8168,-0.2443,-1.3817
491.0000,1.0193,-0.1924,0.0984,-3.8092,-0.0611,-1.6718
515.0000,1.0107,-0.1899,0.0984,-3.7786,0.1603,-1.5191
487.0000,1.0139,-0.1965,0.1023,-2.9466,0.7481,-0.3053
508.0000,1.0071,-0.1963,0.1038,-2.7710,1.0153,0.6947
500.0000,1.0154,-0.1980,0.0935,-2.5725,1.5725,1.3511
495.0000,1.0149,-0.1938,0.0947,-2.5573,1.4580,0.7939
496.0000,1.0103,-0.1963,0.1003,-2.6794,1.3740,0.2214
501.0000,1.0095,-0.1929,0.0984,-2.8092,1.3969,-0.5344
492.0000,1.0127,-0.1921,0.1003,-2.8015,1.6031,-0.5573
495.0000,1.0100,-0.2017,0.0981,-2.7099,1.7557,-0.1298
506.0000,1.0125,-0.1897,0.1025,-2.5649,1.8168,0.8779
482.0000,1.0054,-0.1929,0.0964,-2.4885,1.6870,1.3893
496.0000,1.0063,-0.1953,0.1025,-2.8702,1.1145,0.7328
507.0000,1.0068,-0.1968,0.1057,-3.1832,0.6565,0.0000
476.0000,1.0105,-0.1980,0.1042,-3.4351,0.4122,-0.9008
469.0000,1.0012,-0.1963,0.0957,-3.5573,0.2672,-1.4885
534.0000,1.0110,-0.2021,0.1006,-3.3817,0.4504,-0.9924
488.0000,1.0081,-0.1904,0.0950,-3.2672,0.6031,-0.0153
488.0000,1.0178,-0.1943,0.0923,-3.0611,0.8473,0.6489
504.0000,1.0117,-0.1992,0.0974,-3.0076,0.7634,0.8244
491.0000,1.0098,-0.1980,0.1006,-3.0458,0.7328,0.5267
476.0000,1.0098,-0.1982,0.1038,-3.4580,0.3817,-0.7252
532.0000,1.0051,-0.1941,0.1072,-3.5496,0.4275,-1.5496
492.0000,1.0103,-0.1929,0.1013,-3.3740,0.1832,-1.3588
452.0000,1.0115,-0.1958,0.0918,-3.2443,0.3817,-0.6031
555.0000,1.0088,-0.2029,0.0984,-3.3206,0.5191,0.1603
490.0000,1.0166,-0.2021,0.0989,-3.3588,0.4198,0.4962
487.0000,1.0076,-0.1956,0.0962,-3.4809,0.2061,0.2977
496.0000,1.0090,-0.2024,0.1018,-3.5725,0.0534,-0.6183
503.0000,1.0054,-0.1990,0.0996,-3.8092,-0.1374,-1.7176
494.0000,1.0078,-0.1929,0.1035,-3.7786,-0.1298,-1.9160
516.0000,1.0144,-0.1877,0.0930,-3.6336,0.2061,-1.1450
469.0000,1.0134,-0.1897,0.1001,-3.3282,0.4733,-0.1069
524.0000,1.0068,-0.1934,0.0996,-3.2214,0.6336,0.6641
475.0000,1.0103,-0.2009,0.0977,-3.0229,0.6260,0.6260
527.0000,1.0144,-0.2056,0.1045,-3.0000,0.3817,0.0611
487.0000,1.0129,-0.1926,0.0967,-3.3130,0.4809,-0.6718
492.0000,1.0071,-0.1975,0.1052,-3.4046,0.5954,-1.2443
501.0000,1.0093,-0.1990,0.1011,-3.4198,0.7786,-0.9924
478.0000,1.0144,-0.1870,0.0940,-3.1298,0.9313,-0.2137
504.0000,1.0159,-0.1941,0.0957,-2.9771,0.9313,0.5038
492.0000,1.0125,-0.1992,0.0962,-3.0840,0.8244,0.6183
499.0000,1.0081,-0.1965,0.1038,-3.1298,0.6718,0.2519
511.0000,1.0090,-0.1921,0.0957,-3.4733,0.1756,-0.6183
482.0000,1.0120,-0.1968,0.1094,-3.7786,0.0534,-1.1985
513.0000,1.0137,-0.1968,0.0940,-3.6489,0.0611,-1.4656
484.0000,1.0088,-0.1970,0.0923,-3.5954,0.1985,-0.9771
511.0000,1.0125,-0.1936,0.0984,-3.3282,0.4046,-0.0763
480.0000,1.0098,-0.1997,0.0994,-3.3282,0.4504,0.4351
494.0000,1.0134,-0.1973,0.1040,-3.2443,0.4504,0.3130
507.0000,1.0120,-0.1941,0.0996,-3.3282,0.1756,-0.3893
507.0000,1.0039,-0.1897,0.1008,-3.6260,0.2748,-0.9924
474.0000,1.0156,-0.1938,0.0950,-3.4733,0.4427,-1.2595
507.0000,1.0183,-0.1951,0.0979,-3.3359,0.6031,-0.7863
496.0000,1.0105,-0.1980,0.0999,-3.0305,0.9618,0.0305
511.0000,1.0146,-0.2051,0.0991,-2.9389,1.1756,0.9695
482.0000,1.0156,-0.1958,0.0984,-2.8473,0.9313,0.8779
508.0000,1.0107,-0.1963,0.0986,-3.1985,0.7176,-0.0458
489.0000,1.0129,-0.2026,0.1074,-3.6183,0.0763,-0.4809
508.0000,1.0095,-0.1997,0.0942,-3.6412,0.1679,-1.1527
502.0000,1.0105,-0.1895,0.1052,-3.5802,0.2672,-1.4656
502.0000,1.0125,-0.1912,0.1028,-3.5344,0.1908,-0.8550
502.0000,1.0168,-0.2051,0.0959,-3.3130,0.2748,-0.1374
483.0000,1.0098,-0.2004,0.0984,-3.4580,0.2977,0.2443
473.0000,1.0122,-0.1963,0.0957,-3.5573,-0.1527,-0.0611
543.0000,1.0105,-0.1946,0.1023,-3.8244,-0.3511,-0.7634
504.0000,1.0078,-0.1963,0.0969,-4.0763,-0.5573,-1.7634
489.0000,1.0117,-0.1956,0.1018,-3.8931,-0.3740,-2.0000
498.0000,1.0144,-0.1934,0.0984,-3.9924,-0.3359,-1.3817
487.0000,1.0149,-0.1951,0.1038,-3.4885,-0.0611,-0.4198
500.0000,1.0076,-0.1921,0.1023,-3.5038,0.1756,0.2672
506.0000,1.0110,-0.1975,0.0994,-3.6107,-0.0992,0.2061
494.0000,1.0054,-0.1970,0.0999,-3.4504,-0.0687,-0.6412
472.0000,1.0093,-0.1956,0.1033,-3.7710,-0.2824,-1.4962
543.0000,1.0073,-0.1912,0.0969,-3.7176,0.0153,-1.7023
477.0000,1.0134,-0.2017,0.0991,-3.4580,0.5496,-1.2519
504.0000,1.0134,-0.1943,0.0999,-3.2061,0.8626,-0.2214
512.0000,1.0068,-0.1987,0.0962,-3.0687,1.0305,0.8015
490.0000,1.0125,-0.2000,0.0938,-3.0763,0.6641,1.0611
488.0000,1.0073,-0.1987,0.1018,-3.0611,0.4885,0.1450
499.0000,1.0132,-0.2004,0.1003,-3.6107,-0.0611,-0.9618
574.0000,1.0063,-0.1997,0.0996,-3.8321,-0.4427,-1.8626
519.0000,1.0103,-0.1960,0.0942,-4.0687,-0.5725,-2.1832
476.0000,1.0093,-0.1921,0.0957,-3.9847,-0.5344,-1.3817
532.0000,1.0171,-0.2034,0.0952,-3.9084,-0.3893,-0.6031
490.0000,1.0081,-0.1934,0.0933,-3.7023,-0.2672,0.0382
500.0000,1.0090,-0.1973,0.1006,-3.5115,-0.0305,0.1450
485.0000,1.0066,-0.1951,0.0996,-3.5191,0.0840,-0.3740
506.0000,1.0129,-0.1980,0.1074,-3.3588,0.1603,-1.1450
490.0000,1.0176,-0.1912,0.0964,-3.3588,0.8092,-1.3053
499.0000,1.0012,-0.1917,0.0906,-2.9695,1.4504,-0.4885
504.0000,1.0134,-0.1892,0.0850,-2.6031,1.9313,0.3893
505.0000,1.0127,-0.1941,0.0896,-2.3359,1.9771,1.1756
510.0000,1.0171,-0.1995,0.0906,-2.1985,2.0458,1.6031
496.0000,1.0110,-0.1995,0.1047,-2.4275,1.5802,1.1450
492.0000,1.0061,-0.1985,0.1021,-2.9084,1.2290,-0.0763
506.0000,1.0107,-0.1978,0.0994,-3.3053,0.9847,-0.7634
496.0000,1.0151,-0.1953,0.1042,-3.3282,0.5191,-1.1679
496.0000,1.0076,-0.1934,0.0974,-3.5802,0.4809,-0.6031
505.0000,1.0088,-0.1997,0.1006,-3.4046,0.3359,-0.0611
501.0000,1.0098,-0.1941,0.0950,-3.6947,-0.2061,0.1908
491.0000,1.0117,-0.1909,0.0984,-3.9008,-0.6031,-0.3282
504.0000,1.0068,-0.1987,0.0977,-3.9542,-1.0229,-0.9847
495.0000,1.0146,-0.1865,0.1018,-4.3053,-1.0076,-2.1374
492.0000,1.0125,-0.2012,0.0896,-4.0840,-0.5267,-2.2748
503.0000,1.0100,-0.1890,0.0815,-3.7176,-0.0611,-1.4351
504.0000,1.0171,-0.1995,0.0833,-2.9847,0.8855,-0.0534
492.0000,1.0110,-0.1897,0.0947,-2.6565,1.6107,1.1679
500.0000,1.0012,-0.2024,0.0925,-2.2519,2.1450,1.5496
501.0000,1.0144,-0.1975,0.0913,-2.1298,2.4885,1.2061
493.0000,1.0144,-0.2000,0.0923,-2.0992,2.6031,0.6489
500.0000,1.0112,-0.1965,0.0896,-2.0534,2.7099,0.2061
501.0000,1.0081,-0.1926,0.0969,-2.0763,2.6412,0.3664
489.0000,1.0090,-0.1936,0.0991,-2.3664,2.4580,0.8168
502.0000,1.0171,-0.1948,0.0989,-2.3588,2.1985,1.1298
507.0000,1.0129,-0.1956,0.0979,-2.6031,1.5038,1.3588
489.0000,1.0063,-0.1946,0.1045,-3.2137,0.7099,0.4885
497.0000,1.0027,-0.1965,0.0957,-3.5344,-0.0305,-0.4656
505.0000,1.0085,-0.1926,0.1072,-3.8855,-0.4580,-1.6336
497.0000,1.0154,-0.1970,0.1011,-3.9466,-0.4656,-1.5420
496.0000,1.0085,-0.1902,0.1008,-4.1985,-0.8168,-1.4504
505.0000,1.0081,-0.2031,0.0979,-3.9389,-0.6565,-0.9160
492.0000,1.0176,-0.1946,0.1069,-4.1298,-0.7023,-0.7939
501.0000,1.0137,-0.1936,0.0938,-4.1908,-0.6641,-0.7099
509.0000,1.0129,-0.1970,0.1003,-3.9771,-0.3817,-0.8626
492.0000,1.0098,-0.2002,0.0933,-3.6641,-0.1527,-0.9466
490.0000,1.0120,-0.1953,0.0928,-3.2290,0.5725,-0.5267
513.0000,1.0247,-0.1970,0.1023,-2.8092,1.3435,0.0076
493.0000,1.0051,-0.1985,0.0962,-2.6260,2.1832,0.6565
493.0000,1.0071,-0.1941,0.0994,-2.3588,2.2824,1.0611
506.0000,1.0117,-0.1997,0.1023,-2.3664,1.8092,1.1069
502.0000,1.0017,-0.1968,0.0977,-2.9542,0.9771,0.4046
496.0000,1.0085,-0.1943,0.1057,-3.4198,0.3511,-0.7481
495.0000,1.0190,-0.1912,0.1021,-4.0305,-0.4809,-1.5649
507.0000,1.0063,-0.1953,0.0999,-4.2061,-1.0076,-1.9847
492.0000,1.0095,-0.1929,0.0989,-4.1603,-0.9389,-1.2290
512.0000,1.0146,-0.1899,0.0947,-4.1069,-0.8931,-0.5344
482.0000,1.0156,-0.1997,0.1006,-3.6565,-0.3511,-0.2748
493.0000,1.0122,-0.1943,0.1001,-3.4427,0.1450,-0.0763
501.0000,1.0078,-0.1924,0.0896,-3.1145,0.8702,-0.5038
514.0000,1.0088,-0.1995,0.0989,-2.9389,1.4046,-0.2901
488.0000,1.0071,-0.1948,0.0989,-2.3359,1.9237,0.1069
495.0000,1.0090,-0.1943,0.0969,-2.2443,2.2901,0.5115
505.0000,1.0046,-0.1946,0.1008,-2.1145,2.5267,1.2595
495.0000,1.0056,-0.2004,0.1018,-2.1832,2.3435,1.4656
495.0000,1.0066,-0.1995,0.1025,-2.6947,1.4275,0.9466
506.0000,1.0061,-0.1953,0.1028,-3.4351,0.2977,0.0382
494.0000,1.0032,-0.2021,0.1069,-4.0076,-0.7099,-1.2977
500.0000,1.0054,-0.1951,0.1050,-4.7328,-1.4580,-2.2137
498.0000,1.0095,-0.1921,0.1001,-4.6489,-1.7023,-2.3130
498.0000,1.0142,-0.1951,0.0945,-4.5649,-1.6183,-2.0076
489.0000,1.0083,-0.1965,0.0940,-4.3664,-1.3664,-1.2824
503.0000,1.0088,-0.1951,0.0974,-4.1374,-0.9924,-0.5878
499.0000,1.0139,-0.1975,0.0942,-3.6870,-0.3282,-0.3359
497.0000,1.0132,-0.1921,0.0918,-3.4351,0.4656,-0.3817
505.0000,1.0137,-0.1963,0.0884,-3.0763,1.0305,-0.6565
495.0000,1.0054,-0.1921,0.0933,-2.7481,1.6718,-0.5115
497.0000,1.0044,-0.1992,0.0947,-2.5344,2.1298,0.2061
501.0000,1.0129,-0.1946,0.0959,-2.2824,2.3817,1.0305
497.0000,1.0208,-0.1965,0.0959,-2.0763,1.9771,1.3206
497.0000,1.0117,-0.1951,0.1072,-2.4656,1.9313,1.2824
504.0000,1.0027,-0.2036,0.1008,-2.8321,1.0229,0.4962
499.0000,1.0088,-0.2029,0.1089,-3.3969,0.5878,-0.7710
498.0000,1.0095,-0.1953,0.1016,-3.8473,-0.0382,-1.3817
501.0000,1.0107,-0.1921,0.0967,-3.9542,-0.4275,-1.5725
501.0000,1.0105,-0.1943,0.0901,-3.8855,-0.5878,-1.1832
485.0000,1.0193,-0.1919,0.1042,-3.9466,-0.6870,-0.7023
505.0000,1.0125,-0.1941,0.0969,-4.0611,-0.6336,-0.2748
502.0000,1.0100,-0.2043,0.0930,-3.9466,-0.7939,-0.5496
491.0000,1.0173,-0.1951,0.1069,-3.8702,-0.6794,-0.9847
507.0000,1.0076,-0.1951,0.0967,-4.0000,-0.6031,-1.7863
495.0000,1.0107,-0.1980,0.0911,-3.8626,-0.1374,-1.7863
494.0000,1.0100,-0.1890,0.0884,-3.5725,0.2137,-1.1221
492.0000,1.0105,-0.1941,0.0940,-3.1832,0.7099,-0.1450
516.0000,1.0146,-0.1963,0.1011,-3.0611,0.9695,0.3588
489.0000,1.0078,-0.1997,0.0984,-3.0000,0.9924,0.6718
527.0000,1.0134,-0.1963,0.1033,-3.0458,1.0076,0.3130
495.0000,1.0137,-0.1946,0.0835,-3.1603,0.7557,-0.4122
490.0000,1.0073,-0.1921,0.1021,-3.1679,0.7557,-0.7710
501.0000,1.0103,-0.1943,0.0942,-3.2061,0.9008,-0.8321
502.0000,1.0159,-0.1956,0.1033,-3.0840,1.1145,-0.1985
498.0000,1.0063,-0.2000,0.0901,-2.9924,0.9084,0.5191
501.0000,1.0042,-0.1943,0.1072,-2.8626,0.8473,0.7634
516.0000,1.0098,-0.1948,0.0972,-3.2290,0.3740,0.1985
491.0000,1.0095,-0.1907,0.1018,-3.4198,0.4275,-0.8626
496.0000,1.0059,-0.1980,0.0989,-3.6412,0.2214,-1.1832
505.0000,1.0132,-0.1931,0.0994,-3.5573,0.2824,-1.2901
507.0000,1.0137,-0.1941,0.0996,-3.2977,0.8092,-0.7176
490.0000,1.0063,-0.1904,0.1011,-3.1603,0.9160,0.1756
492.0000,1.0105,-0.2007,0.0908,-2.8855,0.8855,0.7634
505.0000,1.0127,-0.2019,0.1038,-2.7634,1.0076,0.8473
497.0000,1.0088,-0.1995,0.0950,-2.9847,1.0000,0.0382
475.0000,1.0059,-0.1956,0.0981,-3.0076,0.8702,-0.5573
504.0000,1.0105,-0.1943,0.0977,-3.2137,0.8855,-0.7252
493.0000,1.0071,-0.1936,0.1057,-3.1374,0.7786,-0.5649
492.0000,1.0122,-0.1899,0.0991,-3.1298,0.9466,-0.0153
491.0000,1.0125,-0.1941,0.1111,-3.2214,0.6489,0.3969
519.0000,1.0120,-0.1997,0.0964,-3.3664,0.4733,0.5649
505.0000,1.0088,-0.1963,0.0920,-3.3588,0.2290,-0.0687
488.0000,1.0051,-0.1948,0.1028,-3.6107,0.0534,-0.9466
492.0000,1.0137,-0.2000,0.1094,-3.6183,-0.0534,-1.3740
503.0000,1.0105,-0.1946,0.0986,-3.7481,-0.1603,-1.3664
518.0000,1.0095,-0.1987,0.0991,-3.6489,0.1908,-0.9771
478.0000,1.0125,-0.1953,0.0974,-3.5115,0.1145,-0.2824
486.0000,1.0076,-0.1938,0.0957,-3.4046,0.2443,0.1756
504.0000,1.0127,-0.1987,0.1042,-3.4198,0.2061,-0.1298
486.0000,1.0146,-0.1992,0.1060,-3.4504,0.2214,-0.4885
502.0000,1.0188,-0.1965,0.0930,-3.4656,0.1679,-1.1298
497.0000,1.0066,-0.1985,0.0969,-3.4275,0.1679,-1.1450
529.0000,1.0125,-0.1968,0.0999,-3.2519,0.4580,-0.7023
482.0000,1.0151,-0.1965,0.0979,-3.0382,0.9160,0.0153
527.0000,1.0132,-0.1960,0.1045,-2.9771,0.8626,0.5038
440.0000,1.0098,-0.2021,0.0962,-3.1374,0.8397,0.5954
541.0000,1.0088,-0.2017,0.0969,-3.1221,0.6947,-0.0076
473.0000,1.0081,-0.1926,0.1067,-3.1832,0.3435,-0.7328
524.0000,1.0146,-0.1953,0.1057,-3.4656,0.3511,-1.1603
493.0000,1.0134,-0.1948,0.1008,-3.5267,0.3817,-1.0305
488.0000,1.0076,-0.1978,0.1052,-3.4275,0.5496,-0.5191
509.0000,1.0093,-0.1951,0.0955,-3.3282,0.4885,-0.0611
466.0000,1.0110,-0.1912,0.1052,-3.2977,0.6031,0.4427
535.0000,1.0137,-0.1880,0.0938,-3.1985,0.3969,-0.0382
476.0000,1.0090,-0.1921,0.1003,-3.2977,0.6794,-0.5649
482.0000,1.0022,-0.1958,0.0986,-3.4656,0.3740,-0.7786
519.0000,1.0088,-0.2009,0.0942,-3.3206,0.8779,-0.9084
489.0000,1.0107,-0.1948,0.0974,-3.0916,1.1756,-0.1069
494.0000,1.0183,-0.1987,0.1030,-2.9313,1.1527,0.2214
512.0000,1.0151,-0.1946,0.0991,-2.9008,1.0840,0.7939
483.0000,1.0056,-0.1980,0.0952,-3.0305,0.7710,0.3664
484.0000,1.0134,-0.1990,0.0969,-3.4656,0.3282,-0.4427
509.0000,1.0088,-0.1904,0.1021,-3.7328,-0.2824,-1.3817
531.0000,1.0063,-0.1941,0.0989,-3.9313,-0.2748,-1.6794
429.0000,1.0146,-0.1951,0.0972,-3.9618,-0.2901,-1.4046
503.0000,1.0161,-0.1992,0.0972,-3.7481,-0.1298,-0.4580
519.0000,1.0098,-0.1885,0.1008,-3.4962,-0.0305,-0.0916
468.0000,1.0066,-0.1975,0.0903,-3.5115,-0.1527,-0.0534
490.0000,1.0015,-0.1975,0.0923,-3.5496,0.0992,-0.3588
522.0000,1.0061,-0.2034,0.0938,-3.5573,0.0153,-0.8473
486.0000,1.0137,-0.1970,0.1003,-3.4885,0.1832,-1.3435
496.0000,1.0161,-0.1992,0.0962,-3.6641,0.2366,-1.2137
501.0000,1.0105,-0.1992,0.0964,-3.2672,0.1374,-0.5191
499.0000,1.0137,-0.1980,0.0950,-3.2366,0.4198,-0.0382
523.0000,1.0132,-0.1936,0.0989,-3.2977,0.3130,0.4046
539.0000,1.0120,-0.2004,0.0984,-3.4046,0.0992,-0.0076
447.0000,1.0073,-0.1995,0.1001,-3.4733,0.1145,-0.6641
579.0000,1.0137,-0.1965,0.0962,-3.7405,0.0153,-1.3130
441.0000,1.0208,-0.1951,0.1021,-3.5573,0.1832,-1.4122
508.0000,1.0166,-0.1980,0.0952,-3.5267,0.1298,-1.0916
492.0000,1.0154,-0.1960,0.0930,-3.3588,0.4580,-0.2824
524.0000,1.0125,-0.1970,0.0940,-3.2672,0.6870,0.2061
443.0000,1.0132,-0.1987,0.0991,-3.1374,0.5649,0.4809
504.0000,1.0142,-0.2017,0.0913,-3.2290,0.5191,-0.0916
510.0000,1.0125,-0.1968,0.0947,-3.4198,0.4656,-0.9695
494.0000,1.0066,-0.1963,0.0898,-3.4656,0.5725,-1.2290
488.0000,1.0098,-0.1904,0.0959,-3.3588,0.6183,-0.9924
522.0000,1.0107,-0.1951,0.0952,-3.2366,0.9008,-0.2977
498.0000,1.0181,-0.1951,0.1006,-2.9313,1.1985,0.7328
493.0000,1.0134,-0.1924,0.1033,-2.8397,1.0458,1.0458
508.0000,1.0081,-0.2024,0.1062,-2.9542,1.2901,0.5725
495.0000,1.0029,-0.2048,0.0991,-2.9008,1.0076,-0.0763
494.0000,1.0078,-0.1980,0.1006,-3.3359,0.4809,-1.1298
508.0000,1.0066,-0.1946,0.0989,-3.5038,0.1908,-1.2214
499.0000,1.0112,-0.1948,0.0969,-3.7328,0.1450,-1.1985
488.0000,1.0122,-0.1956,0.1006,-3.8244,-0.1832,-0.6183
507.0000,1.0120,-0.2009,0.1011,-3.7863,-0.3359,-0.0763
501.0000,1.0146,-0.1960,0.0962,-3.6718,-0.4656,-0.2595
492.0000,1.0110,-0.1980,0.0969,-3.8321,-0.3893,-1.0000
507.0000,1.0112,-0.2026,0.0945,-4.0305,-0.4504,-1.3664
505.0000,1.0105,-0.1912,0.0967,-3.7557,0.1527,-1.4885
488.0000,1.0149,-0.1992,0.0881,-3.4351,0.4885,-0.9771
500.0000,1.0181,-0.1978,0.1050,-2.9618,1.2214,0.1374
504.0000,1.0085,-0.1982,0.0884,-2.4809,1.9542,1.0534
491.0000,1.0061,-0.1943,0.0984,-2.1679,2.3435,1.6641
504.0000,1.0127,-0.1992,0.0967,-2.0305,2.6947,1.5725
502.0000,1.0125,-0.1919,0.1011,-1.9160,2.7176,0.8779
493.0000,1.0051,-0.1956,0.0930,-2.1450,2.6489,0.4809
502.0000,1.0088,-0.1963,0.0959,-2.1908,2.6565,0.3588
503.0000,1.0093,-0.1924,0.0967,-2.1298,2.7634,0.6565
491.0000,1.0095,-0.1963,0.0916,-1.9847,2.4198,1.1603
498.0000,1.0110,-0.1982,0.1052,-2.3053,2.0534,1.6870
504.0000,1.0046,-0.2004,0.1028,-2.2901,1.5725,1.1679
490.0000,1.0027,-0.1987,0.1096,-3.0153,1.1679,0.2443
497.0000,1.0154,-0.1948,0.1060,-3.2519,0.5802,-0.6718
494.0000,1.0127,-0.1992,0.1089,-3.0611,0.8931,-1.0000
511.0000,1.0151,-0.1948,0.1104,-3.0305,1.0229,-0.4198
485.0000,1.0083,-0.1980,0.1021,-2.6794,1.3969,0.6870
508.0000,1.0183,-0.1956,0.1018,-2.5344,1.5954,1.1832
503.0000,1.0095,-0.1956,0.1001,-2.6565,1.4046,0.9084
470.0000,1.0027,-0.2021,0.0994,-3.2672,0.7634,0.0534
541.0000,1.0039,-0.2058,0.0952,-3.7405,-0.3206,-1.2901
495.0000,1.0105,-0.1982,0.0898,-4.3359,-1.0076,-2.2824
494.0000,1.0129,-0.1985,0.0925,-4.8626,-1.8473,-2.5573
502.0000,1.0103,-0.1985,0.1006,-4.9008,-2.2061,-2.2824
483.0000,1.0122,-0.1958,0.0881,-4.9618,-1.9084,-1.3359
496.0000,1.0066,-0.1917,0.0981,-4.4351,-1.7023,-1.0229
501.0000,1.0161,-0.1997,0.0950,-4.3969,-1.2137,-0.6336
491.0000,1.0129,-0.1980,0.0913,-3.7710,-0.3359,-1.0076
497.0000,1.0071,-0.1958,0.0959,-3.4351,0.4351,-1.2290
500.0000,1.0076,-0.2004,0.1086,-3.1298,1.1145,-0.7099
498.0000,1.0159,-0.1946,0.0979,-2.7023,1.6412,-0.3435
482.0000,1.0149,-0.1921,0.1108,-2.5191,2.1221,0.5878
513.0000,1.0144,-0.1897,0.0989,-2.3817,2.1527,1.3511
513.0000,1.0076,-0.1982,0.0991,-2.4198,1.8855,1.4122
487.0000,1.0115,-0.2024,0.0986,-2.5573,1.4275,0.7634
503.0000,1.0059,-0.1990,0.1030,-2.8626,0.9695,0.1069
501.0000,1.0078,-0.1973,0.0955,-3.2748,0.5802,-0.8397
496.0000,1.0103,-0.1975,0.1030,-3.4198,0.4046,-0.8626
496.0000,1.0105,-0.1951,0.1025,-3.4046,0.4809,-0.5115
503.0000,1.0078,-0.1934,0.0969,-3.2137,0.8092,0.0000
493.0000,1.0081,-0.1978,0.1028,-3.0000,0.6718,0.4122
499.0000,1.0139,-0.1895,0.0977,-2.9466,0.7328,0.3740
497.0000,1.0020,-0.1960,0.1006,-3.1069,0.6565,-0.2519
497.0000,1.0134,-0.1929,0.1035,-3.2824,0.8702,-0.6031
499.0000,1.0078,-0.1907,0.1038,-3.2137,0.5725,-0.9008
505.0000,1.0098,-0.2012,0.0913,-3.3053,0.7481,-0.4809
492.0000,1.0100,-0.1951,0.0981,-2.9924,1.1221,0.0916
497.0000,1.0112,-0.1907,0.0964,-3.0000,1.0611,0.6718
509.0000,1.0037,-0.2036,0.0933,-2.7328,1.1450,0.7252
499.0000,1.0134,-0.1963,0.1025,-3.1985,0.7405,0.0382
494.0000,1.0090,-0.1953,0.1057,-3.2595,0.3893,-0.4962
505.0000,1.0112,-0.2043,0.1006,-3.4351,0.3053,-1.2595
498.0000,1.0088,-0.1956,0.1011,-3.7710,-0.0763,-1.3969
490.0000,1.0110,-0.1990,0.1072,-3.9542,-0.4351,-1.1450
507.0000,1.0129,-0.1978,0.0996,-4.1756,-1.1374,-0.9695
497.0000,1.0103,-0.1997,0.1082,-4.5878,-1.5115,-1.1069
492.0000,1.0100,-0.1953,0.1008,-4.8702,-2.0382,-1.6565
504.0000,1.0117,-0.1956,0.1035,-4.9542,-2.4046,-2.1450
502.0000,1.0134,-0.1919,0.0962,-5.0763,-2.2061,-2.7710
495.0000,1.0093,-0.1948,0.1038,-4.5954,-1.7710,-2.3893
504.0000,1.0081,-0.1973,0.0925,-4.2519,-1.3435,-1.9160
496.0000,1.0159,-0.1965,0.0886,-3.8550,-0.3359,-1.0992
493.0000,1.0134,-0.1914,0.0967,-3.4275,0.3282,-0.2290