raw_emg,raw_ax,raw_ay,raw_az,raw_gx,raw_gy,raw_gz
41.0000,-0.1506,-0.2844,0.8503,-24.7328,17.0534,-50.7481
4.0000,-0.1489,-0.2896,0.8481,-0.5191,27.4046,-50.0076
3.0000,-0.1487,-0.2825,0.8545,0.0382,9.7328,-51.9008
3.0000,-0.1511,-0.2849,0.8496,-2.4733,0.8092,-0.3664
3.0000,-0.1431,-0.2869,0.8586,-3.1527,1.1679,-0.3969
4.0000,-0.1436,-0.2791,0.8513,-3.6183,1.3053,-0.6947
121.0000,-0.1526,-0.2798,0.8464,-3.8855,1.0000,-1.0458
131.0000,-0.1545,-0.2798,0.8450,-4.7099,1.1221,-1.2748
134.0000,-0.1509,-0.2825,0.8435,-5.6641,1.1908,-1.3969
153.0000,-0.1460,-0.2832,0.8391,-5.6260,1.0687,-0.9847
202.0000,-0.1516,-0.2954,0.8369,-4.8855,0.7634,-0.8321
164.0000,-0.1501,-0.2937,0.8455,-4.4962,0.5344,-0.7710
156.0000,-0.1440,-0.2939,0.8599,-3.7023,0.4351,-0.5649
189.0000,-0.1455,-0.2930,0.8555,-3.2443,0.2214,-0.4580
164.0000,-0.1484,-0.2859,0.8604,-2.9618,0.8015,-0.4351
176.0000,-0.1501,-0.2922,0.8594,-2.6107,1.5954,-0.3893
202.0000,-0.1479,-0.2856,0.8589,-1.9695,1.4656,-0.2290
197.0000,-0.1489,-0.2881,0.8499,-1.7023,1.2519,-0.2672
185.0000,-0.1497,-0.2827,0.8489,-1.7405,1.0153,-0.5267
197.0000,-0.1423,-0.2844,0.8420,-1.6641,0.9160,-0.6336
202.0000,-0.1389,-0.2813,0.8369,-1.9618,0.8702,-0.4504
196.0000,-0.1453,-0.2786,0.8452,-2.7023,0.9160,-0.3969
193.0000,-0.1455,-0.2888,0.8406,-3.8321,1.2977,-0.4122
218.0000,-0.1392,-0.2837,0.8484,-4.6947,1.8931,-0.3969
212.0000,-0.1313,-0.2915,0.8462,-4.2290,2.2977,-0.2061
212.0000,-0.1526,-0.2891,0.8411,-4.0840,2.8473,-0.2366
209.0000,-0.1433,-0.2864,0.8442,-3.3130,2.9237,-0.4504
212.0000,-0.1479,-0.2896,0.8447,-2.2519,3.1145,-0.4733
235.0000,-0.1467,-0.2847,0.8372,-2.2137,2.8244,-0.9618
236.0000,-0.1465,-0.2900,0.8477,-2.3511,2.8168,-1.0534
217.0000,-0.1497,-0.2844,0.8623,-2.7481,2.6641,-0.9313
209.0000,-0.1526,-0.2856,0.8557,-3.0916,2.9695,-1.1221
244.0000,-0.1577,-0.2866,0.8452,-3.1145,3.0382,-0.8702
191.0000,-0.1501,-0.2861,0.8462,-3.4733,2.6641,-0.8779
238.0000,-0.1562,-0.3000,0.8416,-3.9084,2.6336,-0.6031
233.0000,-0.1484,-0.2837,0.8376,-3.5649,2.5038,-0.2672
240.0000,-0.1543,-0.2786,0.8428,-3.0840,2.5496,-0.1908
226.0000,-0.1641,-0.2766,0.8394,-2.9008,2.1679,-0.0076
235.0000,-0.1592,-0.2773,0.8481,-3.0305,1.8397,-0.1527
243.0000,-0.1609,-0.2834,0.8586,-3.0763,1.3130,-0.2061
198.0000,-0.1543,-0.2903,0.8665,-2.9847,1.0458,-0.0153
271.0000,-0.1560,-0.2869,0.8472,-3.3664,1.1450,0.2519
226.0000,-0.1572,-0.2839,0.8564,-3.7863,0.6412,0.4198
239.0000,-0.1538,-0.2898,0.8445,-4.6260,0.4122,0.5191
261.0000,-0.1433,-0.2883,0.8508,-5.3206,0.4733,0.2672
245.0000,-0.1426,-0.2986,0.8501,-5.5267,0.6565,0.3664
249.0000,-0.1514,-0.3008,0.8499,-5.5725,0.6107,0.0992
243.0000,-0.1467,-0.2986,0.8538,-5.8473,0.8244,0.3359
255.0000,-0.1401,-0.3035,0.8457,-6.2824,1.3893,0.2443
211.0000,-0.1436,-0.2952,0.8396,-6.5954,1.5878,-0.0076
241.0000,-0.1438,-0.2866,0.8486,-6.5038,1.4046,-0.0382
280.0000,-0.1487,-0.2964,0.8604,-6.5878,1.1527,-0.0153
270.0000,-0.1477,-0.3110,0.8789,-6.2366,0.8550,-0.2672
249.0000,-0.1538,-0.3098,0.8896,-6.5573,0.0458,-0.1527
301.0000,-0.1489,-0.3054,0.9045,-7.8702,-1.3359,-0.1221
228.0000,-0.1667,-0.3149,0.9224,-9.1985,-2.4809,-0.2443
266.0000,-0.1821,-0.3162,0.9312,-14.3893,-4.3893,-1.0916
299.0000,-0.2036,-0.3025,0.9319,-17.3435,-7.3893,-1.9160
261.0000,-0.2368,-0.3186,0.9670,-19.1756,-11.6794,-2.8168
237.0000,-0.2756,-0.3491,1.0205,-22.7405,-16.3130,-4.4962
302.0000,-0.3130,-0.3628,1.0647,-23.3664,-22.1908,-5.4275
285.0000,-0.3499,-0.3860,1.1133,-24.3511,-28.4962,-5.7252
150.0000,-0.3750,-0.3770,1.1479,-26.1221,-35.6260,-6.7634
368.0000,-0.4036,-0.3594,1.1763,-27.6565,-44.5344,-8.6336
237.0000,-0.3965,-0.3672,1.1892,-30.2214,-53.2748,-11.3740
328.0000,-0.4050,-0.3918,1.2122,-34.7710,-61.6031,-15.3130
112.0000,-0.4092,-0.4055,1.2434,-41.2595,-69.0153,-18.1450
372.0000,-0.4263,-0.4421,1.3040,-46.6412,-76.9160,-20.5267
276.0000,-0.4402,-0.4714,1.3284,-47.9695,-86.1221,-21.8321
274.0000,-0.4429,-0.4661,1.3533,-46.5496,-96.0611,-23.5878
245.0000,-0.4512,-0.4641,1.3325,-42.2748,-106.0534,-28.2290
343.0000,-0.4058,-0.4307,1.2920,-39.6260,-117.8015,-33.1985
276.0000,-0.3799,-0.4302,1.2988,-43.9924,-130.2519,-37.0611
165.0000,-0.3875,-0.4707,1.3076,-53.4580,-141.0840,-41.3130
372.0000,-0.3779,-0.5134,1.2983,-60.1069,-151.0153,-44.4504
155.0000,-0.4102,-0.5110,1.3650,-65.0305,-162.1527,-46.6489
322.0000,-0.4395,-0.4888,1.4485,-71.9847,-173.7863,-50.7099
306.0000,-0.4229,-0.5142,1.4265,-73.8168,-184.4275,-56.3817
299.0000,-0.4670,-0.6106,1.4214,-69.4733,-195.3817,-62.0229
274.0000,-0.3335,-0.6536,1.3113,-65.8855,-202.1756,-66.1603
294.0000,-0.2554,-0.6101,1.2278,-62.4275,-207.1374,-69.3053
343.0000,-0.1978,-0.5720,1.1091,-66.0458,-214.9084,-74.4580
322.0000,-0.0986,-0.5952,1.0105,-68.0153,-220.0992,-79.4351
248.0000,0.0276,-0.5654,0.9766,-68.8473,-224.1069,-83.3130
313.0000,0.1035,-0.5444,0.9973,-66.8626,-222.5802,-85.1221
275.0000,0.1313,-0.5093,1.1453,-67.6031,-235.5343,-88.6412
262.0000,0.2085,-0.5315,1.0728,-63.1450,-236.1145,-92.2366
340.0000,0.2412,-0.6482,0.9661,-50.0534,-237.7099,-93.8626
302.0000,0.2407,-0.6726,0.9045,-36.5115,-238.4809,-92.6641
260.0000,0.2615,-0.5322,0.7910,-26.5878,-240.8015,-90.0687
379.0000,0.3269,-0.4829,0.6594,-23.1679,-240.6183,-89.4657
307.0000,0.3250,-0.5430,0.6211,-25.7252,-240.4046,-91.3588
286.0000,0.3030,-0.5276,0.6399,-23.3817,-242.5725,-91.4275
335.0000,0.3181,-0.4285,0.6511,-19.1069,-244.2366,-90.1832
297.0000,0.3457,-0.3662,0.5950,-22.2901,-242.2290,-92.7863
343.0000,0.3274,-0.3789,0.5488,-20.0611,-243.5878,-98.6183
319.0000,0.2737,-0.4170,0.5515,-22.2061,-248.0076,-102.4046
351.0000,0.3059,-0.4170,0.5359,-16.1069,-246.7633,-104.2901
267.0000,0.3289,-0.3857,0.5276,-16.8702,-243.9542,-106.6565
385.0000,0.3298,-0.3235,0.5156,-18.6336,-240.5191,-108.1450
265.0000,0.3401,-0.3159,0.5471,-20.0992,-234.2214,-109.4657
297.0000,0.3215,-0.3521,0.4924,-18.9466,-228.0534,-111.9008
337.0000,0.3367,-0.2927,0.3306,-0.6565,-226.1756,-112.7023
303.0000,0.3557,-0.2673,0.2556,9.5420,-224.0153,-113.8626
380.0000,0.3560,-0.2646,0.2664,9.5802,-223.5114,-116.2748
304.0000,0.3591,-0.2397,0.3020,10.2137,-222.7633,-117.7405
290.0000,0.4231,-0.1890,0.2703,14.5344,-219.0763,-115.3511
364.0000,0.4514,-0.1431,0.3196,2.8702,-213.9389,-114.7710
313.0000,0.4600,-0.0449,0.2332,-8.0534,-210.1908,-115.2672
250.0000,0.4944,-0.0908,0.1570,-22.1527,-207.0458,-116.8397
410.0000,0.5039,-0.1785,0.1619,-37.9237,-204.7633,-117.9618
300.0000,0.5659,-0.1670,0.1284,-44.4122,-197.1832,-115.8015
326.0000,0.6401,-0.1511,0.0520,-34.8779,-188.3664,-111.5420
296.0000,0.6724,-0.1360,-0.0142,-14.9466,-183.6107,-106.8015
359.0000,0.7190,-0.1216,-0.0642,1.7939,-181.4886,-100.5344
333.0000,0.7800,-0.0801,-0.1433,19.5038,-174.9008,-95.8626
335.0000,0.8286,-0.0208,-0.2598,39.5649,-167.7405,-91.4580
381.0000,0.8762,0.0637,-0.3862,49.3053,-160.9847,-85.2366
329.0000,0.9202,0.1416,-0.4700,46.6718,-153.0611,-78.5954
367.0000,0.9868,0.2258,-0.5857,41.5191,-141.6107,-70.9695
329.0000,1.0178,0.2947,-0.6382,34.2595,-128.5191,-62.1069
359.0000,1.0464,0.3628,-0.6326,25.1298,-113.1298,-52.6183
338.0000,1.0796,0.3843,-0.6719,18.0458,-94.3893,-41.3435
364.0000,1.1206,0.3562,-0.7104,-5.3893,-68.7939,-29.9771
314.0000,1.0925,0.3379,-0.7017,-6.0763,-45.4198,-19.6183
347.0000,1.1113,0.3145,-0.7395,6.6641,-28.0076,-6.2901
350.0000,1.0803,0.3435,-0.7588,6.8855,-10.8397,3.6565
352.0000,1.0730,0.3137,-0.6865,15.0687,3.1908,10.4885
316.0000,1.0681,0.2683,-0.6379,21.3359,20.2290,18.4580
378.0000,1.0444,0.2751,-0.5713,12.6107,35.8626,24.8244
331.0000,0.9800,0.2363,-0.4900,10.1374,39.9771,31.2443
342.0000,1.0095,0.1914,-0.4592,-1.6412,54.7405,37.7939
358.0000,1.0110,0.1633,-0.3904,-19.3130,74.1908,43.2748
379.0000,0.9512,0.1086,-0.3298,-34.0229,86.4962,48.2443
337.0000,0.9297,0.0608,-0.2751,-41.0458,97.0840,54.2061
369.0000,0.9155,-0.0032,-0.2085,-39.0992,107.0611,59.3969
348.0000,0.8792,-0.0557,-0.1626,-27.9466,115.2443,64.7328
332.0000,0.8572,-0.0781,-0.1399,-13.7252,121.5496,70.2443
363.0000,0.8469,-0.1067,-0.0891,-3.0153,128.5114,73.3283
347.0000,0.8301,-0.1370,-0.0305,-4.6031,137.3053,73.9695
341.0000,0.8301,-0.1370,-0.0391,-4.5573,146.7863,75.3970
374.0000,0.7651,-0.1001,-0.0100,-4.2137,148.7023,75.7176
356.0000,0.7432,-0.1375,0.0225,-11.3435,148.0229,74.2901
349.0000,0.7529,-0.2114,0.1360,-19.8092,155.5191,72.8626
373.0000,0.7300,-0.2629,0.1387,-15.5115,161.7023,73.1450
357.0000,0.6873,-0.2495,0.1331,-3.3969,161.4351,75.3359
351.0000,0.6709,-0.2061,0.1458,5.8092,158.6260,76.7328
383.0000,0.6719,-0.2290,0.2112,6.2748,160.7328,75.3588
363.0000,0.6404,-0.2573,0.2695,3.5191,163.7633,74.6794
334.0000,0.6482,-0.2900,0.2917,2.0992,168.9084,76.3206
400.0000,0.6624,-0.2642,0.2573,-0.1069,173.9924,78.0000
369.0000,0.6526,-0.2847,0.2690,1.6641,178.1374,78.4122
360.0000,0.6016,-0.3169,0.3479,3.2824,176.9847,77.1679
381.0000,0.5864,-0.3274,0.3916,9.1145,175.0534,75.7481
372.0000,0.5837,-0.3279,0.3909,16.2595,173.6031,75.3588
357.0000,0.5764,-0.3188,0.3938,26.1374,173.1908,74.0763
385.0000,0.5583,-0.3303,0.4316,28.5420,171.7328,72.4275
366.0000,0.5686,-0.3413,0.4951,23.4962,175.0229,70.5191
376.0000,0.5520,-0.3298,0.5122,19.5878,179.7939,68.6107
389.0000,0.5364,-0.3298,0.4919,17.4351,183.8702,66.9542
376.0000,0.5203,-0.3506,0.4202,11.6870,187.8626,65.7252
341.0000,0.4712,-0.4270,0.4639,3.8855,187.8626,63.5725
412.0000,0.4021,-0.3953,0.5483,-1.9542,184.9466,62.1298
379.0000,0.4033,-0.4497,0.5515,-1.3969,184.4809,62.0382
354.0000,0.3726,-0.4624,0.5894,2.2061,181.7557,62.4580
394.0000,0.3586,-0.3977,0.7031,5.6947,178.6565,63.0382
380.0000,0.3606,-0.4304,0.7710,8.5115,177.7786,61.6107
366.0000,0.3403,-0.4739,0.7698,21.2061,175.9160,60.0076
391.0000,0.3372,-0.4778,0.7708,38.4427,174.4046,61.2137
394.0000,0.3293,-0.4258,0.8525,43.6565,174.8473,61.5115
366.0000,0.2998,-0.3542,0.8577,41.5802,175.2443,58.4962
398.0000,0.2759,-0.4021,0.7830,33.8168,174.8092,55.0382
393.0000,0.2441,-0.4292,0.7527,25.4122,174.9237,53.6718
370.0000,0.2505,-0.4211,0.7715,15.8473,175.7710,51.9924
395.0000,0.1929,-0.3965,0.8174,2.1221,171.4351,49.4275
376.0000,0.1606,-0.3989,0.8098,2.0382,169.2672,50.0382
395.0000,0.1443,-0.4023,0.7791,4.0000,164.3435,48.8931
400.0000,0.1267,-0.3982,0.7729,1.6183,159.3817,47.6794
397.0000,0.1050,-0.3811,0.9119,-2.2519,155.2137,47.4122
373.0000,0.0913,-0.3672,0.9561,-3.6260,153.5420,48.1603
395.0000,0.0972,-0.3921,0.9590,-0.4504,153.6336,48.6031
410.0000,0.0964,-0.4385,0.9338,7.6489,155.7099,50.1908
361.0000,0.0908,-0.4678,0.9285,18.7786,158.3588,53.3969
398.0000,0.0525,-0.5295,1.0039,27.6794,162.8168,55.5267
401.0000,-0.0107,-0.5273,0.9785,39.9008,163.6641,56.9466
375.0000,-0.0464,-0.4585,0.8743,56.7634,158.8092,57.1908
402.0000,-0.0667,-0.3938,0.7874,56.6794,152.1908,52.3969
409.0000,-0.0896,-0.3098,0.7939,35.4122,144.7557,45.4580
381.0000,-0.0710,-0.2820,0.8259,7.1908,139.6794,37.8397
396.0000,-0.0664,-0.2852,0.8218,-23.3740,134.9695,33.1908
403.0000,-0.0637,-0.3323,0.8804,-48.0382,130.7786,31.2137
376.0000,-0.0762,-0.3564,0.9746,-62.0611,129.5954,30.4809
419.0000,-0.0942,-0.3965,1.0308,-65.3893,128.1450,32.0534
407.0000,-0.1011,-0.4580,1.0354,-62.2672,128.3664,34.5115
391.0000,-0.1204,-0.5083,1.0383,-56.1221,128.7939,35.4046
398.0000,-0.1653,-0.5503,1.0640,-43.3969,128.7099,38.0305
417.0000,-0.1958,-0.5608,1.0442,-28.4809,128.2366,40.3511
377.0000,-0.2021,-0.5447,0.9463,-16.6718,128.3053,41.4275
405.0000,-0.2385,-0.5190,0.8970,-1.6412,119.0076,41.7786
415.0000,-0.2329,-0.4587,0.8826,3.1985,114.3817,39.0992
362.0000,-0.2534,-0.4258,0.8923,1.8626,105.6870,35.0458
421.0000,-0.2163,-0.3938,0.8994,-5.4656,98.7939,31.5954
409.0000,-0.2080,-0.4001,0.9194,-16.8626,95.9771,29.4580
394.0000,-0.2251,-0.4136,0.9600,-28.8473,92.2366,28.2824
405.0000,-0.2212,-0.4277,1.0234,-36.0763,90.7863,28.8092
413.0000,-0.2275,-0.4788,1.0505,-33.5649,92.0687,29.9084
392.0000,-0.2427,-0.5459,1.0955,-24.4962,90.3130,30.1832
405.0000,-0.2322,-0.5881,1.1670,-8.6107,86.4198,28.0076
423.0000,-0.2307,-0.6233,1.1570,11.2290,83.5802,29.0458
396.0000,-0.2546,-0.6582,1.1479,31.3664,84.0153,31.6183
400.0000,-0.2866,-0.6421,1.1116,44.8702,79.0076,32.0076
419.0000,-0.2930,-0.5439,1.1433,47.3893,70.1756,27.4427
409.0000,-0.2595,-0.5049,1.1724,42.6718,60.5496,21.9466
416.0000,-0.2273,-0.5110,1.1733,38.6870,53.5115,17.3893
425.0000,-0.2534,-0.5093,1.1990,37.0534,47.7634,14.6489
406.0000,-0.2573,-0.4983,1.2024,35.7786,43.3817,12.6412
407.0000,-0.2363,-0.5098,1.1807,35.1985,37.6489,11.9008
432.0000,-0.2244,-0.5098,1.1602,38.2595,33.4809,12.3130
402.0000,-0.2063,-0.4763,1.1094,41.5878,32.4656,12.6489
406.0000,-0.1714,-0.4448,1.0583,41.6641,33.3206,12.2443
432.0000,-0.1516,-0.4414,0.9873,38.6107,33.8931,11.4122
409.0000,-0.1321,-0.4231,0.9570,34.1221,36.3130,11.4046
405.0000,-0.1157,-0.3979,0.9216,25.5114,41.1527,10.3435
433.0000,-0.1035,-0.3757,0.8525,17.7710,46.0382,9.6260
406.0000,-0.1003,-0.3503,0.7874,16.4275,49.1221,9.3664
408.0000,-0.1230,-0.2964,0.7539,13.1603,48.2901,7.8321
437.0000,-0.1272,-0.2297,0.6758,11.2366,45.6718,6.5038
413.0000,-0.1440,-0.2117,0.6135,10.3053,44.5344,4.9084
402.0000,-0.1814,-0.2158,0.6179,3.1374,41.2595,3.1908
441.0000,-0.2195,-0.2473,0.6628,-5.5115,36.0611,2.6489
412.0000,-0.2388,-0.2874,0.7393,-9.3206,33.0840,2.4427
406.0000,-0.2422,-0.3342,0.7832,-9.9924,33.7176,3.0305
447.0000,-0.2590,-0.3792,0.8235,-6.8550,33.9771,4.0305
420.0000,-0.2808,-0.4004,0.8997,0.1832,31.1832,5.1221
402.0000,-0.3108,-0.3931,0.9490,3.8244,28.3130,5.8855
407.0000,-0.3149,-0.3992,0.9775,4.0382,24.8244,4.5496
438.0000,-0.2893,-0.4092,0.9856,3.6565,21.1603,2.3664
406.0000,-0.2935,-0.4111,0.9856,2.6794,15.8779,1.8015
432.0000,-0.2905,-0.3914,0.9858,-1.2366,9.9542,0.0000
419.0000,-0.2729,-0.3550,0.9429,-3.4809,5.5115,-1.6107
434.0000,-0.2649,-0.3445,0.8901,-4.0305,1.7939,-2.0611
427.0000,-0.2676,-0.3235,0.8372,-5.7405,-1.7099,-1.7786
452.0000,-0.2546,-0.3123,0.8052,-7.9237,-3.5802,-1.2901
430.0000,-0.2324,-0.3035,0.7834,-9.0229,-3.5115,-0.4809
352.0000,-0.2424,-0.3115,0.7849,-8.7023,-2.8473,0.7557
512.0000,-0.2551,-0.3286,0.7747,-6.8702,-1.8168,1.7634
279.0000,-0.2568,-0.3372,0.7664,-4.0611,-1.2977,2.7863
534.0000,-0.2712,-0.3445,0.7776,-0.4046,-1.1756,4.0076
420.0000,-0.2830,-0.3511,0.7864,1.2824,-2.4046,3.9237
398.0000,-0.3137,-0.3477,0.7961,-0.5115,-4.9924,4.2595
425.0000,-0.3269,-0.3364,0.8105,-3.9695,-9.5344,4.2748
504.0000,-0.3369,-0.3545,0.8533,-7.6718,-13.7328,4.0000
364.0000,-0.3376,-0.3745,0.9165,-10.9695,-17.8626,3.8321
429.0000,-0.3486,-0.3745,0.9756,-12.5344,-22.0076,4.0840
362.0000,-0.3657,-0.3955,1.0222,-12.5038,-27.2748,4.4809
491.0000,-0.3643,-0.3948,1.0552,-10.5191,-33.6183,3.9313
442.0000,-0.3799,-0.3772,1.0901,-8.0763,-38.5649,3.5802
433.0000,-0.4077,-0.3738,1.1306,-8.4504,-45.2824,2.3130
404.0000,-0.4221,-0.3367,1.1580,-14.3817,-52.6794,-0.6565
468.0000,-0.4368,-0.3599,1.1863,-22.6260,-58.9847,-3.4275
430.0000,-0.4624,-0.4109,1.1926,-27.9008,-64.6183,-4.8244
466.0000,-0.4915,-0.4045,1.2278,-31.1450,-72.1145,-6.9084
483.0000,-0.5017,-0.4075,1.2456,-37.2824,-80.6260,-10.0763
263.0000,-0.4973,-0.4111,1.2661,-41.1908,-90.3053,-13.1527
489.0000,-0.5063,-0.4500,1.2961,-42.9695,-99.8092,-16.6565
418.0000,-0.5293,-0.4641,1.3606,-43.5344,-109.7176,-18.9084
435.0000,-0.5159,-0.4856,1.3718,-41.3435,-118.2748,-21.5573
409.0000,-0.5120,-0.5017,1.3452,-37.4809,-124.9237,-24.0153
477.0000,-0.5017,-0.5522,1.3167,-33.8092,-132.3206,-27.5954
450.0000,-0.4727,-0.5579,1.3757,-31.5038,-144.7023,-33.2977
411.0000,-0.4602,-0.5166,1.4146,-30.0687,-156.9618,-38.2366
454.0000,-0.4814,-0.4995,1.3989,-29.0840,-167.2214,-40.1679
414.0000,-0.4854,-0.4802,1.3533,-29.3435,-176.9466,-43.2824
399.0000,-0.4753,-0.4673,1.3167,-36.1832,-188.6412,-48.4275
516.0000,-0.4343,-0.4722,1.2744,-48.3282,-197.8779,-53.7557
453.0000,-0.4045,-0.4949,1.2407,-58.6336,-204.7939,-57.3664
457.0000,-0.3994,-0.5430,1.2690,-66.3130,-211.6107,-60.9389
460.0000,-0.3840,-0.5762,1.2639,-67.2366,-218.6717,-63.6489
455.0000,-0.3328,-0.5935,1.2329,-58.8168,-223.5038,-65.9313
403.0000,-0.3025,-0.6033,1.1406,-46.7786,-228.2672,-68.9466
421.0000,-0.2876,-0.6113,1.0999,-35.6870,-235.2061,-72.7557
558.0000,-0.2556,-0.6021,1.0378,-25.6794,-242.1832,-77.3283
429.0000,-0.2087,-0.6218,1.0146,-20.8931,-246.0534,-83.0076
472.0000,-0.1711,-0.6694,0.9680,-17.1298,-246.1527,-87.4886
408.0000,-0.1658,-0.6672,0.9519,-8.1603,-247.3053,-89.6489
459.0000,-0.1782,-0.6917,0.9390,0.0534,-250.1374,-91.5573
394.0000,-0.1819,-0.6792,0.9365,7.5802,-250.1374,-94.5954
480.0000,-0.1519,-0.6326,0.8918,13.6336,-250.1374,-99.3359
425.0000,-0.1106,-0.5806,0.8105,18.5954,-250.1374,-104.2290
386.0000,-0.0757,-0.5554,0.6943,18.4504,-250.1374,-110.4046
506.0000,0.0000,-0.5061,0.5688,9.3130,-250.1374,-114.1298
384.0000,0.0842,-0.4988,0.5601,-8.1603,-250.1374,-116.1985
403.0000,0.1514,-0.4194,0.5291,-18.1527,-250.1374,-116.9466
482.0000,0.2256,-0.3562,0.4746,-16.6107,-250.1374,-116.4198
417.0000,0.2639,-0.3682,0.5271,-15.0382,-250.1374,-115.9084
451.0000,0.2356,-0.3965,0.5591,-12.7481,-250.1374,-116.2824
470.0000,0.2805,-0.3376,0.3999,-1.9008,-250.1374,-112.7176
471.0000,0.3081,-0.3293,0.3184,-1.1221,-250.1374,-109.8015
425.0000,0.2708,-0.3103,0.2961,-13.2443,-250.1374,-111.5573
394.0000,0.2957,-0.2397,0.1079,-20.2595,-250.1374,-112.1374
506.0000,0.3879,-0.2080,-0.0115,-28.5802,-250.1374,-112.8779
483.0000,0.4063,-0.2205,-0.0359,-42.3130,-250.1374,-115.0763
442.0000,0.3962,-0.2634,0.0381,-52.7863,-246.9924,-118.6947
444.0000,0.4702,-0.1995,0.0149,-40.2519,-239.5038,-118.1298
421.0000,0.5361,-0.1672,-0.0076,-25.0000,-231.4122,-116.5038
463.0000,0.5249,-0.1833,0.0293,-20.3893,-225.0458,-116.3588
446.0000,0.5459,-0.1211,-0.1042,-9.9313,-214.2366,-114.0534
390.0000,0.5913,-0.1299,-0.1848,-2.2061,-203.7710,-110.6870
536.0000,0.6016,-0.0864,-0.2332,-5.3053,-196.6641,-106.9084
412.0000,0.6614,-0.1101,-0.2488,-12.4427,-183.9771,-103.4657
467.0000,0.7288,-0.1465,-0.2710,-13.8397,-167.0763,-99.2290
472.0000,0.8096,-0.0571,-0.3953,0.9847,-153.0992,-91.3740
438.0000,0.8494,0.0071,-0.4785,15.3053,-143.5954,-85.0382
482.0000,0.8733,0.0889,-0.5281,30.5573,-136.6794,-79.9160
469.0000,0.9341,0.1812,-0.5134,39.9008,-126.9008,-74.5038
416.0000,0.9736,0.2478,-0.5295,39.6183,-114.7328,-69.2748
466.0000,1.0007,0.2830,-0.5833,32.5649,-99.8779,-63.3893
461.0000,1.0439,0.2515,-0.5891,20.6565,-82.3970,-56.3359
422.0000,1.0688,0.2690,-0.6169,9.8168,-61.8092,-46.0687
465.0000,1.1218,0.2932,-0.6658,6.7252,-40.9542,-33.8397
466.0000,1.1196,0.2866,-0.7100,5.8702,-23.5725,-23.6565
432.0000,1.1008,0.2737,-0.6809,8.1450,-8.5573,-14.8168
453.0000,1.0945,0.2600,-0.6399,9.0992,6.1603,-7.7939
460.0000,1.0969,0.2583,-0.6038,6.8244,21.6794,-0.8931
429.0000,1.0811,0.2668,-0.5522,-0.9847,37.1908,4.4427
469.0000,1.0686,0.2688,-0.4753,-14.1069,53.0458,9.3206
454.0000,1.0532,0.2405,-0.4263,-27.2061,66.9237,15.0611
471.0000,1.0266,0.2158,-0.3723,-40.5573,80.4275,20.8092
437.0000,0.9773,0.1519,-0.2856,-52.4046,89.9924,26.7252
454.0000,0.9431,0.1052,-0.2017,-58.7481,100.9084,32.4046
511.0000,0.9072,0.0313,-0.1240,-58.4198,109.9160,37.9924
457.0000,0.8904,0.0088,-0.0547,-50.9618,116.4351,43.8244
455.0000,0.8628,-0.0532,0.0081,-43.1145,120.4962,48.7252
429.0000,0.8167,-0.0757,0.0894,-34.3435,120.8015,52.7710
460.0000,0.7976,-0.1121,0.1365,-26.7176,121.7634,56.0687
460.0000,0.8079,-0.1252,0.1584,-21.0916,124.8321,59.1756
444.0000,0.7813,-0.1062,0.2036,-19.3206,126.2595,61.5573
452.0000,0.7490,-0.0989,0.2224,-23.2061,125.4275,62.1832
471.0000,0.7832,-0.1487,0.2810,-26.5191,130.2290,62.9160
441.0000,0.7439,-0.2009,0.3872,-28.1450,134.0992,64.2595
452.0000,0.7112,-0.1941,0.4111,-21.9924,133.7252,66.4275
456.0000,0.7122,-0.2141,0.3933,-12.3206,131.1069,67.5496
468.0000,0.7327,-0.2004,0.4014,-8.9237,133.8092,67.2366
439.0000,0.7000,-0.3113,0.4353,-9.3588,135.0229,66.5802
463.0000,0.6555,-0.3965,0.5005,-5.9695,134.4504,67.7557
463.0000,0.6772,-0.3806,0.5171,1.9008,134.6412,69.6870
466.0000,0.6836,-0.3604,0.4995,13.7634,135.2748,70.1985
480.0000,0.6709,-0.3037,0.5156,22.0153,135.2061,67.9008
448.0000,0.6628,-0.3040,0.4282,27.1603,132.8168,64.6412
466.0000,0.6304,-0.3230,0.3958,24.9771,128.3893,60.6107
477.0000,0.6277,-0.2947,0.4241,13.7405,124.3206,57.0382
452.0000,0.6228,-0.2861,0.5200,-5.3588,124.8931,53.6260
462.0000,0.6184,-0.2668,0.5752,-23.9466,126.2443,50.6183
488.0000,0.6389,-0.3064,0.5476,-34.8626,129.1603,48.7481
445.0000,0.6238,-0.3657,0.5435,-33.2061,129.3359,50.1069
476.0000,0.6172,-0.3704,0.5483,-25.8702,129.8168,51.6260
465.0000,0.6118,-0.3855,0.5789,-20.5496,133.4580,53.7099
453.0000,0.5908,-0.4453,0.5764,-13.1908,137.4504,53.7863
446.0000,0.5503,-0.4805,0.5474,2.3817,138.0153,54.8779
501.0000,0.5349,-0.4626,0.5310,13.0153,137.5267,56.3588
457.0000,0.5374,-0.4241,0.5205,19.3969,138.2061,55.2901
458.0000,0.5054,-0.4133,0.5579,22.3740,139.6565,53.6260
489.0000,0.4788,-0.4028,0.5642,22.7481,138.5572,51.9008
458.0000,0.4807,-0.3936,0.5906,20.2901,135.7710,51.0076
469.0000,0.4690,-0.3843,0.6262,16.0992,135.3359,49.1221
488.0000,0.4402,-0.3760,0.7031,12.3435,135.3969,46.5038
458.0000,0.4290,-0.4009,0.7085,11.8397,134.9618,45.7099
458.0000,0.4275,-0.4456,0.7393,9.4656,136.4351,44.2824
481.0000,0.4211,-0.4465,0.7285,12.1374,141.4809,45.3511
460.0000,0.3960,-0.4299,0.6504,18.8015,142.9389,47.1450
451.0000,0.3655,-0.4287,0.5977,18.6794,141.9695,46.6565
487.0000,0.3201,-0.4080,0.6794,11.8779,137.9237,45.5878
460.0000,0.2808,-0.3953,0.7739,5.6870,133.4046,44.0687
460.0000,0.2876,-0.3853,0.8086,3.2977,132.6870,43.0763
481.0000,0.2563,-0.4199,0.8306,6.3282,130.3282,41.9237
463.0000,0.2456,-0.4353,0.8540,8.7634,127.0000,41.1832
461.0000,0.2451,-0.4558,0.8999,10.4809,126.7786,41.0458
485.0000,0.2612,-0.4695,0.8640,12.0000,129.7405,41.1374
466.0000,0.2410,-0.4573,0.7878,16.1450,130.3206,41.8092
455.0000,0.2244,-0.4153,0.7830,15.3740,128.1527,41.2137
489.0000,0.2136,-0.3601,0.7817,8.9160,127.0916,39.4427
469.0000,0.1951,-0.3467,0.7522,1.5344,124.3970,36.8168
464.0000,0.2019,-0.3601,0.7244,-5.1450,122.3664,35.0992
481.0000,0.1968,-0.3149,0.7756,-13.7634,119.6718,35.6107
467.0000,0.1887,-0.2920,0.8472,-24.1679,117.6260,35.3206
461.0000,0.1921,-0.3101,0.8950,-30.5878,117.4657,34.4122
492.0000,0.1907,-0.3486,0.8540,-31.1908,119.0611,35.9542
453.0000,0.1836,-0.3701,0.8777,-26.5038,119.7710,38.5802
461.0000,0.1501,-0.4187,0.9663,-24.3359,120.8015,40.2824
484.0000,0.1287,-0.4429,0.9551,-18.2366,123.7557,40.6336
469.0000,0.1157,-0.4802,0.8650,1.0000,125.0153,43.2595
458.0000,0.0828,-0.4619,0.7976,16.5267,123.2290,45.1756
487.0000,0.0583,-0.4375,0.8301,23.5878,119.8779,44.8397
469.0000,0.0691,-0.3962,0.8389,22.6489,119.8626,43.0305
461.0000,0.0784,-0.3835,0.7773,24.3969,119.1985,42.5191
482.0000,0.0518,-0.3716,0.7678,22.1145,117.2824,42.7176
471.0000,0.0415,-0.2668,0.8638,11.8855,115.1145,41.7863
460.0000,0.0564,-0.2588,0.8870,-2.1069,114.8473,39.7099
486.0000,0.0444,-0.3208,0.8923,-9.9008,115.5267,38.1527
480.0000,-0.0015,-0.4170,0.9548,-7.1679,115.6412,39.8168
464.0000,-0.0405,-0.4631,1.0256,-3.6031,118.1756,41.9237
486.0000,-0.0652,-0.4832,0.9905,0.9542,120.5649,43.5802
476.0000,-0.0842,-0.5137,0.9111,18.0916,120.3283,45.3511
456.0000,-0.1326,-0.4946,0.8779,31.3740,115.4809,44.8092
491.0000,-0.1624,-0.4507,0.8987,35.2672,109.5496,41.4351
473.0000,-0.1655,-0.4407,0.9231,34.7863,105.1908,36.7252
466.0000,-0.1584,-0.4099,0.9143,31.3435,103.9237,33.3588
475.0000,-0.1577,-0.3994,0.9167,25.4885,101.5878,31.9237
475.0000,-0.1848,-0.4038,1.0105,17.7710,97.8244,29.9466
461.0000,-0.1926,-0.4153,1.0737,9.8015,94.4351,27.9847
495.0000,-0.1868,-0.4648,1.1104,12.2672,93.0076,25.8550
461.0000,-0.1836,-0.5071,1.1499,24.1450,91.3893,25.5573
461.0000,-0.2078,-0.5310,1.2229,34.4504,87.6718,26.7634
489.0000,-0.2366,-0.5481,1.2610,38.6870,86.5954,26.7405
481.0000,-0.2107,-0.5310,1.1917,47.7252,86.6489,26.5573
458.0000,-0.2200,-0.5068,1.1357,59.8779,80.8855,25.8473
488.0000,-0.2219,-0.4512,1.1318,61.0840,74.6107,22.7786
479.0000,-0.1880,-0.4104,1.0703,52.5725,69.9847,18.3740
462.0000,-0.1560,-0.3745,1.0156,47.2443,65.4733,15.3053
490.0000,-0.1602,-0.3538,0.9888,38.9618,60.0763,12.8244
479.0000,-0.1658,-0.3413,1.0054,26.2290,54.6412,10.7252
459.0000,-0.1538,-0.3381,1.0247,15.5496,50.9084,9.0840
494.0000,-0.1467,-0.3486,1.0457,9.4046,48.9160,9.4427
481.0000,-0.1421,-0.3379,1.0872,6.7023,46.7023,10.7939
459.0000,-0.1479,-0.3135,1.0918,4.6718,44.8550,11.6718
489.0000,-0.1516,-0.3181,1.0840,4.1679,45.0382,12.1145
483.0000,-0.1582,-0.3433,1.0339,6.3435,46.9313,13.1069
462.0000,-0.1587,-0.3560,0.9600,10.1527,50.6107,15.5115
487.0000,-0.1851,-0.3577,0.8984,8.2977,51.8244,16.5344
482.0000,-0.1951,-0.3169,0.7329,6.2672,49.9466,17.3206
459.0000,-0.2017,-0.2620,0.6428,12.0458,44.3969,18.0916
484.0000,-0.2190,-0.2200,0.6353,8.4885,40.7328,16.0153
481.0000,-0.2720,-0.2036,0.6777,-2.5267,33.8321,11.7557
453.0000,-0.2966,-0.2527,0.7656,-12.4656,27.7710,7.1756
492.0000,-0.3049,-0.3247,0.8872,-18.1756,25.1527,4.9008
490.0000,-0.3374,-0.3462,1.0205,-19.8702,21.5420,4.8015
458.0000,-0.3608,-0.3691,1.0767,-20.2672,17.9466,4.0687
481.0000,-0.3613,-0.3828,1.0925,-17.8931,14.7099,2.5344
488.0000,-0.3577,-0.3918,1.0657,-13.2366,11.7176,1.1985
456.0000,-0.3428,-0.3860,1.0054,-8.7176,9.7634,0.9695
510.0000,-0.3235,-0.3564,0.9409,-4.9847,7.9771,1.0840
475.0000,-0.2859,-0.3247,0.8855,-2.3969,6.8168,1.1756
439.0000,-0.2847,-0.2937,0.8179,-2.7557,6.0382,0.8702
490.0000,-0.2686,-0.2764,0.7507,-3.7557,4.9237,1.1679
484.0000,-0.2495,-0.2471,0.7012,-4.3130,3.2824,1.6031
471.0000,-0.2371,-0.2373,0.7004,-6.2595,1.7023,1.2061
495.0000,-0.2493,-0.2419,0.7146,-8.0916,-0.3435,1.1985
414.0000,-0.2581,-0.2483,0.7522,-10.8473,-1.2595,1.0916
519.0000,-0.2683,-0.2773,0.7646,-15.2519,-1.4046,0.8321
470.0000,-0.2686,-0.2991,0.7871,-20.8626,-0.6870,0.4427
481.0000,-0.2805,-0.3411,0.8164,-25.5725,-1.1756,0.9084
474.0000,-0.2808,-0.3215,0.8135,-25.8244,-1.2061,1.6031
480.0000,-0.2859,-0.3413,0.8472,-24.0611,-2.3053,1.9542
475.0000,-0.2742,-0.3479,0.8442,-21.1145,-5.0382,1.8855
511.0000,-0.2817,-0.3574,0.8831,-19.0534,-9.2519,2.8168
457.0000,-0.2700,-0.3701,0.8879,-16.9847,-12.6260,3.0000
500.0000,-0.2695,-0.3765,0.8904,-15.1450,-15.3588,3.6870
434.0000,-0.2639,-0.3604,0.8894,-13.9466,-18.7099,4.5802
520.0000,-0.2559,-0.3152,0.9128,-16.4504,-21.0763,4.8092
486.0000,-0.2505,-0.3250,0.9492,-20.3893,-22.6183,3.9847
487.0000,-0.2563,-0.3684,0.9775,-23.2595,-24.5344,3.0382
487.0000,-0.2717,-0.3696,0.9734,-23.6641,-26.9466,3.5420
533.0000,-0.2710,-0.3701,0.9844,-23.0534,-30.3435,3.7252
477.0000,-0.2827,-0.3384,1.0034,-24.4122,-35.3969,1.8550
485.0000,-0.2993,-0.3354,1.0291,-31.2901,-41.0763,-2.2672
497.0000,-0.3262,-0.3481,1.0430,-37.4427,-47.3588,-6.4275
447.0000,-0.3408,-0.3672,1.0647,-45.5878,-55.8855,-10.8473
509.0000,-0.3611,-0.3840,1.1052,-61.0000,-64.2443,-15.3435
501.0000,-0.3943,-0.4299,1.1543,-74.7176,-71.5573,-19.5191
526.0000,-0.4243,-0.4817,1.2163,-80.6565,-81.0840,-24.3282
463.0000,-0.4578,-0.5244,1.2224,-81.9924,-90.0916,-27.7634
520.0000,-0.4680,-0.5640,1.2463,-78.4198,-98.2214,-30.3511
464.0000,-0.4734,-0.5916,1.2812,-69.8244,-107.7786,-34.1527
505.0000,-0.4741,-0.5996,1.3213,-58.3664,-118.0763,-37.1756
531.0000,-0.4724,-0.6133,1.3718,-47.4733,-128.1450,-41.1527
456.0000,-0.4673,-0.6384,1.4395,-39.1221,-139.4275,-47.2443
503.0000,-0.4822,-0.6821,1.4744,-35.0305,-152.2672,-54.4427
615.0000,-0.4763,-0.6533,1.4309,-35.9847,-161.9313,-59.4733
481.0000,-0.4766,-0.6277,1.4099,-46.6260,-170.8855,-63.6947
472.0000,-0.5134,-0.6260,1.3953,-69.1221,-179.7786,-71.7557
558.0000,-0.5015,-0.6970,1.3442,-84.9695,-188.7481,-79.9542
539.0000,-0.4294,-0.7673,1.3286,-82.6641,-195.5878,-85.4428
430.0000,-0.3977,-0.8345,1.4053,-70.4275,-205.7023,-89.9008
470.0000,-0.3792,-0.8005,1.4163,-50.0687,-217.9160,-93.8015
512.0000,-0.3225,-0.7678,1.3545,-24.2137,-226.2901,-97.0916
411.0000,-0.2817,-0.7646,1.2871,0.0153,-235.0916,-100.3817
457.0000,-0.2385,-0.7271,1.1682,13.6489,-243.4351,-103.6718
465.0000,-0.1631,-0.6714,1.0474,20.5802,-250.1374,-105.6718
568.0000,-0.1289,-0.6313,1.0198,8.6260,-250.1374,-106.6336
491.0000,-0.1052,-0.5581,1.0303,-17.0229,-250.1374,-110.8931
486.0000,-0.0681,-0.5559,1.0093,-41.9084,-250.1374,-116.5191
518.0000,-0.0313,-0.6265,1.0347,-55.4122,-250.1374,-121.5573
472.0000,-0.0215,-0.6841,1.0166,-56.9313,-250.1374,-125.9542
489.0000,0.0039,-0.7092,0.8789,-37.5954,-250.1374,-126.0382
442.0000,0.0281,-0.6536,0.8105,-11.4885,-250.1374,-125.3283
467.0000,0.0603,-0.5215,0.7075,5.4351,-250.1374,-126.1985
490.0000,0.0918,-0.4534,0.6089,16.6107,-250.1374,-129.5878
458.0000,0.1348,-0.4316,0.6323,21.1221,-250.1374,-133.0382
485.0000,0.1199,-0.3765,0.5405,16.2519,-250.1374,-134.2519
548.0000,0.1665,-0.3206,0.4563,5.8397,-250.1374,-132.9618
266.0000,0.1763,-0.3059,0.4026,-12.5573,-250.1374,-134.2519
603.0000,0.1758,-0.2795,0.2808,-23.5420,-250.1374,-135.0382
494.0000,0.2048,-0.3376,0.3171,-31.1832,-250.1374,-134.6641
422.0000,0.1599,-0.3352,0.3918,-31.1298,-250.1374,-135.6488
522.0000,0.2158,-0.3035,0.3186,-17.5649,-250.1374,-135.5191
429.0000,0.2380,-0.3301,0.2410,2.5878,-250.1374,-134.3206
514.0000,0.2336,-0.2671,0.2202,17.3053,-250.1374,-133.1908
444.0000,0.2429,-0.2837,0.2251,23.0153,-250.1374,-133.9237
466.0000,0.2866,-0.2217,0.1365,25.3053,-250.1374,-132.3664
513.0000,0.3547,-0.2073,0.1030,25.7939,-250.1374,-130.5114
561.0000,0.4080,-0.1453,0.0657,27.8473,-244.0534,-127.4962
456.0000,0.4612,-0.1082,-0.0046,33.6031,-236.6717,-123.3893
430.0000,0.5354,-0.0264,-0.0820,44.3817,-228.4962,-120.1985
521.0000,0.6060,0.0549,-0.2590,58.4275,-221.4046,-116.6107
436.0000,0.6519,0.0720,-0.3821,67.7099,-211.9542,-112.9084
478.0000,0.6980,0.1287,-0.4814,77.0763,-200.4656,-104.6107
511.0000,0.7769,0.1794,-0.6453,85.3664,-186.7786,-90.9008
469.0000,0.8770,0.2698,-0.7097,91.0916,-169.1527,-77.5115
469.0000,0.9333,0.3535,-0.7983,100.8779,-151.3053,-65.1221
475.0000,1.0134,0.3672,-0.9121,107.8015,-129.4733,-54.3740
505.0000,1.0442,0.4055,-1.0098,111.8855,-106.7405,-42.7863
472.0000,1.0671,0.4104,-1.0918,102.8702,-81.7328,-31.1069
461.0000,1.1101,0.4773,-1.1465,64.3283,-53.0611,-20.3740
564.0000,1.0520,0.4409,-1.1155,38.9466,-36.7328,-12.0916
434.0000,1.0798,0.4163,-0.9883,7.2824,-9.9771,-3.7252
496.0000,1.0779,0.3650,-0.8274,-5.8244,9.3130,4.9542
453.0000,1.0693,0.2668,-0.7573,-7.7786,26.6870,13.9237
505.0000,1.0466,0.2202,-0.6138,-12.3664,40.9618,21.3740
518.0000,1.0144,0.1870,-0.4670,-23.3664,53.8168,27.2214
476.0000,0.9722,0.1284,-0.3320,-31.9466,61.4733,31.1908
486.0000,0.9849,0.0510,-0.2263,-37.5420,77.0992,36.2214
468.0000,0.9651,-0.0061,-0.1470,-41.7023,91.4122,39.8550
550.0000,0.9045,-0.0288,-0.0430,-43.7481,97.6183,43.1679
470.0000,0.8667,-0.0562,0.0261,-42.0153,95.6794,45.0992
494.0000,0.8730,-0.0637,0.0923,-39.3282,95.6718,45.9389
452.0000,0.8694,-0.1045,0.1758,-35.3359,94.5878,46.0611
490.0000,0.8538,-0.1387,0.2166,-30.3206,90.6412,45.4122
491.0000,0.8569,-0.1506,0.2439,-28.5878,87.9160,45.2214
487.0000,0.8750,-0.1289,0.2791,-30.0992,87.0076,45.0305
460.0000,0.8784,-0.1240,0.2754,-30.8855,87.0382,44.7863
505.0000,0.8818,-0.1511,0.3198,-34.3359,91.7023,44.5267
484.0000,0.8931,-0.1711,0.2844,-37.3206,96.3740,44.9466
476.0000,0.8916,-0.1577,0.2234,-29.0382,99.7481,46.2290
502.0000,0.8733,-0.1494,0.1907,-25.3282,100.2290,46.5344
486.0000,0.8501,-0.1323,0.2222,-27.1756,99.4580,45.3206
477.0000,0.8391,-0.1519,0.2456,-31.3359,100.5496,44.2824
505.0000,0.8384,-0.1543,0.2349,-35.8931,102.2214,43.1145
483.0000,0.8640,-0.1956,0.2090,-40.6260,108.0611,43.2824
470.0000,0.8679,-0.2529,0.1992,-34.9924,117.9847,46.0458
512.0000,0.7969,-0.2683,0.2480,-28.9008,124.9160,50.1679
477.0000,0.7576,-0.2168,0.1943,-16.6794,126.2748,52.5115
477.0000,0.7788,-0.2288,0.1606,-4.1527,128.1450,51.8473
519.0000,0.7542,-0.2383,0.1624,0.8779,130.0763,50.1298
479.0000,0.7383,-0.2634,0.1975,-2.6031,131.9313,50.2824
473.0000,0.7095,-0.2688,0.2710,-7.4427,134.2290,51.0534
515.0000,0.7034,-0.2568,0.2773,-7.9466,136.5420,52.3893
482.0000,0.6982,-0.2537,0.2822,-7.5802,138.2137,53.2443
477.0000,0.6768,-0.2747,0.3721,-10.6183,140.8626,52.7939
511.0000,0.6567,-0.3123,0.4048,-15.5115,145.6488,52.4656
492.0000,0.6445,-0.3130,0.3875,-19.0763,149.3282,53.0992
473.0000,0.6284,-0.3281,0.3389,-21.0840,151.5572,54.2672
494.0000,0.6167,-0.3440,0.3555,-27.0076,154.9618,55.0153
507.0000,0.6367,-0.3206,0.3923,-23.8015,157.7939,56.5802
466.0000,0.5669,-0.3394,0.3733,-23.6107,155.4046,56.7863
516.0000,0.5598,-0.3320,0.3818,-20.3435,154.1450,57.2137
491.0000,0.5417,-0.3127,0.4043,-16.5573,153.4733,58.8550
474.0000,0.5474,-0.3252,0.4978,-13.6412,156.7786,60.5267
507.0000,0.4915,-0.3315,0.5508,-19.7481,157.2672,61.2366
496.0000,0.4658,-0.3542,0.5710,-14.2137,156.5496,62.5954
458.0000,0.4722,-0.3625,0.5813,-9.6489,158.7863,64.3435
513.0000,0.4285,-0.3848,0.6738,-13.2290,160.9771,64.8702
492.0000,0.3840,-0.4109,0.7029,-12.4809,163.1985,65.3740
482.0000,0.3618,-0.4487,0.6804,1.1374,162.4504,66.4198
504.0000,0.3323,-0.4509,0.6855,12.4275,158.7023,67.5725
488.0000,0.3477,-0.4177,0.6777,11.8321,160.7252,66.5420
468.0000,0.3794,-0.3843,0.5876,13.3359,165.3053,66.0000
508.0000,0.3416,-0.3728,0.5457,17.0229,165.5649,65.9695
488.0000,0.2834,-0.3623,0.6155,7.2366,159.5038,64.6947
471.0000,0.2659,-0.3318,0.6963,-8.1756,156.0000,61.4275
499.0000,0.2791,-0.3601,0.7339,-16.2595,156.9847,60.2977
495.0000,0.2490,-0.4016,0.7407,-19.3053,157.8702,61.7023
479.0000,0.2104,-0.4148,0.7842,-18.4885,155.8015,63.3817
505.0000,0.2090,-0.4150,0.8625,-15.1374,153.5496,64.7634
498.0000,0.2307,-0.4114,0.8767,-8.9237,154.3817,65.2366
475.0000,0.2014,-0.4678,0.9099,-1.7023,154.0458,65.2214
506.0000,0.2068,-0.5122,0.8843,8.0305,157.9618,65.8015
493.0000,0.1770,-0.4783,0.8062,21.6794,158.4886,70.4580
477.0000,0.1731,-0.4456,0.7512,29.9924,157.1756,70.1908
506.0000,0.1570,-0.4016,0.7268,29.0534,152.6717,67.8168
500.0000,0.1277,-0.3491,0.7573,21.4733,147.0076,64.3283
479.0000,0.1079,-0.3577,0.7737,9.6412,144.3817,60.7634
497.0000,0.0959,-0.4038,0.8018,0.5954,143.3282,59.3740
494.0000,0.0732,-0.4146,0.9265,-6.1832,142.4580,60.7023
479.0000,0.0439,-0.4241,1.0229,-8.4733,143.7405,62.3359
503.0000,0.0056,-0.5068,1.1177,-2.7710,144.9771,63.2748
493.0000,-0.0139,-0.6013,1.1128,4.9389,149.3817,64.5344
480.0000,-0.0195,-0.6265,1.0325,26.2214,150.3053,66.0687
502.0000,-0.0618,-0.6289,1.0063,43.3053,147.5954,66.4657
499.0000,-0.0886,-0.5359,0.8711,52.8092,140.8244,62.9618
468.0000,-0.0847,-0.4753,0.8132,57.2595,133.4504,56.2595
502.0000,-0.1191,-0.4189,0.8916,41.6947,123.5038,46.6794
498.0000,-0.1196,-0.3545,0.9961,10.8473,116.5954,37.4733
476.0000,-0.1335,-0.4148,1.0286,-13.3893,112.7099,32.4809
514.0000,-0.1331,-0.5222,1.1050,-24.0458,111.2977,31.6870
502.0000,-0.1826,-0.5488,1.2244,-23.8092,107.4428,32.9618
468.0000,-0.1785,-0.5586,1.2305,-13.0076,104.3970,33.3359
512.0000,-0.1790,-0.5693,1.2043,7.6947,101.4275,33.0153
496.0000,-0.1738,-0.6128,1.1655,34.6489,97.8473,32.6183
476.0000,-0.1619,-0.6133,1.1533,49.4427,95.7863,32.2137
507.0000,-0.0984,-0.5640,0.9924,61.1069,96.1450,32.8092
496.0000,-0.0798,-0.5264,0.9290,75.4962,94.7481,31.9771
475.0000,-0.1152,-0.4648,0.9563,77.1603,90.1603,30.0153
503.0000,-0.1384,-0.4326,1.0134,67.9695,86.1985,26.8779
506.0000,-0.1421,-0.4282,1.0415,59.5038,82.0916,23.9084
476.0000,-0.1306,-0.4526,1.0518,55.5191,78.9084,22.4580
500.0000,-0.1343,-0.4189,1.0911,48.9389,74.3283,21.4198
499.0000,-0.1340,-0.3911,1.1230,39.8473,71.8626,19.3588
479.0000,-0.1289,-0.3845,1.1223,33.5649,70.9313,16.7786
504.0000,-0.1350,-0.4014,1.0989,31.7786,68.9542,15.0153
497.0000,-0.1465,-0.4114,1.0889,30.8244,66.9466,14.3893
473.0000,-0.1423,-0.3904,1.0515,23.9466,64.8626,13.2824
505.0000,-0.1414,-0.3774,0.9507,28.2672,62.0229,14.0916
505.0000,-0.1633,-0.3704,0.9336,33.6947,54.6641,13.4962
477.0000,-0.1943,-0.3308,0.9241,31.3053,46.0916,10.8321
495.0000,-0.2009,-0.3259,0.9263,24.8855,39.7557,7.4427
508.0000,-0.1926,-0.3440,0.9475,16.6718,35.4351,4.8931
470.0000,-0.2046,-0.3506,0.9646,7.4122,32.5115,3.6718
500.0000,-0.2068,-0.3572,0.9988,-1.2901,30.2824,3.5878
495.0000,-0.2148,-0.3752,1.0298,-8.1832,28.0000,2.9466
488.0000,-0.2256,-0.3735,1.0291,-10.7557,26.0611,2.6641
500.0000,-0.2363,-0.3669,1.0127,-7.7634,24.1145,3.1908
501.0000,-0.2283,-0.3499,0.9978,-3.1756,22.8168,3.4504
483.0000,-0.2129,-0.3347,0.9470,-1.4962,24.6183,3.6107
488.0000,-0.2129,-0.2717,0.8711,-1.9084,25.7863,4.1450
508.0000,-0.1858,-0.2202,0.7957,1.7557,24.8321,7.1145
484.0000,-0.2019,-0.1909,0.7402,2.2901,20.3740,8.7328
493.0000,-0.2056,-0.1887,0.7285,-0.0305,15.8168,7.0916
504.0000,-0.2124,-0.2288,0.7495,-2.1832,12.3206,3.6336
484.0000,-0.2156,-0.2888,0.8030,-3.8779,9.3130,1.1298
486.0000,-0.2195,-0.3271,0.8562,-4.7786,8.3588,0.6718
501.0000,-0.2158,-0.3223,0.8735,-6.1603,9.6870,1.4275
488.0000,-0.2158,-0.3120,0.8728,-8.1527,11.9847,2.1221
488.0000,-0.2273,-0.3220,0.8596,-9.8931,13.4351,2.3969
513.0000,-0.2234,-0.3267,0.8296,-11.1298,15.1985,2.0611
504.0000,-0.2300,-0.3318,0.8142,-8.9389,15.7099,1.2137
474.0000,-0.2292,-0.3176,0.8247,-5.7252,15.0916,1.3740
503.0000,-0.2251,-0.3105,0.8167,-2.8855,14.2977,1.4046
494.0000,-0.2300,-0.3010,0.8096,0.5649,13.0076,1.5573
500.0000,-0.2249,-0.3008,0.8042,3.3359,11.7557,1.8244
512.0000,-0.2371,-0.3171,0.8206,3.5191,9.4122,1.9695
468.0000,-0.2500,-0.3220,0.8523,0.9847,6.8397,1.5725
483.0000,-0.2529,-0.3276,0.8796,-2.8168,4.6870,0.9313
526.0000,-0.2573,-0.3408,0.8850,-5.7405,2.7634,0.6260
482.0000,-0.2585,-0.3401,0.9006,-6.6641,0.3740,0.4351
475.0000,-0.2441,-0.3499,0.9089,-7.9847,-1.7252,0.6565
518.0000,-0.2454,-0.3521,0.9160,-8.9924,-3.6641,0.8244
457.0000,-0.2383,-0.3376,0.9014,-10.4962,-4.4427,1.1603
514.0000,-0.2246,-0.3069,0.8574,-11.6336,-5.0992,1.5954
529.0000,-0.2307,-0.3145,0.8452,-12.0458,-7.3359,1.8321
491.0000,-0.2314,-0.3198,0.8733,-12.2137,-9.7023,2.1985
465.0000,-0.2283,-0.3176,0.8767,-13.6489,-11.2901,1.9237
540.0000,-0.2322,-0.3308,0.8801,-12.3511,-13.1527,2.8550
517.0000,-0.2405,-0.3398,0.9097,-9.4275,-15.7557,3.5878
448.0000,-0.2415,-0.3357,0.9412,-7.9160,-20.0840,3.4046
520.0000,-0.2441,-0.3179,0.9875,-10.7023,-23.0687,2.6183
526.0000,-0.2649,-0.3047,0.9893,-17.1679,-26.2290,1.6489
485.0000,-0.2764,-0.2830,0.9849,-23.7328,-29.7252,0.2366
486.0000,-0.2617,-0.2700,0.9819,-30.0763,-34.0992,-1.3282
485.0000,-0.2664,-0.3003,1.0222,-38.1221,-38.7863,-2.2748
457.0000,-0.3003,-0.3572,1.0784,-44.5038,-44.3893,-2.7557
521.0000,-0.3350,-0.3977,1.1233,-45.9160,-51.1298,-2.9847
489.0000,-0.3540,-0.4241,1.1729,-44.4198,-57.4046,-3.1679
514.0000,-0.3682,-0.4565,1.2278,-40.6260,-64.2595,-3.9771
463.0000,-0.3962,-0.4690,1.2986,-35.7634,-73.0153,-5.4809
532.0000,-0.4138,-0.4585,1.3110,-32.4962,-81.3359,-8.0305
500.0000,-0.4109,-0.4644,1.3025,-30.4962,-88.8855,-11.9695
461.0000,-0.4099,-0.4802,1.2556,-29.5038,-96.5725,-16.8626
472.0000,-0.4180,-0.5054,1.2275,-31.4580,-106.0305,-21.9542
609.0000,-0.4182,-0.5010,1.2129,-34.9542,-114.7099,-26.7557
397.0000,-0.4126,-0.5081,1.2690,-40.0305,-123.7557,-31.5344
545.0000,-0.4006,-0.5278,1.3215,-44.9542,-131.7557,-37.3969
427.0000,-0.3831,-0.5659,1.3472,-43.3206,-139.6260,-41.5267
507.0000,-0.3933,-0.6003,1.3701,-38.4275,-145.5572,-44.9389
488.0000,-0.3542,-0.6362,1.4143,-30.4275,-153.9237,-49.0076
497.0000,-0.3457,-0.6321,1.3967,-21.5496,-162.5954,-52.9771
481.0000,-0.3127,-0.6111,1.3296,-9.6794,-170.7328,-54.3282
554.0000,-0.2915,-0.5593,1.2849,-2.2977,-179.6183,-56.9008
525.0000,-0.2632,-0.5303,1.2812,-0.5725,-190.8397,-62.0840
534.0000,-0.2168,-0.4927,1.2539,-2.0687,-201.7176,-67.8855
476.0000,-0.1755,-0.5073,1.2397,-7.3893,-211.5114,-72.4962
421.0000,-0.1279,-0.5364,1.1963,-10.3359,-216.5420,-76.2214
512.0000,-0.0859,-0.5212,1.0945,-8.5115,-222.6031,-76.6947
503.0000,-0.0591,-0.5623,1.0867,-8.1679,-231.0534,-78.2061
491.0000,-0.0403,-0.5581,1.0801,-2.7023,-240.3740,-80.3893
496.0000,0.0059,-0.5640,1.0947,4.6489,-247.2977,-81.9008
512.0000,-0.0029,-0.5515,1.0845,11.0534,-250.1374,-83.6565
475.0000,-0.0024,-0.5652,1.0769,15.2672,-250.1374,-86.1374
502.0000,0.0427,-0.5793,1.0164,19.7634,-250.1374,-86.4122
496.0000,0.0508,-0.5977,1.1047,16.4275,-250.1374,-85.8244
491.0000,0.0454,-0.5566,1.0781,12.1832,-250.1374,-86.5573
472.0000,0.0479,-0.5562,0.9543,17.4885,-250.1374,-85.5878
480.0000,0.0466,-0.5320,0.8567,24.4504,-250.1374,-85.8244
474.0000,0.0452,-0.4995,0.8000,27.0687,-250.1374,-88.5344
502.0000,0.0715,-0.4353,0.6570,29.1069,-250.1374,-91.6183
527.0000,0.1040,-0.4004,0.6865,26.9313,-250.1374,-94.9847
428.0000,0.0732,-0.3618,0.7075,13.3435,-250.1374,-100.4809
616.0000,0.1235,-0.2937,0.5754,2.8779,-250.1374,-105.0305
555.0000,0.1555,-0.3589,0.5244,-12.4962,-250.1374,-108.9924
439.0000,0.1206,-0.2959,0.5376,-28.6794,-250.1374,-114.4046
543.0000,0.1692,-0.2388,0.4519,-36.7405,-250.1374,-117.5878
466.0000,0.2158,-0.2810,0.4775,-36.3130,-250.1374,-119.5878
474.0000,0.2388,-0.2498,0.4563,-30.3817,-250.1374,-120.9542
515.0000,0.3210,-0.2083,0.3625,-16.1145,-250.1374,-120.6489
496.0000,0.3254,-0.2485,0.3374,-1.7023,-250.1374,-117.5725
469.0000,0.3225,-0.2102,0.2598,6.7939,-250.1374,-115.5878
548.0000,0.3745,-0.1099,0.0642,24.8168,-250.1374,-110.9618
522.0000,0.3911,-0.0991,-0.0168,33.4046,-250.1374,-107.6260
465.0000,0.4106,-0.0068,-0.0125,21.5344,-250.1374,-107.3511
511.0000,0.4729,0.0342,-0.1025,13.3893,-247.5420,-106.8550
513.0000,0.5396,-0.0027,-0.2080,8.8855,-236.5191,-103.9389
452.0000,0.5811,0.0181,-0.2834,4.7939,-224.3435,-98.8015
531.0000,0.6299,0.0232,-0.3137,6.1374,-213.8931,-94.2519
512.0000,0.6863,0.0386,-0.3723,15.7786,-201.3053,-89.0458
470.0000,0.7322,0.0457,-0.4448,33.5573,-189.1985,-81.8626
560.0000,0.8062,0.0967,-0.5305,53.5115,-175.9695,-73.1221
539.0000,0.8464,0.1035,-0.5823,68.6947,-162.6641,-64.4657
510.0000,0.9136,0.1643,-0.6431,79.5191,-143.5038,-55.6641
515.0000,0.9316,0.1990,-0.7185,81.4809,-124.1908,-46.6718
474.0000,0.9441,0.2405,-0.7925,73.4122,-104.2290,-38.8168
450.0000,0.9614,0.2708,-0.8411,63.4122,-83.9160,-32.4122
496.0000,0.9944,0.2749,-0.8708,48.2519,-65.4657,-26.0687
522.0000,1.0276,0.2881,-0.8767,29.6260,-44.1374,-18.2901
480.0000,1.0535,0.2869,-0.8635,14.6794,-21.7176,-10.3130
492.0000,1.0479,0.2883,-0.8596,1.9924,-2.4427,-2.7786
506.0000,1.0488,0.2856,-0.8218,-10.2366,16.5038,3.3969
505.0000,1.0532,0.2869,-0.7710,-17.8931,33.9771,8.4427
489.0000,1.0342,0.2468,-0.6846,-27.2824,52.0305,14.1832
498.0000,0.9985,0.2131,-0.5911,-36.1527,69.3206,20.9389
487.0000,0.9707,0.1750,-0.5093,-38.5420,83.5573,27.7863
498.0000,0.9775,0.1421,-0.4324,-42.2595,100.5420,34.2824
481.0000,0.9514,0.1033,-0.3308,-39.9771,112.3435,39.9084
469.0000,0.9128,0.0764,-0.2253,-37.1908,123.4275,44.7023
488.0000,0.8982,0.0510,-0.1848,-32.8244,132.4351,48.8550
499.0000,0.8865,0.0063,-0.1484,-25.8015,138.4580,52.0229
467.0000,0.8667,-0.0212,-0.1187,-21.0763,143.5267,54.6870
493.0000,0.8691,-0.0100,-0.0962,-22.7863,150.4809,56.4046
514.0000,0.8411,-0.0051,-0.0845,-23.0840,154.4580,57.3206
467.0000,0.8105,-0.0029,-0.0671,-24.0611,157.5954,57.8626
511.0000,0.7830,0.0042,-0.0339,-25.7710,158.5725,57.6718
491.0000,0.7637,-0.0247,0.0535,-30.1450,160.7863,57.1221
489.0000,0.7444,-0.0283,0.1223,-36.8473,167.8397,56.8092
509.0000,0.7363,-0.0632,0.1812,-41.0458,171.8931,58.1450
546.0000,0.7119,-0.1106,0.2439,-45.8015,177.6107,59.7481
488.0000,0.7031,-0.1118,0.2698,-47.4504,179.8321,61.2595
494.0000,0.7295,-0.1672,0.2954,-44.7481,186.6183,61.5038
513.0000,0.6934,-0.2373,0.3403,-31.7557,194.0000,63.7405
488.0000,0.6643,-0.2700,0.3242,-7.9084,196.3206,67.7405
492.0000,0.5994,-0.2668,0.3608,16.1756,189.1527,68.6107
513.0000,0.6008,-0.2268,0.3860,25.7099,185.5038,65.7328
479.0000,0.5974,-0.2290,0.4016,26.6183,187.0534,61.2137
505.0000,0.5916,-0.2385,0.3879,22.0153,191.6947,58.4275
502.0000,0.5391,-0.1963,0.4053,1.0992,186.5267,56.4656
479.0000,0.5173,-0.1760,0.5217,-23.0763,182.9847,53.3435
493.0000,0.5120,-0.2424,0.5576,-37.9084,179.3817,48.6794
522.0000,0.5415,-0.2725,0.6101,-38.4427,180.4427,47.5267
470.0000,0.4912,-0.3555,0.6013,-42.2824,180.0916,47.7405
509.0000,0.5117,-0.3362,0.6292,-41.1756,182.4351,49.0076
502.0000,0.4983,-0.3572,0.6672,-35.5267,183.5649,50.7634
483.0000,0.4639,-0.3606,0.6809,-31.5878,184.3435,51.9313
497.0000,0.4446,-0.3926,0.6846,-22.5954,183.4733,53.0382
509.0000,0.4170,-0.4226,0.6995,-11.0229,183.3740,53.9084
487.0000,0.3779,-0.4121,0.7039,-0.7481,180.1832,54.7099
502.0000,0.3708,-0.3628,0.6992,5.2672,176.6031,53.4351
494.0000,0.3579,-0.3506,0.7048,2.2748,172.0763,50.1908
488.0000,0.3291,-0.3752,0.7942,-5.6794,167.1985,47.0992
500.0000,0.2839,-0.4087,0.8428,-13.2824,162.2443,45.1145
505.0000,0.2988,-0.4404,0.8433,-12.0687,158.2214,45.4122
486.0000,0.2856,-0.4163,0.8496,-9.2977,153.8015,46.1832
503.0000,0.2971,-0.3784,0.8660,-7.3359,150.3588,46.0611
513.0000,0.3025,-0.3687,0.9177,-6.8092,147.3053,43.6336
485.0000,0.2847,-0.3750,0.8872,-4.2366,144.0534,42.2824
497.0000,0.3220,-0.3638,0.8579,-3.7939,145.9084,43.3435
504.0000,0.3206,-0.3223,0.8408,-6.8397,147.9313,43.8473
520.0000,0.3262,-0.3069,0.7971,-19.3206,152.5954,44.0534
480.0000,0.2839,-0.2866,0.7651,-29.7863,149.7099,44.0611
523.0000,0.2271,-0.3440,0.8069,-34.3053,148.1756,43.4962
492.0000,0.1680,-0.3528,0.8618,-36.8550,142.7863,45.2901
492.0000,0.1609,-0.3567,0.9609,-36.4427,140.1679,44.8321
512.0000,0.1357,-0.4104,0.9758,-34.8626,137.7176,44.5878
489.0000,0.1367,-0.4399,0.9548,-26.8092,135.5420,46.5573
494.0000,0.1108,-0.4744,0.9780,-13.6489,132.5878,48.5725
506.0000,0.1111,-0.4341,0.9727,-3.8015,132.7939,49.0687
499.0000,0.1167,-0.4368,0.8813,4.5878,132.7633,49.0153
494.0000,0.1079,-0.4304,0.8325,14.5573,130.2977,49.3588
511.0000,0.1228,-0.3491,0.8713,13.0000,129.0611,49.0153
496.0000,0.1150,-0.2971,0.8813,3.9618,127.1908,46.6794
486.0000,0.0938,-0.2739,0.9006,-7.4122,126.0153,45.4580
519.0000,0.0630,-0.3066,0.9426,-20.2366,124.0305,44.1985
489.0000,0.0352,-0.3440,0.9470,-33.8015,122.2290,43.0992
497.0000,0.0239,-0.3977,0.9836,-40.1985,122.0382,43.1069
515.0000,-0.0015,-0.4287,1.0276,-39.8931,121.0305,44.1450
487.0000,-0.0024,-0.4634,0.9868,-36.2672,120.6794,45.1756
496.0000,-0.0161,-0.4802,0.9321,-22.6641,118.4275,45.9618
510.0000,-0.0247,-0.5032,0.8442,-9.3053,113.8321,45.2748
493.0000,-0.0474,-0.4856,0.8782,-2.2443,107.8626,44.5191
496.0000,-0.0435,-0.4792,0.9138,5.2061,105.0229,43.2366
510.0000,-0.0657,-0.4722,0.9260,7.0153,102.6107,42.2977
501.0000,-0.0671,-0.4565,0.9824,5.2366,100.7710,42.1298
473.0000,-0.1160,-0.4514,1.0625,-1.8702,98.0076,40.0000
526.0000,-0.1433,-0.4670,1.0925,-6.7786,96.5115,37.5649
494.0000,-0.1704,-0.5425,1.1035,-5.8321,93.5496,36.2137
495.0000,-0.1746,-0.5574,1.1702,-1.0992,91.6489,35.8168
509.0000,-0.1580,-0.5461,1.1433,-0.5878,94.7634,33.4733
494.0000,-0.1541,-0.5012,1.0286,9.8702,94.0000,31.2061
486.0000,-0.1614,-0.4900,0.9438,24.5114,89.8244,28.9542
512.0000,-0.1755,-0.4546,0.8884,26.6718,80.8397,26.0382
493.0000,-0.1577,-0.4026,0.8943,21.7023,73.9389,20.6107
491.0000,-0.1182,-0.4172,0.9312,22.3664,68.6260,16.2214
524.0000,-0.1162,-0.4333,1.0122,23.4198,64.5496,15.1374
496.0000,-0.1287,-0.4341,1.1091,23.9160,62.3130,15.7176
484.0000,-0.1494,-0.4717,1.1707,23.9389,61.7786,16.7252
507.0000,-0.1526,-0.5010,1.1870,27.9847,61.1374,16.5573
501.0000,-0.1780,-0.5103,1.2207,33.4198,59.4656,16.0992
485.0000,-0.1794,-0.5110,1.2368,37.7252,57.9924,15.2901
514.0000,-0.1538,-0.4937,1.1831,37.8855,58.6641,13.8168
498.0000,-0.1323,-0.4558,1.0549,40.1298,58.2214,13.3893
486.0000,-0.1338,-0.4329,0.9915,37.5725,55.4046,12.0687
513.0000,-0.1189,-0.3909,0.9126,32.3588,50.5649,9.9618
495.0000,-0.1035,-0.3423,0.8704,28.7023,45.8015,7.0229
486.0000,-0.1235,-0.3267,0.8662,21.6107,41.7557,4.1908
506.0000,-0.1331,-0.3066,0.8430,13.5038,37.3817,3.0458
519.0000,-0.1399,-0.3252,0.8481,9.2519,33.0305,2.7863
471.0000,-0.1426,-0.3369,0.8799,6.0153,30.0000,3.1603
513.0000,-0.1663,-0.3193,0.9468,3.1374,27.0840,3.9313
503.0000,-0.1714,-0.3030,0.9741,1.8855,25.3740,4.3588
490.0000,-0.1885,-0.3115,0.9878,3.1603,24.4656,5.0611
505.0000,-0.2000,-0.3179,0.9792,6.3588,24.5802,5.9771
506.0000,-0.2024,-0.3271,0.9807,7.8321,24.9695,6.4580
475.0000,-0.2114,-0.3286,0.9421,6.2061,25.7939,6.5267
513.0000,-0.2070,-0.2976,0.8489,8.4351,25.7710,7.1069
504.0000,-0.2078,-0.2751,0.7896,10.2824,23.9084,7.4885
484.0000,-0.2236,-0.2349,0.7610,9.3130,20.7786,6.3053
496.0000,-0.2097,-0.2183,0.7451,7.1221,18.8244,4.4427
515.0000,-0.2058,-0.2427,0.7480,5.1679,17.5725,3.6336
483.0000,-0.2063,-0.2649,0.7805,3.3817,16.6870,3.8550
499.0000,-0.2107,-0.2783,0.8149,1.5420,17.1527,4.9008
505.0000,-0.2131,-0.2786,0.8347,-0.9008,20.1985,5.3588
476.0000,-0.2129,-0.2551,0.8081,-0.6412,21.9771,5.8321
517.0000,-0.2351,-0.2683,0.8049,0.1603,22.0840,5.6183
508.0000,-0.2290,-0.2717,0.8105,0.7786,21.8779,5.2672
494.0000,-0.2327,-0.2756,0.8132,-0.5115,21.7939,4.3511
461.0000,-0.2341,-0.2617,0.7993,-3.7099,20.8779,3.3359
532.0000,-0.2419,-0.2786,0.7883,-3.8244,19.5725,2.8779
496.0000,-0.2471,-0.2891,0.7988,-4.7481,17.1069,3.1145
496.0000,-0.2505,-0.2957,0.8408,-6.6794,14.0687,3.0229
510.0000,-0.2568,-0.3096,0.8745,-8.0153,12.8779,2.2824
480.0000,-0.2468,-0.3252,0.9060,-7.2824,11.9771,2.2061
518.0000,-0.2581,-0.3430,0.9226,-5.9542,10.6336,2.6183
480.0000,-0.2544,-0.3423,0.9480,-5.9237,8.6565,3.2824
482.0000,-0.2590,-0.3330,0.9719,-9.0687,7.9695,3.3130
498.0000,-0.2493,-0.3276,0.9314,-12.5649,9.0000,2.1374
525.0000,-0.2522,-0.3330,0.9055,-13.3969,8.9618,1.3511
520.0000,-0.2517,-0.3411,0.8762,-14.2290,6.4504,0.8244
485.0000,-0.2625,-0.3508,0.8584,-15.4351,1.7252,0.7252
497.0000,-0.2620,-0.3572,0.8818,-15.9542,-2.2595,-0.4351
459.0000,-0.2620,-0.3535,0.9006,-16.5878,-6.2214,-1.4885
562.0000,-0.2600,-0.3577,0.9062,-16.6718,-10.7328,-2.3359
493.0000,-0.2656,-0.3784,0.9258,-15.3817,-14.7939,-1.3893
509.0000,-0.2720,-0.3850,0.9722,-13.7939,-18.3817,-0.7176
473.0000,-0.2788,-0.3875,1.0051,-12.2137,-20.9618,-0.1756
529.0000,-0.2778,-0.4309,1.0222,-7.1679,-22.3969,1.3435
470.0000,-0.2603,-0.3591,1.0073,-0.5344,-26.6031,3.0076
507.0000,-0.2483,-0.3447,0.9890,3.1450,-30.9618,2.2672
520.0000,-0.2322,-0.3359,0.9976,5.5420,-36.0000,1.3282
477.0000,-0.2026,-0.3047,1.0417,11.3435,-44.4580,2.0763
508.0000,-0.1897,-0.2197,1.0481,2.7634,-48.3664,0.0000
480.0000,-0.1750,-0.2761,1.0369,-14.8397,-52.5878,-3.8855
532.0000,-0.1560,-0.3279,1.0530,-25.7023,-56.9237,-5.1069
480.0000,-0.1716,-0.3530,1.0796,-35.7023,-61.0000,-4.6260
492.0000,-0.1897,-0.3469,1.1221,-45.2595,-64.5725,-4.9160
527.0000,-0.2112,-0.3733,1.1677,-47.9695,-69.6031,-5.8702
474.0000,-0.2244,-0.4058,1.1934,-48.7786,-74.2824,-7.4733
528.0000,-0.2439,-0.4480,1.2236,-45.7786,-79.2061,-9.6641
539.0000,-0.2605,-0.4893,1.2542,-38.8779,-84.5267,-12.0305
506.0000,-0.2910,-0.5281,1.3064,-33.0382,-90.3435,-15.4351
569.0000,-0.3196,-0.5510,1.3362,-27.6183,-96.8855,-19.9542
523.0000,-0.3350,-0.5505,1.3220,-18.2061,-103.4733,-22.8397
473.0000,-0.3862,-0.5493,1.3379,-11.3817,-111.3893,-23.8168
429.0000,-0.4219,-0.5430,1.3450,-7.6260,-120.8550,-25.3130
561.0000,-0.4453,-0.5376,1.3823,-7.6260,-131.6488,-29.4580
297.0000,-0.4221,-0.5146,1.4238,-11.9237,-141.7557,-36.0840
576.0000,-0.4023,-0.5095,1.3853,-15.5954,-150.2824,-43.2824
534.0000,-0.3918,-0.5730,1.3721,-15.4198,-159.6488,-48.0916
429.0000,-0.4045,-0.5903,1.3806,-17.3740,-169.6947,-51.3359
533.0000,-0.3809,-0.5833,1.3406,-14.0763,-178.7099,-53.3282
497.0000,-0.3743,-0.5818,1.3413,-7.3053,-188.3130,-55.5496
457.0000,-0.3811,-0.5408,1.3611,-0.1221,-200.2290,-58.9542
499.0000,-0.3784,-0.5171,1.3054,5.7557,-212.7710,-63.8092
455.0000,-0.3286,-0.5115,1.2249,7.7863,-222.9313,-68.7252
561.0000,-0.2681,-0.4849,1.1438,1.6489,-231.1145,-72.2061
510.0000,-0.2271,-0.4727,1.1631,-13.4198,-237.6260,-76.6260
448.0000,-0.2224,-0.4844,1.1060,-32.0000,-243.4656,-81.1145
545.0000,-0.1753,-0.5081,1.0105,-40.6947,-248.2977,-83.5878
542.0000,-0.1609,-0.5649,1.0386,-44.0076,-250.1374,-84.2672
464.0000,-0.2134,-0.5767,1.0979,-43.3893,-250.1374,-88.6412
406.0000,-0.2117,-0.5461,1.0054,-30.2901,-250.1374,-91.2672
633.0000,-0.1594,-0.5703,0.9585,-15.1908,-250.1374,-93.2519
468.0000,-0.1431,-0.5754,0.9238,-1.5573,-250.1374,-97.3588
480.0000,-0.1155,-0.4971,0.8767,8.4809,-250.1374,-100.0840
505.0000,-0.0378,-0.4084,0.8335,10.0229,-250.1374,-101.9847
516.0000,0.0076,-0.3513,0.8259,-0.8244,-250.1374,-106.9847
447.0000,0.0857,-0.2959,0.6379,-8.4275,-250.1374,-111.6489
508.0000,0.1042,-0.4106,0.6472,-21.2519,-250.1374,-114.3588
567.0000,0.0701,-0.4084,0.6001,-32.2137,-250.1374,-116.3817
485.0000,0.0901,-0.4270,0.6006,-30.9847,-250.1374,-115.1221
512.0000,0.0776,-0.4004,0.6985,-24.5420,-250.1374,-115.6183
497.0000,0.1021,-0.3196,0.4958,-11.5038,-250.1374,-117.7634
487.0000,0.1638,-0.3105,0.3958,0.3053,-250.1374,-121.3817
514.0000,0.2556,-0.2405,0.3120,-5.0687,-250.1374,-126.5878
486.0000,0.3306,-0.1860,0.2070,-13.4580,-250.1374,-132.5343
515.0000,0.4087,-0.1392,0.0857,-30.4122,-250.1374,-135.6565
487.0000,0.4714,-0.0559,0.0259,-51.9389,-250.1374,-136.5267
496.0000,0.5249,-0.0017,-0.0149,-71.1221,-250.1374,-138.7176
464.0000,0.5747,0.0181,-0.0688,-84.7176,-250.1374,-139.2901
520.0000,0.5833,-0.0449,-0.0874,-87.2137,-241.1221,-135.8092
499.0000,0.5940,-0.0732,-0.1294,-68.5191,-228.8626,-128.5420
472.0000,0.6367,-0.0386,-0.2327,-33.0916,-217.1069,-118.2061
507.0000,0.6833,-0.0020,-0.3210,1.1145,-204.3740,-107.9389
492.0000,0.7009,0.0574,-0.4011,28.2748,-191.9466,-98.2824
479.0000,0.7744,0.0930,-0.4534,48.6336,-175.5343,-89.0534
510.0000,0.7954,0.1189,-0.5403,71.0611,-163.0840,-79.5802
503.0000,0.8464,0.1655,-0.6111,88.6107,-151.2595,-68.4351
491.0000,0.9072,0.2219,-0.6440,94.0763,-136.4886,-57.9847
508.0000,0.9431,0.2693,-0.6489,96.8702,-117.0076,-47.4656
504.0000,0.9395,0.2935,-0.6880,91.0305,-96.9618,-38.8092
480.0000,0.9426,0.3376,-0.7473,80.9695,-77.2214,-31.5344
497.0000,0.9741,0.3633,-0.8013,63.1221,-57.4122,-24.6412
515.0000,1.0044,0.3984,-0.8286,36.5573,-34.0000,-18.5267
496.0000,1.0056,0.3813,-0.8276,10.6870,-13.8931,-12.5115
506.0000,1.0010,0.3706,-0.7925,-12.7176,4.0916,-5.3282
494.0000,1.0122,0.3652,-0.7419,-29.4122,22.0305,2.1908
458.0000,0.9871,0.3157,-0.6614,-37.1985,37.7557,9.3053
500.0000,0.9644,0.2815,-0.5908,-41.2366,55.2748,17.0763
520.0000,0.9395,0.2454,-0.5139,-42.4275,72.5344,25.7099
452.0000,0.9199,0.2104,-0.4429,-41.4580,90.5344,33.8473
505.0000,0.8782,0.1797,-0.3735,-39.5878,103.7786,41.6336
494.0000,0.8669,0.1599,-0.3025,-39.2137,117.5115,49.1145
472.0000,0.8296,0.1194,-0.2432,-33.9618,128.3664,56.1221
512.0000,0.8308,0.0930,-0.2134,-29.6947,139.4351,62.3435
494.0000,0.7878,0.0625,-0.1833,-27.9695,147.5114,67.4733
456.0000,0.7510,0.0454,-0.1338,-28.1221,151.6260,71.1069
562.0000,0.7412,0.0608,-0.0686,-31.9237,154.7328,73.9695
519.0000,0.7344,0.0483,0.0261,-37.0687,159.4122,75.7863
475.0000,0.6956,-0.0474,0.1377,-45.1908,163.1679,75.6336
516.0000,0.6711,-0.1064,0.1807,-46.6336,166.2672,77.4809
498.0000,0.6863,-0.1626,0.2119,-43.3435,171.9160,81.1527
483.0000,0.6938,-0.1533,0.2327,-41.9924,177.9160,83.8397
510.0000,0.6843,-0.1431,0.2485,-37.0153,182.1221,85.5038
520.0000,0.6599,-0.1572,0.2617,-33.6412,181.4580,85.6412
475.0000,0.6641,-0.2122,0.3159,-34.3435,185.6412,84.7557
512.0000,0.6318,-0.2815,0.3208,-22.6107,189.7176,85.7863
514.0000,0.6101,-0.3015,0.3345,-6.5496,192.0305,88.3359
474.0000,0.5352,-0.3040,0.3965,5.6412,187.4504,89.1679
493.0000,0.5454,-0.2776,0.4089,16.5114,181.5420,88.0687
530.0000,0.5732,-0.2317,0.4980,20.7252,179.8550,85.4504
465.0000,0.5349,-0.2695,0.6218,11.9313,178.3130,82.1832
511.0000,0.4998,-0.3525,0.7795,-5.6641,181.5420,78.0153
508.0000,0.4648,-0.4438,0.7795,-8.6947,180.5725,77.0916
480.0000,0.4990,-0.4697,0.7390,-0.8779,183.1985,77.7176
516.0000,0.4607,-0.4790,0.6992,8.6107,180.5191,77.5420
507.0000,0.4907,-0.4629,0.7354,12.4809,182.5802,76.1756
478.0000,0.4353,-0.4282,0.7056,21.1527,176.7405,71.8092
502.0000,0.3840,-0.4402,0.6350,24.2595,167.8244,67.4504
543.0000,0.4055,-0.3557,0.6157,10.9771,165.2595,64.5725
472.0000,0.4421,-0.3186,0.7104,4.7328,166.7633,60.9160
504.0000,0.3635,-0.3123,0.7507,-8.8244,159.7405,57.8626
522.0000,0.3662,-0.3228,0.7910,-21.8015,155.0153,57.5038
485.0000,0.3894,-0.3391,0.8608,-20.5802,154.4275,57.5115
501.0000,0.3809,-0.3743,0.8801,-18.0534,154.9695,57.7023
508.0000,0.3513,-0.4441,0.8879,-18.0382,156.0534,59.6794
484.0000,0.3376,-0.4685,0.8674,-6.7481,159.8015,64.0763
507.0000,0.3113,-0.4807,0.8281,8.7176,162.0382,68.3359
509.0000,0.3071,-0.4429,0.7810,17.9160,166.7252,69.9924
483.0000,0.3005,-0.4084,0.7092,28.7099,167.8397,70.3053
507.0000,0.2429,-0.4009,0.6602,41.0076,164.7557,68.5954
506.0000,0.2002,-0.3540,0.6318,41.9237,156.0611,64.4275
478.0000,0.1951,-0.2759,0.7075,21.1756,152.4351,58.0382
520.0000,0.1411,-0.2581,0.8000,-6.1221,146.9466,53.2137
509.0000,0.0830,-0.3120,0.9126,-36.5344,143.7557,49.8473
477.0000,0.0371,-0.4004,1.0132,-61.8779,142.8244,47.0305
504.0000,0.0315,-0.4875,1.0195,-68.3511,142.5802,47.8702
511.0000,0.0063,-0.5767,1.0181,-58.5420,140.5802,50.8779
481.0000,0.0283,-0.5869,0.9958,-41.6794,141.8015,53.9008
501.0000,0.0293,-0.5845,0.9404,-21.4962,138.9618,55.3435
512.0000,0.0586,-0.5679,0.9104,-5.5954,140.3053,56.1908
472.0000,0.0491,-0.5081,0.7881,11.2672,139.1221,55.6870
502.0000,0.0647,-0.4438,0.7434,22.2519,136.1985,52.9084
513.0000,0.0286,-0.3994,0.7820,19.1221,129.1679,49.0534
479.0000,0.0146,-0.3384,0.8586,2.0916,122.2824,45.2137
503.0000,0.0149,-0.3650,0.9248,-15.5573,118.6947,42.4809
514.0000,-0.0410,-0.3933,1.0698,-32.7863,116.9542,41.5954
477.0000,-0.0503,-0.4360,1.0999,-41.2748,116.7481,41.8168
479.0000,-0.0857,-0.5422,1.1184,-42.5878,115.9847,41.0763
541.0000,-0.1223,-0.6248,1.1052,-34.5954,116.0000,42.5725
482.0000,-0.1235,-0.6089,1.0286,-17.0000,114.5115,44.4198
500.0000,-0.1345,-0.5649,0.9827,-1.4351,107.4198,42.5420
503.0000,-0.1460,-0.5325,0.9714,7.1450,97.4046,38.8931
483.0000,-0.1375,-0.5176,0.9680,11.8550,87.7863,34.8550
512.0000,-0.1206,-0.5046,0.9807,10.3664,85.1832,32.1756
498.0000,-0.1191,-0.5115,1.0361,0.4809,81.2443,31.3435
499.0000,-0.1270,-0.5039,1.0911,-8.3359,79.5878,31.5038
489.0000,-0.1443,-0.4956,1.1279,-11.5649,76.1908,32.1450
510.0000,-0.1514,-0.4995,1.1306,-13.8473,72.3588,31.7634
497.0000,-0.1462,-0.5305,1.1279,-12.5344,68.2366,29.6336
491.0000,-0.1343,-0.5671,1.1609,-4.3969,64.6260,27.2595
513.0000,-0.1418,-0.5911,1.1794,3.1985,64.4198,25.8473
487.0000,-0.1436,-0.5645,1.1365,7.1298,66.3130,24.6107
500.0000,-0.1270,-0.5232,1.0620,19.2519,63.6794,24.5114
506.0000,-0.1289,-0.5034,1.0315,27.1298,56.9695,22.0382
491.0000,-0.1172,-0.4844,1.0027,27.5038,49.2901,16.1527
490.0000,-0.1091,-0.4995,0.9961,25.5038,43.8855,11.8931
517.0000,-0.1067,-0.5256,1.0244,23.8855,39.6565,11.1756
488.0000,-0.1074,-0.5083,1.0515,21.7252,38.0992,11.3740
492.0000,-0.0977,-0.4951,1.0493,20.1908,37.1145,10.8550
512.0000,-0.1006,-0.4995,1.0488,21.1832,35.0458,10.8244
493.0000,-0.0913,-0.4851,1.0198,25.5191,33.3588,11.5191
493.0000,-0.0779,-0.4683,0.9858,30.2977,32.7481,12.4733
513.0000,-0.0718,-0.4407,0.9543,32.9771,32.5573,12.9237
498.0000,-0.0691,-0.4160,0.9070,34.0000,32.5267,13.8473
490.0000,-0.0667,-0.4092,0.9199,30.7252,34.2748,14.6947
513.0000,-0.0491,-0.3923,0.8188,19.8779,39.5725,15.3359
493.0000,-0.0618,-0.3408,0.7283,22.4351,41.4046,17.5114
495.0000,-0.1177,-0.2983,0.7129,20.0153,38.2901,16.7939
513.0000,-0.1423,-0.2417,0.6763,9.4504,37.0992,13.7710
495.0000,-0.1555,-0.2056,0.7300,1.5038,36.1679,10.4733
493.0000,-0.1680,-0.2371,0.7656,-0.5954,35.7023,10.2443
514.0000,-0.1934,-0.3042,0.8088,-2.1756,34.4427,10.5038
495.0000,-0.2090,-0.3831,0.8391,-1.8015,35.0916,10.6412
490.0000,-0.2344,-0.4275,0.8589,4.8855,37.5038,11.9389
516.0000,-0.2378,-0.4309,0.8784,16.9084,39.0763,14.0382
494.0000,-0.2444,-0.4023,0.8647,28.9084,39.1145,14.8702
490.0000,-0.2332,-0.3762,0.8621,34.3969,39.1221,12.9771
514.0000,-0.2310,-0.3560,0.8003,31.8702,39.3130,11.0687
496.0000,-0.2258,-0.3152,0.7300,29.4198,38.8473,9.6183
476.0000,-0.2288,-0.3115,0.6980,22.5191,36.1679,7.3893
539.0000,-0.2485,-0.3171,0.6965,17.3206,31.1221,4.2901
499.0000,-0.2617,-0.3379,0.7507,13.2443,25.5344,2.2137
486.0000,-0.2732,-0.3511,0.8606,11.1069,20.6107,0.7252
511.0000,-0.2732,-0.3618,0.9373,11.4351,18.4198,0.6870
497.0000,-0.2585,-0.3584,0.9805,12.9618,16.5496,2.0305
487.0000,-0.2571,-0.3564,0.9736,11.9847,15.2977,2.8168
514.0000,-0.2507,-0.3569,0.9675,7.8779,14.6031,2.5878
501.0000,-0.2466,-0.3525,0.9504,4.2824,14.5267,1.7557
484.0000,-0.2302,-0.3445,0.9333,1.3053,13.6336,1.1374
515.0000,-0.2256,-0.3525,0.9180,0.0916,11.8473,1.2443
490.0000,-0.2329,-0.3491,0.9004,0.7405,9.8702,1.0687
481.0000,-0.2183,-0.3511,0.8906,-0.2519,8.2290,1.2366
550.0000,-0.2234,-0.3525,0.8687,-0.8779,7.2061,2.0000
411.0000,-0.2305,-0.3420,0.8657,-0.2672,5.9771,2.7863
532.0000,-0.2397,-0.3281,0.8569,-2.4809,4.4122,2.5878
442.0000,-0.2385,-0.3352,0.8716,-7.4198,3.9313,2.3053
553.0000,-0.2476,-0.3459,0.8647,-12.2901,3.8550,2.3282
476.0000,-0.2498,-0.3459,0.8428,-12.3969,1.7634,3.1298
555.0000,-0.2571,-0.3550,0.8469,-12.5115,-1.9618,3.3664
479.0000,-0.2673,-0.3489,0.8689,-12.4427,-5.5954,2.5191
479.0000,-0.2690,-0.3691,0.9189,-12.6870,-8.8855,1.4656
546.0000,-0.2876,-0.3660,0.9480,-13.7099,-11.4809,0.8473
523.0000,-0.2856,-0.3589,0.9570,-14.3588,-14.1985,0.7405
467.0000,-0.2910,-0.3589,0.9358,-16.0229,-17.9160,-0.3359
529.0000,-0.2922,-0.3535,0.9277,-17.4580,-21.8092,-1.6336
444.0000,-0.2820,-0.3574,0.9006,-17.1069,-27.0534,-3.0687
531.0000,-0.2676,-0.3638,0.9211,-16.8550,-33.5344,-3.3282
498.0000,-0.2412,-0.3262,0.9412,-16.1145,-39.2214,-2.8168
488.0000,-0.2173,-0.3625,0.9888,-14.9008,-43.4046,-2.2443
504.0000,-0.2239,-0.3411,1.0854,-14.7710,-49.5344,-1.2901
567.0000,-0.2209,-0.3423,1.1399,-19.7634,-53.6183,-2.0229
506.0000,-0.2271,-0.3931,1.2014,-24.9771,-55.6260,-2.2443
509.0000,-0.2678,-0.4373,1.2517,-25.6412,-59.5649,-2.2443
484.0000,-0.3088,-0.4221,1.2432,-24.0916,-64.5496,-2.0000
488.0000,-0.3308,-0.4390,1.2090,-21.7328,-71.4351,-3.9313
488.0000,-0.3398,-0.4292,1.2075,-19.6336,-78.5802,-8.3130
534.0000,-0.3306,-0.4541,1.2036,-17.6107,-86.0611,-13.5420
475.0000,-0.3469,-0.4961,1.2078,-17.6412,-94.7481,-19.4427
569.0000,-0.3518,-0.5076,1.2156,-17.0229,-104.3970,-24.8015
463.0000,-0.3350,-0.5129,1.2437,-17.8244,-112.1145,-28.8244
554.0000,-0.3179,-0.5242,1.2622,-19.8168,-118.8321,-32.4504
468.0000,-0.3284,-0.5579,1.3018,-20.6336,-125.9389,-35.7634
604.0000,-0.3569,-0.5618,1.3455,-19.8244,-133.0534,-38.2137
450.0000,-0.3665,-0.5552,1.3687,-18.1908,-141.2137,-40.7786
516.0000,-0.3662,-0.5691,1.3843,-14.9008,-149.4427,-45.9618
493.0000,-0.3557,-0.5486,1.3726,-10.4427,-157.7405,-50.9466
516.0000,-0.3276,-0.5273,1.3081,-7.0763,-166.9924,-56.0153
541.0000,-0.2957,-0.5339,1.2573,-6.6107,-176.0458,-60.5191
560.0000,-0.2627,-0.5498,1.2297,-8.0229,-184.0534,-64.4122
469.0000,-0.2153,-0.5947,1.1997,-4.9008,-189.7481,-65.4046
433.0000,-0.1855,-0.5996,1.1746,0.7176,-194.6717,-64.4962
482.0000,-0.1658,-0.6006,1.1663,8.8473,-201.0687,-63.9771
556.0000,-0.1572,-0.5635,1.1548,18.2443,-209.8168,-64.5191
444.0000,-0.1179,-0.4971,1.1008,27.3282,-218.2061,-66.0458
460.0000,-0.0881,-0.4790,1.0830,29.3664,-225.2595,-68.0840
608.0000,-0.0652,-0.4473,1.0688,22.0916,-229.9618,-71.9924
458.0000,-0.0171,-0.4319,0.9766,12.2214,-233.0611,-73.4122
514.0000,0.0151,-0.4688,0.9224,1.2214,-233.6488,-74.0458
528.0000,0.0400,-0.4626,0.8577,-2.7328,-234.8931,-73.6489
606.0000,0.0618,-0.4570,0.8882,-3.6031,-238.1527,-73.6947
337.0000,0.0654,-0.4741,0.9270,-2.5420,-242.7405,-76.2290
604.0000,0.0696,-0.4895,0.8850,10.3969,-247.2519,-76.9771
544.0000,0.0857,-0.5085,0.9524,23.2824,-249.9389,-76.2672
469.0000,0.0381,-0.5044,1.0239,26.7710,-250.1374,-76.7710
461.0000,0.0251,-0.4802,0.9741,32.8779,-250.1374,-79.1374
618.0000,0.0771,-0.4893,0.8752,40.9008,-250.1374,-80.7710
464.0000,0.0752,-0.4749,0.8506,43.6031,-250.1374,-83.7710
518.0000,0.0737,-0.4026,0.7451,45.0687,-250.1374,-88.3664
519.0000,0.1370,-0.3679,0.7014,42.2824,-250.1374,-92.8015
479.0000,0.1711,-0.3135,0.6824,34.4427,-250.1374,-97.3206
507.0000,0.2229,-0.2312,0.5623,29.7176,-250.1374,-100.8168
497.0000,0.2817,-0.2256,0.4456,24.1450,-250.1374,-102.4733
477.0000,0.3101,-0.1855,0.4204,7.4275,-250.1374,-102.8550
451.0000,0.3137,-0.1265,0.3933,-10.9313,-250.1374,-105.8626
561.0000,0.3552,-0.1089,0.2971,-18.8244,-250.1374,-105.8473
481.0000,0.3853,-0.0574,0.2000,-25.6183,-250.1374,-106.5496
471.0000,0.4116,-0.0378,0.1458,-36.5878,-250.1374,-106.4046
618.0000,0.4326,-0.0510,0.1023,-44.4733,-250.1374,-106.4122
451.0000,0.4614,-0.0554,-0.0034,-45.4885,-250.1374,-101.9695
512.0000,0.4841,-0.0554,-0.0886,-39.6107,-240.7023,-95.2595
515.0000,0.5112,-0.0083,-0.1406,-30.4504,-225.6107,-89.2366
415.0000,0.5415,0.0457,-0.2126,-19.1985,-215.8473,-85.1908
510.0000,0.5640,0.0176,-0.2417,-8.1145,-205.8092,-81.3664
477.0000,0.5835,0.0183,-0.2485,3.2595,-193.0992,-75.4122
551.0000,0.6326,0.0388,-0.3047,17.6794,-178.9618,-68.6947
498.0000,0.6685,0.0681,-0.3381,30.0534,-168.2290,-61.8931
462.0000,0.7068,0.1277,-0.3496,33.8702,-155.9695,-55.4504
472.0000,0.7480,0.1152,-0.4099,35.0382,-141.5954,-49.7328
542.0000,0.7788,0.1130,-0.4558,38.2519,-126.0840,-42.9771
428.0000,0.8267,0.1147,-0.5093,38.1756,-107.9847,-34.7634
503.0000,0.8369,0.1296,-0.4941,34.8168,-90.0534,-27.7252
515.0000,0.8640,0.1743,-0.5659,37.1603,-73.3359,-21.6870
448.0000,0.8933,0.1533,-0.6187,38.3053,-60.6794,-16.6336
517.0000,0.9038,0.1604,-0.6101,34.1527,-49.2061,-11.7099
471.0000,0.9338,0.1506,-0.5461,28.1679,-34.9924,-6.6641
485.0000,0.9619,0.1555,-0.5022,20.9466,-19.8168,-1.6870
495.0000,1.0164,0.1702,-0.4951,14.4962,-5.4733,2.9542
503.0000,1.0176,0.1580,-0.4905,7.3664,8.9924,6.5496
510.0000,1.0364,0.1392,-0.4626,0.7328,24.9847,9.7328
483.0000,1.0640,0.1333,-0.4377,-6.4046,45.6794,13.3664
511.0000,1.0547,0.1182,-0.4985,-8.5038,62.9924,17.6947
446.0000,1.0225,0.1096,-0.4934,-13.3359,75.3511,20.7405
526.0000,0.9946,0.1455,-0.4749,-23.7557,86.5191,22.1756
539.0000,0.9810,0.1316,-0.3914,-33.5954,94.4046,24.1527
473.0000,0.9653,0.0930,-0.2966,-41.0687,105.1298,26.8626
481.0000,0.9507,0.0588,-0.2219,-43.7710,115.2824,32.1603
509.0000,0.9482,0.0251,-0.1655,-43.2748,125.8626,36.9237
477.0000,0.9373,0.0037,-0.1206,-39.5725,133.8015,41.3435
489.0000,0.9192,-0.0276,-0.0344,-38.1450,140.4504,44.9695
533.0000,0.9272,-0.0425,-0.0266,-39.5267,151.1221,48.0382
483.0000,0.8835,-0.0557,-0.0210,-33.2214,154.0458,49.8168
510.0000,0.8633,-0.0415,0.0117,-34.8626,153.8244,50.9924
510.0000,0.8330,-0.0662,0.0649,-38.1756,150.7099,50.9008
476.0000,0.8242,-0.0679,0.1550,-41.4198,153.8397,51.6412
519.0000,0.8062,-0.0564,0.1965,-46.2824,154.7633,51.8702
503.0000,0.8037,-0.1260,0.2351,-49.6870,160.1145,53.2061
474.0000,0.7876,-0.1807,0.2976,-42.8931,167.6031,56.9924
508.0000,0.7517,-0.1904,0.3232,-26.0840,169.5114,61.2443
517.0000,0.7378,-0.1838,0.3530,-17.5878,170.5954,63.2290
500.0000,0.7158,-0.1987,0.3494,-10.2214,172.0382,62.5496
483.0000,0.6790,-0.2258,0.3855,-4.7328,172.5114,61.6336
528.0000,0.6282,-0.2471,0.4346,-5.9771,168.5191,60.0153
488.0000,0.6277,-0.2551,0.4888,-12.3206,168.0992,58.1679
488.0000,0.6199,-0.2920,0.5630,-16.3893,170.2748,56.4809
522.0000,0.5776,-0.2910,0.5627,-24.3053,167.8092,54.5802
467.0000,0.5586,-0.2961,0.5471,-30.0840,163.7710,52.8092
509.0000,0.5984,-0.2859,0.5613,-29.2290,162.9618,51.0000
508.0000,0.5430,-0.2856,0.6353,-40.6031,161.2901,48.3969
494.0000,0.5076,-0.3484,0.6147,-39.7557,158.0916,46.4046
477.0000,0.5222,-0.3552,0.6077,-34.2061,157.2137,47.0840
536.0000,0.5317,-0.3489,0.6338,-23.7710,159.3740,48.1374
495.0000,0.5051,-0.3196,0.6870,-20.1527,160.3359,48.9771
487.0000,0.4902,-0.3406,0.6904,-10.4198,163.7252,49.5344
523.0000,0.4670,-0.3687,0.6372,3.3130,162.9313,50.6412
496.0000,0.4436,-0.3594,0.5872,10.3053,161.9847,51.7863
489.0000,0.4402,-0.2996,0.6277,12.7252,162.9466,51.9237
513.0000,0.4338,-0.2759,0.6362,4.0153,165.0458,50.8015
492.0000,0.4036,-0.2559,0.6162,-1.0840,164.0000,50.1450
509.0000,0.3730,-0.2813,0.6360,-9.0153,163.0305,49.7176
518.0000,0.3662,-0.2749,0.6682,-16.6641,162.6947,48.9542
495.0000,0.3401,-0.2961,0.6738,-23.3893,159.4427,48.8168
496.0000,0.3342,-0.3093,0.6848,-27.3282,158.9389,50.5191
518.0000,0.3062,-0.3450,0.7827,-25.9542,159.4733,52.5649
495.0000,0.2800,-0.3530,0.8381,-21.0611,162.2901,55.1527
485.0000,0.2668,-0.3757,0.7896,-7.6412,164.6794,57.7405
540.0000,0.2432,-0.4192,0.7947,8.8779,164.3130,60.3282
493.0000,0.2363,-0.4092,0.8643,12.0687,167.6336,62.2977
485.0000,0.2288,-0.3801,0.8279,21.0305,170.0153,63.2290
513.0000,0.1562,-0.3606,0.8418,28.9160,164.0534,61.7710
493.0000,0.1672,-0.3325,0.7710,27.9237,161.4886,58.9084
485.0000,0.1238,-0.3242,0.7917,16.4733,154.0992,55.8168
521.0000,0.1082,-0.3186,0.8457,0.6183,148.8779,50.7252
487.0000,0.1038,-0.3035,0.8638,-19.7939,143.1527,47.7405
477.0000,0.1050,-0.3169,0.8904,-37.0076,139.2061,47.4656
547.0000,0.1057,-0.3394,0.9324,-47.2443,136.9695,47.0611
495.0000,0.0950,-0.3833,1.0293,-48.2290,136.0305,47.3740
480.0000,0.0549,-0.4429,1.1140,-39.2977,133.7252,50.4198
508.0000,0.0359,-0.4758,1.1292,-25.4656,132.9160,54.5573
524.0000,0.0291,-0.4954,1.1226,-3.9618,132.1603,58.1527
481.0000,-0.0007,-0.5098,1.1255,12.8702,127.9771,60.1679
512.0000,0.0117,-0.4995,1.1238,20.5725,127.0763,60.1069
499.0000,0.0154,-0.4851,1.0469,22.4275,126.8321,60.3206
483.0000,0.0164,-0.4326,0.9468,26.2977,124.2443,59.3130
511.0000,0.0093,-0.3936,0.8809,18.9542,117.9771,55.0687
510.0000,0.0286,-0.3679,0.8210,1.3053,111.2290,50.1069
480.0000,0.0398,-0.3594,0.8284,-18.9771,107.1985,44.5344
499.0000,0.0283,-0.3257,0.8833,-37.1145,104.5267,41.9847
523.0000,0.0186,-0.3767,0.9644,-47.4046,104.1756,41.6336
480.0000,-0.0161,-0.4143,1.0283,-54.2824,103.9313,40.0153
475.0000,-0.0664,-0.5002,1.1033,-57.0153,104.4198,38.6718
518.0000,-0.0725,-0.5535,1.0752,-49.9542,109.9008,41.3359
480.0000,-0.1172,-0.5818,1.0425,-28.3664,108.9618,43.4656
512.0000,-0.1458,-0.5769,1.0281,-7.1832,103.5115,42.2672
502.0000,-0.1426,-0.5371,1.0046,6.4962,97.8092,38.6794
479.0000,-0.1484,-0.5344,1.0183,18.3664,93.0382,34.0992
522.0000,-0.1584,-0.5193,1.0156,25.9771,90.1145,30.3282
510.0000,-0.1606,-0.5125,1.0471,28.2519,86.9847,27.1832
480.0000,-0.1770,-0.4995,1.0586,26.9389,87.0611,24.8931
523.0000,-0.1755,-0.4824,1.0576,24.5496,87.1069,23.6870
516.0000,-0.1714,-0.4492,1.0474,23.9313,87.1450,23.5573
487.0000,-0.1794,-0.4294,1.0579,25.8702,87.2443,22.4656
512.0000,-0.1892,-0.4229,1.0239,29.3740,87.3130,20.9389
505.0000,-0.1855,-0.3896,0.9822,37.7023,86.7252,19.9542
502.0000,-0.1897,-0.3809,0.9614,45.6336,85.0992,18.2137
510.0000,-0.1892,-0.3440,0.9031,43.8092,82.4809,15.9618
503.0000,-0.1707,-0.2783,0.8115,46.7405,77.4122,17.1374
484.0000,-0.2153,-0.2664,0.7852,43.1603,66.9847,15.7710
510.0000,-0.2341,-0.2407,0.8372,30.1374,55.1832,10.7405
489.0000,-0.2346,-0.2837,0.9041,15.0076,47.5649,5.0382
518.0000,-0.2283,-0.3459,0.9856,4.6260,43.7557,2.6947
509.0000,-0.2344,-0.4023,1.0413,-1.6260,41.5725,3.1374
501.0000,-0.2593,-0.4546,1.1113,-3.9924,38.1069,4.6947
485.0000,-0.2600,-0.4568,1.1309,-1.5649,35.3359,6.4198
509.0000,-0.2380,-0.4382,1.1204,4.7176,33.0840,7.8626
509.0000,-0.2275,-0.4221,1.1042,11.4809,31.4885,8.7557
481.0000,-0.2104,-0.3882,1.0515,16.5573,29.2672,9.0458
506.0000,-0.1812,-0.3696,0.9976,19.5573,29.0687,9.0153
504.0000,-0.1689,-0.3540,0.9622,22.7176,30.9160,9.0611
489.0000,-0.1558,-0.3108,0.9106,25.6336,33.1145,10.7939
510.0000,-0.1560,-0.3015,0.8833,26.6641,33.7786,12.2061
487.0000,-0.1672,-0.2920,0.8489,24.0153,34.1832,11.9771
503.0000,-0.1611,-0.2659,0.7983,23.2214,33.8550,11.2901
504.0000,-0.1799,-0.2637,0.7578,23.0534,32.7939,10.5802
496.0000,-0.2029,-0.2732,0.7607,19.0000,30.2214,9.0153
438.0000,-0.2117,-0.2766,0.7739,13.5496,27.4198,7.1603
543.0000,-0.2214,-0.2861,0.7891,10.0000,26.9924,6.1527
507.0000,-0.2358,-0.3198,0.8167,7.0916,27.3053,5.7786
480.0000,-0.2480,-0.3362,0.8503,6.6565,26.9008,6.1756
498.0000,-0.2654,-0.3416,0.8796,7.8550,25.7710,7.0992
509.0000,-0.2864,-0.3220,0.9268,9.2595,24.9160,7.5115
501.0000,-0.2949,-0.3257,0.9407,9.7557,23.4733,7.1145
488.0000,-0.3066,-0.3215,0.9597,9.9847,20.3740,5.8397
482.0000,-0.3118,-0.3369,0.9788,8.6718,15.4656,3.0687
517.0000,-0.3086,-0.3276,0.9912,7.4122,10.6718,1.0992
484.0000,-0.3115,-0.3181,0.9907,5.5115,7.0916,-0.5038
518.0000,-0.3086,-0.3242,0.9739,3.6489,4.2748,-1.6107
423.0000,-0.2976,-0.3042,0.9275,2.4885,0.7328,-1.9313
593.0000,-0.3032,-0.3000,0.8867,2.2672,-2.0000,-1.7099
459.0000,-0.3054,-0.2993,0.8835,0.7328,-5.2290,-2.1450
514.0000,-0.3203,-0.2852,0.8972,-11.3740,-10.8244,-3.8702
487.0000,-0.2849,-0.2751,0.8279,-19.2366,-12.3359,-3.0076
582.0000,-0.2778,-0.2537,0.7749,-18.3893,-12.6031,-1.5878
535.0000,-0.3145,-0.2229,0.7800,-19.6107,-19.2672,-2.5573
501.0000,-0.3206,-0.2026,0.8049,-24.3893,-25.5114,-4.6183
505.0000,-0.3354,-0.2278,0.8665,-25.4351,-30.7176,-6.3511
515.0000,-0.3506,-0.2424,0.9197,-29.4809,-35.9008,-7.3435
486.0000,-0.3718,-0.2615,0.9619,-33.5267,-39.7557,-5.9466
551.0000,-0.3711,-0.2893,1.0022,-36.9084,-43.8855,-5.3282
539.0000,-0.3955,-0.3381,1.0549,-38.3435,-49.9847,-5.8550
484.0000,-0.3967,-0.3574,1.1011,-39.3969,-57.4198,-7.7099
528.0000,-0.3794,-0.3743,1.1353,-36.7557,-64.3588,-9.2977
490.0000,-0.3674,-0.3740,1.1804,-28.7023,-70.9695,-10.8321
514.0000,-0.3721,-0.3811,1.2153,-20.6947,-78.5725,-12.9313
491.0000,-0.3789,-0.4006,1.2661,-17.7328,-86.4428,-15.7176
509.0000,-0.3809,-0.4023,1.3279,-18.1527,-94.6107,-18.5802
508.0000,-0.3618,-0.3901,1.3142,-22.3435,-99.7786,-20.5267
577.0000,-0.3674,-0.3918,1.3271,-25.6718,-107.1756,-22.7328
462.0000,-0.3923,-0.4050,1.3779,-29.4885,-117.4886,-27.4962
574.0000,-0.4082,-0.4099,1.3845,-32.4504,-127.3435,-33.3664
521.0000,-0.3857,-0.4246,1.3472,-34.2061,-135.8550,-38.7099
462.0000,-0.3662,-0.5212,1.3284,-35.6641,-144.0992,-43.4656
399.0000,-0.3591,-0.5559,1.2732,-37.1985,-151.3282,-45.4656
559.0000,-0.3220,-0.5554,1.2224,-38.8321,-158.8473,-47.0611
504.0000,-0.3103,-0.5542,1.2231,-41.6870,-172.2366,-50.2748
435.0000,-0.2959,-0.5325,1.2673,-40.1374,-181.5725,-55.6260
575.0000,-0.2751,-0.5110,1.2703,-39.1374,-194.1298,-60.9389
492.0000,-0.2356,-0.5334,1.3137,-39.7328,-204.4962,-64.7710
447.0000,-0.2339,-0.5996,1.3835,-41.1221,-212.6947,-69.0305
444.0000,-0.2324,-0.6294,1.3809,-39.4809,-218.8168,-73.4733
607.0000,-0.2131,-0.6238,1.2866,-34.7328,-225.4886,-74.6565
460.0000,-0.2310,-0.6458,1.3237,-35.7176,-234.7863,-77.8244
459.0000,-0.2163,-0.5928,1.2534,-42.4351,-242.3435,-84.3206
506.0000,-0.1436,-0.5552,1.0803,-41.5496,-248.6031,-88.1985
489.0000,-0.0920,-0.5920,1.0557,-43.2366,-250.1374,-91.6794
491.0000,-0.0989,-0.6252,1.0386,-51.3053,-250.1374,-97.2137
394.0000,-0.0588,-0.5981,0.9534,-46.1374,-250.1374,-98.5267
571.0000,-0.0205,-0.5859,0.8933,-37.6718,-250.1374,-97.3206
532.0000,-0.0256,-0.5969,0.8735,-36.9008,-250.1374,-98.2824
432.0000,-0.0344,-0.5315,0.8301,-32.1679,-250.1374,-100.1908
523.0000,0.0085,-0.4812,0.7568,-26.9695,-250.1374,-101.1069
562.0000,0.0259,-0.4358,0.8020,-30.4427,-250.1374,-103.9618
481.0000,0.0283,-0.4133,0.8416,-40.6718,-250.1374,-110.3740
496.0000,0.0959,-0.3655,0.7859,-44.7099,-250.1374,-116.1756
503.0000,0.1570,-0.3982,0.7573,-47.4504,-250.1374,-119.8092
466.0000,0.1384,-0.3704,0.6606,-52.6336,-250.1374,-122.4504
501.0000,0.2292,-0.3286,0.5154,-47.9771,-250.1374,-122.4275
453.0000,0.2737,-0.3340,0.4182,-40.4809,-250.1374,-122.5191
612.0000,0.2625,-0.3157,0.3496,-32.3130,-250.1374,-123.0534
452.0000,0.2444,-0.3604,0.4124,-20.0305,-250.1374,-121.4580
496.0000,0.2129,-0.3018,0.4402,-12.1908,-250.1374,-121.0534
486.0000,0.2803,-0.1760,0.2937,3.4504,-250.1374,-117.8779
469.0000,0.3223,-0.1558,0.2031,12.6641,-250.1374,-117.8015
500.0000,0.3450,-0.0894,0.1240,10.9771,-250.1374,-117.7252
468.0000,0.4226,-0.0320,0.0151,0.9466,-250.1374,-116.7328
483.0000,0.5222,-0.0581,-0.0684,-17.2672,-250.1374,-115.4275
519.0000,0.5581,-0.0493,-0.0779,-35.0840,-237.8244,-112.4809
472.0000,0.6121,-0.0508,-0.0823,-37.1832,-221.9618,-106.1908
509.0000,0.6560,-0.0410,-0.1267,-32.2595,-205.2977,-99.0382
480.0000,0.6558,-0.0127,-0.2114,-9.8702,-193.6488,-91.9847
479.0000,0.6650,-0.0322,-0.3130,19.1832,-182.1298,-83.0687
505.0000,0.6956,-0.0010,-0.4094,47.2214,-169.5420,-73.8702
483.0000,0.7607,0.0388,-0.4956,68.3970,-155.1450,-65.5725
494.0000,0.8240,0.0657,-0.5500,80.6565,-136.0534,-57.0763
509.0000,0.8474,0.1086,-0.6116,85.1756,-119.5344,-49.9084
517.0000,0.9021,0.1643,-0.7214,81.5954,-100.5115,-42.6565
502.0000,0.9187,0.1731,-0.7559,71.7557,-82.6489,-36.7481
494.0000,0.9187,0.2014,-0.7769,56.8168,-67.2290,-31.1832
518.0000,0.9617,0.2249,-0.7949,37.8321,-48.7939,-25.7252
487.0000,0.9756,0.1868,-0.7571,23.8015,-32.1374,-20.0763
483.0000,0.9834,0.1694,-0.7280,16.3359,-15.5496,-12.4275
505.0000,1.0171,0.1780,-0.6968,15.2137,1.5802,-4.3740
525.0000,1.0327,0.1812,-0.6643,11.9618,18.5573,1.8321
472.0000,1.0417,0.1885,-0.5938,7.6870,35.9389,7.7939
518.0000,1.0415,0.1658,-0.5366,2.9008,55.0458,13.1527
485.0000,1.0386,0.1616,-0.4868,0.2519,75.2137,18.8244
492.0000,1.0254,0.1326,-0.4365,-0.0992,92.5344,24.5344
491.0000,0.9968,0.1082,-0.3892,-0.9542,110.5191,30.5114
518.0000,0.9709,0.0757,-0.3140,0.3664,126.4428,35.9313
471.0000,0.9521,0.0698,-0.2839,0.5344,140.4809,40.8855
506.0000,0.9233,0.0837,-0.2651,0.9084,151.5954,45.5344
484.0000,0.8938,0.0908,-0.2778,4.9313,157.3664,49.5878
492.0000,0.8579,0.0608,-0.2456,3.8321,161.5191,52.5267
539.0000,0.8269,0.0662,-0.1812,2.5802,163.4046,54.9771
475.0000,0.8201,-0.0076,-0.1077,0.0153,169.8168,57.6260
503.0000,0.7842,-0.0369,-0.0469,-3.0382,178.0076,61.0382
553.0000,0.7327,-0.0168,-0.0144,0.8855,178.6641,64.9542
496.0000,0.7185,-0.0710,0.0823,-0.7481,183.1145,67.1679
479.0000,0.7261,-0.1055,0.1846,-6.5954,197.0000,68.6183
513.0000,0.6956,-0.1123,0.1658,0.7405,205.8397,71.7710
499.0000,0.6545,-0.1450,0.1538,12.1298,205.7710,74.6336
485.0000,0.6250,-0.1724,0.2161,19.8321,203.9084,75.9924
513.0000,0.6072,-0.2036,0.3381,25.7176,205.4809,75.6947
481.0000,0.5786,-0.2205,0.4702,22.9466,211.9847,74.2061
478.0000,0.5398,-0.2061,0.4365,25.0076,214.5191,73.0840
539.0000,0.5027,-0.1997,0.4192,25.7786,214.8244,70.5267
480.0000,0.4619,-0.2197,0.4409,15.4046,214.3588,66.6489
484.0000,0.4390,-0.2451,0.4941,5.3053,212.1985,62.9160
519.0000,0.4075,-0.2908,0.5686,-0.9313,208.1603,61.1221
495.0000,0.3853,-0.2986,0.6260,-7.3130,207.0840,60.3664
488.0000,0.3896,-0.3115,0.6260,-8.8626,208.6412,60.4504
518.0000,0.3589,-0.3403,0.6250,0.0763,205.5038,61.4504
502.0000,0.3474,-0.3501,0.6230,11.7710,201.5267,62.3664
485.0000,0.4424,-0.3516,0.7422,21.8321,202.6641,63.8015
509.0000,0.2993,-0.3337,0.8518,15.1374,197.6488,60.8855
525.0000,0.3049,-0.3125,0.8608,10.9084,199.4733,59.8550
467.0000,0.3037,-0.3186,0.8315,18.1221,201.0611,60.0153
498.0000,0.2600,-0.3311,0.8804,20.6718,199.6336,58.3282
521.0000,0.2405,-0.3123,0.8792,20.5802,197.1069,55.9924
472.0000,0.2539,-0.3325,0.8286,21.0916,194.0076,54.2519
509.0000,0.2053,-0.3647,0.7917,23.8855,193.8015,52.6031
503.0000,0.1631,-0.3789,0.8176,25.3817,189.1756,52.6336
482.0000,0.1208,-0.3296,0.8694,23.5191,183.3588,51.9237
496.0000,0.1101,-0.3206,0.8931,14.4885,178.3206,50.3206
513.0000,0.0872,-0.3174,0.9512,2.6565,174.5420,47.4809
482.0000,0.0481,-0.3257,0.9780,-7.6641,170.1832,45.7557
507.0000,0.0251,-0.3398,1.0222,-17.0611,166.4809,44.5573
478.0000,0.0125,-0.3589,1.0654,-22.5573,163.5649,43.7252
524.0000,0.0000,-0.3625,1.1284,-27.2901,157.6641,43.2595
506.0000,0.0015,-0.4045,1.1040,-20.8473,156.9771,43.5420
504.0000,-0.0125,-0.4629,1.1482,-5.7786,157.8244,45.9771
479.0000,-0.0310,-0.5056,1.2124,5.0840,156.5343,48.2061
511.0000,-0.0095,-0.4700,1.1240,14.1069,153.6565,50.4733
501.0000,-0.0237,-0.4272,1.0039,33.4351,148.1985,52.8855
474.0000,-0.0444,-0.4189,0.9971,46.1221,141.5878,52.8092
514.0000,-0.0996,-0.3726,1.0339,42.6794,131.4962,48.5115
501.0000,-0.1057,-0.3088,1.0391,27.5038,122.7710,42.8015
484.0000,-0.1094,-0.3123,1.0586,7.6336,118.5649,37.9466
513.0000,-0.1128,-0.3103,1.0679,-11.9160,112.2748,34.8779
482.0000,-0.1226,-0.2834,1.0662,-35.2366,104.6947,31.5878
507.0000,-0.1221,-0.3054,1.0757,-56.7176,101.5496,29.0458
501.0000,-0.1169,-0.3818,1.0806,-70.3740,99.5267,25.7939
508.0000,-0.1562,-0.4211,1.0945,-71.6870,96.3283,25.5344
481.0000,-0.1511,-0.4678,1.1133,-61.7023,94.5725,27.5420
511.0000,-0.1316,-0.4558,1.0659,-45.0305,96.6336,29.9695
507.0000,-0.1558,-0.4578,1.0039,-30.1832,87.2901,31.1221
486.0000,-0.1643,-0.4558,0.9856,-17.0305,81.7557,30.2443
506.0000,-0.1519,-0.4597,0.9617,1.1832,75.5649,30.0916
509.0000,-0.1294,-0.4175,0.9316,9.4122,72.5420,29.9771
488.0000,-0.1238,-0.3853,0.9248,12.2977,70.7939,28.3817
516.0000,-0.1160,-0.3738,0.9358,10.1756,69.2824,26.3511
499.0000,-0.1060,-0.3699,0.9316,1.9160,67.1832,24.7939
497.0000,-0.0859,-0.3901,0.9412,-6.9847,67.3053,23.4046
506.0000,-0.0769,-0.4019,0.9729,-12.5573,68.5344,22.4962
508.0000,-0.0901,-0.4158,1.0076,-17.2061,69.8626,22.1527
481.0000,-0.1099,-0.4441,0.9846,-18.2443,69.7786,22.8702
507.0000,-0.1208,-0.4460,0.9553,-9.1832,66.7939,24.5267
509.0000,-0.1487,-0.4609,0.9558,3.3435,61.2824,24.1832
485.0000,-0.1611,-0.4626,0.9736,12.0000,55.0763,21.7023
498.0000,-0.1663,-0.4761,1.0073,18.8244,48.7481,17.7863