raw_emg,raw_ax,raw_ay,raw_az,raw_gx,raw_gy,raw_gz
6.0000,-0.1509,-0.3135,0.8459,0.9160,1.5344,-0.2901
6.0000,-0.1455,-0.3071,0.8425,0.8092,1.5954,-0.0763
5.0000,-0.1487,-0.3015,0.8396,0.6336,1.5115,0.1679
5.0000,-0.1462,-0.3049,0.8381,0.4733,1.6565,0.0229
5.0000,-0.1494,-0.3040,0.8406,0.0763,1.3817,0.1679
5.0000,-0.1448,-0.3074,0.8428,-0.2214,1.3588,0.3130
5.0000,-0.1443,-0.3062,0.8433,-0.4733,1.1756,0.2977
5.0000,-0.1487,-0.3130,0.8340,-0.3969,1.0534,0.6031
4.0000,-0.1475,-0.3076,0.8481,-0.6870,0.8626,0.4046
5.0000,-0.1504,-0.3066,0.8484,-0.9008,0.6947,0.3740
5.0000,-0.1494,-0.3047,0.8459,-1.1985,1.0840,0.3664
5.0000,-0.1482,-0.3096,0.8293,-1.3435,0.9771,0.4275
5.0000,-0.1458,-0.3069,0.8345,-1.5038,0.7099,0.8168
5.0000,-0.1375,-0.3079,0.8450,-1.8473,0.7557,0.7023
5.0000,-0.1433,-0.3066,0.8308,-2.0153,0.4351,0.8473
5.0000,-0.1494,-0.3169,0.8386,-2.0687,0.4198,0.8855
4.0000,-0.1443,-0.3154,0.8437,-2.3359,0.2748,1.1069
5.0000,-0.1426,-0.3154,0.8418,-2.0687,0.0916,1.0458
5.0000,-0.1553,-0.3159,0.8433,-2.2443,0.2595,1.1603
5.0000,-0.1462,-0.3110,0.8389,-1.9847,0.5725,1.5344
5.0000,-0.1501,-0.3137,0.8372,-1.5115,0.5496,1.4656
5.0000,-0.1538,-0.3118,0.8420,-1.6794,0.4656,1.2443
5.0000,-0.1523,-0.3108,0.8308,-1.7328,0.6794,1.2672
5.0000,-0.1489,-0.3125,0.8274,-2.1374,0.9008,1.3817
5.0000,-0.1411,-0.3098,0.8286,-2.4962,1.1832,1.1756
5.0000,-0.1484,-0.3086,0.8247,-2.9695,1.3664,1.2366
5.0000,-0.1497,-0.2998,0.8181,-3.0916,1.0382,1.3588
5.0000,-0.1421,-0.2996,0.8230,-3.3588,1.6947,1.0229
5.0000,-0.1460,-0.2922,0.8203,-3.3511,1.8550,1.1908
5.0000,-0.1465,-0.2957,0.8179,-3.3130,2.2290,0.7939
5.0000,-0.1328,-0.3027,0.8137,-3.1527,3.0840,0.6870
5.0000,-0.1301,-0.3081,0.8037,-2.9313,3.8779,0.6794
5.0000,-0.1221,-0.3069,0.8105,-3.0992,4.7863,0.8015
74.0000,-0.1306,-0.3035,0.8086,-3.0153,5.2214,1.1374
85.0000,-0.1301,-0.2964,0.8196,-2.9160,6.1985,0.8855
156.0000,-0.1152,-0.2966,0.8171,-2.4656,7.1832,1.0534
140.0000,-0.1111,-0.2937,0.8335,-2.7863,8.3206,1.1985
110.0000,-0.1123,-0.3025,0.8503,-3.3588,8.7863,1.3282
135.0000,-0.1064,-0.3098,0.8853,-4.4351,9.2366,1.6947
120.0000,-0.0969,-0.3123,0.9116,-5.7786,9.9542,2.5191
186.0000,-0.0991,-0.3325,0.9431,-7.2901,10.1908,2.9542
127.0000,-0.0952,-0.3550,0.9719,-8.8015,9.3664,2.8321
165.0000,-0.1057,-0.3809,0.9985,-9.1145,7.9466,3.3206
212.0000,-0.1218,-0.3835,1.0129,-8.0992,5.7939,3.6641
160.0000,-0.1401,-0.3835,1.0303,-7.9237,3.2214,2.9389
189.0000,-0.1733,-0.4070,1.0266,-7.6412,-0.3282,1.6565
140.0000,-0.2126,-0.4148,1.0432,-5.5496,-6.0992,0.3511
157.0000,-0.2578,-0.3877,1.0801,-8.3588,-14.4962,-1.9771
251.0000,-0.3018,-0.3831,1.1201,-17.3359,-22.9847,-5.4580
202.0000,-0.3591,-0.4102,1.2317,-30.1221,-32.5878,-10.1603
193.0000,-0.4197,-0.4497,1.3662,-41.8168,-43.2137,-14.5191
259.0000,-0.4841,-0.4995,1.4231,-51.6107,-53.7863,-17.9389
196.0000,-0.5476,-0.5505,1.4365,-57.6031,-64.7710,-21.0916
173.0000,-0.5742,-0.5620,1.3813,-60.4885,-77.0305,-25.8779
216.0000,-0.5774,-0.5671,1.3389,-65.6107,-91.1527,-32.2824
206.0000,-0.5623,-0.5696,1.3215,-74.4809,-104.3740,-39.3282
212.0000,-0.5432,-0.5979,1.3325,-85.7939,-118.2824,-47.3435
86.0000,-0.4924,-0.6074,1.3523,-103.3130,-127.2443,-53.6260
412.0000,-0.4568,-0.6326,1.3508,-113.7176,-136.5725,-59.0992
178.0000,-0.4160,-0.6306,1.3503,-118.6031,-145.7405,-65.0076
278.0000,-0.3638,-0.6536,1.3604,-117.4122,-155.4351,-72.3740
238.0000,-0.3240,-0.6995,1.3762,-113.6718,-165.0840,-78.7481
235.0000,-0.2793,-0.6934,1.3728,-109.5878,-173.2901,-83.2366
222.0000,-0.2388,-0.6858,1.2852,-99.6794,-178.3130,-87.0916
234.0000,-0.2058,-0.6748,1.1794,-89.6107,-185.6794,-91.3588
274.0000,-0.1709,-0.6509,1.1191,-81.7252,-196.2137,-95.6183
203.0000,-0.1309,-0.6199,1.0515,-79.9847,-207.6947,-101.4428
314.0000,-0.0784,-0.6685,1.0625,-81.0687,-213.1908,-108.1679
236.0000,-0.0750,-0.7324,1.1125,-78.1679,-220.1679,-114.2748
363.0000,-0.0610,-0.7603,1.1541,-71.1756,-226.1527,-116.4886
184.0000,-0.0452,-0.7798,1.1868,-58.7252,-229.7099,-116.4809
356.0000,-0.0391,-0.7517,1.1296,-39.1527,-230.5267,-114.7481
286.0000,-0.0200,-0.6729,1.0415,-21.8092,-232.6794,-112.5344
254.0000,-0.0300,-0.6082,0.9238,-13.4656,-238.6870,-113.0840
222.0000,-0.0027,-0.5295,0.8486,-0.8397,-246.0611,-115.2901
338.0000,0.0430,-0.4692,0.7864,-4.0229,-248.7023,-117.9771
262.0000,0.0537,-0.4172,0.7871,-6.5420,-250.1374,-123.5802
368.0000,0.0659,-0.3787,0.8071,-14.0992,-250.1374,-127.7405
261.0000,0.0632,-0.4302,0.8394,-20.5191,-250.1374,-131.8015
276.0000,0.0811,-0.4180,0.8389,-31.6947,-250.1374,-133.4809
358.0000,0.1287,-0.4204,0.8047,-24.4580,-250.1374,-131.5191
253.0000,0.0979,-0.4407,0.7966,-30.9542,-250.1374,-130.7252
291.0000,0.0581,-0.4141,0.7241,-25.5649,-250.1374,-130.1832
295.0000,0.0701,-0.3757,0.6125,-18.2901,-250.1374,-128.1374
287.0000,0.0789,-0.3652,0.5791,-9.9695,-250.1374,-128.8626
312.0000,0.0977,-0.3047,0.4841,2.1679,-250.1374,-129.6031
308.0000,0.1704,-0.2266,0.3342,9.8092,-250.1374,-127.8015
275.0000,0.2300,-0.1643,0.2839,8.2595,-250.1374,-127.0611
297.0000,0.2488,-0.1709,0.2778,0.2672,-250.1374,-128.5267
268.0000,0.3167,-0.0854,0.1812,-13.8397,-250.1374,-129.4809
352.0000,0.3772,-0.0498,0.1360,-25.7252,-250.1374,-128.7252
274.0000,0.3821,-0.0356,0.1223,-39.8092,-250.1374,-128.3511
344.0000,0.4292,-0.0437,0.1235,-53.9008,-250.1374,-127.8473
332.0000,0.4932,-0.0281,0.0823,-56.0687,-250.1374,-126.3130
327.0000,0.5232,-0.0708,0.0571,-52.1908,-250.1374,-123.2977
309.0000,0.5447,-0.0740,0.0112,-49.2290,-250.1374,-119.9466
339.0000,0.6011,-0.0737,-0.0686,-35.8550,-250.1374,-115.5344
312.0000,0.6450,-0.0527,-0.1619,-16.7405,-249.0840,-108.8626
315.0000,0.6914,0.0117,-0.2507,4.4656,-240.8244,-100.4351
363.0000,0.7156,0.0457,-0.3677,28.1908,-239.6794,-91.3740
331.0000,0.7402,0.0520,-0.4292,52.2748,-236.5649,-83.7634
346.0000,0.7561,0.0513,-0.5100,72.5344,-232.2595,-75.8702
317.0000,0.7598,0.1321,-0.5881,97.2443,-232.5725,-67.2061
386.0000,0.8330,0.1602,-0.6697,110.6183,-221.8244,-58.6412
397.0000,0.8679,0.2000,-0.7097,123.8473,-210.6260,-49.4504
383.0000,0.9172,0.2205,-0.7717,119.1221,-190.9924,-41.3969
361.0000,0.9297,0.2131,-0.7595,107.9542,-171.1603,-33.2443
382.0000,0.9790,0.2449,-0.7996,84.9771,-149.2672,-23.9618
340.0000,0.9910,0.2305,-0.9016,63.8015,-127.8550,-17.6107
384.0000,1.0264,0.1616,-0.7913,37.7939,-95.6947,-10.2748
370.0000,0.9612,0.0625,-0.7778,20.9924,-72.3970,-4.9313
339.0000,0.9382,0.1147,-0.6863,6.4351,-41.0153,1.4198
361.0000,0.9536,0.0718,-0.6565,9.6412,-21.4122,8.3130
323.0000,0.9568,0.0178,-0.6201,15.3053,1.0153,15.0229
352.0000,0.9395,-0.0073,-0.5798,17.4427,17.7557,20.5878
334.0000,0.9084,-0.0237,-0.5837,15.2977,24.7557,25.8473
332.0000,0.9287,-0.0376,-0.5544,11.5267,38.6336,29.7023
343.0000,0.9844,-0.0542,-0.5251,5.1832,69.8168,31.4885
350.0000,0.9583,-0.0745,-0.4624,-6.8626,94.9695,33.0382
340.0000,0.9070,-0.1079,-0.4031,-11.7252,109.1603,35.1908
349.0000,0.9062,-0.1189,-0.3843,-9.2672,120.1985,38.1450
358.0000,0.9065,-0.1267,-0.3711,-2.8092,132.4809,41.0916
349.0000,0.8909,-0.1333,-0.3794,-1.6641,140.5343,43.9924
367.0000,0.8818,-0.1099,-0.3416,-5.7176,153.4809,45.1908
322.0000,0.8762,-0.1040,-0.3037,-2.7405,161.8855,45.8092
383.0000,0.8594,-0.1067,-0.2881,0.8321,166.1832,45.8779
345.0000,0.8333,-0.1365,-0.2405,5.5420,169.7481,46.2061
347.0000,0.8306,-0.1726,-0.1323,11.8550,178.9313,45.4885
283.0000,0.7864,-0.2131,-0.0742,17.8244,181.6107,44.9008
319.0000,0.8040,-0.1975,-0.0352,17.3206,189.3206,45.2748
318.0000,0.8101,-0.2078,-0.0051,23.3893,196.2748,47.4580
314.0000,0.8215,-0.1985,0.0378,25.1985,206.5496,51.2366
328.0000,0.8157,-0.1736,0.0183,23.3130,213.9542,54.0687
329.0000,0.8115,-0.1372,-0.0393,21.1679,222.1756,56.0840
331.0000,0.7900,-0.1013,-0.0833,20.0992,222.7252,57.4962
337.0000,0.7561,-0.0886,-0.0923,16.7939,219.4504,57.6718
334.0000,0.7241,-0.0930,-0.0200,14.1145,217.6794,55.2977
308.0000,0.7007,-0.1021,0.0247,12.0076,219.5191,53.5878
326.0000,0.6924,-0.1108,0.0129,11.2977,222.5496,53.8015
336.0000,0.6479,-0.1616,0.0520,6.9618,224.3817,55.3130
347.0000,0.5952,-0.2412,0.1392,1.6718,225.0229,57.1221
348.0000,0.6140,-0.2356,0.2104,-2.1221,228.0229,59.8779
327.0000,0.6313,-0.2178,0.2605,4.1298,231.7786,62.8015
355.0000,0.5884,-0.2273,0.2742,3.1374,243.4427,70.8244
360.0000,0.5583,-0.2375,0.3220,7.5649,242.1679,70.8626
360.0000,0.5171,-0.2454,0.2908,16.0305,240.7939,74.6641
351.0000,0.5222,-0.1936,0.2522,17.9924,238.2595,76.7634
358.0000,0.4858,-0.2192,0.3433,13.3130,240.7023,76.3359
394.0000,0.4370,-0.2441,0.3865,1.7786,242.5649,74.7557
360.0000,0.3950,-0.2766,0.4277,-5.4962,244.0000,74.3970
382.0000,0.3503,-0.3174,0.4736,-12.7634,242.4351,75.0076
374.0000,0.3018,-0.3298,0.5190,-21.0534,239.2214,75.8397
375.0000,0.2710,-0.3552,0.6228,-26.0229,239.2519,75.5038
376.0000,0.2207,-0.3782,0.6736,-18.3969,232.5496,75.9084
376.0000,0.2241,-0.3389,0.6812,-12.9771,224.3740,77.1450
374.0000,0.2361,-0.3091,0.7227,-15.5344,221.2443,77.3740
376.0000,0.2317,-0.3022,0.8088,-22.0305,222.4886,74.9389
376.0000,0.2278,-0.3020,0.7905,-23.7634,221.1145,70.2137
378.0000,0.1514,-0.3513,0.7000,-33.3893,218.3435,72.2290
362.0000,0.1177,-0.4182,0.7195,-39.7099,214.9847,72.0153
399.0000,0.1113,-0.4390,0.8059,-45.8397,211.0687,71.8931
371.0000,0.0955,-0.4817,0.8181,-46.2443,212.5954,73.4657
394.0000,0.0623,-0.5198,0.8687,-30.0840,210.7939,75.8015
384.0000,0.0061,-0.5225,0.9165,-12.6794,201.2672,77.7176
384.0000,-0.0181,-0.5464,0.9954,3.7023,196.0076,79.4962
390.0000,-0.0181,-0.5322,1.0244,26.1069,192.8092,81.7405
374.0000,-0.0330,-0.5225,1.0701,50.8168,192.4656,84.6412
388.0000,-0.0381,-0.4827,1.0518,70.0305,191.6031,85.2748
378.0000,-0.0574,-0.4207,0.9844,82.9618,188.0458,83.7176
389.0000,-0.0825,-0.3943,0.9375,73.1908,186.6260,79.3664
386.0000,-0.0913,-0.3689,0.9292,60.7405,183.4122,72.2443
391.0000,-0.1909,-0.3909,0.9319,31.6260,173.4504,64.5802
407.0000,-0.1777,-0.3987,1.0200,11.1756,169.0153,58.2519
387.0000,-0.2292,-0.4360,1.1360,-6.8550,164.1908,54.2290
394.0000,-0.2725,-0.4912,1.2605,-17.7023,158.4275,50.5496
396.0000,-0.2939,-0.5410,1.3391,-20.8626,151.2595,48.0992
382.0000,-0.3232,-0.6135,1.3528,-10.6565,143.0305,47.1527
414.0000,-0.3245,-0.6484,1.3550,-5.3282,139.9771,45.5878
391.0000,-0.3503,-0.6843,1.3872,18.6031,131.7023,42.4809
400.0000,-0.3530,-0.6746,1.3315,36.7099,118.7099,40.9160
392.0000,-0.3052,-0.6335,1.2761,57.0992,111.1221,40.3053
400.0000,-0.2715,-0.6016,1.2146,65.5878,108.6947,38.8244
386.0000,-0.2483,-0.5652,1.1057,74.2672,104.2824,36.7481
399.0000,-0.2593,-0.4905,0.9895,74.7557,95.5038,34.9695
399.0000,-0.2844,-0.4316,0.9756,65.4657,85.0000,31.4885
391.0000,-0.2349,-0.3901,1.0183,56.3053,78.0687,27.5878
398.0000,-0.2236,-0.3906,1.0378,44.0916,74.2137,24.6336
396.0000,-0.2163,-0.3899,1.0759,32.0382,70.4198,23.1985
399.0000,-0.2124,-0.3699,1.1028,24.2214,66.4504,22.7557
402.0000,-0.2024,-0.3894,1.1082,21.7252,61.6947,22.9389
409.0000,-0.2090,-0.4099,1.0837,15.5420,60.7023,22.5267
389.0000,-0.1848,-0.4509,1.0930,7.4809,58.4504,19.1985
399.0000,-0.1597,-0.4541,1.0869,7.2290,55.9084,17.1450
401.0000,-0.1826,-0.4758,1.0862,9.8626,54.7863,19.1527
404.0000,-0.2080,-0.4902,1.0674,10.7634,57.5267,21.3893
399.0000,-0.2275,-0.5054,1.0225,20.9847,55.7099,22.7405
404.0000,-0.2271,-0.4807,0.9680,24.2290,49.5954,23.5573
397.0000,-0.2239,-0.4624,0.9712,27.4885,45.1221,22.2595
399.0000,-0.2378,-0.4587,0.9358,31.6794,42.4656,19.9466
405.0000,-0.2515,-0.4063,0.9192,32.4351,38.9237,18.0153
401.0000,-0.2500,-0.3911,0.8884,31.3206,32.5267,14.8397
402.0000,-0.2854,-0.4128,0.9241,23.7023,24.8550,9.6107
409.0000,-0.3154,-0.4238,1.0200,7.8855,11.2214,2.2443
421.0000,-0.2961,-0.4524,1.1274,-6.0382,-3.0916,-4.4809
394.0000,-0.2434,-0.4934,1.1895,-8.9084,-12.3130,-7.4580
441.0000,-0.1860,-0.4775,1.1965,-4.5191,-14.1832,-6.8626
405.0000,-0.1526,-0.4351,1.1416,8.3282,-12.7710,-5.7405
393.0000,-0.1521,-0.4192,1.0637,19.3817,-12.0229,-3.6107
423.0000,-0.1167,-0.3643,0.9580,20.5878,-7.8779,-1.8397
406.0000,-0.0981,-0.3132,0.8711,23.8779,-3.4504,-0.6336
403.0000,-0.0779,-0.2834,0.7747,19.5802,1.7252,0.2061
431.0000,-0.0852,-0.2512,0.7356,16.3206,5.1603,0.3664
388.0000,-0.0947,-0.2520,0.6890,21.7099,3.9389,0.8550
445.0000,-0.0999,-0.2351,0.6631,21.5573,3.6183,1.7176
385.0000,-0.1162,-0.2241,0.6899,22.4885,2.5954,1.8702
434.0000,-0.1401,-0.2236,0.7043,15.9389,3.7252,1.7939
423.0000,-0.1543,-0.2151,0.7346,5.0305,5.1756,1.9160
433.0000,-0.1956,-0.2266,0.7678,-5.2901,5.1679,2.2366
386.0000,-0.1970,-0.2341,0.8059,-12.1221,3.6870,2.4656
455.0000,-0.2239,-0.2517,0.8604,-18.3359,1.7710,2.0458
404.0000,-0.2395,-0.2883,0.8840,-18.8702,0.0534,1.4122
399.0000,-0.2527,-0.3149,0.9121,-20.5038,-0.2061,1.2214
437.0000,-0.2517,-0.3152,0.9270,-19.7557,-1.7252,1.3053
445.0000,-0.2407,-0.3311,0.9434,-17.7481,-2.7710,1.2977
406.0000,-0.2251,-0.3416,0.9541,-14.7786,-2.8473,1.6489
402.0000,-0.2275,-0.3550,0.9656,-11.2443,-3.8168,1.6947
438.0000,-0.2432,-0.3494,0.9741,-7.5878,-6.0382,1.8092
456.0000,-0.2446,-0.3318,0.9790,-5.3435,-9.9695,0.9924
419.0000,-0.2234,-0.3196,0.9824,-3.6489,-14.2214,-0.0687
432.0000,-0.2187,-0.3208,1.0015,-4.3282,-18.8626,-1.4351
403.0000,-0.2114,-0.3135,1.0181,-8.3130,-22.4275,-3.1145
475.0000,-0.2146,-0.3088,1.0291,-15.8931,-25.5649,-5.0687
425.0000,-0.2043,-0.3379,1.0710,-23.6641,-28.9313,-8.0305
436.0000,-0.2046,-0.3689,1.0886,-30.5267,-32.0534,-11.4733
388.0000,-0.1953,-0.3989,1.1240,-35.3282,-36.4962,-14.7557
481.0000,-0.2283,-0.4160,1.1482,-40.8168,-41.9389,-17.4656
422.0000,-0.2119,-0.4263,1.1899,-44.3664,-42.9237,-19.9313
432.0000,-0.2317,-0.4529,1.1934,-45.5420,-46.7634,-21.9313
376.0000,-0.2554,-0.4763,1.2024,-42.1221,-50.8473,-23.8550
529.0000,-0.2847,-0.4768,1.1960,-36.4122,-55.7481,-25.0153
396.0000,-0.3013,-0.4802,1.2053,-28.6260,-61.7939,-27.0763
417.0000,-0.3193,-0.5071,1.2109,-21.5267,-70.7405,-29.1908
445.0000,-0.3071,-0.4946,1.2480,-17.5114,-78.6489,-30.5496
442.0000,-0.3076,-0.4763,1.2617,-14.9542,-86.0916,-31.5191
417.0000,-0.3057,-0.4585,1.2610,-13.7023,-93.8626,-32.0076
431.0000,-0.3215,-0.4492,1.2451,-13.1603,-102.6489,-32.7405
536.0000,-0.3296,-0.4507,1.2478,-11.0382,-110.6336,-34.7939
388.0000,-0.3335,-0.4319,1.2634,-11.1527,-119.3053,-37.4580
423.0000,-0.3171,-0.4280,1.2791,-12.3511,-126.7481,-40.0305
477.0000,-0.3203,-0.4419,1.2583,-13.6794,-132.6488,-41.7328
378.0000,-0.3357,-0.4290,1.2771,-13.5115,-140.8702,-42.5267
527.0000,-0.3184,-0.4187,1.2603,-14.0000,-149.9618,-44.0382
413.0000,-0.3220,-0.4343,1.2578,-14.6031,-158.3893,-46.1145
476.0000,-0.3411,-0.4482,1.2642,-17.0458,-166.5802,-48.8092
484.0000,-0.3235,-0.4373,1.2551,-17.8244,-170.8626,-50.1145
377.0000,-0.3479,-0.4214,1.2588,-17.0305,-179.2748,-51.0534
475.0000,-0.3574,-0.4324,1.2358,-14.9008,-187.8702,-52.4962
447.0000,-0.3459,-0.4363,1.2009,-11.2519,-196.3817,-54.4046
351.0000,-0.3303,-0.4309,1.1387,-9.6794,-204.4504,-56.6412
533.0000,-0.3218,-0.4299,1.0923,-10.3130,-213.0916,-59.5496
419.0000,-0.2837,-0.4353,1.0576,-16.9313,-220.2901,-62.5496
425.0000,-0.2839,-0.4358,1.1230,-10.7252,-231.1756,-65.4657
394.0000,-0.2659,-0.4097,1.1748,-17.5038,-239.4962,-67.0840
423.0000,-0.2349,-0.3708,1.1943,-27.9466,-243.2824,-69.8015
534.0000,-0.2195,-0.3633,1.1304,-32.3664,-243.9771,-72.2137
429.0000,-0.2600,-0.4241,1.0957,-42.0229,-248.4198,-77.5496
446.0000,-0.2517,-0.4629,1.0471,-44.9924,-250.1374,-81.7557
414.0000,-0.2007,-0.4348,0.9822,-43.2137,-250.1374,-83.5344
454.0000,-0.1802,-0.3662,0.9072,-40.0534,-250.1374,-84.5191
445.0000,-0.1304,-0.3481,0.8657,-42.2824,-250.1374,-87.8550
496.0000,-0.0737,-0.3430,0.8232,-41.8779,-250.1374,-92.4657
433.0000,-0.0078,-0.3459,0.7451,-44.6260,-250.1374,-94.9618
437.0000,0.0325,-0.2976,0.6265,-51.0153,-250.1374,-96.3511
449.0000,0.1238,-0.2312,0.5691,-56.6183,-250.1374,-97.7405
491.0000,0.1631,-0.2126,0.4680,-60.3053,-250.1374,-98.7252
469.0000,0.2202,-0.2036,0.4534,-71.2290,-250.1374,-100.0840
429.0000,0.2322,-0.2451,0.4573,-81.0076,-250.1374,-102.5191
452.0000,0.3123,-0.1445,0.3088,-78.3435,-250.1374,-101.9389
535.0000,0.3528,-0.1399,0.2114,-77.3283,-250.1374,-100.1450
415.0000,0.3870,-0.1714,0.1736,-82.4198,-250.1374,-101.6794
502.0000,0.4133,-0.2073,0.0930,-77.6412,-250.1374,-101.8321
459.0000,0.4780,-0.1841,0.0073,-73.5802,-250.1374,-100.4733
431.0000,0.4839,-0.1807,-0.0396,-62.3359,-250.1374,-98.7023
437.0000,0.5232,-0.1719,-0.0989,-49.0000,-250.1374,-96.6260
408.0000,0.5530,-0.1362,-0.1873,-32.0229,-250.1374,-93.4275
419.0000,0.6089,-0.1641,-0.2407,-15.7099,-250.1374,-89.2366
441.0000,0.6267,-0.1482,-0.2915,6.2443,-250.1374,-84.7023
472.0000,0.6702,-0.0974,-0.4102,25.9924,-250.1374,-79.4046
439.0000,0.7480,-0.0640,-0.4653,40.9695,-250.1374,-73.0840
450.0000,0.7788,-0.0354,-0.5283,54.2901,-239.5802,-68.3970
511.0000,0.7795,0.0330,-0.6003,70.4962,-231.4122,-61.4046
448.0000,0.8091,0.0938,-0.7476,86.5573,-221.7557,-56.5267
455.0000,0.8616,0.0491,-0.8108,91.1069,-201.1298,-49.0229
453.0000,0.8979,0.1257,-0.8647,96.2366,-178.4886,-41.3130
466.0000,0.9307,0.1365,-0.9387,94.9389,-155.8550,-33.3893
535.0000,0.9395,0.1316,-0.9941,87.9695,-134.4733,-24.9084
490.0000,0.9355,0.1118,-1.0344,73.2824,-112.7786,-16.3817
489.0000,1.0063,0.1453,-1.0227,46.5496,-76.2595,-8.9160
473.0000,0.9797,0.1084,-0.9744,40.7328,-49.2901,-1.8015
527.0000,1.0161,0.1323,-0.9197,13.6794,-14.8015,1.8321
475.0000,1.0020,0.1274,-0.8354,11.1756,12.8015,6.0687
527.0000,0.9885,0.0613,-0.7808,10.5038,33.9389,11.2595
514.0000,0.9888,0.0017,-0.7183,9.6336,58.9771,16.6870
468.0000,0.9675,-0.0640,-0.6150,2.0076,86.8855,21.8168
477.0000,0.9871,-0.0437,-0.5740,-18.3359,121.4580,25.5725
474.0000,0.9543,-0.0608,-0.5186,-25.9695,146.3206,28.7328
550.0000,0.9443,-0.0754,-0.4507,-30.2595,163.7939,32.2977
482.0000,0.9124,-0.1309,-0.3923,-29.9084,170.1832,35.4351
489.0000,0.9214,-0.1416,-0.3047,-27.7176,180.8015,37.8092
444.0000,0.9004,-0.1538,-0.2417,-14.7557,188.4580,40.2519
455.0000,0.8782,-0.1545,-0.1995,-12.4427,194.9695,43.0229
506.0000,0.8772,-0.1316,-0.1953,-10.9008,202.7481,46.2672
366.0000,0.8757,-0.1265,-0.2080,-7.0916,208.9008,46.7252
386.0000,0.8362,-0.1106,-0.1675,-7.8397,209.3817,45.8550
402.0000,0.8225,-0.0830,-0.1504,-7.3740,204.4046,45.5420
412.0000,0.8159,-0.0791,-0.1138,-5.3511,202.0687,46.2824
418.0000,0.7905,-0.1350,-0.0417,-4.4427,203.3511,46.9160
418.0000,0.7600,-0.1619,0.0571,-1.7634,205.7481,46.5725
451.0000,0.7473,-0.1738,0.1250,1.1298,206.1756,48.0611
426.0000,0.7341,-0.1719,0.1724,6.4656,210.4504,50.6947
422.0000,0.7305,-0.2273,0.2891,-0.6718,225.3893,54.9160
419.0000,0.6868,-0.2134,0.2886,-1.1756,233.8244,56.7405
454.0000,0.6448,-0.2344,0.3083,2.1832,237.2214,57.8779
433.0000,0.5967,-0.2153,0.3521,-1.5725,234.3893,58.4656
431.0000,0.5740,-0.1956,0.3450,3.4275,227.1985,58.3588
451.0000,0.5581,-0.2168,0.3071,8.1832,219.4656,58.5115
432.0000,0.5366,-0.2407,0.3247,8.6718,215.1679,58.1069
439.0000,0.5012,-0.2686,0.4104,2.7557,212.5114,56.6336
441.0000,0.4736,-0.2927,0.4177,-3.3969,211.7939,55.1298
439.0000,0.4407,-0.2659,0.4265,-10.2901,209.4275,54.6412
517.0000,0.3923,-0.2686,0.4365,-21.5496,204.5114,54.3206
445.0000,0.3560,-0.3359,0.6226,-39.4046,205.2214,52.5420
447.0000,0.3096,-0.3684,0.7625,-47.5191,202.4351,51.3588
438.0000,0.3220,-0.3479,0.8235,-49.6565,199.8702,52.5496
473.0000,0.3101,-0.3364,0.8262,-47.4351,196.6336,55.9771
450.0000,0.2761,-0.4355,0.9351,-40.2061,197.4962,56.0458
448.0000,0.2332,-0.4941,0.9868,-21.4427,192.0992,54.8244
447.0000,0.2529,-0.5183,0.8831,-10.3817,188.8473,57.3969
467.0000,0.2256,-0.5127,0.8091,5.5878,182.9389,60.5496
447.0000,0.2131,-0.4929,0.8181,10.9771,180.7939,60.2137
454.0000,0.2112,-0.4846,0.8064,24.1985,176.8550,58.6870
444.0000,0.1919,-0.4250,0.7322,29.5344,168.1069,56.6260
470.0000,0.1636,-0.3499,0.6829,22.7634,160.3969,55.8702
453.0000,0.1509,-0.3530,0.8008,7.1985,157.7176,52.0153
456.0000,0.1428,-0.3494,0.9556,-9.1985,156.0229,46.9237
443.0000,0.1443,-0.3816,1.0083,-17.8779,153.9771,45.7176
469.0000,0.1284,-0.4133,0.9736,-20.2061,152.2595,47.4351
468.0000,0.1150,-0.4412,0.9829,-16.1603,149.5649,49.8626
445.0000,0.1292,-0.4709,1.0215,-9.5802,149.9389,50.8550
456.0000,0.1494,-0.4775,0.9766,0.7786,148.6870,51.8626
463.0000,0.1519,-0.4478,0.9116,9.2137,147.4275,53.1985
464.0000,0.1338,-0.4363,0.8467,13.6489,146.1756,54.8092
459.0000,0.1790,-0.4036,0.8052,14.7557,149.3206,55.3817
457.0000,0.1289,-0.3945,0.7800,22.0305,143.4351,55.2290
458.0000,0.1033,-0.3711,0.7639,18.6336,137.3130,54.7863
454.0000,0.1008,-0.3445,0.8279,14.2977,133.2214,53.8015
460.0000,0.0862,-0.3420,0.8823,8.7557,132.3359,52.7023
471.0000,0.0762,-0.3284,0.9202,2.9237,130.7176,53.0687
457.0000,0.0571,-0.3418,0.9646,-3.3435,131.9160,53.3511
454.0000,0.0051,-0.3979,1.0454,-11.2366,132.9924,52.0458
452.0000,-0.0242,-0.4473,1.0718,-12.4656,132.8015,51.3588
464.0000,-0.0310,-0.4626,1.0674,-11.0229,135.6488,52.7634
457.0000,-0.0591,-0.4705,1.0288,-4.5038,136.5267,54.7786
452.0000,-0.0762,-0.4709,1.0146,-0.5115,133.8321,53.1298
461.0000,-0.0735,-0.4983,1.0300,6.8397,133.6260,51.5725
461.0000,-0.2300,-0.5835,0.8225,-1.6107,123.7863,50.6718
454.0000,-0.1289,-0.5181,0.9622,19.2366,121.8473,48.0305
459.0000,-0.1550,-0.5281,0.9795,33.7176,120.1985,46.2137
463.0000,-0.1646,-0.4871,0.9541,34.1985,112.9084,46.4198
460.0000,-0.1621,-0.4531,0.9146,29.2901,108.9160,45.6031
462.0000,-0.1748,-0.4438,0.9329,21.1603,105.5649,42.4885
464.0000,-0.2253,-0.4443,0.9932,15.2290,97.3817,38.2519
458.0000,-0.2285,-0.4360,1.0498,6.0000,93.2061,35.3053
451.0000,-0.2246,-0.4265,1.1130,2.0305,89.5649,32.7099
467.0000,-0.2554,-0.4678,1.1235,0.6412,86.8702,29.9466
449.0000,-0.2708,-0.5027,1.1309,-0.4122,82.7481,27.1298
461.0000,-0.2808,-0.5212,1.1113,0.6794,77.6489,24.7634
449.0000,-0.2969,-0.5378,1.0999,5.8550,71.0305,23.3817
476.0000,-0.2961,-0.5503,1.0669,9.8473,67.4809,21.3969
440.0000,-0.2725,-0.5493,1.0823,20.5114,62.1374,19.1069
481.0000,-0.2405,-0.5674,1.0618,26.4504,58.6794,17.0000
446.0000,-0.2195,-0.5515,1.0657,34.0305,56.7252,17.7557
450.0000,-0.2217,-0.5261,1.0327,42.2366,57.4809,21.1450
466.0000,-0.2253,-0.4839,0.9460,46.5802,55.6718,22.6794
461.0000,-0.2280,-0.4236,0.8623,45.2595,46.8321,21.1374
449.0000,-0.2109,-0.3733,0.8540,37.8702,37.1527,17.8168
464.0000,-0.1914,-0.4031,0.9014,30.9160,31.4809,13.7176
456.0000,-0.1963,-0.4167,0.9402,24.3435,26.4504,10.0305
456.0000,-0.2109,-0.4275,0.9834,18.2290,21.7405,7.7023
479.0000,-0.2009,-0.4377,1.0195,14.7634,17.2366,6.5115
462.0000,-0.1904,-0.4492,1.0322,12.5878,14.7939,5.9618
459.0000,-0.1733,-0.4622,1.0417,11.7557,14.7328,6.5573
461.0000,-0.1726,-0.4629,1.0249,11.6718,14.8321,6.8626
471.0000,-0.1682,-0.4490,0.9922,12.0076,14.1450,6.8626
467.0000,-0.1633,-0.4216,0.9675,12.3740,13.1985,6.4427
468.0000,-0.1670,-0.4109,0.9441,12.5725,12.4809,5.0000
452.0000,-0.1724,-0.4026,0.9126,13.1374,12.0305,4.0000
484.0000,-0.1807,-0.3843,0.9067,13.5496,12.4046,4.3053
459.0000,-0.1804,-0.3521,0.8821,14.1145,12.5191,4.6718
474.0000,-0.1821,-0.3286,0.8623,15.0916,12.1221,5.1221
460.0000,-0.1882,-0.3013,0.8525,16.2977,11.0840,5.3969
477.0000,-0.2012,-0.3008,0.8396,16.2519,9.1450,5.2977
469.0000,-0.1992,-0.3137,0.8352,17.5725,6.5344,4.1450
463.0000,-0.2090,-0.3135,0.8420,17.7634,3.1832,2.7023
467.0000,-0.2087,-0.3110,0.8337,19.0687,-0.0382,1.2824
493.0000,-0.2002,-0.3196,0.8083,20.9160,-2.1450,1.4427
463.0000,-0.2043,-0.3057,0.8137,17.8015,-2.3282,1.7863
474.0000,-0.2078,-0.2937,0.8284,12.7786,-1.2061,1.8626
480.0000,-0.1941,-0.2705,0.8318,9.0687,0.8550,2.0687
477.0000,-0.1892,-0.2678,0.8193,6.9466,2.8321,2.0000
471.0000,-0.1943,-0.2617,0.8105,5.6641,3.3969,2.2824
496.0000,-0.1882,-0.2549,0.8145,4.9771,3.6031,2.3053
481.0000,-0.1738,-0.2500,0.8127,4.4351,3.7023,2.2748
479.0000,-0.1582,-0.2505,0.8188,3.8473,3.5496,2.8931
473.0000,-0.1399,-0.2512,0.8293,-1.8168,3.9389,3.9313
468.0000,-0.1377,-0.2617,0.8489,-9.0305,7.4580,4.8015
479.0000,-0.1365,-0.2664,0.8459,-13.6183,8.9542,5.8473
480.0000,-0.1560,-0.2898,0.8708,-18.7863,6.7634,6.3435
481.0000,-0.1614,-0.2874,0.8923,-26.4885,5.0229,6.3282
484.0000,-0.1782,-0.3196,0.9307,-28.6031,3.4351,6.2977
413.0000,-0.1956,-0.3367,0.9729,-31.3740,2.4809,6.4504
532.0000,-0.2051,-0.3342,0.9658,-33.5496,1.4580,7.4046
440.0000,-0.2217,-0.3655,0.9634,-33.1145,-0.7099,8.2443
454.0000,-0.2322,-0.3826,0.9946,-31.9084,-3.5191,8.8244
481.0000,-0.2393,-0.3843,1.0295,-29.0153,-6.1985,9.3053
464.0000,-0.2681,-0.3965,1.0615,-29.3206,-7.2824,9.3435
440.0000,-0.2966,-0.4053,1.0842,-23.4962,-11.3359,7.3282
501.0000,-0.3274,-0.4258,1.1001,-20.5344,-17.8779,5.9389
458.0000,-0.3398,-0.4192,1.0911,-19.1374,-26.3969,4.7328
485.0000,-0.3386,-0.3901,1.1316,-17.8321,-34.9695,1.6870
467.0000,-0.3594,-0.3760,1.1387,-21.9237,-44.7557,-3.0458
444.0000,-0.3589,-0.3655,1.1602,-32.1527,-55.2519,-9.7939
471.0000,-0.3704,-0.4009,1.1846,-39.0687,-66.1908,-15.4504
482.0000,-0.4004,-0.4246,1.2310,-53.0076,-75.4428,-19.0076
484.0000,-0.4067,-0.4551,1.3130,-62.3588,-82.3893,-22.1298
441.0000,-0.4268,-0.4817,1.3555,-65.6718,-90.5649,-25.9313
462.0000,-0.4399,-0.5300,1.3762,-64.8626,-97.9542,-29.1985
480.0000,-0.4426,-0.5742,1.3772,-60.8321,-103.9160,-32.4351
460.0000,-0.4521,-0.6213,1.4321,-50.5573,-110.5496,-35.5038
495.0000,-0.4563,-0.5999,1.4131,-37.7786,-120.2748,-38.1908
434.0000,-0.4590,-0.5981,1.3806,-31.7939,-129.8321,-41.3664
531.0000,-0.4587,-0.6128,1.3887,-21.1756,-141.1374,-44.0305
462.0000,-0.4553,-0.5850,1.3755,-11.0687,-152.4809,-45.6336
466.0000,-0.4348,-0.5286,1.3494,-6.1374,-163.3664,-47.9618
471.0000,-0.4109,-0.5288,1.3125,-2.9847,-174.8931,-51.5420
439.0000,-0.3638,-0.5054,1.2759,-3.2519,-186.4504,-54.7863
486.0000,-0.3254,-0.4810,1.2053,-7.7405,-196.9237,-57.7099
476.0000,-0.2834,-0.4709,1.2090,-13.4122,-205.9389,-61.5802
406.0000,-0.2686,-0.4563,1.2234,-22.7328,-215.9160,-66.5802
467.0000,-0.2224,-0.4443,1.1685,-29.0076,-225.8092,-69.3664
469.0000,-0.2153,-0.4424,1.1936,-37.7863,-231.1756,-71.9847
524.0000,-0.1941,-0.4563,1.2576,-50.5038,-233.0305,-76.1298
440.0000,-0.2070,-0.5015,1.2583,-52.0763,-237.2214,-78.6794
444.0000,-0.2183,-0.5054,1.1946,-45.0382,-241.0229,-78.3359
526.0000,-0.2498,-0.5088,1.1287,-33.8855,-247.3206,-78.3664
440.0000,-0.2427,-0.5288,1.1216,-23.9847,-250.1374,-79.9237
462.0000,-0.2085,-0.4875,1.0386,-18.4962,-250.1374,-80.1069
494.0000,-0.1675,-0.4495,0.9189,-13.7023,-250.1374,-81.2977
463.0000,-0.1387,-0.4060,0.8091,-15.7481,-250.1374,-82.5954
484.0000,-0.0820,-0.3303,0.7363,-25.1908,-250.1374,-85.6641
470.0000,-0.0071,-0.3188,0.6609,-33.4885,-250.1374,-89.5954
475.0000,0.0195,-0.3413,0.7163,-48.2595,-250.1374,-94.8244
466.0000,0.0625,-0.3081,0.6648,-60.3053,-250.1374,-98.3511
504.0000,0.1304,-0.3254,0.6411,-64.4275,-250.1374,-99.0840
451.0000,0.1213,-0.4531,0.7954,-66.0916,-250.1374,-102.1908
483.0000,0.1128,-0.4763,0.7676,-57.8015,-250.1374,-102.3511
465.0000,0.1489,-0.4324,0.5964,-31.5954,-250.1374,-97.2977
466.0000,0.1057,-0.4075,0.5710,-11.1374,-250.1374,-95.0382
465.0000,0.1641,-0.3354,0.4580,4.7481,-250.1374,-93.3511
497.0000,0.2334,-0.2100,0.2383,21.0916,-250.1374,-91.1145
413.0000,0.2734,-0.1628,0.0940,23.6565,-250.1374,-89.8702
479.0000,0.3083,-0.1860,0.1033,11.0992,-250.1374,-91.5115
449.0000,0.3481,-0.1345,0.0562,3.2901,-250.1374,-91.9466
447.0000,0.3826,-0.1477,0.0464,-8.2443,-250.1374,-91.2672
470.0000,0.3926,-0.1370,-0.0203,-16.9389,-250.1374,-90.1603
458.0000,0.4075,-0.1729,-0.0896,-12.4962,-250.1374,-85.9771
507.0000,0.4272,-0.1897,-0.1348,-10.5649,-250.1374,-81.9084
465.0000,0.4648,-0.1482,-0.1746,-0.7481,-250.1374,-77.3588
491.0000,0.5630,-0.1228,-0.2136,0.8015,-250.1374,-75.1756
472.0000,0.5737,-0.0962,-0.2764,6.4351,-250.1374,-73.5878
463.0000,0.6208,-0.1111,-0.3113,-1.6336,-250.1374,-71.6947
424.0000,0.6721,-0.0608,-0.3770,-7.5267,-247.1832,-69.1908
477.0000,0.7305,-0.0603,-0.4919,-13.4580,-227.0382,-65.5725
491.0000,0.7153,-0.0530,-0.6233,-14.5267,-212.3206,-60.7786
494.0000,0.7563,-0.0317,-0.7617,-7.3664,-196.6947,-55.8779
451.0000,0.7954,-0.0732,-0.8223,3.0992,-180.1221,-52.4046
465.0000,0.8076,-0.0698,-0.8850,18.5802,-169.4809,-48.0000
498.0000,0.8704,-0.0144,-0.9739,34.0229,-152.9771,-41.7252
463.0000,0.9126,-0.0049,-1.0195,41.3053,-131.6031,-35.4885
478.0000,0.9265,-0.0283,-1.0151,45.8397,-107.4886,-30.4580
471.0000,1.0562,0.0398,-1.0203,8.2519,-69.3740,-25.4198
460.0000,1.0349,0.0903,-0.9873,-17.5344,-28.6107,-17.9466
484.0000,0.9553,0.0574,-0.9397,-2.1908,-8.6870,-11.3435
472.0000,1.0063,0.0596,-0.8965,-15.8855,19.1603,-8.1679
456.0000,0.9697,-0.0076,-0.8523,3.7634,36.0153,-1.3359
454.0000,0.9521,-0.1008,-0.7913,30.2595,49.4427,5.6107
553.0000,0.9380,-0.1011,-0.7869,36.6107,60.7863,10.6489
455.0000,1.0176,-0.0532,-0.6777,31.6641,95.0687,14.8550
473.0000,1.0083,-0.0627,-0.6030,17.6870,131.3588,20.1221
463.0000,0.9683,-0.0144,-0.5735,-16.5878,159.9924,22.5649
526.0000,0.9412,-0.0068,-0.5010,-35.2519,182.4886,25.5420
475.0000,0.9146,-0.0620,-0.4626,-53.2901,195.1374,28.2824
480.0000,0.9031,-0.1042,-0.3799,-63.6183,210.0611,30.2748
456.0000,0.8628,-0.1294,-0.2671,-54.3664,218.6870,32.9237
469.0000,0.8347,-0.1521,-0.2075,-40.9008,222.5191,36.4580
465.0000,0.8152,-0.1484,-0.1951,-29.5267,223.9313,39.0687
460.0000,0.8206,-0.1077,-0.1914,-21.6489,225.7176,40.8015
439.0000,0.7856,-0.1165,-0.1775,-21.2824,224.6794,41.4275
449.0000,0.7822,-0.1118,-0.1143,-28.8473,227.1145,41.3817
451.0000,0.7393,-0.1616,-0.0261,-25.9237,225.3282,40.9771
494.0000,0.7327,-0.1287,0.0476,-23.7328,224.9542,42.5191
469.0000,0.7166,-0.1411,0.0720,-16.6641,223.2061,45.1908
459.0000,0.7039,-0.1709,0.1025,-17.3588,226.2443,49.0382
474.0000,0.7004,-0.1902,0.1792,-18.8015,234.8931,52.1527
466.0000,0.6663,-0.2039,0.2007,-20.8473,239.3053,54.3664
442.0000,0.6187,-0.1926,0.2156,-25.7328,236.0687,56.7252
477.0000,0.5894,-0.1812,0.2903,-26.5114,234.7633,58.7252
454.0000,0.5959,-0.2131,0.3523,-25.4198,233.2443,60.0992
468.0000,0.5464,-0.2305,0.4053,-12.2901,229.3893,61.8473
470.0000,0.5225,-0.2607,0.3879,-1.3740,222.8397,64.5954
455.0000,0.5039,-0.2446,0.3992,0.2366,218.6641,66.7710
456.0000,0.4648,-0.2798,0.4980,4.0534,219.2977,66.9542
469.0000,0.4382,-0.2903,0.5371,-0.2137,219.5802,67.7863
478.0000,0.4243,-0.2722,0.5151,-1.7557,219.2214,68.6870
451.0000,0.3440,-0.3315,0.6038,-8.1985,219.3664,69.0687
464.0000,0.2988,-0.3479,0.6956,-21.1756,218.4809,67.4733
476.0000,0.2385,-0.3450,0.7061,-19.8244,209.8244,70.5115
456.0000,0.2610,-0.3584,0.7676,-15.0305,206.0000,70.3053
481.0000,0.2185,-0.3667,0.8323,-19.6947,205.2977,69.1832
465.0000,0.2275,-0.3767,0.8855,-12.8168,201.5343,65.6947
468.0000,0.2107,-0.4060,0.8328,-11.8092,194.8015,66.5191
470.0000,0.2019,-0.3816,0.8437,-4.1527,188.2137,67.5573
474.0000,0.2053,-0.4058,0.7917,-2.5496,185.1756,69.1679
470.0000,0.2234,-0.3735,0.7188,2.5115,183.4122,69.7405
478.0000,0.1995,-0.4011,0.6748,11.7863,183.4962,70.7557
473.0000,0.1277,-0.3943,0.7910,-1.6870,179.2366,68.6718
469.0000,0.1228,-0.4182,0.8835,-3.7557,174.0305,66.3664
478.0000,0.1489,-0.4075,0.9314,0.1985,174.6488,67.4428
479.0000,0.1121,-0.4041,0.9587,8.1832,174.7405,70.6565
470.0000,0.0979,-0.4072,0.9744,11.2061,176.2443,70.7863
477.0000,0.0625,-0.4355,0.9785,18.5878,171.9389,68.6336
473.0000,0.0300,-0.4465,0.9612,21.9237,164.4504,66.9389
474.0000,0.0342,-0.4387,0.9172,23.0763,158.7023,65.8779
481.0000,0.0432,-0.4573,0.9045,18.2748,157.9924,64.7557
471.0000,0.0374,-0.4578,0.9377,16.1908,159.0916,62.8092
467.0000,0.0454,-0.4646,0.9065,15.7023,157.2443,61.2366
495.0000,0.0032,-0.4539,0.8704,12.9542,147.9160,61.2672
472.0000,0.0061,-0.4624,0.9241,5.3664,144.8321,60.2595
485.0000,-0.0181,-0.4658,1.0120,5.5115,141.9847,57.8855
479.0000,-0.0391,-0.4807,1.0698,3.6947,140.7405,56.2443
473.0000,-0.0493,-0.4641,1.1274,6.5573,138.0611,55.3588
470.0000,-0.0916,-0.4700,1.1501,12.4046,131.3588,55.2366
491.0000,-0.0706,-0.4934,1.1228,12.3893,130.2137,55.4122
470.0000,-0.0728,-0.5061,1.0754,12.1221,130.1756,54.7710
479.0000,-0.0723,-0.5054,1.0837,19.4962,129.2366,53.5191
485.0000,-0.0928,-0.5186,1.0178,20.4275,124.4275,51.0000
467.0000,-0.0740,-0.5146,1.0676,14.8168,124.4351,47.0153
486.0000,-0.0969,-0.5715,1.0217,18.2824,125.6641,44.5115
489.0000,-0.1479,-0.5359,0.9624,22.5725,120.5802,43.4962
484.0000,-0.2070,-0.4895,0.9348,26.7252,106.9847,41.0153
487.0000,-0.1833,-0.4761,0.9478,20.6107,98.9695,35.0916
489.0000,-0.1899,-0.5015,0.9556,13.8626,93.4962,30.2366
482.0000,-0.1963,-0.5151,0.9998,16.9084,88.6260,27.0153
485.0000,-0.2190,-0.5129,0.9954,11.2061,85.0611,26.0458
492.0000,-0.2217,-0.5422,1.0640,10.5649,80.5496,25.5344
484.0000,-0.2261,-0.5583,1.1150,14.5344,76.2977,25.4733
489.0000,-0.2180,-0.5430,1.1311,18.7634,74.9618,26.2672
488.0000,-0.2214,-0.4978,1.1282,25.8397,73.7557,26.3740
484.0000,-0.2158,-0.4956,1.0903,34.7328,70.9618,26.5649
483.0000,-0.1787,-0.4736,1.0796,47.3664,66.5878,25.7481
494.0000,-0.1572,-0.4792,1.0391,52.3740,62.0382,23.3893
487.0000,-0.1433,-0.4236,1.0698,61.7634,59.9237,21.9618
485.0000,-0.1504,-0.4175,1.0630,65.2672,62.3893,23.2061
492.0000,-0.1819,-0.4165,1.0217,61.8702,63.1756,23.3664
487.0000,-0.1804,-0.3870,0.9292,53.8702,60.8168,23.0229
486.0000,-0.1609,-0.3433,0.8757,47.8931,56.8626,21.3893
491.0000,-0.1755,-0.3308,0.8806,39.5649,52.2672,18.6641
486.0000,-0.1843,-0.3271,0.8892,30.4656,47.4427,14.9924
488.0000,-0.1943,-0.3296,0.9197,21.7099,43.0153,11.1450
491.0000,-0.1934,-0.3718,0.9172,17.6031,38.4504,8.2214
486.0000,-0.2366,-0.4082,0.9795,6.9237,30.3206,5.1527
475.0000,-0.2744,-0.4272,1.0774,-11.3588,15.1221,0.7023
503.0000,-0.2720,-0.4753,1.2244,-20.8168,-0.5573,-3.2214
490.0000,-0.2595,-0.5054,1.3032,-17.7634,-13.1832,-4.9389
490.0000,-0.2183,-0.4929,1.3228,-0.2824,-20.3130,-3.8779
490.0000,-0.1814,-0.4456,1.2732,15.1985,-22.1832,-1.3359
483.0000,-0.1406,-0.4063,1.1750,19.1145,-17.1908,1.4504
484.0000,-0.1089,-0.3381,1.0579,20.0076,-9.2672,3.0763
496.0000,-0.1030,-0.3057,0.9463,18.7328,-1.9695,5.4198
509.0000,-0.1052,-0.2739,0.8127,8.8550,5.6870,6.7176
474.0000,-0.0947,-0.2544,0.7458,5.6107,11.0382,5.5344
494.0000,-0.1289,-0.2671,0.6963,14.3206,7.3740,4.3282
493.0000,-0.1284,-0.2578,0.6614,14.5267,4.8626,4.2061
481.0000,-0.1360,-0.2217,0.6790,18.9313,3.4198,3.4962
495.0000,-0.1453,-0.2310,0.6753,19.0687,3.6336,3.5496
470.0000,-0.1616,-0.2068,0.7051,9.6489,5.8626,3.5496
481.0000,-0.1782,-0.2090,0.7573,-0.2672,9.6565,3.2366
492.0000,-0.1868,-0.2144,0.7810,-6.4351,11.0000,2.5878
486.0000,-0.2048,-0.2385,0.8232,-7.5191,10.1069,2.0840
473.0000,-0.2249,-0.2725,0.8547,-9.0305,9.4733,1.6260
464.0000,-0.2292,-0.2996,0.8835,-8.6183,8.8397,1.9695
500.0000,-0.2351,-0.3098,0.8933,-9.1527,8.0992,3.0611
463.0000,-0.2351,-0.3154,0.8821,-9.9466,6.1069,3.2214
477.0000,-0.2261,-0.3083,0.9031,-12.0000,2.1374,2.6565
491.0000,-0.1895,-0.2927,0.9287,-14.5649,-1.4046,2.1832
463.0000,-0.1558,-0.2800,0.9561,-19.2901,-1.3511,2.6412
511.0000,-0.1191,-0.2678,0.9146,-24.0916,0.2824,3.1450
468.0000,-0.0942,-0.2666,0.9155,-27.5038,-0.9466,3.0458
495.0000,-0.0657,-0.2705,0.9241,-32.0534,-5.0534,3.6183
466.0000,-0.0525,-0.2842,0.9424,-34.0916,-9.0153,4.8244
481.0000,-0.0349,-0.3213,0.9717,-35.6870,-9.7023,5.7786
482.0000,-0.0605,-0.3550,1.0173,-35.3664,-11.9618,6.8626
498.0000,-0.0735,-0.3818,1.0388,-35.3359,-13.6031,9.6412
485.0000,-0.1128,-0.3816,1.1094,-35.6565,-16.2672,10.8168
483.0000,-0.1560,-0.4097,1.1335,-31.1221,-22.6870,10.5649
471.0000,-0.1877,-0.4216,1.1453,-34.4351,-28.5802,8.9008
489.0000,-0.2065,-0.4009,1.1721,-35.9160,-35.7786,4.3664
485.0000,-0.2371,-0.4248,1.2007,-39.5191,-44.2672,-2.1450
427.0000,-0.2957,-0.4172,1.2375,-46.9695,-54.2366,-6.9542
540.0000,-0.3384,-0.4500,1.2722,-51.9466,-63.2595,-10.8550
512.0000,-0.3862,-0.4783,1.3010,-60.1985,-71.3435,-15.1603
469.0000,-0.4163,-0.5076,1.3464,-64.0153,-79.0229,-20.0916
465.0000,-0.4609,-0.5344,1.3616,-67.1145,-87.1450,-24.2366
534.0000,-0.4800,-0.5452,1.3762,-66.0382,-97.8321,-26.5038
461.0000,-0.4897,-0.5491,1.3994,-61.2443,-105.1603,-29.5573
483.0000,-0.4868,-0.5898,1.3967,-55.7405,-114.9695,-33.4122
465.0000,-0.4844,-0.6089,1.3855,-46.0382,-126.1679,-36.5573
510.0000,-0.4756,-0.5972,1.3708,-35.0076,-136.3893,-38.3893
522.0000,-0.4700,-0.5796,1.3662,-24.5191,-147.6183,-41.2595
434.0000,-0.4749,-0.5679,1.3623,-16.7863,-159.1450,-44.1908
526.0000,-0.4739,-0.5505,1.3467,-12.4809,-171.1832,-47.5725
507.0000,-0.4673,-0.5212,1.3210,-13.5115,-181.7099,-50.6641
497.0000,-0.4436,-0.5129,1.2949,-18.9618,-189.7557,-54.3359
457.0000,-0.4253,-0.5334,1.2737,-24.1527,-198.8931,-58.4504
474.0000,-0.3960,-0.5164,1.2603,-25.1603,-206.9313,-61.6260
457.0000,-0.3562,-0.5251,1.2266,-23.4809,-214.3969,-65.2595
551.0000,-0.3291,-0.5342,1.1448,-22.2977,-219.9084,-68.4580
472.0000,-0.3247,-0.5588,1.1685,-15.9847,-226.6488,-71.7252
483.0000,-0.3020,-0.5527,1.1177,-14.8550,-232.5649,-73.4733
432.0000,-0.2783,-0.4983,1.0969,-12.2672,-236.6870,-74.9466
522.0000,-0.2507,-0.4746,1.0176,-9.6031,-239.2366,-76.5725
486.0000,-0.2659,-0.4653,0.9944,-9.7863,-246.9008,-79.1374
456.0000,-0.2207,-0.4678,0.9661,-11.2519,-250.1374,-82.9313
421.0000,-0.1890,-0.4966,0.8914,-7.1069,-250.1374,-85.3740
623.0000,-0.1602,-0.4526,0.8342,-4.8855,-250.1374,-85.3740
425.0000,-0.1094,-0.4517,0.8535,-7.0153,-250.1374,-85.4198
454.0000,-0.0547,-0.4436,0.8501,-4.1832,-250.1374,-87.0840
445.0000,-0.0308,-0.4099,0.8408,1.6183,-250.1374,-87.3130
532.0000,-0.0122,-0.3730,0.8113,0.5954,-250.1374,-85.7023
491.0000,0.0225,-0.3679,0.7114,4.7252,-250.1374,-85.0153
465.0000,0.0320,-0.3257,0.6123,7.5954,-250.1374,-84.3359
490.0000,0.0542,-0.2961,0.5864,1.2443,-250.1374,-84.1985
474.0000,0.1267,-0.2651,0.5186,-10.7176,-250.1374,-85.6107
460.0000,0.1792,-0.2341,0.4204,-19.8855,-250.1374,-86.6260
474.0000,0.2249,-0.2581,0.4353,-38.6183,-250.1374,-87.4504
481.0000,0.2266,-0.2666,0.4968,-54.3588,-250.1374,-89.4809
480.0000,0.3083,-0.2627,0.4258,-64.2977,-250.1374,-89.5496
460.0000,0.3254,-0.2842,0.3704,-65.3283,-250.1374,-87.3588
487.0000,0.3176,-0.2979,0.3489,-64.3970,-250.1374,-86.9618
472.0000,0.3650,-0.2485,0.2080,-55.3588,-250.1374,-86.3511
485.0000,0.4067,-0.2007,0.0229,-39.5649,-250.1374,-85.1069
479.0000,0.4172,-0.1592,-0.1455,-30.1145,-250.1374,-82.8168
536.0000,0.4785,-0.1055,-0.2463,-32.5878,-250.1374,-82.2214
475.0000,0.5764,-0.0750,-0.2793,-33.0687,-250.1374,-82.6641
468.0000,0.6047,-0.1375,-0.2556,-34.5420,-250.1374,-83.1145
454.0000,0.6226,-0.0798,-0.3176,-36.8168,-250.1374,-81.2748
478.0000,0.6970,-0.0369,-0.3892,-29.2595,-250.1374,-76.9695
483.0000,0.7095,-0.0325,-0.4695,-9.9466,-250.1374,-71.2595
487.0000,0.7205,0.0066,-0.5566,14.0229,-250.1374,-65.8397
459.0000,0.7981,-0.0361,-0.6616,27.4885,-234.7863,-58.8855
525.0000,0.8579,-0.0095,-0.7769,39.9160,-208.4351,-53.5191
471.0000,0.8530,0.0125,-0.8472,48.0611,-185.8626,-47.7863
480.0000,0.8643,0.0391,-0.9329,51.1756,-168.9542,-42.0000
504.0000,0.8860,0.0818,-1.0017,55.3282,-149.0534,-36.0305
477.0000,0.9309,0.0642,-1.0283,55.6489,-120.7405,-29.3435
468.0000,0.9502,0.0703,-1.0120,46.2366,-88.0992,-21.0687
464.0000,0.9722,0.0732,-1.0227,26.3359,-50.3664,-13.0305
495.0000,0.9700,0.0828,-1.0222,11.0153,-14.0687,-5.3511
456.0000,0.9780,0.0940,-1.0134,-1.6794,19.3588,-0.1298
454.0000,0.9863,0.0972,-0.9536,-7.6412,48.4580,3.8779
479.0000,0.9580,0.0654,-0.8767,-11.5496,68.5878,7.7176
499.0000,0.9465,0.0300,-0.7996,-16.1069,88.3206,12.8092
473.0000,0.9302,-0.0181,-0.7415,-28.4275,111.0611,18.9008
467.0000,0.9402,-0.0232,-0.6543,-36.8397,138.3359,25.1603
531.0000,0.9060,-0.0481,-0.5718,-42.5878,156.1450,29.7786
468.0000,0.9004,-0.0525,-0.5032,-47.4046,175.9466,34.0076
558.0000,0.8608,-0.0762,-0.4331,-41.0611,187.9466,37.8092
468.0000,0.8496,-0.1147,-0.3711,-39.6260,203.2366,41.5115
471.0000,0.8325,-0.1338,-0.3384,-32.5496,211.0611,45.1908
482.0000,0.7979,-0.1240,-0.3301,-27.1450,213.8626,48.5725
478.0000,0.7905,-0.1301,-0.2896,-29.7863,216.8168,51.2214
473.0000,0.7800,-0.1665,-0.1948,-33.7099,222.4962,52.3130
477.0000,0.7520,-0.2405,-0.0701,-35.2443,229.5267,52.3053
463.0000,0.7080,-0.2498,0.0073,-29.4351,229.7176,53.9237
515.0000,0.7000,-0.2258,0.0293,-21.5725,227.3588,56.1985
462.0000,0.7007,-0.2380,0.1104,-14.3740,229.8321,59.2366
473.0000,0.7190,-0.2366,0.1519,-12.0000,240.5649,60.8779
474.0000,0.6934,-0.2185,0.1411,-5.2061,242.9847,61.7557
464.0000,0.6462,-0.1851,0.1111,-8.8168,239.4504,62.2672
495.0000,0.6128,-0.1594,0.1450,-20.1908,233.9237,62.7939
470.0000,0.6025,-0.1824,0.1941,-38.6183,238.6794,62.1985
470.0000,0.5415,-0.2678,0.3184,-40.9695,238.6565,61.8397
479.0000,0.4932,-0.3081,0.4346,-43.0763,237.2977,63.4733
483.0000,0.4634,-0.3250,0.4836,-36.4962,232.9771,67.8473
486.0000,0.4741,-0.3391,0.5659,-29.0000,236.9847,72.7328
493.0000,0.4199,-0.3582,0.6130,-16.2214,240.6031,75.5115
482.0000,0.3855,-0.3774,0.6025,-3.7557,237.0763,77.5420
480.0000,0.3271,-0.3672,0.5718,9.0611,223.9313,79.0000
482.0000,0.3035,-0.3340,0.5613,12.4504,213.0534,79.3664
499.0000,0.3140,-0.3145,0.5669,7.5802,212.7710,79.3283
472.0000,0.2849,-0.2991,0.5767,-2.2824,215.2519,78.0611
478.0000,0.2295,-0.3113,0.6245,-13.2290,215.3053,76.7481
474.0000,0.1794,-0.3059,0.7300,-37.1832,211.3130,74.3359
516.0000,0.1370,-0.3857,0.9014,-49.9084,206.8015,71.7176
475.0000,0.1028,-0.5127,1.0090,-56.8779,206.8626,71.0153
485.0000,0.0786,-0.5320,1.0581,-54.5496,205.4504,73.0458
512.0000,0.0642,-0.5510,1.0217,-37.6336,202.3893,77.1985
482.0000,0.0544,-0.5645,1.0225,-9.6947,196.8321,80.0687
493.0000,0.0483,-0.5535,0.9775,12.9160,187.3282,81.4428
486.0000,0.0559,-0.5420,0.8420,33.9084,179.0916,81.3970
484.0000,0.0376,-0.4995,0.7539,39.7557,170.1756,79.5038
490.0000,0.0518,-0.4436,0.7324,29.0153,163.4122,76.3970
490.0000,0.0752,-0.4236,0.7722,19.0534,161.9847,71.2824
483.0000,0.0591,-0.3970,0.8403,8.2061,157.8168,67.7176
479.0000,0.0227,-0.4189,0.9414,-4.1450,153.4962,65.4504
522.0000,0.0134,-0.4771,1.0652,-10.1908,150.8321,62.8168
478.0000,0.0171,-0.5305,1.1189,-6.8855,149.1298,62.5725
504.0000,-0.0088,-0.5691,1.1338,1.7481,147.6336,64.0076
496.0000,-0.0181,-0.5959,1.1001,11.4275,146.4733,65.3053
484.0000,-0.0249,-0.6016,1.0425,18.0000,141.9313,66.8168
489.0000,-0.0232,-0.6030,1.0303,25.9924,139.7633,66.2824
498.0000,-0.0354,-0.5701,1.0342,28.9160,138.2824,64.3893
492.0000,-0.0300,-0.5364,0.9968,26.9618,136.3053,62.0458
498.0000,-0.0249,-0.5271,0.9417,32.9924,133.5191,59.6565
488.0000,-0.0771,-0.5483,0.9753,32.3282,127.6794,55.8702
493.0000,-0.1133,-0.5735,0.9724,18.7099,117.8626,50.7023
504.0000,-0.1511,-0.5974,0.8892,11.8779,109.3893,48.5496
492.0000,-0.1069,-0.5901,1.0508,16.6870,107.0458,45.3664
489.0000,-0.1404,-0.5598,1.1184,14.1832,103.3283,42.6641
498.0000,-0.1492,-0.5657,1.1482,19.7710,94.3893,40.5878
488.0000,-0.1372,-0.5896,1.1091,22.4198,88.4886,39.0916
479.0000,-0.1235,-0.5828,1.1248,21.6718,87.4580,37.6107
506.0000,-0.1228,-0.5825,1.1113,21.5725,85.7405,35.0992
488.0000,-0.1106,-0.5649,1.0884,25.3664,80.9313,33.1374
467.0000,-0.0981,-0.5796,1.0874,22.3588,81.1985,31.8168
495.0000,-0.0762,-0.5881,1.1028,22.3282,84.0000,30.3817
513.0000,-0.0947,-0.5771,1.0059,30.4427,83.2214,30.7099
485.0000,-0.1101,-0.5107,0.9368,40.2672,77.5420,31.7405
495.0000,-0.1177,-0.4504,0.8911,40.9389,70.2443,30.7710
492.0000,-0.1272,-0.4136,0.8987,38.1298,62.6031,26.9618
486.0000,-0.1108,-0.4246,0.9099,26.8015,60.0992,23.7023
504.0000,-0.1296,-0.4375,0.9031,21.0534,56.5573,21.4656
492.0000,-0.1470,-0.4453,0.9214,15.0840,52.2443,20.4122
490.0000,-0.1541,-0.4436,0.9446,12.5344,49.1908,19.8321
499.0000,-0.1416,-0.4836,0.9597,12.0382,46.9924,18.3893
507.0000,-0.1484,-0.4875,0.9961,14.8931,43.6565,16.1374
478.0000,-0.1296,-0.4976,1.0073,18.1603,42.5038,15.9008
494.0000,-0.1411,-0.5017,1.0203,22.0305,43.0992,17.3740
486.0000,-0.1682,-0.5071,1.0269,32.7099,43.9237,17.4962
509.0000,-0.1902,-0.4971,0.9946,39.0840,40.1985,18.0382
489.0000,-0.1768,-0.4648,0.9683,40.9847,38.5496,18.2137
495.0000,-0.1553,-0.4382,0.9373,46.9389,39.3664,17.6641
494.0000,-0.1555,-0.4163,0.8906,44.6565,40.7939,16.9847
496.0000,-0.1458,-0.3782,0.8232,39.9084,41.0611,16.2214
491.0000,-0.1504,-0.3394,0.7856,35.1450,38.6336,15.2137
502.0000,-0.1555,-0.3247,0.7673,30.0992,35.5344,12.6565
486.0000,-0.1567,-0.3218,0.7805,25.4122,31.0382,9.8626
499.0000,-0.1545,-0.3542,0.8083,20.2595,28.9618,7.0229
478.0000,-0.1514,-0.3882,0.8401,16.9618,28.8473,4.8397
522.0000,-0.1990,-0.4329,0.8845,16.5344,25.4885,3.7328
481.0000,-0.2300,-0.4648,0.9399,10.5649,16.0840,2.4427
484.0000,-0.2305,-0.4707,1.0369,5.0382,8.4962,-0.0076
503.0000,-0.2339,-0.5042,1.1133,13.0305,-1.2137,-1.9771
483.0000,-0.2200,-0.4968,1.1372,12.7863,-6.9008,-2.6489
477.0000,-0.2056,-0.4810,1.1562,20.2748,-11.8244,-2.5725
516.0000,-0.1746,-0.4382,1.1035,19.0076,-10.3893,-0.6870
482.0000,-0.1497,-0.3799,1.0210,12.1145,-5.4580,0.3511
482.0000,-0.1484,-0.3567,0.9414,9.8321,-2.3893,0.6718
489.0000,-0.1360,-0.3430,0.8711,4.0992,0.8168,1.0534
493.0000,-0.1245,-0.3196,0.8203,1.7252,3.2595,1.0763
486.0000,-0.1313,-0.3171,0.7878,4.4580,3.6641,1.0840
489.0000,-0.1335,-0.3049,0.7673,6.1603,3.1069,1.4885
476.0000,-0.1414,-0.2954,0.7749,5.7557,2.6260,2.2443
475.0000,-0.1497,-0.2839,0.7688,1.9466,3.6489,2.5802
525.0000,-0.1621,-0.2637,0.7930,-4.5878,4.9924,2.6336
469.0000,-0.1748,-0.2603,0.8213,-11.4809,3.7939,1.5038
489.0000,-0.2034,-0.2590,0.8608,-16.1985,1.2595,-0.3817
460.0000,-0.2134,-0.2825,0.9019,-19.9695,-1.5496,-1.5496
494.0000,-0.2336,-0.3167,0.9509,-23.1221,-3.3511,-2.3282
494.0000,-0.2383,-0.3362,0.9685,-25.1756,-5.3893,-2.2672
457.0000,-0.2517,-0.3701,1.0002,-28.0992,-8.9466,-1.6489
536.0000,-0.2500,-0.3665,1.0339,-31.7252,-12.1374,-1.8168
497.0000,-0.2595,-0.3906,1.0374,-31.4122,-16.7939,-2.4351
555.0000,-0.2737,-0.3894,1.0864,-30.4580,-23.3511,-4.5191
430.0000,-0.3108,-0.4065,1.1482,-26.4809,-32.2748,-6.7634
498.0000,-0.3240,-0.4153,1.1831,-23.9466,-40.5878,-8.3588
525.0000,-0.3245,-0.4268,1.2095,-20.8168,-46.7328,-9.7176
471.0000,-0.3257,-0.4602,1.2366,-16.7710,-54.0534,-11.2977
457.0000,-0.3218,-0.4785,1.2524,-15.4733,-62.2824,-12.8779
542.0000,-0.3088,-0.4846,1.2444,-13.5649,-70.7557,-13.8626
440.0000,-0.3052,-0.4663,1.2385,-14.3053,-78.8168,-15.3740
531.0000,-0.3062,-0.4719,1.2534,-17.7252,-86.3435,-17.5802
486.0000,-0.3198,-0.4941,1.3013,-23.3664,-93.6260,-20.8168
513.0000,-0.3213,-0.5359,1.3486,-27.2137,-100.0534,-24.7099
541.0000,-0.3350,-0.5610,1.3662,-26.9313,-108.2748,-27.7710
431.0000,-0.3508,-0.5481,1.3782,-22.7710,-117.1450,-30.3893
523.0000,-0.3604,-0.5339,1.3647,-19.4122,-129.2519,-33.4046
457.0000,-0.3506,-0.5144,1.3484,-17.5191,-139.8931,-37.0611
507.0000,-0.3567,-0.5330,1.3640,-22.3435,-148.9160,-42.0458
564.0000,-0.3367,-0.5398,1.3765,-29.2519,-158.2519,-46.5267
417.0000,-0.3345,-0.5403,1.3818,-33.3893,-168.2977,-51.0229
543.0000,-0.3198,-0.5237,1.3440,-33.4427,-178.8168,-55.6031
459.0000,-0.3176,-0.5254,1.3477,-34.9542,-191.1756,-60.4580
511.0000,-0.2859,-0.5330,1.3354,-38.1221,-202.4046,-65.0992
522.0000,-0.2434,-0.5386,1.2688,-41.7176,-209.4122,-68.8550
477.0000,-0.2119,-0.5540,1.1956,-41.8168,-218.4046,-70.2519
488.0000,-0.1831,-0.5562,1.1646,-48.2366,-225.3893,-72.2290
460.0000,-0.1587,-0.5337,1.1506,-45.5573,-233.5802,-73.6565
519.0000,-0.1250,-0.5032,1.1055,-43.5878,-239.5114,-73.8626
448.0000,-0.1204,-0.4763,1.1375,-39.1985,-246.7099,-75.6336
496.0000,-0.1331,-0.4854,1.1506,-37.9695,-250.1374,-77.5115
492.0000,-0.1074,-0.5090,1.1333,-35.1985,-250.1374,-78.4886
491.0000,-0.1157,-0.5212,1.1084,-27.3282,-250.1374,-78.7405
479.0000,-0.1150,-0.4626,0.9277,-28.4504,-250.1374,-77.4122
456.0000,-0.0759,-0.4580,0.8142,-27.8626,-250.1374,-77.2443
477.0000,-0.0493,-0.4177,0.7100,-23.4504,-250.1374,-78.8015
451.0000,-0.0198,-0.4248,0.7102,-32.8321,-250.1374,-81.4580
478.0000,-0.0244,-0.4089,0.7517,-41.3664,-250.1374,-86.9084
468.0000,0.0281,-0.3728,0.6404,-46.0992,-250.1374,-89.5878
453.0000,0.0432,-0.3572,0.6392,-45.8779,-250.1374,-91.7481
476.0000,0.0713,-0.3679,0.6030,-56.1145,-250.1374,-95.3359
468.0000,0.1230,-0.3230,0.5349,-49.7634,-250.1374,-96.4428
421.0000,0.1602,-0.3459,0.5325,-49.2824,-250.1374,-97.4275
530.0000,0.2144,-0.3079,0.5115,-54.8550,-250.1374,-100.0076
461.0000,0.2273,-0.3154,0.4810,-51.7405,-250.1374,-99.9924
415.0000,0.2346,-0.2937,0.3481,-51.0000,-250.1374,-99.7023
481.0000,0.2666,-0.1975,0.1721,-38.1374,-250.1374,-97.2214
431.0000,0.2781,-0.2397,0.1458,-29.3817,-250.1374,-94.6870
465.0000,0.2876,-0.2461,0.1641,-20.9466,-250.1374,-95.0153
473.0000,0.3513,-0.1331,0.0476,-9.0763,-250.1374,-92.6718
473.0000,0.3862,-0.0728,-0.0657,-0.3588,-250.1374,-88.6183
446.0000,0.4106,-0.0588,-0.1277,-0.7328,-250.1374,-86.2977
500.0000,0.4150,-0.1211,-0.1270,6.2443,-250.1374,-85.3817
504.0000,0.4790,-0.0981,-0.1912,5.0153,-250.1374,-83.0153
484.0000,0.5825,-0.0603,-0.2683,0.3817,-250.1374,-79.2214
507.0000,0.5735,-0.0991,-0.2534,2.3893,-250.1374,-76.4428
460.0000,0.6289,-0.0955,-0.3386,2.8550,-246.2061,-71.5878
483.0000,0.6965,-0.0571,-0.4419,8.9542,-229.9389,-66.5954
502.0000,0.7295,-0.0530,-0.5974,14.2061,-209.6794,-61.0076
505.0000,0.7649,-0.0266,-0.7595,25.6489,-195.7252,-55.8168
412.0000,0.8040,-0.0164,-0.9165,37.6260,-184.6260,-51.0382
475.0000,0.8652,-0.0435,-0.9854,45.7252,-164.3511,-46.9771
517.0000,0.8579,-0.0459,-1.0896,42.3588,-148.6031,-41.5725
518.0000,0.9983,0.0154,-1.2656,-8.4962,-114.4657,-33.6183
493.0000,1.1877,0.1733,-1.1528,-75.8702,-20.3359,-29.5573
503.0000,0.8098,0.0684,-1.1543,-33.5038,-34.5573,-20.1298
501.0000,1.1013,0.1880,-1.0574,-67.6412,2.6260,-15.8092
525.0000,1.0239,0.0662,-0.8840,-13.0763,14.1221,-10.3359
505.0000,0.9746,0.0496,-0.8318,-3.3511,30.9618,-3.9160
469.0000,0.9392,0.0002,-0.7527,13.6412,38.5115,1.6794
532.0000,0.9072,-0.0713,-0.6843,32.8321,40.8092,9.1145
469.0000,0.9595,-0.1196,-0.6067,59.1450,55.5878,17.9313
476.0000,1.0000,-0.1169,-0.5662,68.5725,93.0458,26.3359
511.0000,1.0176,-0.0908,-0.5574,40.5191,139.6107,30.2366
528.0000,0.9746,-0.0452,-0.5220,-10.7710,177.7405,33.0992
499.0000,0.9553,0.0066,-0.4927,-63.9389,203.1450,34.0382
508.0000,0.8853,-0.0325,-0.4119,-83.0763,209.5343,35.9618
492.0000,0.8562,-0.1160,-0.3154,-79.5344,207.2290,38.3282
483.0000,0.8306,-0.2014,-0.2295,-46.6336,200.2214,40.9847
525.0000,0.7974,-0.2371,-0.1836,-14.3435,192.7557,42.7710
437.0000,0.7871,-0.2349,-0.1448,0.5191,187.7328,43.6794
450.0000,0.7935,-0.2190,-0.0803,-2.4275,189.3740,43.9542
442.0000,0.8074,-0.1877,-0.0278,-20.7252,199.2137,44.5878
483.0000,0.8391,-0.1567,0.0200,-32.0458,214.0916,45.7710
479.0000,0.7922,-0.2268,0.0720,-29.6489,221.8626,48.4122
469.0000,0.7341,-0.2476,0.1411,-27.9466,224.0229,50.0687
467.0000,0.7017,-0.2576,0.2173,-12.1985,222.1756,50.5802
481.0000,0.6868,-0.2488,0.2253,-0.0153,217.2595,50.8397
485.0000,0.6726,-0.2368,0.2393,8.2901,214.0305,51.8397
461.0000,0.6445,-0.2500,0.2439,11.5573,211.4504,53.4580
470.0000,0.6284,-0.2456,0.2681,9.9542,209.6488,54.4962
479.0000,0.6213,-0.2397,0.2932,8.1374,206.9466,55.5038
486.0000,0.5720,-0.2393,0.3298,9.6260,201.5191,56.8168
455.0000,0.5854,-0.2380,0.3679,0.7328,204.0840,58.5954
486.0000,0.5891,-0.2314,0.4500,-3.2290,212.3511,60.4122
474.0000,0.5334,-0.2476,0.4155,0.1221,213.4351,62.4427
486.0000,0.4893,-0.2344,0.4207,-1.3206,209.8626,63.2977
496.0000,0.4495,-0.2363,0.4641,-4.9466,204.2901,63.8702
486.0000,0.4180,-0.2727,0.5198,-9.9771,200.3511,64.6641
490.0000,0.3933,-0.3186,0.6118,-13.8244,200.9160,65.3206
485.0000,0.3582,-0.3386,0.6960,-13.0611,198.9237,65.9847
501.0000,0.3242,-0.3403,0.6904,-7.7863,191.1069,68.1450
514.0000,0.3394,-0.3516,0.6887,-6.2901,187.2443,69.9160
489.0000,0.3394,-0.3574,0.7114,-3.6260,187.3664,71.2214
482.0000,0.3184,-0.4060,0.7690,-4.1603,192.6031,71.3664
479.0000,0.3030,-0.4243,0.8181,-6.2748,198.9237,71.4351
488.0000,0.2590,-0.4343,0.7773,1.2061,199.5114,72.1603
494.0000,0.2522,-0.4280,0.7363,3.4885,201.7710,73.4046
485.0000,0.2429,-0.3904,0.7009,9.1374,201.6031,73.7939
499.0000,0.1870,-0.4275,0.6436,18.3893,188.6565,71.6870
489.0000,0.1560,-0.3875,0.6560,20.1756,182.1145,70.1221
489.0000,0.1528,-0.4165,0.7058,20.0611,173.8626,67.1832
485.0000,0.1619,-0.4204,0.7566,18.8779,172.8931,65.1908
489.0000,0.1443,-0.4468,0.8191,22.0534,173.3511,65.1832
509.0000,0.1079,-0.4385,0.8662,21.7481,169.7099,66.9160
492.0000,0.0950,-0.4387,0.9893,18.7023,169.2748,66.7634
472.0000,0.0903,-0.4551,1.0581,16.2290,172.9313,65.2977
481.0000,0.1077,-0.4490,1.0696,19.2977,177.0992,65.7252
515.0000,0.0442,-0.4678,1.0488,13.9618,178.4122,67.1450
484.0000,0.0034,-0.4966,1.0876,15.3053,178.1756,67.2519
486.0000,0.0388,-0.4927,0.9878,17.9084,182.1450,66.7710
507.0000,-0.0061,-0.4675,0.9043,31.9771,171.7710,65.5420
500.0000,-0.0586,-0.4712,0.8889,28.7939,158.5343,62.2290
485.0000,-0.0608,-0.5032,0.9753,25.7786,144.6336,55.2061
495.0000,-0.0559,-0.5330,1.0093,35.0687,136.1527,51.0992
486.0000,-0.0667,-0.5161,0.9883,34.7023,130.5725,50.6336
500.0000,-0.0435,-0.4895,1.0208,33.2901,126.8626,49.6794
503.0000,-0.0410,-0.5034,1.0762,27.7176,123.5267,47.3969
503.0000,-0.0659,-0.5581,1.1555,21.7328,122.3740,44.7252
470.0000,-0.1023,-0.5310,1.2703,21.2977,119.4580,42.8473
534.0000,-0.0806,-0.5828,1.2122,27.5954,119.8473,43.4427
495.0000,-0.0979,-0.5527,1.1697,30.7023,119.4886,43.4046
492.0000,-0.1306,-0.5625,1.2063,45.3969,117.4198,41.6183
495.0000,-0.1558,-0.5803,1.2183,57.6718,108.8702,39.6336
506.0000,-0.1333,-0.5159,1.2017,66.2137,102.7557,37.0992
492.0000,-0.1187,-0.5005,1.1323,78.8626,100.6947,34.9924
506.0000,-0.1338,-0.4814,1.0771,78.3053,100.0611,32.8321
498.0000,-0.1223,-0.4224,1.0662,75.3740,95.9084,30.7557
491.0000,-0.1416,-0.3831,1.0208,68.8931,88.7863,29.6794
499.0000,-0.1394,-0.3525,0.9714,59.6870,85.8550,27.3053
482.0000,-0.1238,-0.3220,0.9617,45.6489,85.2366,23.6489
491.0000,-0.1279,-0.3296,0.9414,33.8550,81.3130,20.2824
503.0000,-0.1394,-0.3015,0.9060,22.7863,76.1221,18.0611
486.0000,-0.1687,-0.3125,0.8716,9.7557,69.6641,15.8550
507.0000,-0.1721,-0.3127,0.8896,-2.5496,63.6336,12.9084
520.0000,-0.1892,-0.3008,0.8965,-12.3053,58.5115,10.8473
489.0000,-0.1765,-0.3342,0.9380,-21.0840,57.2214,9.4046
486.0000,-0.2349,-0.3647,0.9438,-23.6565,51.7939,8.8779
503.0000,-0.2439,-0.3806,0.9705,-20.9313,46.0534,8.9084
503.0000,-0.2446,-0.4075,1.0063,-11.8473,41.2214,9.5038
488.0000,-0.2534,-0.4280,1.0251,-5.0076,38.3206,9.5649
490.0000,-0.2537,-0.4182,1.0046,3.0076,34.3740,10.2595
482.0000,-0.2529,-0.4170,0.9890,12.7939,32.0840,10.8244
503.0000,-0.2351,-0.4087,0.9678,21.9618,29.6183,10.9084
500.0000,-0.2290,-0.4106,0.9617,29.1527,25.8473,9.3817
488.0000,-0.2097,-0.3833,0.9639,34.5420,21.7481,7.9389
468.0000,-0.1921,-0.3665,0.9658,37.2290,19.7252,7.8397
485.0000,-0.1965,-0.3606,0.9312,36.9313,19.1832,8.1374
498.0000,-0.1802,-0.3325,0.9158,34.0916,17.7252,7.8855
483.0000,-0.1812,-0.3147,0.9070,29.2366,16.8015,6.8931
497.0000,-0.1660,-0.3091,0.9116,23.7557,16.3893,5.9771
483.0000,-0.1519,-0.3044,0.9053,18.6260,16.3435,5.1527
488.0000,-0.1609,-0.2986,0.9080,14.1374,16.2824,4.4809
488.0000,-0.1606,-0.3025,0.9150,11.0763,15.8702,3.8702
479.0000,-0.1487,-0.2961,0.9070,8.4046,15.4733,4.0763
478.0000,-0.1523,-0.2898,0.9050,7.0687,15.4046,4.6183
497.0000,-0.1680,-0.2927,0.8975,4.0229,13.9008,4.7481
482.0000,-0.1755,-0.3137,0.9119,0.2519,11.8092,4.2519
481.0000,-0.1802,-0.3257,0.9412,-3.7710,9.2443,3.0763
466.0000,-0.2021,-0.3535,0.9626,-5.4122,5.2137,2.2290
534.0000,-0.2056,-0.3528,0.9829,-4.5954,1.7176,1.8015
471.0000,-0.2097,-0.3596,0.9885,-1.9008,-1.2672,1.9618
464.0000,-0.2063,-0.3506,1.0015,0.0534,-3.1069,1.8626
501.0000,-0.1897,-0.3384,0.9790,0.1527,-3.4427,1.7863
519.0000,-0.1836,-0.3235,0.9700,-0.1145,-2.0992,2.1679
461.0000,-0.1777,-0.3220,0.9514,0.1527,-0.9466,2.1374
506.0000,-0.1731,-0.3125,0.9395,1.5954,0.1145,2.2137
486.0000,-0.1729,-0.2947,0.8950,4.5802,0.8779,2.4198
519.0000,-0.1646,-0.3020,0.9011,6.4733,2.0611,2.8397
525.0000,-0.1719,-0.3000,0.8950,3.1603,3.2977,3.8550
454.0000,-0.1843,-0.2942,0.8835,0.7557,4.7328,4.0458
516.0000,-0.1936,-0.2759,0.8735,0.2443,4.2595,4.4504
484.0000,-0.2109,-0.2407,0.8728,-0.3359,0.1298,4.0382
456.0000,-0.2158,-0.2300,0.9026,-1.5802,-3.9237,3.0840
577.0000,-0.2258,-0.2336,0.9187,-6.7023,-6.3206,2.2290
432.0000,-0.2346,-0.2522,0.8918,-11.1374,-9.7786,0.8702
465.0000,-0.2766,-0.2627,0.9341,-16.2672,-16.8855,-0.4504
563.0000,-0.2976,-0.2700,1.0132,-22.5725,-25.4427,-3.9771
384.0000,-0.3130,-0.3120,1.1372,-28.6794,-34.2595,-8.9847
576.0000,-0.3186,-0.3745,1.2483,-34.8244,-38.7481,-12.9389
480.0000,-0.3582,-0.4460,1.3159,-33.7557,-44.1069,-14.3206
507.0000,-0.3965,-0.4695,1.3716,-28.8092,-52.7710,-13.9466
480.0000,-0.4041,-0.4443,1.3782,-22.0916,-60.3435,-14.5573
417.0000,-0.4082,-0.4448,1.3240,-11.7023,-68.8092,-14.9847
537.0000,-0.4092,-0.4221,1.2856,-8.6260,-78.1221,-17.8550
518.0000,-0.3975,-0.3901,1.2893,-10.4580,-90.2748,-22.3053
470.0000,-0.3857,-0.3606,1.3118,-21.9542,-102.3970,-27.7328
515.0000,-0.3672,-0.3538,1.3672,-34.6183,-113.9542,-33.0687
557.0000,-0.3660,-0.3750,1.4050,-44.0992,-124.5496,-37.5954
501.0000,-0.3564,-0.4202,1.4280,-49.0153,-133.6260,-40.7176
521.0000,-0.3618,-0.4666,1.4551,-52.4962,-144.4122,-42.8015
519.0000,-0.3528,-0.4878,1.4639,-50.9466,-155.3893,-43.8855
467.0000,-0.3232,-0.5129,1.4617,-47.1145,-164.0153,-45.0305
533.0000,-0.3237,-0.5098,1.4675,-43.1145,-172.8321,-45.8550
435.0000,-0.3132,-0.5024,1.4575,-38.6031,-183.2061,-47.2366
498.0000,-0.2991,-0.4729,1.4128,-35.1527,-193.8092,-50.2061
632.0000,-0.2744,-0.4788,1.3755,-28.4809,-204.9237,-51.9160
417.0000,-0.2612,-0.4932,1.3323,-28.9618,-216.3282,-54.4580
484.0000,-0.2268,-0.4658,1.2957,-29.3130,-228.0458,-55.8168
560.0000,-0.1965,-0.4700,1.2480,-29.5954,-237.3588,-56.4733
461.0000,-0.2180,-0.4849,1.2866,-31.7939,-247.9160,-59.4046
521.0000,-0.2114,-0.5083,1.2441,-31.9008,-250.1374,-61.0687
494.0000,-0.1965,-0.4961,1.2827,-28.3282,-250.1374,-61.7099
496.0000,-0.2007,-0.4673,1.2786,-19.9313,-250.1374,-62.6107
440.0000,-0.1785,-0.4177,1.1941,-8.9008,-250.1374,-63.5954
491.0000,-0.1426,-0.3940,1.0879,-4.2214,-250.1374,-64.9771
673.0000,-0.1191,-0.3801,1.0059,-7.4504,-250.1374,-66.1756
493.0000,-0.0801,-0.3633,0.9109,-20.7252,-250.1374,-69.1832
486.0000,-0.0686,-0.3125,0.7856,-33.0229,-250.1374,-71.9084
556.0000,-0.0618,-0.2974,0.6790,-55.1069,-250.1374,-74.3588
601.0000,-0.0337,-0.2222,0.6758,-77.4809,-250.1374,-79.0840
457.0000,0.0261,-0.2646,0.6853,-88.7557,-250.1374,-84.9008
453.0000,0.0105,-0.2810,0.6616,-94.5954,-250.1374,-89.5191
514.0000,0.0464,-0.2615,0.6194,-94.5496,-250.1374,-90.1908
554.0000,0.0891,-0.2913,0.6243,-91.9313,-250.1374,-91.6107
547.0000,0.1099,-0.2893,0.5137,-83.9618,-250.1374,-93.0153
467.0000,0.1631,-0.2495,0.3777,-68.6260,-250.1374,-92.2977
515.0000,0.1577,-0.2236,0.2664,-60.0992,-250.1374,-90.4198
500.0000,0.1765,-0.2183,0.2969,-58.1374,-250.1374,-91.8092
415.0000,0.1980,-0.1899,0.1887,-48.5191,-250.1374,-92.0916
570.0000,0.2651,-0.1396,0.0706,-43.4656,-250.1374,-90.3588
484.0000,0.3035,-0.1387,0.0374,-41.8779,-250.1374,-88.5725
471.0000,0.2878,-0.2461,0.0798,-40.8015,-250.1374,-89.8015
466.0000,0.3591,-0.1516,-0.0347,-31.6260,-250.1374,-87.2061
542.0000,0.4265,-0.1362,-0.1445,-19.5725,-250.1374,-82.9084
479.0000,0.4878,-0.0752,-0.2595,-14.6870,-250.1374,-78.9084
541.0000,0.5449,-0.0400,-0.3628,2.3740,-250.1374,-76.0840
492.0000,0.5884,-0.0210,-0.5313,13.4046,-250.1374,-72.2595
612.0000,0.6555,-0.0388,-0.6040,20.4504,-250.1374,-67.3130
499.0000,0.7546,-0.0122,-0.6750,31.5878,-250.1374,-62.2672
562.0000,0.7349,-0.0203,-0.7717,46.6031,-237.7710,-56.0305
521.0000,0.7302,0.0369,-0.9331,61.4885,-228.0229,-48.4122
518.0000,0.8035,0.0642,-1.0547,74.7176,-213.9695,-40.3282
543.0000,0.8782,0.0198,-1.2087,71.0534,-193.5496,-32.6489
528.0000,1.1121,0.0151,-1.3953,12.4351,-157.9313,-22.2595
519.0000,1.1709,0.2837,-1.0564,-40.0000,-47.8702,-16.5191
537.0000,0.9602,0.1047,-1.1831,-63.9542,-38.4275,-9.8015
493.0000,0.9358,0.1506,-1.0845,-58.8473,-18.5114,-4.7252
502.0000,0.9238,0.0081,-1.0300,-15.7786,-9.1603,-1.1756
514.0000,1.0200,-0.0601,-0.8806,10.6183,29.8397,7.7176
503.0000,0.8977,-0.1128,-0.8000,14.6183,42.2672,12.8779
511.0000,0.9153,-0.1279,-0.7041,22.4656,49.4275,17.6336
514.0000,0.8687,-0.2329,-0.6521,41.4198,41.5649,24.1603
494.0000,0.9609,-0.2654,-0.5618,53.0229,58.6870,31.1756
523.0000,1.0549,-0.2754,-0.4968,56.4351,104.0992,33.6947
517.0000,1.0479,-0.2385,-0.4153,28.1221,157.4656,32.1527
488.0000,0.9429,-0.2258,-0.3584,-20.7176,185.2061,31.6870
495.0000,0.9004,-0.2119,-0.2898,-61.7405,196.5802,32.4656
547.0000,0.8997,-0.2288,-0.2212,-76.7786,203.1832,32.7405
503.0000,0.8813,-0.2424,-0.1472,-60.9847,200.9924,32.3740
510.0000,0.8694,-0.2903,-0.1089,-30.7176,194.3893,32.1603
533.0000,0.8499,-0.2795,-0.0862,-2.7023,185.7023,31.9389
465.0000,0.8276,-0.2617,-0.0979,7.1221,178.5572,31.1985
395.0000,0.8201,-0.2271,-0.1021,-4.0076,178.7633,29.4580
421.0000,0.8191,-0.1794,-0.0767,-24.7023,184.3511,26.8626
443.0000,0.8000,-0.1682,-0.0205,-39.9618,188.6107,24.8092
440.0000,0.7561,-0.2419,0.0479,-46.8244,185.2137,24.0076
459.0000,0.7451,-0.2441,0.1255,-50.4351,184.5191,24.4351
445.0000,0.7566,-0.2349,0.1611,-45.7863,186.5802,25.8092
460.0000,0.7124,-0.2507,0.1846,-39.0763,186.1221,28.3130
476.0000,0.6917,-0.2585,0.2114,-42.0229,187.6260,31.0534
460.0000,0.7039,-0.2324,0.2466,-42.1832,195.3893,33.1908
535.0000,0.6763,-0.2322,0.2549,-37.7328,202.8626,35.6489
467.0000,0.6765,-0.2253,0.2571,-43.0153,210.7786,39.0382
479.0000,0.6172,-0.2397,0.2532,-32.0458,209.2214,42.1374
487.0000,0.6106,-0.2461,0.2788,-28.1679,213.8397,46.8473
484.0000,0.5676,-0.2332,0.2983,-24.4275,217.2061,48.8092
461.0000,0.5413,-0.2141,0.3096,-16.0229,217.9160,50.0458
483.0000,0.5059,-0.2158,0.2827,-10.0229,212.2443,52.9389
489.0000,0.4719,-0.2429,0.3691,-12.1908,213.2901,54.6412
472.0000,0.4299,-0.2959,0.5042,-16.7252,215.3511,54.1527
486.0000,0.4097,-0.2920,0.5273,-15.6031,213.9466,54.6794
483.0000,0.3721,-0.2808,0.4990,-12.2519,209.2672,57.4504
504.0000,0.3511,-0.2998,0.4700,-13.3282,207.1298,63.6718
488.0000,0.3694,-0.3135,0.5295,-5.6565,204.4580,63.9542
491.0000,0.3459,-0.3123,0.4946,-7.9695,205.5420,68.1221
468.0000,0.3750,-0.2483,0.4949,-14.8092,211.1069,68.8473
490.0000,0.3210,-0.2666,0.4824,-12.1374,209.4580,70.2137
496.0000,0.2822,-0.3386,0.5405,-12.3511,206.3664,71.9237
469.0000,0.2654,-0.3669,0.6396,-11.0687,206.8397,73.8855
487.0000,0.2634,-0.3384,0.6655,1.3817,206.1756,76.6183
521.0000,0.2490,-0.3738,0.6802,7.8779,211.0458,79.3511
480.0000,0.1465,-0.4224,0.8530,8.3511,206.1679,79.2290
498.0000,0.1311,-0.4565,0.9392,15.6412,201.8550,78.5191
497.0000,0.1558,-0.4595,0.9150,30.3130,203.0916,80.5038
493.0000,0.1284,-0.4102,0.8962,34.1985,204.0916,84.0840
490.0000,0.1321,-0.3604,0.8108,33.6183,206.3359,85.0611
504.0000,0.1477,-0.3442,0.7383,37.3588,200.4427,82.3970
485.0000,0.1062,-0.3591,0.6826,29.1908,189.5878,78.1450
492.0000,0.0845,-0.3728,0.7009,7.0534,182.4809,73.1756
477.0000,0.0769,-0.4014,0.7920,-9.3664,177.5572,68.5573
530.0000,0.0728,-0.4277,0.8604,-16.6183,175.8244,66.9695
484.0000,0.0354,-0.5110,0.9683,-19.2824,173.0305,67.2061
489.0000,0.0085,-0.5701,1.0767,-23.3130,171.6488,68.0611
489.0000,0.0151,-0.6204,1.1970,-10.9924,173.0153,69.3893
495.0000,-0.0173,-0.6592,1.2163,20.8244,170.6488,71.5802
490.0000,-0.0391,-0.6355,1.2080,46.9237,162.8244,73.9084
490.0000,-0.0232,-0.6274,1.2297,64.2901,163.3588,75.1450
491.0000,-0.0305,-0.6196,1.1843,86.0076,165.9618,73.8244
493.0000,-0.0688,-0.5308,1.0273,93.8244,161.6794,72.1450
480.0000,-0.1179,-0.4619,1.0188,86.0382,155.6183,65.5878
492.0000,-0.1499,-0.4626,1.0205,63.4122,146.4122,57.2366
490.0000,-0.1926,-0.4099,1.0220,52.8931,136.2901,50.0229
477.0000,-0.1934,-0.4524,0.9570,36.0076,131.2595,44.5802
523.0000,-0.2122,-0.4497,0.9934,18.0458,123.3588,38.9771
484.0000,-0.2742,-0.4546,1.1082,7.1527,111.2290,33.5954
455.0000,-0.2434,-0.5159,1.1655,-4.4656,106.2366,30.2901
547.0000,-0.2520,-0.5417,1.1802,-4.9313,101.9847,28.8702
467.0000,-0.2578,-0.5583,1.1748,-4.0382,97.8397,28.5420
484.0000,-0.2725,-0.6077,1.2539,-4.2061,95.1756,27.5114
495.0000,-0.2671,-0.6143,1.2734,6.5954,91.4122,26.9771
491.0000,-0.2747,-0.5801,1.1934,23.9237,85.9847,28.4962
488.0000,-0.3030,-0.5476,1.1338,44.3740,77.0992,29.9695
486.0000,-0.2832,-0.4932,1.0527,55.4809,68.3970,29.6947
495.0000,-0.2830,-0.4424,0.9963,60.6412,59.0687,27.2824
490.0000,-0.2773,-0.4346,0.9741,54.4046,50.7557,23.4046
495.0000,-0.2615,-0.3926,0.9673,41.5038,43.3435,19.2061
484.0000,-0.2297,-0.4082,1.0093,30.9313,37.2290,14.1527
483.0000,-0.2173,-0.4280,1.0752,23.8855,31.9160,10.5649
494.0000,-0.2102,-0.4595,1.1316,21.1374,27.7252,9.7863
482.0000,-0.2310,-0.4729,1.1226,17.2366,26.0992,10.9084
463.0000,-0.2297,-0.4475,1.0774,13.4962,24.2214,10.4809
533.0000,-0.1985,-0.4238,1.0444,9.3435,21.1298,8.4885
474.0000,-0.1687,-0.4106,1.0361,4.4809,19.0153,6.5420
473.0000,-0.1426,-0.4231,1.0166,0.6412,17.9008,4.8550
490.0000,-0.1443,-0.4282,0.9805,-1.6947,16.6031,4.2366
486.0000,-0.1365,-0.4204,0.9573,-2.9237,14.7939,4.2901
467.0000,-0.1250,-0.4041,0.9246,-2.9160,13.2672,5.4275
501.0000,-0.1157,-0.3870,0.8906,-1.4656,11.4962,7.5496
434.0000,-0.1060,-0.3887,0.8706,-3.5802,9.5649,8.5496
506.0000,-0.1106,-0.3862,0.8604,-2.2748,7.0992,7.6641
498.0000,-0.1255,-0.4065,0.8921,0.4656,4.4580,7.5191
470.0000,-0.1260,-0.4106,0.8923,-1.6641,5.2214,7.3969
488.0000,-0.1191,-0.3926,0.9038,0.2595,5.3206,7.8626
497.0000,-0.1389,-0.3987,0.8845,1.2061,4.6107,8.4885
480.0000,-0.1384,-0.3987,0.8994,1.8779,4.3588,8.9847
487.0000,-0.1526,-0.3943,0.9265,2.9084,3.6565,8.7557
483.0000,-0.1670,-0.3816,0.9490,3.9618,3.6565,8.5878
489.0000,-0.1797,-0.3760,0.9641,3.8702,3.5954,7.8168
534.0000,-0.1880,-0.3606,0.9568,4.9160,2.5038,7.1374
474.0000,-0.1899,-0.3572,0.9424,5.9313,0.0916,6.2214
554.0000,-0.1992,-0.3728,0.9626,6.8931,-1.8092,4.4580
482.0000,-0.2053,-0.3774,0.9695,4.9924,-4.8015,2.9008
490.0000,-0.2158,-0.3804,0.9822,3.4504,-8.0000,1.5725
466.0000,-0.2271,-0.3772,1.0032,2.0000,-11.8855,0.5725
597.0000,-0.2356,-0.3918,1.0471,1.2519,-16.5191,-0.0076
402.0000,-0.2693,-0.3906,1.1135,-1.1603,-21.7939,-1.2137
548.0000,-0.2935,-0.3811,1.1685,-1.6947,-27.6031,-2.8397
498.0000,-0.3079,-0.3765,1.1951,-5.0992,-31.9160,-4.2824
443.0000,-0.3386,-0.3770,1.1909,-8.7634,-38.2672,-6.6794
542.0000,-0.3665,-0.3809,1.2498,-11.4733,-46.8092,-10.3664
491.0000,-0.4087,-0.3987,1.2944,-14.8397,-56.6718,-14.5191
468.0000,-0.4268,-0.4094,1.3135,-15.5649,-67.0305,-18.4046
538.0000,-0.4641,-0.4209,1.3511,-14.4733,-78.1756,-20.6336
445.0000,-0.4910,-0.4263,1.3833,-16.1679,-91.9084,-22.4198
585.0000,-0.5022,-0.4399,1.3867,-19.0076,-102.0687,-23.7328
444.0000,-0.5134,-0.4783,1.4229,-21.7328,-113.7328,-26.5573
578.0000,-0.4961,-0.5012,1.4343,-23.4809,-125.8244,-30.4122
454.0000,-0.4722,-0.5249,1.4585,-22.9771,-137.6488,-34.3817
484.0000,-0.4612,-0.5208,1.4729,-22.8321,-151.1985,-37.7481
434.0000,-0.4470,-0.5293,1.4902,-20.8168,-164.6717,-40.8550
484.0000,-0.4258,-0.4995,1.4915,-19.0840,-176.8626,-44.1908
435.0000,-0.4011,-0.4595,1.4373,-21.4809,-189.3206,-46.9618
471.0000,-0.3572,-0.4583,1.3977,-27.7023,-199.4198,-51.4046
469.0000,-0.3223,-0.4980,1.3784,-35.0992,-209.8626,-56.7252
510.0000,-0.2883,-0.5291,1.3677,-45.1832,-220.9084,-60.6947
554.0000,-0.2432,-0.5261,1.3452,-52.9924,-230.0000,-64.8855
428.0000,-0.2434,-0.5281,1.3284,-56.6489,-240.6794,-69.6947
486.0000,-0.1938,-0.5679,1.2812,-58.8550,-250.1374,-73.8702
548.0000,-0.1477,-0.5686,1.2041,-54.3893,-250.1374,-77.4504
431.0000,-0.1174,-0.5667,1.1541,-45.8931,-250.1374,-80.2137
608.0000,-0.0898,-0.5435,1.0940,-47.1527,-250.1374,-83.3511
458.0000,-0.0710,-0.5249,1.1252,-52.0153,-250.1374,-87.7328
464.0000,-0.0425,-0.5037,1.0305,-51.3817,-250.1374,-90.8855
549.0000,0.0356,-0.4319,0.9602,-49.2672,-250.1374,-91.2595
504.0000,0.0349,-0.4583,0.9065,-56.3511,-250.1374,-93.2901
471.0000,0.0654,-0.4351,0.8259,-59.0076,-250.1374,-98.4198
497.0000,0.1177,-0.3552,0.6880,-48.7481,-250.1374,-99.6947
556.0000,0.1257,-0.3481,0.5842,-52.0305,-250.1374,-99.5267
466.0000,0.1562,-0.3076,0.5879,-64.8244,-250.1374,-104.0229
468.0000,0.2234,-0.2983,0.4993,-64.1221,-250.1374,-107.1603
623.0000,0.2092,-0.2725,0.4238,-70.4580,-250.1374,-106.3970
486.0000,0.1812,-0.3062,0.4470,-79.7634,-250.1374,-107.1069
503.0000,0.1960,-0.2463,0.4141,-76.6260,-250.1374,-108.0458
504.0000,0.2368,-0.2515,0.3621,-62.1603,-250.1374,-106.7634
494.0000,0.2371,-0.2480,0.3130,-53.7099,-250.1374,-106.4351
451.0000,0.2300,-0.2449,0.2939,-42.6565,-250.1374,-105.4046
449.0000,0.2864,-0.2078,0.1914,-35.3893,-250.1374,-104.3435
558.0000,0.2874,-0.1665,0.0903,-27.9618,-250.1374,-101.2672
439.0000,0.2942,-0.1694,0.0806,-25.7099,-250.1374,-98.9771
495.0000,0.3037,-0.1511,0.0640,-27.4733,-250.1374,-98.4046
589.0000,0.4138,-0.1523,0.0422,-24.5420,-250.1374,-97.7176
486.0000,0.4111,-0.1555,-0.0151,-14.5878,-250.1374,-96.2214
520.0000,0.4114,-0.1372,-0.0425,-9.2519,-250.1374,-94.0153
472.0000,0.4607,-0.0813,-0.2258,-5.3817,-250.1374,-90.1069
518.0000,0.5381,-0.0835,-0.2854,-2.8931,-250.1374,-86.3664
495.0000,0.5676,-0.0396,-0.3625,-1.3588,-250.1374,-82.6718
551.0000,0.5986,-0.0317,-0.4717,-0.6565,-250.1374,-79.2137
502.0000,0.6458,-0.0281,-0.5630,0.3893,-242.5038,-75.1603
518.0000,0.6907,-0.0173,-0.6963,7.1756,-228.6565,-71.2901
498.0000,0.7258,0.0435,-0.8130,26.8626,-217.2443,-65.2214
486.0000,0.8040,0.0994,-0.9590,44.8168,-205.8626,-59.4962
473.0000,0.7705,0.0422,-1.1130,51.9466,-195.8321,-50.1450
533.0000,0.8582,0.0427,-1.2288,-18.9466,-153.6107,-37.1145
490.0000,1.0005,0.2393,-1.2417,-102.0153,-67.3206,-33.8168
509.0000,0.9216,0.3142,-1.1226,-89.3970,-28.8855,-25.4046
505.0000,0.8020,0.1289,-1.1238,-39.8168,-34.6489,-19.2672
480.0000,0.9121,0.0938,-1.0364,1.4198,-3.1985,-5.5725
503.0000,0.9297,0.1001,-0.9309,22.0916,39.4962,6.0534
480.0000,0.8528,0.1011,-0.8718,26.4809,61.0229,14.0763
490.0000,0.8032,0.0369,-0.8088,40.9237,61.0534,19.4504
508.0000,0.8074,-0.0234,-0.7092,62.2595,56.8397,28.0153
569.0000,0.8635,-0.0847,-0.6299,77.7176,74.2137,36.3664
497.0000,0.8665,-0.1348,-0.5530,67.6183,102.9924,41.0916
491.0000,0.8906,-0.1321,-0.4092,41.6031,146.0992,43.5115
483.0000,0.9243,-0.1733,-0.3489,3.7252,200.7023,48.3893
487.0000,0.8923,-0.0955,-0.3342,-67.9313,236.9389,49.0382
490.0000,0.8362,-0.0952,-0.2576,-93.3664,245.7633,52.1450
484.0000,0.7825,-0.1653,-0.2141,-86.4046,236.5802,55.4122
517.0000,0.7883,-0.2009,-0.1765,-52.9618,229.9542,59.8244
486.0000,0.7837,-0.2095,-0.1785,-13.7557,218.7481,61.0840
515.0000,0.7507,-0.2061,-0.2031,18.4198,207.2672,60.2824
474.0000,0.7292,-0.1807,-0.2139,18.7099,197.0763,58.3206
470.0000,0.7722,-0.1409,-0.1582,4.1603,204.0992,56.0229
481.0000,0.7563,-0.1416,-0.0913,-8.8779,212.1603,54.4427
515.0000,0.7185,-0.1680,-0.0269,-15.9542,216.0153,55.4198
484.0000,0.7175,-0.2073,0.0342,-21.2214,219.1527,58.7099
477.0000,0.7080,-0.2971,0.1904,-22.0534,228.8015,60.7252
480.0000,0.6941,-0.2913,0.2664,-15.9695,236.7710,62.8702
519.0000,0.7095,-0.2693,0.2886,-6.4275,241.5114,65.2748
480.0000,0.7031,-0.2815,0.3125,-2.7405,245.9313,68.5191
488.0000,0.7163,-0.2544,0.3384,-3.7863,250.1298,71.4657
495.0000,0.7217,-0.2402,0.3015,5.2595,250.1298,72.5420
492.0000,0.6553,-0.2080,0.2192,7.0992,250.1298,73.2214
473.0000,0.5964,-0.1804,0.1438,1.8397,246.7786,74.0076
510.0000,0.5806,-0.1802,0.1582,-0.7786,240.4656,73.3817
514.0000,0.5278,-0.2334,0.1975,-2.4122,235.2443,72.2061
486.0000,0.4792,-0.2461,0.2817,-7.5496,233.1450,71.8244
503.0000,0.4041,-0.2991,0.4297,-7.4198,229.7328,73.2061
476.0000,0.3977,-0.3503,0.5681,-14.7634,235.3588,75.8321
480.0000,0.3918,-0.3359,0.6421,-7.6641,241.8015,78.7176
499.0000,0.3350,-0.3787,0.6892,8.4656,242.5420,83.5420
478.0000,0.2966,-0.3760,0.8308,17.7939,241.6107,87.2519
483.0000,0.3123,-0.3906,0.8525,24.1908,247.5267,90.7786
509.0000,0.3298,-0.3865,0.6260,34.9008,250.1298,94.2672
484.0000,0.2480,-0.3264,0.5613,39.7023,250.1298,94.1985
485.0000,0.1082,-0.3035,0.5503,37.6107,231.5420,90.5344
498.0000,0.1633,-0.2449,0.5364,20.8702,223.7939,84.6870
478.0000,0.1235,-0.3323,0.5703,15.4962,216.3588,79.0382
492.0000,0.0608,-0.3857,0.7275,-4.7786,214.2748,75.5573
484.0000,0.0334,-0.4478,0.9072,-8.6870,208.9313,74.5420
479.0000,0.0159,-0.4983,1.0671,-2.5725,206.4504,75.9160
499.0000,-0.0393,-0.5168,1.1860,6.2901,202.3435,77.8855
488.0000,-0.0159,-0.5391,1.2407,29.6183,203.3817,80.1679
474.0000,-0.0315,-0.5510,1.1716,51.1221,201.6717,83.3588
489.0000,-0.0466,-0.5574,1.1003,63.1069,204.3817,84.4198
480.0000,-0.1069,-0.5229,0.9854,68.3053,196.6031,81.7023
502.0000,-0.1128,-0.4304,0.9014,62.2366,183.0382,75.9618
505.0000,-0.1230,-0.4150,0.8789,49.4962,171.5343,68.8931
498.0000,-0.1292,-0.4114,0.9573,25.5114,165.8321,60.2977
484.0000,-0.1514,-0.4363,1.0532,15.8702,158.6565,53.0687
498.0000,-0.1650,-0.4805,1.1221,10.5496,150.8244,49.6870
516.0000,-0.1858,-0.5068,1.1924,5.8168,141.8550,48.8779
476.0000,-0.1484,-0.5786,1.2996,10.3588,143.6412,46.8550
498.0000,-0.1572,-0.5979,1.3225,14.7481,140.6565,45.5649
494.0000,-0.1833,-0.6074,1.2493,24.7557,136.2595,45.3664
484.0000,-0.1975,-0.5886,1.2471,35.4733,131.0992,43.5954
496.0000,-0.2385,-0.5571,1.2771,41.5496,122.1603,38.3588
487.0000,-0.2393,-0.5137,1.2056,41.4733,112.8855,35.6489
492.0000,-0.2295,-0.4783,1.1409,40.2672,103.6947,33.3893
500.0000,-0.1838,-0.4446,1.0967,34.8779,99.1832,29.4046
484.0000,-0.1802,-0.4380,1.0884,31.9695,91.0916,24.5573
493.0000,-0.1653,-0.4365,1.0605,26.3435,84.1756,21.0687
480.0000,-0.1409,-0.4434,1.0557,19.2443,77.9008,18.9466
483.0000,-0.1426,-0.4656,1.1262,15.5725,74.4122,16.7863
519.0000,-0.1543,-0.4814,1.1553,12.4885,71.3740,15.8702
477.0000,-0.1599,-0.4675,1.1250,13.7481,68.8015,18.2137
480.0000,-0.1636,-0.4641,1.0703,17.6412,66.9924,21.0763
498.0000,-0.1741,-0.4175,1.0940,21.2977,63.3053,22.1069
487.0000,-0.1587,-0.4199,1.0334,24.7710,59.1603,21.6947
502.0000,-0.1719,-0.4021,1.0117,28.5573,54.4656,21.1908
478.0000,-0.1697,-0.4019,1.0156,26.7405,53.2214,20.9924
515.0000,-0.1584,-0.4063,0.9546,25.4046,52.4198,20.6718
458.0000,-0.1877,-0.3960,0.9570,24.6870,49.4809,20.8702
501.0000,-0.2180,-0.3906,0.9221,15.0229,45.5573,20.0534
467.0000,-0.2527,-0.3662,0.9316,8.7481,38.6870,18.0611
524.0000,-0.2563,-0.3687,0.9558,1.0153,33.6641,15.3893
472.0000,-0.2673,-0.4075,0.9827,-2.6718,28.1221,12.3740
490.0000,-0.3000,-0.4377,1.0271,-3.7786,20.6641,9.3511
474.0000,-0.2808,-0.4709,1.0564,-2.9924,17.0000,7.5115
477.0000,-0.2791,-0.4678,1.0549,0.4351,13.7939,6.7023
520.0000,-0.2839,-0.4565,1.0391,1.0611,9.5344,6.4733
475.0000,-0.2646,-0.4426,1.0195,-0.4427,6.5115,5.0229
480.0000,-0.2434,-0.4355,1.0166,-0.1756,4.6183,3.3817
464.0000,-0.2461,-0.4282,1.0027,1.2824,2.3893,2.4046
524.0000,-0.2419,-0.3953,0.9734,3.3435,-0.4733,1.5649
474.0000,-0.2192,-0.3767,0.9395,4.7252,-3.0305,0.8473
478.0000,-0.2063,-0.3623,0.8945,5.6183,-5.5573,-0.0153