raw_emg,raw_ax,raw_ay,raw_az,raw_gx,raw_gy,raw_gz
369.0000,-0.1360,-0.3374,0.8298,-0.7634,2.6718,1.6947
366.0000,-0.1357,-0.3230,0.8257,0.1221,2.6565,2.1679
294.0000,-0.1355,-0.3206,0.8181,-1.2214,2.8168,2.7634
268.0000,-0.1360,-0.3125,0.8083,-3.2137,2.8855,2.9313
218.0000,-0.1367,-0.3064,0.8030,-4.3893,2.7023,2.7557
210.0000,-0.1389,-0.3098,0.8179,-5.9466,2.4198,2.9008
231.0000,-0.1348,-0.3081,0.8120,-6.8931,1.5954,2.5191
194.0000,-0.1394,-0.3140,0.8303,-7.7939,1.3282,1.9924
191.0000,-0.1492,-0.3328,0.8335,-8.2748,1.7252,1.9847
212.0000,-0.1487,-0.3262,0.8428,-7.5267,1.4427,2.2672
224.0000,-0.1360,-0.3245,0.8472,-7.1527,1.2672,1.7863
200.0000,-0.1494,-0.3391,0.8521,-7.0687,1.2977,1.0076
204.0000,-0.1499,-0.3464,0.8525,-5.9084,1.4656,0.7099
205.0000,-0.1470,-0.3379,0.8425,-4.9237,1.3359,0.5420
211.0000,-0.1443,-0.3435,0.8364,-4.1679,0.8931,0.2748
205.0000,-0.1465,-0.3396,0.8357,-3.5344,0.4122,-0.3893
206.0000,-0.1509,-0.3491,0.8442,-2.3130,-0.3130,-0.6183
222.0000,-0.1416,-0.3381,0.8369,-1.0534,-0.9237,-0.2214
207.0000,-0.1331,-0.3408,0.8525,-1.0611,-1.5954,-0.5649
210.0000,-0.1238,-0.3372,0.8691,-1.6260,-1.5725,-0.7328
206.0000,-0.1272,-0.3271,0.8459,-1.6336,-1.1679,-0.7710
225.0000,-0.1306,-0.3291,0.8293,-1.6412,-1.3740,-0.1832
212.0000,-0.1262,-0.3311,0.8271,-1.1908,-2.0611,-0.3282
220.0000,-0.1165,-0.3418,0.8359,-1.4122,-2.6794,-0.5191
212.0000,-0.1179,-0.3367,0.8428,-1.6031,-2.5191,-0.6107
208.0000,-0.1206,-0.3257,0.8284,-1.8397,-2.9771,-0.4122
230.0000,-0.1238,-0.3164,0.8286,-3.1450,-3.3282,-0.1603
234.0000,-0.1174,-0.3242,0.8142,-4.5344,-3.4885,-0.3588
214.0000,-0.1189,-0.3293,0.8086,-4.9084,-3.5573,-0.5954
241.0000,-0.1111,-0.3247,0.8008,-4.4885,-3.4046,-0.1221
208.0000,-0.1101,-0.3262,0.7930,-4.5954,-3.4656,0.0153
245.0000,-0.1123,-0.3223,0.8076,-4.3053,-3.0458,0.1679
227.0000,-0.1104,-0.3279,0.8000,-4.2443,-2.4885,0.5954
223.0000,-0.1030,-0.3203,0.8127,-3.5573,-1.5420,1.2290
234.0000,-0.1013,-0.3201,0.8198,-2.8321,-0.8855,1.3435
240.0000,-0.0957,-0.3213,0.8159,-2.1069,0.0076,1.4351
250.0000,-0.1060,-0.3230,0.8005,-1.9924,0.4580,1.9542
247.0000,-0.1047,-0.3223,0.7937,-2.1985,0.9847,2.1908
244.0000,-0.1096,-0.3303,0.8188,-3.1450,1.4962,2.0611
236.0000,-0.1104,-0.3333,0.8193,-3.8015,2.0611,1.5649
264.0000,-0.1284,-0.3386,0.8225,-3.8626,2.1145,1.2366
252.0000,-0.1194,-0.3435,0.8203,-4.3740,1.5420,1.1145
253.0000,-0.1213,-0.3452,0.8420,-5.5496,1.0534,0.5191
232.0000,-0.1255,-0.3398,0.8540,-6.2672,1.0076,0.5878
266.0000,-0.1252,-0.3423,0.8518,-6.1069,1.0763,1.1756
266.0000,-0.1152,-0.3337,0.8467,-5.5496,0.7252,1.0840
249.0000,-0.1135,-0.3408,0.8491,-5.0458,0.7176,1.2137
270.0000,-0.1099,-0.3335,0.8362,-4.1603,1.0916,1.7023
264.0000,-0.0974,-0.3181,0.8296,-4.3740,1.2519,2.5191
261.0000,-0.1013,-0.3276,0.8367,-4.1145,1.7176,2.1908
214.0000,-0.1096,-0.3420,0.8303,-3.4046,2.2672,2.4962
280.0000,-0.1064,-0.3250,0.7976,-2.5954,2.5038,3.4427
286.0000,-0.0994,-0.3171,0.7937,-2.4504,1.8321,3.8779
218.0000,-0.0977,-0.3271,0.8193,-2.8321,1.4885,3.5267
283.0000,-0.0918,-0.3364,0.8337,-2.5573,2.4275,4.0000
238.0000,-0.0896,-0.3323,0.8333,-1.5573,3.2214,5.2977
285.0000,-0.0828,-0.3413,0.8479,0.1832,2.8473,6.1985
275.0000,-0.0798,-0.3481,0.8647,1.4733,2.3359,6.4427
248.0000,-0.0676,-0.3542,0.8833,2.5115,2.6031,6.7481
274.0000,-0.0681,-0.3633,0.8706,2.8092,2.4656,6.4733
322.0000,-0.0698,-0.3455,0.8694,3.2290,1.5954,5.9618
265.0000,-0.0520,-0.3501,0.8699,2.8855,1.3817,5.5496
255.0000,-0.0435,-0.3728,0.8789,4.9695,0.0611,5.2443
150.0000,-0.0410,-0.3806,0.8999,8.7557,-1.5573,5.8168
382.0000,-0.0273,-0.3721,0.9185,13.0687,-2.9695,6.4351
252.0000,-0.0056,-0.3638,0.9397,17.2748,-4.6947,7.0076
286.0000,0.0071,-0.3608,0.9717,19.9924,-6.6565,7.2748
204.0000,0.0349,-0.3518,0.9861,21.6718,-8.5725,7.0763
337.0000,0.0327,-0.3433,1.0112,22.1069,-11.2519,6.5344
270.0000,0.0234,-0.3452,1.0403,20.0992,-15.2519,6.0458
286.0000,0.0093,-0.3440,1.0879,16.4656,-19.0382,4.4351
229.0000,-0.0059,-0.3484,1.1360,13.7557,-22.8168,2.9084
410.0000,-0.0181,-0.3386,1.1489,10.2977,-25.5649,1.2977
236.0000,-0.0527,-0.3628,1.1641,7.2595,-28.6794,0.2443
351.0000,-0.0815,-0.3921,1.2036,6.5038,-33.2595,-1.1450
339.0000,-0.1294,-0.3967,1.2341,8.7252,-38.8397,-2.8015
234.0000,-0.1680,-0.4016,1.2534,9.8855,-45.2443,-4.3435
403.0000,-0.2014,-0.4028,1.2766,10.2977,-52.1985,-5.8702
283.0000,-0.2302,-0.3752,1.3022,5.3206,-58.7710,-6.7710
277.0000,-0.2400,-0.3630,1.3188,0.4885,-65.6794,-8.8244
266.0000,-0.2600,-0.3586,1.3347,-4.4275,-74.0687,-11.6641
296.0000,-0.2703,-0.3596,1.3604,-10.3359,-82.5191,-14.5725
321.0000,-0.2852,-0.3660,1.3708,-14.5878,-90.9924,-17.7099
296.0000,-0.3093,-0.4082,1.3972,-17.7252,-99.9237,-20.5725
262.0000,-0.3225,-0.4216,1.4272,-19.3435,-108.8397,-23.2290
287.0000,-0.3518,-0.4463,1.4321,-17.6565,-116.6031,-25.9084
371.0000,-0.3884,-0.4636,1.4529,-13.9389,-125.7405,-28.4733
107.0000,-0.4189,-0.4819,1.4609,-8.4580,-136.3969,-31.7252
425.0000,-0.4436,-0.4832,1.4568,-2.0382,-147.5496,-35.0229
273.0000,-0.4561,-0.5112,1.4458,3.2366,-159.0611,-38.4809
287.0000,-0.4636,-0.4775,1.4734,2.4656,-171.4275,-41.3359
308.0000,-0.4426,-0.4028,1.4692,-2.1374,-182.2214,-44.2901
348.0000,-0.4202,-0.3845,1.4045,-12.3817,-192.8092,-49.8779
359.0000,-0.3989,-0.3765,1.3516,-26.5878,-204.0687,-54.8244
257.0000,-0.3765,-0.3811,1.2903,-40.6336,-214.4122,-58.3588
354.0000,-0.3406,-0.3679,1.2744,-50.7557,-223.4198,-62.6107
366.0000,-0.3232,-0.4087,1.2764,-54.8244,-232.7557,-68.4198
203.0000,-0.3088,-0.4634,1.2295,-49.8397,-240.8321,-71.2519
376.0000,-0.2671,-0.4634,1.1648,-40.5115,-246.7252,-71.8626
323.0000,-0.2451,-0.4670,1.1675,-32.6565,-250.1374,-74.1221
286.0000,-0.2251,-0.4512,1.1377,-25.4122,-250.1374,-75.1832
273.0000,-0.1758,-0.3987,1.0120,-15.8626,-250.1374,-75.6870
384.0000,-0.1489,-0.3835,0.9263,-13.1679,-250.1374,-77.5725
303.0000,-0.1414,-0.3701,0.8750,-13.0076,-250.1374,-79.7786
183.0000,-0.1147,-0.3459,0.7654,-11.0305,-250.1374,-81.8931
550.0000,-0.0828,-0.2993,0.7219,-12.0229,-250.1374,-86.1374
291.0000,-0.1084,-0.3987,0.7661,-10.3206,-250.1374,-91.3130
235.0000,-0.0657,-0.3867,0.7395,-9.4885,-250.1374,-90.5115
382.0000,-0.0308,-0.3374,0.6594,-2.7939,-250.1374,-90.2672
262.0000,-0.0088,-0.3982,0.7202,-0.6947,-250.1374,-93.5954
322.0000,0.0188,-0.3838,0.7283,5.7939,-250.1374,-95.8015
215.0000,0.0620,-0.3308,0.5383,19.1679,-250.1374,-95.5115
531.0000,0.0654,-0.2498,0.4053,20.6870,-250.1374,-95.5725
312.0000,0.1213,-0.2139,0.3555,16.6870,-250.1374,-98.5267
295.0000,0.1980,-0.1880,0.2463,17.9008,-250.1374,-100.2137
370.0000,0.2356,-0.1206,0.1638,4.6947,-250.1374,-97.7405
328.0000,0.3372,-0.1162,0.1848,-2.9160,-250.1374,-100.4428
294.0000,0.3647,-0.1575,0.0940,-10.7099,-250.1374,-96.4962
277.0000,0.3933,-0.0996,0.0493,-11.7328,-250.1374,-92.3511
467.0000,0.4604,-0.0601,-0.0435,-2.9771,-250.1374,-88.7557
334.0000,0.4937,-0.1277,-0.0950,7.1679,-250.1374,-85.5725
310.0000,0.5437,-0.1423,-0.1184,20.7176,-240.0763,-80.6565
317.0000,0.5872,-0.1287,-0.1890,41.6031,-228.5572,-74.5802
342.0000,0.6172,-0.0271,-0.3477,60.3130,-216.4351,-66.6489
316.0000,0.6848,0.0134,-0.4578,74.8015,-204.0229,-60.5267
355.0000,0.7180,-0.0242,-0.5732,85.9695,-195.1527,-53.8779
351.0000,0.8208,0.0352,-0.6106,92.2672,-178.9618,-46.2290
357.0000,0.8611,0.0896,-0.7261,85.4198,-162.0534,-36.5191
349.0000,0.8687,0.1155,-0.8159,84.1603,-146.7481,-30.8779
349.0000,0.9302,0.1494,-0.8994,71.1832,-127.7786,-23.7176
352.0000,0.9849,0.1929,-0.9551,58.6489,-106.4809,-17.5878
345.0000,1.0017,0.1953,-1.0256,43.7863,-85.3970,-11.0076
343.0000,1.0427,0.2156,-1.0823,23.8550,-60.6794,-5.9542
348.0000,1.0750,0.1973,-1.1338,1.4198,-34.5496,0.7023
341.0000,1.1118,0.1978,-1.1409,-15.1374,-7.8931,6.7557
371.0000,1.1104,0.2002,-1.1108,-28.3664,16.7634,13.0992
312.0000,1.1157,0.2004,-1.0667,-42.3206,43.9008,19.0153
355.0000,1.0835,0.1753,-0.9795,-55.9924,70.0305,23.2137
350.0000,1.0347,0.1721,-0.9368,-64.4886,92.1145,27.9924
351.0000,0.9880,0.1619,-0.8618,-71.5725,112.8015,32.5115
336.0000,0.9346,0.1194,-0.7473,-80.5649,130.7786,36.9084
352.0000,0.8848,0.0845,-0.6340,-87.1450,146.8779,42.0840
339.0000,0.8376,0.0706,-0.5505,-90.5649,162.2290,48.4351
366.0000,0.8008,0.0808,-0.4944,-91.2824,175.1679,53.9924
349.0000,0.7498,0.0745,-0.4443,-96.7099,186.4427,59.3435
338.0000,0.7227,0.0444,-0.3792,-102.9771,195.5343,65.0916
398.0000,0.6865,0.0422,-0.3210,-107.4198,204.1145,70.2748
362.0000,0.6318,0.0034,-0.1536,-112.6412,211.3740,73.4504
359.0000,0.5925,-0.0476,-0.0671,-112.5420,216.4886,78.0229
370.0000,0.5515,-0.0957,0.0134,-106.2366,220.8931,83.0153
376.0000,0.5374,-0.1287,0.0977,-99.2214,227.7023,87.4657
376.0000,0.5051,-0.1917,0.1833,-93.5420,233.2214,90.4962
375.0000,0.4343,-0.2644,0.1990,-80.2901,235.2366,93.9160
369.0000,0.4055,-0.2622,0.2190,-73.0229,238.3206,98.2061
379.0000,0.3879,-0.2231,0.2407,-66.4504,240.4275,99.3664
379.0000,0.3643,-0.2349,0.2708,-65.1374,240.8779,99.7481
371.0000,0.3123,-0.2493,0.3367,-68.2214,241.2901,99.6947
382.0000,0.2874,-0.2844,0.4202,-69.4122,241.3817,100.5802
366.0000,0.2625,-0.3198,0.4697,-69.8015,243.0229,101.3588
376.0000,0.2192,-0.4146,0.5540,-69.2214,243.2137,100.9847
395.0000,0.1748,-0.4844,0.6118,-63.1221,241.9847,101.4580
360.0000,0.1421,-0.5029,0.6890,-56.3740,241.6412,101.6489
379.0000,0.1326,-0.5168,0.7090,-47.0153,240.2366,100.2137
389.0000,0.1628,-0.5369,0.6682,-38.5496,244.2748,99.5420
381.0000,0.1294,-0.5371,0.6270,-26.3206,244.6947,97.5115
375.0000,0.1104,-0.4958,0.5767,-19.9618,240.5114,95.5344
382.0000,0.1257,-0.4392,0.5688,-20.9695,237.6107,93.7634
369.0000,0.1426,-0.4033,0.6062,-27.7786,235.6565,93.2137
374.0000,0.1350,-0.3867,0.6150,-34.2443,233.8473,93.5420
397.0000,0.1243,-0.2957,0.7510,-42.0992,230.6565,94.7328
371.0000,0.0901,-0.4141,0.9363,-50.7252,226.8015,92.2137
357.0000,0.0259,-0.5964,1.0176,-46.7252,223.3740,92.2672
422.0000,-0.0369,-0.7271,1.0042,-23.7023,223.6488,97.6107
365.0000,-0.1145,-0.7334,0.8997,-3.0153,225.9618,101.5878
374.0000,-0.2417,-0.8337,1.0073,23.3053,211.6717,96.0916
386.0000,-0.2334,-0.8062,1.0981,43.0992,204.3359,91.5878
382.0000,-0.2290,-0.6643,1.0664,48.7786,198.1603,86.3588
395.0000,-0.2412,-0.6201,1.0378,48.0992,186.8473,81.9771
383.0000,-0.2207,-0.5776,1.1289,18.0229,179.0076,74.9847
391.0000,-0.1821,-0.5967,1.2224,0.0458,169.0992,69.1832
386.0000,-0.1848,-0.6074,1.2197,-15.7176,160.5191,68.8779
388.0000,-0.1868,-0.6655,1.3704,-15.4275,152.9313,63.7863
385.0000,-0.2673,-0.7651,1.4282,-10.6641,136.0076,60.4580
389.0000,-0.2505,-0.8691,1.4373,6.2519,126.3206,59.7099
388.0000,-0.2559,-0.8318,1.3994,29.6107,122.6565,58.6260
392.0000,-0.2239,-0.7458,1.3396,42.4962,115.9618,56.1374
390.0000,-0.2258,-0.7209,1.2825,44.9008,106.4580,51.9160
383.0000,-0.1833,-0.6189,1.1772,47.4351,99.7481,48.4733
391.0000,-0.1765,-0.5291,1.1252,39.9084,91.8931,42.7710
393.0000,-0.1653,-0.4705,1.1255,24.6107,84.0840,37.6565
379.0000,-0.1548,-0.5212,1.1536,6.7023,78.0305,34.2290
407.0000,-0.1250,-0.5493,1.1428,0.0611,73.8015,34.2519
374.0000,-0.1206,-0.5579,1.0952,2.4046,70.5420,36.2595
425.0000,-0.1028,-0.5339,1.1057,5.0611,65.7176,37.1069
387.0000,-0.0979,-0.5173,1.1138,8.9542,61.0687,36.1603
393.0000,-0.1018,-0.5747,1.0979,14.9389,58.6565,34.8779
396.0000,-0.0854,-0.5908,1.0337,26.5114,55.6565,34.2519
394.0000,-0.0862,-0.5674,1.0005,37.2366,51.9466,33.7634
406.0000,-0.0969,-0.5603,1.0190,44.1450,49.6947,32.0153
390.0000,-0.0940,-0.5562,0.9839,43.0458,47.9313,32.4656
384.0000,-0.0913,-0.4985,0.9434,43.6489,42.9160,30.6107
426.0000,-0.0806,-0.4436,0.9468,35.9771,38.4275,25.5573
402.0000,-0.0671,-0.4597,0.9998,23.8092,34.1450,19.5496
349.0000,-0.0579,-0.5186,1.0547,14.4809,30.5420,15.6260
456.0000,-0.0432,-0.5471,1.0667,10.9695,28.2519,13.6947
370.0000,-0.0364,-0.5762,1.0752,13.7099,23.8626,13.0916
412.0000,-0.0449,-0.5813,1.1287,20.1221,18.8702,11.8931
410.0000,-0.0618,-0.5803,1.1606,28.9237,15.3359,7.7939
420.0000,-0.0996,-0.5991,1.2053,28.2290,10.5344,3.3511
332.0000,-0.0957,-0.6213,1.2178,19.6183,4.2672,0.0840
475.0000,-0.0789,-0.6311,1.2029,18.0305,-3.2137,-2.6107
372.0000,-0.0415,-0.6001,1.1265,22.6260,-5.9084,-2.4275
388.0000,-0.0447,-0.5581,1.0298,31.1756,-8.4733,-0.6641
411.0000,-0.0447,-0.4661,0.9880,37.0992,-12.2748,0.0916
430.0000,-0.0417,-0.3940,0.9880,38.8473,-15.5420,-1.3282
440.0000,-0.0540,-0.3967,0.9858,37.4198,-17.5038,-2.7176
369.0000,-0.0662,-0.3762,1.0076,32.9466,-20.4427,-4.7481
403.0000,-0.0850,-0.3848,1.0151,28.2748,-23.6336,-5.4122
429.0000,-0.0894,-0.3923,1.0283,25.8244,-26.8855,-6.3130
412.0000,-0.1028,-0.4094,1.0281,23.3053,-29.5496,-5.9008
372.0000,-0.1199,-0.4216,1.0266,22.8244,-32.5954,-6.1527
439.0000,-0.1140,-0.4146,1.0452,24.0840,-35.0687,-6.9160
418.0000,-0.1267,-0.4280,1.0781,28.5038,-41.6183,-8.8931
403.0000,-0.1094,-0.4373,1.1111,23.5573,-44.9695,-9.2672
391.0000,-0.1392,-0.4426,1.1560,27.2214,-47.9695,-12.1756
439.0000,-0.1963,-0.4456,1.1729,30.9542,-54.6947,-12.1527
446.0000,-0.2122,-0.4128,1.1719,25.6718,-62.2748,-11.3206
416.0000,-0.1936,-0.3923,1.1699,20.1985,-67.1450,-13.8015
383.0000,-0.1985,-0.3970,1.1807,15.9618,-73.0305,-16.7176
421.0000,-0.2222,-0.4097,1.1816,9.7634,-79.9847,-18.3664
411.0000,-0.2373,-0.4265,1.2185,3.5420,-87.1145,-20.1832
355.0000,-0.2646,-0.4575,1.2693,2.2824,-94.3893,-22.3130
446.0000,-0.2842,-0.4895,1.2659,4.4809,-102.0458,-23.1832
474.0000,-0.3379,-0.5051,1.3044,7.9771,-110.5496,-23.8779
310.0000,-0.3860,-0.5408,1.3862,11.0000,-120.0534,-25.4046
439.0000,-0.4197,-0.5598,1.4233,16.4427,-129.7633,-26.4656
462.0000,-0.4548,-0.5535,1.4175,24.4046,-140.5267,-26.7710
355.0000,-0.4827,-0.5278,1.4282,24.6031,-151.7481,-28.7634
455.0000,-0.4670,-0.4988,1.4126,30.0611,-165.9924,-32.9695
393.0000,-0.4670,-0.4453,1.4294,23.1832,-180.8321,-36.1145
335.0000,-0.4104,-0.3872,1.4431,6.0458,-190.7939,-41.2137
524.0000,-0.3818,-0.3938,1.4268,-2.9542,-203.5191,-46.5267
347.0000,-0.3840,-0.4392,1.4277,-21.0229,-215.0687,-49.2366
380.0000,-0.3623,-0.4546,1.4363,-35.5420,-225.5496,-52.5496
559.0000,-0.3359,-0.4807,1.4248,-34.6336,-235.4504,-56.1069
399.0000,-0.3452,-0.5264,1.4187,-32.5725,-249.1145,-59.1450
420.0000,-0.3105,-0.4990,1.3564,-24.6565,-250.1374,-60.8702
463.0000,-0.2688,-0.4756,1.2795,-18.2672,-250.1374,-62.7863
442.0000,-0.2673,-0.4531,1.2241,-17.8702,-250.1374,-64.7634
428.0000,-0.2363,-0.4197,1.1709,-22.4733,-250.1374,-66.4046
431.0000,-0.1655,-0.3340,1.0503,-26.4198,-250.1374,-67.0534
435.0000,-0.0974,-0.2854,0.9360,-29.0076,-250.1374,-70.4886
397.0000,-0.0583,-0.3040,0.9285,-38.0840,-250.1374,-75.3511
418.0000,0.0056,-0.3254,0.8992,-50.2214,-250.1374,-79.6870
370.0000,0.0520,-0.2834,0.7314,-50.0229,-250.1374,-80.4886
533.0000,0.0862,-0.2468,0.5291,-53.6947,-250.1374,-80.6183
404.0000,0.0991,-0.3027,0.5127,-61.1985,-250.1374,-82.9237
400.0000,0.1453,-0.2754,0.4363,-57.6107,-250.1374,-83.5954
422.0000,0.1699,-0.2344,0.3357,-43.3817,-250.1374,-82.9237
453.0000,0.1831,-0.1565,0.2480,-38.7252,-250.1374,-83.9466
410.0000,0.2087,-0.1963,0.2107,-29.7710,-250.1374,-88.7557
417.0000,0.2432,-0.2007,0.1494,-18.9618,-250.1374,-88.8321
390.0000,0.2976,-0.1458,0.0442,-21.2901,-250.1374,-86.4504
403.0000,0.3672,-0.1028,-0.0513,-27.1221,-250.1374,-88.1069
448.0000,0.3538,-0.1719,-0.0803,-24.6794,-250.1374,-91.4733
434.0000,0.3821,-0.2224,-0.1411,-23.8550,-250.1374,-89.6718
427.0000,0.4324,-0.1785,-0.2498,-13.4275,-250.1374,-87.1832
427.0000,0.4543,-0.1750,-0.3569,5.9542,-247.5420,-87.2443
415.0000,0.4744,-0.1743,-0.4434,22.4962,-237.8244,-84.7405
415.0000,0.5293,-0.1343,-0.5403,37.7710,-226.8092,-80.1221
392.0000,0.6038,-0.0940,-0.6001,54.1756,-210.6794,-77.7786
413.0000,0.6646,-0.0554,-0.6482,65.1298,-195.8931,-74.2443
427.0000,0.7383,-0.0276,-0.7180,65.1374,-177.7710,-70.6947
406.0000,0.7998,0.0139,-0.8140,68.3970,-156.2977,-65.7939
391.0000,0.8538,0.0618,-0.9307,62.5420,-132.2672,-58.0840
433.0000,0.8770,0.1025,-0.9983,61.1527,-113.7634,-55.1069
432.0000,0.9543,0.1650,-1.0430,46.6947,-90.4657,-49.5802
430.0000,1.0039,0.2056,-1.0996,29.3206,-64.3359,-43.3053
431.0000,1.0259,0.2349,-1.1467,14.2672,-37.9466,-38.6794
403.0000,1.0173,0.2454,-1.1565,-5.6412,-14.5267,-33.3359
459.0000,1.0259,0.2468,-1.1077,-30.0611,10.0763,-24.9008
421.0000,1.0388,0.2498,-0.9958,-46.8702,35.4962,-18.1603
449.0000,1.0347,0.2539,-0.9219,-59.1298,59.1145,-10.7328
425.0000,1.0078,0.2378,-0.8352,-71.2366,80.4580,-2.1450
434.0000,0.9839,0.2202,-0.7720,-77.2366,101.3359,6.3206
435.0000,0.9687,0.2019,-0.7285,-80.8473,122.6336,14.1832
427.0000,0.9243,0.1665,-0.6790,-83.4886,141.0840,23.1221
432.0000,0.8735,0.1299,-0.6062,-85.4809,158.4275,32.1908
438.0000,0.8374,0.1067,-0.5571,-84.0611,173.3893,40.7099
431.0000,0.7891,0.0803,-0.5115,-82.3893,185.7863,49.3359
450.0000,0.7322,0.0627,-0.4836,-82.1756,195.4656,56.9695
410.0000,0.7261,0.0759,-0.4131,-88.2748,207.4351,63.3893
415.0000,0.6763,0.0437,-0.3081,-93.6336,214.7405,69.4198
444.0000,0.6484,0.0215,-0.2358,-99.4657,220.8855,76.2443
423.0000,0.6204,0.0024,-0.1487,-104.2977,228.2443,81.7328
431.0000,0.5808,-0.0408,-0.0962,-107.4657,233.8779,87.5344
431.0000,0.5630,-0.0664,-0.0144,-105.2290,239.6107,93.4122
437.0000,0.5139,-0.1475,0.0332,-98.1527,243.0611,99.3206
444.0000,0.4778,-0.2146,0.0981,-94.4733,247.5725,105.1908
437.0000,0.4529,-0.2678,0.1643,-76.8550,249.4580,109.6336
452.0000,0.4028,-0.2722,0.2034,-61.9618,248.3053,114.4962
456.0000,0.3809,-0.2327,0.2737,-54.7863,247.7252,116.7023
436.0000,0.3394,-0.2764,0.4189,-55.5267,246.5267,113.8168
432.0000,0.3093,-0.3428,0.4763,-56.2595,247.3893,112.3435
448.0000,0.3020,-0.3606,0.4902,-54.3740,249.4351,113.3817
480.0000,0.2856,-0.3687,0.4915,-51.8779,248.5572,112.0840
439.0000,0.2393,-0.4072,0.4756,-54.6794,247.1908,111.7099
439.0000,0.2012,-0.5022,0.5964,-56.4275,244.4580,110.7481
438.0000,0.1736,-0.5288,0.6731,-47.1908,240.3282,109.6489
435.0000,0.1611,-0.5491,0.6887,-34.0840,237.2901,110.2519
440.0000,0.1384,-0.5232,0.7563,-24.1069,232.8397,109.6336
445.0000,0.1638,-0.4873,0.8210,-17.6107,229.3740,108.7252
447.0000,0.1772,-0.4863,0.7900,-13.4122,227.1450,105.7481
442.0000,0.1753,-0.4990,0.7561,-13.9237,222.4962,101.8321
452.0000,0.1511,-0.4963,0.8228,-23.0229,215.8855,100.4886
448.0000,0.1514,-0.5181,0.8877,-26.1527,210.0305,99.0076
452.0000,0.1311,-0.5981,0.9749,-27.3588,205.2366,96.0611
432.0000,0.0671,-0.7036,0.9727,-18.3206,200.4809,96.4351
441.0000,0.0317,-0.7961,1.0298,-8.2977,200.7939,98.2061
450.0000,-0.0076,-0.8101,1.0166,5.0992,199.3588,100.5725
463.0000,-0.0593,-0.7573,0.9082,31.2443,196.2214,99.8092
433.0000,-0.1333,-0.6829,0.8716,47.8244,186.3435,96.2061
451.0000,-0.1401,-0.5874,0.9009,42.4733,176.8931,89.0992
445.0000,-0.1714,-0.5754,1.0142,24.3588,166.0534,82.6183
431.0000,-0.1365,-0.5537,1.2007,3.7023,164.5191,75.9160
459.0000,-0.1448,-0.6228,1.2498,-11.5191,161.6336,70.7786
439.0000,-0.2332,-0.7361,1.2644,-19.9924,150.6031,69.0458
435.0000,-0.2407,-0.8437,1.2783,-6.9313,142.3740,67.1069
445.0000,-0.2712,-0.8967,1.2632,2.7252,138.9008,65.4886
441.0000,-0.3335,-0.8560,1.2817,14.2061,128.3969,64.5191
458.0000,-0.3010,-0.8252,1.2439,30.2519,122.2672,62.1527
450.0000,-0.2922,-0.7781,1.1765,38.8626,118.4198,57.3435
447.0000,-0.3308,-0.6904,1.0952,45.6947,107.2061,52.4351
447.0000,-0.3267,-0.5925,1.0325,34.7786,95.3130,46.4198
459.0000,-0.2852,-0.5911,1.1067,17.7023,85.7328,40.4733
440.0000,-0.2434,-0.6008,1.1672,4.1756,81.1527,36.2519
466.0000,-0.2390,-0.6035,1.1624,-11.1145,75.4733,33.5115
437.0000,-0.2200,-0.6287,1.1985,-16.0000,67.2901,33.5802
449.0000,-0.2036,-0.6353,1.2202,-13.3817,61.7939,31.5878
448.0000,-0.1917,-0.6716,1.2041,-4.6565,57.2748,29.2977
449.0000,-0.2344,-0.7036,1.1653,5.4809,52.4656,28.1527
451.0000,-0.2219,-0.7012,1.1248,18.9847,47.2824,27.6794
447.0000,-0.2166,-0.6748,1.0818,32.2366,42.3053,26.4046
448.0000,-0.1763,-0.6218,1.0520,42.6794,38.1221,24.0153
449.0000,-0.1401,-0.5835,0.9861,49.2901,33.0992,21.9466
448.0000,-0.1125,-0.5449,0.9519,51.2748,29.9389,20.0763
443.0000,-0.1047,-0.5159,0.9221,46.0763,27.6183,18.1298
450.0000,-0.0813,-0.5039,0.9058,37.8092,24.8931,15.8779
456.0000,-0.0417,-0.4937,0.8894,34.2137,21.8321,13.9237
457.0000,-0.0244,-0.4814,0.8633,30.0611,21.5649,12.9313
457.0000,-0.0183,-0.4875,0.8591,29.0840,21.5114,12.0076
439.0000,-0.0273,-0.4951,0.8652,27.0992,22.1756,11.7252
464.0000,-0.0303,-0.5049,0.8606,28.3282,22.8473,10.9771
422.0000,-0.0276,-0.5042,0.8208,31.4580,24.9924,11.9313
488.0000,-0.0376,-0.4873,0.7646,34.0382,27.2824,13.4198
454.0000,-0.0720,-0.4812,0.7644,35.6565,26.5573,13.1069
430.0000,-0.0745,-0.4590,0.7551,28.1832,27.7405,12.7786
483.0000,-0.1047,-0.4399,0.7678,23.2595,27.1069,11.6260
421.0000,-0.1147,-0.4373,0.7810,17.6870,26.8550,9.8092
510.0000,-0.1460,-0.4570,0.8142,11.5878,24.4046,7.5115
384.0000,-0.1687,-0.4888,0.8708,10.0611,20.4580,5.4198
525.0000,-0.1677,-0.5229,0.9180,8.4962,18.0992,5.0153
406.0000,-0.1814,-0.5356,0.9512,7.0305,16.6336,5.3588
466.0000,-0.1975,-0.5427,0.9814,6.6412,14.9313,5.1145
421.0000,-0.2175,-0.5459,1.0002,7.8626,11.2519,4.4656
493.0000,-0.2205,-0.5317,0.9995,7.1450,5.8397,3.9466
465.0000,-0.2200,-0.5125,1.0435,3.7710,0.6870,1.2901
398.0000,-0.2366,-0.5298,1.0652,5.7099,-6.1527,-2.7557
542.0000,-0.2651,-0.5447,1.0864,5.7557,-14.4198,-4.6260
432.0000,-0.2646,-0.5369,1.1292,2.6260,-20.4351,-6.2061
461.0000,-0.2632,-0.5437,1.1990,3.0229,-27.1069,-9.3893
475.0000,-0.2625,-0.5466,1.2361,3.2290,-34.1985,-12.2672
388.0000,-0.2725,-0.5479,1.2571,3.2519,-42.6565,-14.1374
516.0000,-0.2661,-0.5481,1.2803,3.4198,-50.5344,-16.6641
358.0000,-0.2805,-0.5732,1.3384,3.0611,-59.2672,-21.5649
500.0000,-0.3147,-0.5986,1.3945,4.7786,-68.4657,-26.0305
465.0000,-0.3650,-0.6050,1.4175,7.7863,-77.1221,-27.4885
455.0000,-0.4175,-0.5994,1.4272,10.5878,-88.9084,-29.0763
424.0000,-0.4019,-0.5737,1.4385,4.6412,-98.8397,-31.6870
445.0000,-0.4106,-0.5706,1.4636,6.4427,-112.3435,-36.1298
486.0000,-0.3970,-0.5850,1.4690,9.3435,-125.1221,-40.2290
422.0000,-0.3853,-0.5818,1.4729,9.2672,-137.5038,-43.7863
472.0000,-0.3420,-0.5645,1.4663,7.5191,-148.1985,-46.8550
376.0000,-0.3208,-0.5630,1.4712,3.5725,-158.7023,-51.0458
519.0000,-0.3118,-0.5522,1.4771,-3.3817,-169.7252,-54.9771
426.0000,-0.3020,-0.5371,1.4226,-8.8397,-180.0382,-58.5267
519.0000,-0.3022,-0.5374,1.3923,-12.6489,-190.0763,-61.2977
404.0000,-0.3025,-0.5442,1.4011,-16.0076,-201.3206,-64.8702
394.0000,-0.2908,-0.5220,1.4004,-16.5267,-212.2748,-66.6565
666.0000,-0.2712,-0.5176,1.3850,-12.1908,-222.7939,-67.8931
390.0000,-0.2966,-0.5728,1.4260,-9.1527,-233.2214,-70.6412
417.0000,-0.3047,-0.5732,1.4229,-1.3359,-243.0611,-71.6870
453.0000,-0.3057,-0.5471,1.3145,11.2519,-250.1374,-69.6565
479.0000,-0.3013,-0.4890,1.2222,18.1832,-250.1374,-68.4122
441.0000,-0.2783,-0.4119,1.1628,16.0840,-250.1374,-69.1221
453.0000,-0.1985,-0.3430,1.1143,7.0229,-250.1374,-71.6489
422.0000,-0.1887,-0.3362,0.9915,2.4046,-250.1374,-75.0229
560.0000,-0.1528,-0.3140,0.8892,-14.9084,-250.1374,-75.6718
432.0000,-0.1008,-0.3000,0.8574,-35.1985,-250.1374,-78.0763
440.0000,-0.0500,-0.2910,0.8054,-50.5496,-250.1374,-80.7863
454.0000,-0.0508,-0.3577,0.7698,-65.1450,-250.1374,-85.2061
426.0000,-0.0273,-0.3904,0.6531,-66.5496,-250.1374,-87.3206
488.0000,0.0024,-0.3811,0.5151,-54.1756,-250.1374,-87.3817
469.0000,0.0037,-0.4199,0.4927,-40.6641,-250.1374,-90.4046
447.0000,0.0430,-0.4795,0.5217,-31.9618,-250.1374,-93.4809
454.0000,0.0977,-0.3921,0.4036,-11.7786,-250.1374,-90.9924
465.0000,0.1392,-0.3367,0.2703,3.8092,-250.1374,-88.0611
479.0000,0.1841,-0.2646,0.1729,9.8550,-250.1374,-87.5573
458.0000,0.2346,-0.2161,0.1079,14.0763,-250.1374,-86.7252
428.0000,0.2629,-0.1858,0.0388,12.4427,-250.1374,-85.7557
508.0000,0.3262,-0.1194,0.0173,6.2595,-250.1374,-85.5267
462.0000,0.3599,-0.1279,0.0015,-6.0382,-250.1374,-86.2443
460.0000,0.3748,-0.1418,-0.0559,-21.6870,-250.1374,-85.5267
430.0000,0.4197,-0.0989,-0.1560,-23.6489,-250.1374,-83.8321
503.0000,0.4180,-0.1409,-0.2576,-20.0840,-244.2214,-83.0534
443.0000,0.4458,-0.1409,-0.3196,-14.9237,-237.8931,-80.4504
465.0000,0.5234,-0.1804,-0.3320,-6.8779,-226.7023,-78.0916
429.0000,0.5813,-0.1731,-0.3682,9.0000,-215.8702,-75.1756
457.0000,0.6218,-0.1812,-0.4329,17.1756,-201.1069,-69.8702
462.0000,0.6880,-0.1184,-0.5381,25.1756,-185.2748,-65.0534
459.0000,0.7136,-0.0901,-0.5852,34.5038,-172.6947,-60.8931
465.0000,0.7678,-0.0332,-0.6287,33.7863,-158.6794,-55.7939
463.0000,0.8440,0.0459,-0.6689,30.5496,-141.3664,-53.8855
468.0000,0.8706,0.0354,-0.7666,24.1221,-125.6260,-50.6794
459.0000,0.8782,0.0974,-0.8247,11.7328,-113.0687,-45.5420
468.0000,0.9419,0.1418,-0.9199,-2.1985,-93.0000,-38.5878
467.0000,0.9675,0.1555,-1.0120,-10.6718,-73.8626,-32.6718
471.0000,0.9924,0.1228,-1.0625,-17.8092,-54.3053,-24.6412
462.0000,1.0532,0.1377,-1.0720,-19.4580,-33.1832,-15.2290
470.0000,1.0957,0.1765,-1.0972,-11.4427,-10.6794,-4.2595
474.0000,1.1157,0.1960,-1.0940,-3.9695,10.4580,4.9924
471.0000,1.1497,0.2144,-1.0745,-7.3588,36.0916,14.7557
465.0000,1.1765,0.2397,-1.0532,-20.6107,69.2290,23.5573
453.0000,1.1228,0.2466,-1.0515,-30.0153,96.2748,30.3817
483.0000,1.0715,0.2498,-1.0105,-47.5573,122.7328,39.6412
457.0000,1.0112,0.2468,-0.9573,-65.7405,145.1374,47.0763
459.0000,0.9548,0.2158,-0.8889,-79.2366,167.5420,52.4656
465.0000,0.8572,0.1436,-0.8296,-85.8244,184.4198,58.6794
447.0000,0.7908,0.0847,-0.7676,-90.3970,196.6336,65.2443
450.0000,0.7722,0.0466,-0.6833,-103.0992,217.9237,73.4657
472.0000,0.7205,0.0115,-0.6199,-105.8397,233.7099,79.1374
471.0000,0.6331,-0.0408,-0.5413,-101.3130,242.6183,84.6107
475.0000,0.5942,-0.0703,-0.4570,-96.5038,250.1298,90.9313
474.0000,0.5605,-0.0718,-0.3064,-92.6565,250.1298,96.9542
474.0000,0.5200,-0.0906,-0.2185,-84.7252,250.1298,102.6031
471.0000,0.4905,-0.1162,-0.2024,-80.7939,250.1298,109.0076
491.0000,0.4312,-0.1221,-0.1570,-74.0687,250.1298,114.6641
476.0000,0.3738,-0.1243,-0.0361,-68.5573,250.1298,118.5802
457.0000,0.3003,-0.2090,0.1509,-68.4657,250.1298,119.5725
489.0000,0.2515,-0.2788,0.2197,-60.8931,250.1298,123.2443
482.0000,0.1980,-0.3203,0.2187,-41.4504,250.1298,129.6794
480.0000,0.1355,-0.3748,0.2483,-16.6107,250.1298,134.2366
468.0000,0.1057,-0.3655,0.2900,0.4962,250.1298,137.9542
479.0000,0.1099,-0.3235,0.4285,9.5115,250.1298,138.5038
477.0000,0.0964,-0.3313,0.4363,10.6260,250.1298,138.8779
473.0000,0.0007,-0.3181,0.4160,18.5649,250.1298,138.5420
465.0000,-0.0613,-0.2441,0.5420,12.6107,250.1298,138.1985
469.0000,-0.1279,-0.3662,0.8108,-0.4351,250.1298,130.2977
471.0000,-0.1660,-0.5183,0.9172,-5.0763,250.1298,125.5038
493.0000,-0.2187,-0.6541,0.8921,2.3969,250.1298,129.4427
454.0000,-0.2595,-0.6775,0.9565,15.5802,250.1298,132.1069
500.0000,-0.3071,-0.7566,1.0276,29.2672,250.1298,129.5649
458.0000,-0.2932,-0.7969,1.0291,45.7786,250.1298,127.2977
484.0000,-0.3430,-0.7644,0.9617,76.2137,250.1298,122.2824
472.0000,-0.3679,-0.6870,0.9780,86.6794,250.1298,117.9389
467.0000,-0.4023,-0.6492,1.0737,78.9771,245.6870,110.3893
474.0000,-0.4292,-0.6462,1.2104,63.4733,234.7405,101.8321
472.0000,-0.4836,-0.6694,1.5088,43.6718,223.4733,93.7481
459.0000,-0.5134,-0.6919,1.6008,32.4351,212.0611,85.6336
469.0000,-0.5618,-0.8364,1.6348,37.3893,199.1069,76.2137
469.0000,-0.5847,-0.9182,1.6099,48.2519,186.9771,69.1985
473.0000,-0.5696,-0.8835,1.5623,50.7176,177.9389,65.1679
499.0000,-0.5676,-0.8823,1.5193,56.7252,166.0763,59.4885
474.0000,-0.5588,-0.8701,1.4026,71.8855,153.4046,51.8015
471.0000,-0.5688,-0.7068,1.3354,67.9771,136.3588,46.7634
472.0000,-0.5603,-0.6406,1.3232,60.3740,119.2366,38.8015
470.0000,-0.4541,-0.5730,1.3811,50.3435,109.0763,29.9695
455.0000,-0.4714,-0.5334,1.3999,31.3740,93.2366,23.2061
500.0000,-0.3936,-0.5061,1.4419,15.8015,82.8702,21.2137
449.0000,-0.3462,-0.5388,1.3906,4.9847,70.8550,18.9160
483.0000,-0.3076,-0.5342,1.3032,-8.3969,67.1679,16.1298
479.0000,-0.2590,-0.5461,1.2881,-4.2443,61.7023,15.6412
468.0000,-0.2537,-0.5544,1.2434,-1.7786,52.1069,16.1298
466.0000,-0.2363,-0.5476,1.2366,10.9542,44.1756,15.8015
483.0000,-0.1436,-0.5562,1.2227,21.9084,35.7252,14.6641
470.0000,-0.0955,-0.5310,1.1797,40.1069,32.2977,14.4351
465.0000,-0.1321,-0.5225,1.1416,41.4580,27.5114,17.0763
476.0000,-0.1414,-0.4937,1.1091,40.0687,23.4351,18.1985
484.0000,-0.1174,-0.4641,1.0654,34.1069,18.8397,18.6870
473.0000,-0.1140,-0.4343,1.0139,29.3740,14.5878,18.7863
478.0000,-0.0972,-0.4341,1.0095,26.8244,10.1069,16.6031
472.0000,-0.1025,-0.4307,0.9951,21.0687,7.2672,14.8626
472.0000,-0.1135,-0.4346,0.9563,13.8168,4.2061,13.7405
480.0000,-0.1025,-0.4468,0.9233,8.2061,2.4885,13.1069
481.0000,-0.1106,-0.4463,0.8967,5.6183,1.4198,12.2901
465.0000,-0.1052,-0.4517,0.8813,4.8397,0.3359,10.9466
476.0000,-0.1008,-0.4573,0.8496,6.0382,-0.3740,9.2824
482.0000,-0.0906,-0.4465,0.7969,5.7634,0.8779,8.6947
484.0000,-0.0864,-0.4343,0.7664,7.4198,2.2366,8.1679
468.0000,-0.0791,-0.4280,0.7490,7.8702,2.8321,7.0076
473.0000,-0.0874,-0.4241,0.7417,7.3282,3.3588,5.7176
474.0000,-0.0784,-0.4124,0.7368,8.7634,3.6489,4.8397
469.0000,-0.0781,-0.4065,0.7183,10.4809,4.3588,4.2977
492.0000,-0.0786,-0.4021,0.7261,11.6183,5.4275,3.9237
489.0000,-0.0886,-0.4084,0.7244,12.6947,6.5496,3.6947
463.0000,-0.0925,-0.3926,0.7395,13.1527,8.2214,3.5649
447.0000,-0.1045,-0.3948,0.7483,16.9466,9.0534,3.0153
520.0000,-0.1089,-0.4009,0.7476,18.6412,10.5038,3.3969
462.0000,-0.1108,-0.4165,0.7581,20.0000,11.6489,3.2137
485.0000,-0.1257,-0.4426,0.7964,21.7786,11.9847,2.4809
502.0000,-0.1455,-0.4626,0.8333,24.0458,10.9084,1.2137
446.0000,-0.1606,-0.4880,0.8933,25.7099,8.7634,-0.2443
497.0000,-0.1553,-0.4851,0.9329,27.3588,7.0840,-1.4046
423.0000,-0.1487,-0.5076,0.9485,30.0763,4.8397,-2.3282
446.0000,-0.1423,-0.4985,0.9312,35.5420,4.0458,-2.1756
551.0000,-0.1519,-0.4956,0.9277,42.0076,2.9084,-0.9389
464.0000,-0.1545,-0.4382,0.9087,47.7252,2.3664,0.9466
409.0000,-0.1499,-0.3870,0.8958,50.6336,1.9466,1.6641
541.0000,-0.1499,-0.3398,0.9009,51.6412,0.8779,1.5420
459.0000,-0.1357,-0.3125,0.9255,49.3359,-0.7328,0.6641
435.0000,-0.1243,-0.3103,0.9741,43.2061,-2.3893,-0.5191
531.0000,-0.1379,-0.3235,0.9949,37.5191,-3.6107,-0.5954
382.0000,-0.1716,-0.3462,1.0276,36.2901,-5.6489,-0.3588
530.0000,-0.1846,-0.3513,1.0474,38.1908,-10.0458,0.0840
505.0000,-0.2205,-0.3601,1.1326,39.6489,-16.0840,-0.4351
508.0000,-0.2666,-0.3835,1.2629,38.8168,-22.7634,-1.7252
496.0000,-0.3335,-0.4019,1.3293,42.2595,-32.5191,-2.3511
309.0000,-0.3757,-0.3896,1.4268,42.0534,-37.2443,-1.2595
650.0000,-0.4260,-0.4041,1.4624,51.6183,-47.3435,-2.6641
416.0000,-0.4680,-0.3982,1.4744,54.8550,-58.5191,-3.4275
374.0000,-0.4871,-0.3752,1.4958,59.3511,-72.9847,-7.4504
641.0000,-0.4805,-0.3027,1.4958,59.0229,-88.4275,-10.7099
526.0000,-0.5183,-0.2563,1.5388,48.7634,-104.1832,-14.0534
281.0000,-0.5251,-0.2407,1.6248,31.6718,-120.2824,-18.5573
578.0000,-0.5212,-0.2573,1.6709,17.2672,-133.5267,-22.0763
402.0000,-0.5205,-0.2949,1.6763,9.6947,-146.2061,-25.8550
554.0000,-0.5283,-0.3284,1.6448,7.3664,-160.6870,-27.8244
462.0000,-0.4915,-0.3225,1.6194,7.6794,-174.5420,-29.2366
505.0000,-0.4443,-0.3069,1.5784,8.6107,-186.7786,-31.1221
390.0000,-0.4119,-0.2759,1.5627,7.0458,-199.0000,-31.5114
514.0000,-0.3718,-0.2622,1.5293,4.7023,-210.5954,-32.0992
532.0000,-0.3337,-0.2583,1.4905,7.4580,-223.1527,-34.0916
573.0000,-0.2927,-0.2617,1.4404,9.4427,-234.2137,-32.6183
429.0000,-0.2676,-0.2664,1.4016,7.8779,-245.0687,-31.2672
471.0000,-0.2463,-0.2632,1.3550,7.0076,-250.1374,-29.2595
448.0000,-0.2097,-0.2317,1.3022,6.5496,-250.1374,-26.2748
419.0000,-0.1733,-0.1885,1.1980,2.8626,-250.1374,-25.6489
545.0000,-0.1318,-0.1653,1.1204,-6.7405,-250.1374,-27.0763
381.0000,-0.1418,-0.1948,1.0857,-15.6336,-250.1374,-28.7099
541.0000,-0.1177,-0.1663,1.0349,-29.6718,-250.1374,-28.0076
408.0000,-0.0859,-0.1909,0.9453,-36.8855,-250.1374,-29.6031
481.0000,-0.0515,-0.2317,0.9038,-43.3817,-250.1374,-30.9695
498.0000,-0.0159,-0.2642,0.7991,-41.6489,-250.1374,-31.2672
452.0000,0.0029,-0.3101,0.7439,-32.0611,-250.1374,-32.0229
455.0000,0.0198,-0.2893,0.6753,-19.0840,-250.1374,-33.0076
475.0000,0.0496,-0.2681,0.6365,-9.4656,-250.1374,-33.7099
445.0000,0.0945,-0.2158,0.5330,-7.0687,-250.1374,-34.3511
462.0000,0.0950,-0.2212,0.4602,0.1527,-250.1374,-38.6794
473.0000,0.1274,-0.1951,0.3667,-0.9160,-250.1374,-39.2824
423.0000,0.1025,-0.2339,0.4006,-1.3511,-250.1374,-40.9618
480.0000,0.1619,-0.2092,0.4104,-3.0076,-250.1374,-40.9313
534.0000,0.1648,-0.2507,0.3716,6.3206,-250.1374,-41.3740
501.0000,0.1628,-0.2610,0.2957,19.9466,-250.1374,-39.6412
470.0000,0.1729,-0.2585,0.2590,37.4885,-250.1374,-38.1679
500.0000,0.2207,-0.1909,0.1851,51.1450,-250.1374,-36.6718
462.0000,0.2739,-0.1851,0.2021,53.6718,-250.1374,-37.7099
481.0000,0.3081,-0.1504,0.1509,58.2519,-250.1374,-39.8931
469.0000,0.3596,-0.1355,0.0256,58.1756,-250.1374,-38.3282
481.0000,0.3865,-0.1416,-0.0669,45.1603,-250.1374,-38.4351
491.0000,0.4224,-0.1279,-0.1646,36.2290,-243.8168,-39.5267
463.0000,0.4585,-0.1472,-0.2288,35.2366,-234.9771,-39.7328
552.0000,0.5178,-0.1536,-0.3198,36.2519,-225.7328,-38.3664
462.0000,0.5955,-0.1646,-0.4009,41.1450,-214.8092,-39.1145
474.0000,0.6692,-0.1853,-0.4617,50.6183,-202.1221,-38.6260
474.0000,0.7607,-0.1760,-0.5481,59.0076,-186.6641,-36.1450
476.0000,0.8069,-0.1855,-0.6165,68.6641,-172.5267,-35.0458
482.0000,0.9077,-0.1501,-0.6758,73.9313,-149.9695,-34.2137
478.0000,0.9268,-0.1433,-0.8030,72.8168,-131.1221,-32.3359
478.0000,0.9480,-0.1003,-0.8743,74.1527,-109.6870,-30.4122
481.0000,0.9905,-0.0625,-0.9587,62.2595,-84.3740,-27.3588
480.0000,1.0195,-0.0439,-1.0352,49.4809,-62.9542,-25.9008
481.0000,1.0427,-0.0044,-1.0693,30.7176,-42.0229,-24.2366
484.0000,1.1152,0.0291,-1.0742,11.4198,-16.3130,-23.0382
478.0000,1.0767,0.0313,-1.1086,-9.7099,4.1756,-21.2672
487.0000,1.1057,0.0430,-1.0630,-27.2901,29.4580,-20.8855
489.0000,1.0857,0.0115,-1.0337,-51.3053,53.1298,-16.1832
482.0000,1.0874,0.0164,-0.9600,-72.2901,79.5344,-11.4733
476.0000,1.0640,0.0164,-0.9070,-82.9542,102.9695,-7.1527
524.0000,1.0264,0.0283,-0.8318,-89.5649,123.1908,-2.1374
470.0000,0.9861,0.0632,-0.7407,-95.4657,141.3969,2.9237
490.0000,0.9502,0.0593,-0.6711,-99.0916,159.2748,7.4962
483.0000,0.9006,0.0415,-0.6350,-103.7481,178.8244,13.9084
467.0000,0.8325,0.0615,-0.6174,-111.8473,196.2748,21.6870
484.0000,0.7686,0.0635,-0.5867,-112.8092,210.5420,26.8168
477.0000,0.7124,0.0754,-0.5393,-112.4504,220.8092,31.4733
481.0000,0.6682,0.0920,-0.4502,-115.7710,229.4275,36.6183
496.0000,0.6416,0.0781,-0.4077,-118.5420,239.6412,40.2977
479.0000,0.5708,0.0334,-0.3203,-123.8168,248.9160,45.3740
482.0000,0.5168,-0.0029,-0.2393,-134.2748,250.1298,52.1985
453.0000,0.4751,-0.0369,-0.1995,-138.8550,250.1298,57.8473
522.0000,0.4365,-0.0662,-0.1704,-132.0840,250.1298,63.4504
477.0000,0.3779,-0.1169,-0.1453,-132.2366,250.1298,71.0687
481.0000,0.3105,-0.2073,-0.0439,-119.7786,250.1298,75.6183
482.0000,0.2617,-0.2520,0.0195,-101.3053,250.1298,83.3283
488.0000,0.2212,-0.2305,0.1157,-81.3664,250.1298,88.3359
489.0000,0.1521,-0.1692,0.3545,-63.9313,250.1298,89.7863
479.0000,0.1492,-0.0669,0.5837,-65.0153,250.1298,89.1603
477.0000,0.1140,-0.1763,0.6460,-66.4428,250.1298,83.4122
494.0000,0.0476,-0.3301,0.6367,-63.0763,250.1298,83.2061
497.0000,-0.0261,-0.3982,0.6794,-55.8321,250.1298,86.5038
488.0000,-0.1340,-0.4526,0.7500,-49.0305,250.1298,88.7023
486.0000,-0.0898,-0.4268,0.7969,-51.1145,250.1298,92.2137
482.0000,-0.0947,-0.4465,0.7271,-34.1450,250.1298,91.4733
497.0000,-0.1721,-0.4851,0.7512,-9.4122,250.1298,90.0305
471.0000,-0.2180,-0.4700,0.8677,-5.7023,250.1298,88.4809
499.0000,-0.1741,-0.4355,0.9141,5.3206,250.1298,85.8092
487.0000,-0.1870,-0.4277,0.9087,6.3511,250.1298,86.1832
484.0000,-0.2366,-0.3560,1.0806,-2.1679,250.1298,85.9389
481.0000,-0.2324,-0.2310,1.3020,-18.9389,250.1298,81.9542
476.0000,-0.2034,-0.3435,1.3171,-34.2214,250.1298,72.5191
486.0000,-0.2634,-0.5364,1.2483,-42.2214,245.7176,70.2672
492.0000,-0.2952,-0.6560,1.2837,-46.2137,243.0153,73.8855
468.0000,-0.3320,-0.6934,1.3845,-33.6794,236.8473,75.6565
482.0000,-0.3645,-0.7815,1.4714,-15.5344,235.1298,77.1603
472.0000,-0.4319,-0.8425,1.3823,11.7939,225.5496,79.8015
528.0000,-0.4666,-0.7893,1.3586,58.5267,220.0229,80.6336
474.0000,-0.5669,-0.7017,1.2263,61.7557,203.9466,79.1527
483.0000,-0.5176,-0.6287,1.2229,87.6718,193.9618,69.9924
492.0000,-0.5293,-0.4602,1.2419,70.3130,180.1298,61.3664
497.0000,-0.5317,-0.3982,1.3130,38.8702,163.5038,51.6794
486.0000,-0.5115,-0.4141,1.4758,5.6107,148.9237,43.3435
477.0000,-0.5085,-0.4917,1.5483,-23.8015,139.1832,37.2824
498.0000,-0.5366,-0.6011,1.5593,-34.5878,124.0382,33.5573
486.0000,-0.4934,-0.7002,1.6323,-30.4962,111.9847,28.9389
475.0000,-0.4629,-0.7327,1.6658,-16.2901,94.0611,21.2901
492.0000,-0.4004,-0.8218,1.7659,14.7939,81.0000,15.8855
477.0000,-0.3633,-0.7529,1.8562,44.1450,66.9237,13.8550
501.0000,-0.3909,-0.6956,1.8340,58.5420,47.6870,16.1069
489.0000,-0.5378,-0.8174,1.9038,67.2595,32.4962,9.8779
485.0000,-0.4192,-0.7939,1.7979,82.3359,20.5954,7.5267
484.0000,-0.2483,-0.6279,1.6897,61.9618,-0.0382,5.5802
476.0000,-0.0935,-0.3904,1.4243,39.7634,-25.2214,-1.4962
489.0000,-0.0259,-0.3752,1.2495,31.5573,-30.2595,-9.1450
462.0000,-0.0696,-0.3210,1.1338,20.3130,-21.9695,-8.5954
547.0000,-0.1431,-0.2419,1.0022,10.4885,-25.7176,-2.2137
479.0000,-0.0923,-0.2275,0.8872,-0.8092,-21.5496,4.3053
527.0000,0.0391,-0.2212,0.8735,-4.0000,-13.0000,1.4427
488.0000,0.0049,-0.3135,0.8850,3.6947,-16.3740,-0.3282
470.0000,-0.0393,-0.3105,0.8740,10.6947,-22.9008,3.6183
492.0000,-0.0715,-0.3376,0.8977,21.6183,-23.5802,5.0534
451.0000,-0.1125,-0.3647,0.8901,39.9008,-20.8244,6.5725
503.0000,-0.1565,-0.3730,0.8743,50.3053,-19.4962,9.4885
493.0000,-0.1482,-0.3054,0.8792,53.5496,-18.0916,11.4046
480.0000,-0.1252,-0.2881,0.8457,56.5191,-18.6412,10.7405
413.0000,-0.1313,-0.2874,0.8308,57.6336,-20.8550,9.7328
591.0000,-0.1533,-0.2759,0.8247,55.7023,-22.7328,7.6183
403.0000,-0.1777,-0.2791,0.8674,50.7328,-24.8397,5.3511
537.0000,-0.1709,-0.2681,0.9060,37.2824,-26.1908,4.3664
469.0000,-0.1545,-0.2451,0.9121,30.8397,-28.2977,2.9160
507.0000,-0.1731,-0.2485,0.9548,25.9771,-32.5191,1.0687
427.0000,-0.1736,-0.2478,1.0037,21.2137,-35.9237,-1.5878
330.0000,-0.1716,-0.2776,1.0676,20.1603,-41.3282,-4.2748
630.0000,-0.1631,-0.3027,1.0710,12.3053,-43.1603,-2.3969
460.0000,-0.1724,-0.3323,1.1633,18.0305,-47.7557,-3.5496
430.0000,-0.1726,-0.3733,1.1851,19.6183,-50.3893,-2.0382
414.0000,-0.1821,-0.3564,1.2151,19.7939,-54.9160,-1.3282
513.0000,-0.1968,-0.3474,1.1838,27.9237,-60.2443,-1.2901
548.0000,-0.2170,-0.3081,1.1829,33.7786,-68.0458,-1.9695
477.0000,-0.2261,-0.2935,1.2205,32.5573,-75.4046,-4.8244
421.0000,-0.2393,-0.2939,1.2737,31.4962,-84.1603,-8.0000
509.0000,-0.2681,-0.3228,1.3413,28.4122,-92.9771,-9.8473
538.0000,-0.3088,-0.3101,1.4324,23.9466,-101.8015,-10.9618
504.0000,-0.3315,-0.3113,1.4749,23.4351,-111.8397,-13.7023
510.0000,-0.3674,-0.3303,1.5107,23.2977,-123.1985,-16.5649
448.0000,-0.3770,-0.3218,1.5051,22.5725,-133.2824,-17.0229
499.0000,-0.3623,-0.3401,1.4907,21.3969,-141.2366,-17.9389
416.0000,-0.3806,-0.3528,1.4512,26.9389,-152.2824,-19.3969
639.0000,-0.3701,-0.3315,1.4136,31.8626,-164.6565,-19.7557
456.0000,-0.3699,-0.3101,1.4268,34.3511,-177.3893,-22.0687
412.0000,-0.3459,-0.2908,1.4280,35.0305,-188.9847,-23.3588
417.0000,-0.3203,-0.2708,1.4138,32.9466,-199.8092,-23.8168
600.0000,-0.3013,-0.2312,1.4099,30.2290,-210.2824,-24.1832
433.0000,-0.2717,-0.2522,1.4326,26.1908,-221.3893,-29.0687
198.0000,-0.2202,-0.2400,1.3916,21.8397,-231.1221,-31.5649
921.0000,-0.1936,-0.2241,1.2959,17.2366,-237.9695,-32.5191
379.0000,-0.2075,-0.2957,1.3433,10.0382,-245.9084,-35.5878
415.0000,-0.1863,-0.3159,1.2812,12.4198,-250.1374,-33.9084
474.0000,-0.1567,-0.2708,1.1584,24.0305,-250.1374,-31.0687
525.0000,-0.1731,-0.2346,1.1172,31.7557,-250.1374,-31.4962
445.0000,-0.1401,-0.2217,1.0930,31.5038,-250.1374,-32.2672
425.0000,-0.0969,-0.1775,0.9895,31.2824,-250.1374,-30.8244
441.0000,-0.0571,-0.0840,0.9290,25.5191,-250.1374,-31.0534
590.0000,-0.0552,-0.0437,0.8887,16.7099,-250.1374,-31.9542
314.0000,-0.0210,-0.0801,0.9021,2.9008,-250.1374,-34.0763
509.0000,0.0022,-0.1016,0.8704,-4.3588,-250.1374,-34.9695
579.0000,0.0410,-0.0864,0.7505,-5.1527,-250.1374,-32.6107
501.0000,0.0439,-0.1399,0.6685,-5.6870,-250.1374,-31.2061
541.0000,0.0732,-0.1335,0.5703,4.2214,-250.1374,-27.5954
513.0000,0.1228,-0.0916,0.4299,18.0840,-250.1374,-23.5573
459.0000,0.1499,-0.0474,0.3130,23.7176,-250.1374,-21.3206
448.0000,0.1787,-0.0291,0.2795,32.5802,-250.1374,-22.3740
441.0000,0.2249,-0.0015,0.1768,37.3206,-250.1374,-20.5191
488.0000,0.2683,0.0427,0.0830,29.9466,-250.1374,-18.8473
434.0000,0.3096,0.0474,0.0601,18.2290,-250.1374,-18.8092
523.0000,0.3535,0.0334,0.0413,2.5344,-250.1374,-17.6031
460.0000,0.3613,-0.0557,0.0935,-11.3359,-250.1374,-19.5038
441.0000,0.3889,-0.1021,0.0332,-17.1298,-250.1374,-19.9160
490.0000,0.4307,-0.1372,-0.1331,-10.9237,-250.1374,-19.1374
455.0000,0.4429,-0.2019,-0.2766,3.8626,-247.5802,-18.2061
533.0000,0.4766,-0.1807,-0.3894,17.3969,-240.0382,-15.6565
448.0000,0.5667,-0.1680,-0.4670,29.7099,-228.1450,-14.4122
491.0000,0.6223,-0.1284,-0.5195,36.2824,-213.6336,-13.8702
463.0000,0.6750,-0.0774,-0.5610,41.8397,-199.8321,-13.5802
497.0000,0.7007,-0.0623,-0.5906,51.8855,-191.5038,-12.9160
499.0000,0.7754,-0.0938,-0.6514,48.9313,-175.3969,-11.8473
493.0000,0.8372,-0.1108,-0.6704,45.5191,-154.2901,-10.9695
495.0000,0.8604,-0.1096,-0.7458,41.1374,-134.1908,-8.8397
492.0000,0.9211,-0.0847,-0.8210,34.1832,-109.3664,-7.5344
485.0000,0.9438,-0.1101,-0.9265,31.3588,-88.6183,-7.5038
490.0000,0.9958,-0.0835,-0.9905,25.6870,-66.7863,-8.2137
490.0000,1.0493,-0.0654,-1.0261,22.5649,-45.3282,-10.1756
483.0000,1.0876,-0.0686,-1.0728,11.3817,-19.6870,-11.4275
487.0000,1.0947,-0.0918,-1.0798,4.1985,4.5496,-12.4351
486.0000,1.1082,-0.0784,-1.0637,-7.8550,31.6641,-11.6794
481.0000,1.0886,-0.0642,-1.0037,-24.5344,58.5725,-11.0229
470.0000,1.1106,0.0007,-0.9487,-45.7557,88.7252,-10.1374
499.0000,1.0781,0.0139,-0.8953,-60.2366,112.8550,-11.4656
521.0000,1.0264,-0.0024,-0.8687,-73.9695,135.5191,-11.6641
469.0000,0.9780,-0.0007,-0.8225,-88.6412,157.1908,-9.2977
454.0000,0.9319,-0.0010,-0.7893,-105.3740,178.2901,-4.9084
467.0000,0.8889,0.0254,-0.7747,-119.6870,197.2519,0.1298
474.0000,0.8108,0.0427,-0.7207,-123.5954,212.0763,3.1298
481.0000,0.7542,0.0476,-0.6614,-127.2290,221.7023,5.7023
475.0000,0.7227,0.0295,-0.5552,-138.2748,233.4198,10.1221
487.0000,0.6807,0.0002,-0.4194,-139.1603,243.9466,13.8855
472.0000,0.6418,-0.0498,-0.3347,-142.3969,250.1298,21.5496
457.0000,0.5933,-0.0579,-0.2783,-147.0763,250.1298,30.7710
490.0000,0.5408,-0.0811,-0.1968,-144.3893,250.1298,37.3511
527.0000,0.4714,-0.0962,-0.1089,-137.8244,250.1298,44.3435
474.0000,0.4548,-0.1089,-0.0012,-131.9466,250.1298,50.0153
490.0000,0.4253,-0.2078,0.1272,-115.2061,250.1298,53.3130
486.0000,0.3635,-0.2751,0.2075,-97.7863,250.1298,61.6794
485.0000,0.3206,-0.2625,0.2498,-74.4046,250.1298,67.0840
495.0000,0.2854,-0.2075,0.3416,-58.0000,250.1298,70.0076
483.0000,0.2207,-0.1472,0.3828,-52.6489,250.1298,68.8855
516.0000,0.1655,-0.1482,0.4675,-54.3206,250.1298,65.4198
514.0000,0.1357,-0.0579,0.6692,-71.8168,250.1298,64.3435
508.0000,0.1104,-0.1074,0.7544,-89.2748,250.1298,59.7939
451.0000,0.0737,-0.2358,0.7803,-101.4351,250.1298,56.2824
540.0000,0.0234,-0.3264,0.8008,-102.3664,250.1298,59.6031
478.0000,-0.0457,-0.4243,0.9084,-98.5802,250.1298,65.6107
488.0000,-0.0378,-0.4666,1.0115,-86.6870,250.1298,68.9847
487.0000,-0.0540,-0.5032,0.9954,-53.2519,250.1298,72.6336
508.0000,-0.0894,-0.4858,0.9451,-12.5878,250.1298,74.9542
478.0000,-0.1462,-0.4492,1.0715,13.8244,250.1298,72.4275
486.0000,-0.1594,-0.4141,1.1663,28.3359,242.7023,68.4733
493.0000,-0.1436,-0.3850,1.2085,30.5725,239.3817,66.9237
489.0000,-0.1433,-0.2490,1.2502,20.4046,237.0840,66.1450
475.0000,-0.1562,-0.2170,1.2283,4.1221,231.2366,61.1756
478.0000,-0.1567,-0.2769,1.1746,-11.1679,224.3359,54.3282
570.0000,-0.1750,-0.3296,1.1343,-20.2824,217.5420,51.4656
476.0000,-0.1726,-0.4270,1.1753,-32.1221,215.1832,52.2519
478.0000,-0.1628,-0.4539,1.1580,-32.1832,214.3664,55.8550
488.0000,-0.2502,-0.4753,1.1023,-13.8015,201.6717,58.9466
477.0000,-0.2542,-0.5220,1.2302,12.7405,195.7405,58.6794
506.0000,-0.3030,-0.4790,1.3716,21.8550,183.5420,55.2214
474.0000,-0.3628,-0.5244,1.4431,31.2137,170.9695,52.0534
483.0000,-0.3669,-0.5598,1.4458,37.2977,164.4198,51.4885
501.0000,-0.3821,-0.5183,1.4683,39.5725,157.9542,51.5878
482.0000,-0.3879,-0.4441,1.4636,33.5802,146.0153,47.1069
490.0000,-0.3982,-0.4480,1.4729,27.3969,131.6870,41.4122
471.0000,-0.3882,-0.4390,1.4644,15.7557,120.4046,36.3359
515.0000,-0.3706,-0.4771,1.3972,21.8702,110.9313,31.6641
476.0000,-0.3616,-0.4688,1.3574,18.3817,99.9160,29.9542
490.0000,-0.3499,-0.4646,1.3652,5.7405,89.8244,28.6718
477.0000,-0.2932,-0.4153,1.3076,3.7634,80.5573,25.8779
499.0000,-0.2590,-0.3958,1.2615,3.1450,71.6183,24.1527
471.0000,-0.2542,-0.3799,1.2610,-3.8015,61.5267,21.8855
484.0000,-0.2241,-0.3970,1.2644,-7.8244,52.0840,18.6107
483.0000,-0.1721,-0.4304,1.2874,-6.9695,45.7710,16.5878
477.0000,-0.1511,-0.4280,1.2317,-7.9313,39.2824,17.7939
485.0000,-0.1011,-0.4277,1.2034,-8.0611,34.2595,18.0534
514.0000,-0.0669,-0.4124,1.1855,-6.3435,29.3435,15.2290
487.0000,-0.0540,-0.4111,1.1711,-4.0458,23.8244,13.6183
475.0000,-0.0471,-0.4072,1.1313,-3.9618,20.7939,13.9084
500.0000,-0.0444,-0.4075,1.0728,-3.3130,19.2901,14.4885
477.0000,-0.0491,-0.3970,1.0396,0.4809,18.3206,15.0153
492.0000,-0.0642,-0.3901,1.0430,3.2137,15.8168,14.5802
479.0000,-0.0830,-0.4063,1.0056,8.6947,12.7939,15.0076
491.0000,-0.0840,-0.4004,0.9973,14.6107,11.0916,13.7710
475.0000,-0.0996,-0.4155,0.9646,20.8015,10.0687,12.3740
490.0000,-0.1140,-0.4111,0.9612,22.7176,7.9313,10.5420
485.0000,-0.1233,-0.3901,0.9399,18.8473,5.5267,7.3588
488.0000,-0.1157,-0.3970,0.9414,14.2061,2.8244,2.8168
503.0000,-0.1016,-0.4065,0.9480,7.5954,1.3359,-1.0000
496.0000,-0.0923,-0.4202,0.9290,1.7328,1.3588,-2.4809
503.0000,-0.0874,-0.4253,0.9011,1.8702,2.9466,-3.0611
472.0000,-0.0847,-0.4045,0.8640,8.0076,4.1679,-2.8473
447.0000,-0.0857,-0.3679,0.8196,17.6412,4.4427,-1.4656
525.0000,-0.0762,-0.3499,0.7891,27.4046,4.4046,-0.8855
486.0000,-0.0813,-0.3264,0.7742,33.1145,4.8092,-0.7405
504.0000,-0.0774,-0.3110,0.8025,34.8244,5.5115,-1.0305
431.0000,-0.0752,-0.2957,0.8325,31.7099,7.3435,-0.7481
515.0000,-0.0818,-0.2903,0.8542,27.8092,7.4122,-0.6336
462.0000,-0.0764,-0.2886,0.8618,24.1298,7.8244,-0.6641
459.0000,-0.0891,-0.3032,0.9021,19.2137,8.0992,-1.0305
553.0000,-0.0969,-0.3086,0.9309,16.1069,7.1221,-1.4198
421.0000,-0.1157,-0.3228,0.9685,17.1603,5.4427,-0.3435
485.0000,-0.1343,-0.3398,0.9800,20.6489,3.0458,1.0000
502.0000,-0.1277,-0.3228,1.0066,22.9008,2.1756,2.2214
572.0000,-0.1313,-0.3181,1.0391,30.9313,-0.9847,1.9160
460.0000,-0.1599,-0.3025,1.0854,34.4122,-6.3435,0.9008
404.0000,-0.1589,-0.2898,1.1357,34.9237,-11.2366,0.2214
526.0000,-0.1526,-0.2756,1.1833,36.4885,-17.3588,-0.1908
599.0000,-0.1516,-0.2529,1.2153,33.9084,-22.4351,-1.2290
412.0000,-0.1719,-0.2556,1.2830,28.6412,-28.6489,-3.5802
492.0000,-0.2126,-0.2830,1.2949,23.6718,-35.8015,-5.1374
434.0000,-0.2393,-0.3101,1.2930,19.3206,-42.2290,-4.4122
473.0000,-0.2664,-0.3020,1.3027,22.6870,-50.6947,-5.0382
555.0000,-0.2917,-0.2791,1.3213,26.8321,-61.3435,-6.7252
472.0000,-0.3083,-0.2549,1.3762,27.5114,-72.6489,-8.9542
521.0000,-0.3232,-0.2751,1.4451,27.8244,-83.0763,-11.1756
468.0000,-0.3352,-0.2712,1.4727,28.2137,-92.1221,-11.6870
547.0000,-0.3357,-0.2681,1.4753,28.7863,-99.6489,-10.6031
418.0000,-0.3357,-0.2661,1.4316,30.7099,-108.2061,-11.0687
532.0000,-0.3345,-0.2410,1.4128,29.9695,-118.2366,-11.8626
400.0000,-0.3340,-0.2095,1.3726,25.0992,-127.1145,-11.8092
563.0000,-0.3289,-0.2065,1.3345,24.9008,-136.8168,-12.4275
514.0000,-0.3398,-0.1904,1.3250,24.0076,-147.2519,-13.1298
420.0000,-0.3557,-0.2229,1.3777,21.1756,-157.1450,-13.2595
426.0000,-0.3472,-0.2439,1.3801,24.1221,-166.6641,-11.9618
534.0000,-0.3337,-0.2485,1.3774,27.6794,-174.1832,-9.6031
586.0000,-0.3525,-0.2380,1.4219,30.5802,-183.8779,-8.6641
348.0000,-0.3521,-0.2395,1.4011,33.3359,-192.7023,-9.0992
619.0000,-0.3462,-0.2356,1.3645,36.5038,-200.7099,-8.5954
432.0000,-0.3562,-0.2263,1.3511,37.8779,-208.9771,-8.6412
542.0000,-0.3540,-0.2019,1.2903,39.3893,-217.7557,-8.7634
458.0000,-0.3430,-0.1670,1.2332,38.2519,-227.0916,-8.4427
513.0000,-0.3120,-0.1096,1.1709,33.7176,-235.5802,-8.8855
273.0000,-0.2834,-0.0798,1.1436,28.2137,-245.8550,-10.1908
831.0000,-0.2559,-0.0410,1.1357,20.0000,-250.1374,-10.7023
371.0000,-0.2112,-0.0320,1.1799,8.2672,-250.1374,-13.4275
477.0000,-0.1765,-0.0425,1.0945,-0.8855,-250.1374,-15.4885
524.0000,-0.1477,-0.0706,1.0137,-4.7557,-250.1374,-14.8702
484.0000,-0.1438,-0.1133,0.9382,-13.9542,-250.1374,-14.9084
482.0000,-0.1055,-0.1038,0.8762,-15.6718,-250.1374,-15.2595
535.0000,-0.0601,-0.1055,0.8044,-15.9313,-250.1374,-16.3664
416.0000,-0.0305,-0.0959,0.7583,-18.4733,-250.1374,-16.6641
494.0000,0.0073,-0.0791,0.7051,-18.1603,-250.1374,-18.4885
623.0000,0.0188,-0.1091,0.7151,-16.1450,-250.1374,-19.7481
435.0000,0.0840,-0.1516,0.6707,-22.0687,-250.1374,-18.0000
509.0000,0.0962,-0.1685,0.5947,-8.9924,-250.1374,-18.1374
463.0000,0.1396,-0.2139,0.5542,-6.1527,-250.1374,-17.8855
489.0000,0.1765,-0.1770,0.4377,-0.5038,-250.1374,-17.5344
467.0000,0.2476,-0.1250,0.3269,6.1908,-250.1374,-17.7557
479.0000,0.3044,-0.0891,0.2659,6.5878,-250.1374,-20.8779
494.0000,0.3523,-0.0920,0.2183,0.9618,-250.1374,-25.8244
511.0000,0.4104,-0.1633,0.1831,-11.1527,-250.1374,-31.1069
457.0000,0.4729,-0.1611,0.1438,-22.8550,-250.1374,-31.8321
550.0000,0.4771,-0.1460,0.0403,-25.5802,-250.1374,-31.6183
435.0000,0.5205,-0.1357,-0.0474,-33.4122,-250.1374,-30.5420
472.0000,0.5669,-0.1453,-0.0818,-24.9542,-250.1374,-34.6718
503.0000,0.5771,-0.2224,-0.1394,-5.6641,-250.1374,-35.6183
511.0000,0.6218,-0.2419,-0.2168,6.8779,-248.1985,-32.1679
453.0000,0.6787,-0.1880,-0.2974,28.3969,-234.2595,-30.0458
481.0000,0.6921,-0.2112,-0.3674,51.0000,-226.7786,-29.6947
464.0000,0.7502,-0.0994,-0.5037,53.0000,-214.2595,-24.4809
494.0000,0.7998,-0.0999,-0.5491,62.1756,-202.6412,-24.3130
489.0000,0.8311,-0.1057,-0.6460,61.8855,-190.5343,-22.6641
477.0000,0.8828,-0.0818,-0.7021,51.4504,-170.2824,-21.2901
476.0000,0.9189,-0.0713,-0.8135,49.7786,-153.2137,-21.2672
488.0000,0.9670,-0.0679,-0.8586,38.7405,-133.0611,-20.3359
493.0000,1.0105,-0.0098,-0.9302,23.5420,-112.9160,-18.2901
540.0000,1.0725,-0.0100,-0.9541,4.0611,-87.5649,-18.4962
488.0000,1.0857,-0.0049,-0.9680,-10.7557,-61.0687,-19.8473
495.0000,1.0518,-0.0300,-0.9221,-21.9695,-39.6718,-21.4733
494.0000,1.0479,-0.0320,-0.9067,-35.7252,-18.1832,-20.4275
488.0000,1.0742,-0.0300,-0.8506,-53.5496,8.2748,-17.4275
479.0000,1.0793,-0.0261,-0.7686,-65.1527,37.8626,-15.3588
495.0000,1.0464,-0.0515,-0.7209,-67.5420,61.6489,-12.4046
573.0000,1.0144,-0.0320,-0.6609,-67.4046,80.0916,-9.6183
479.0000,0.9924,-0.0166,-0.5959,-68.8092,96.5878,-7.2443
510.0000,0.9687,0.0117,-0.5508,-76.6641,114.2137,-4.4427
484.0000,0.9141,0.0269,-0.5024,-85.7023,129.9771,-1.5420
491.0000,0.8911,0.0366,-0.4307,-95.0763,143.6336,1.1221
493.0000,0.8730,0.0359,-0.3833,-101.3283,154.2443,3.2366
479.0000,0.8284,0.0276,-0.3196,-103.1527,159.3282,6.5649
471.0000,0.8362,0.0093,-0.2817,-106.2137,169.2290,10.7939
463.0000,0.8115,0.0122,-0.2568,-107.8550,177.1069,14.4351
480.0000,0.7849,0.0149,-0.2007,-111.0229,185.3969,17.5802
481.0000,0.7615,-0.0015,-0.1206,-116.9237,192.7405,19.8779
495.0000,0.7268,-0.0134,-0.0530,-119.8015,200.2748,23.8931
492.0000,0.6970,-0.0337,-0.0376,-114.8092,207.7786,28.1603
476.0000,0.6699,-0.0491,-0.0085,-108.8015,214.1679,33.4351
488.0000,0.6460,-0.0557,0.0464,-103.4962,219.8397,37.0382
486.0000,0.6082,-0.0820,0.1274,-94.9618,222.7710,39.7786
479.0000,0.5757,-0.1003,0.1497,-87.0611,226.0916,44.2290
501.0000,0.5615,-0.1072,0.1384,-79.4504,230.7252,49.7099
492.0000,0.5186,-0.0964,0.1382,-72.1145,232.2901,53.2366
474.0000,0.5115,-0.1128,0.2271,-74.7252,238.8855,55.6183
511.0000,0.4568,-0.1140,0.2556,-70.9237,238.7328,58.5267
501.0000,0.4185,-0.1460,0.2952,-69.2366,239.0153,60.5649
485.0000,0.3826,-0.1450,0.3872,-66.9389,238.8168,61.6183
484.0000,0.3647,-0.1340,0.4475,-66.2977,239.0763,62.2977
519.0000,0.3303,-0.1584,0.5161,-67.8855,238.1908,62.4809
492.0000,0.2939,-0.2341,0.6584,-73.8855,239.2824,62.0229
483.0000,0.2776,-0.2847,0.7034,-74.6565,243.2214,63.8550
492.0000,0.2258,-0.3367,0.7129,-67.0305,242.3969,67.5420
502.0000,0.1882,-0.3601,0.6917,-58.8397,242.7405,73.2214
488.0000,0.1685,-0.3601,0.7141,-51.1450,244.2214,75.8702
496.0000,0.1484,-0.3562,0.7175,-34.1527,242.2901,75.2748
485.0000,0.1208,-0.3513,0.7056,-15.7328,235.3359,73.2824
483.0000,0.0881,-0.3064,0.7219,-11.7405,228.8931,73.5725
496.0000,0.1018,-0.2695,0.7817,-17.2672,225.2290,71.8626
487.0000,0.0903,-0.2722,0.8740,-23.3664,224.1374,69.7863
490.0000,0.0503,-0.3000,0.9993,-30.0382,218.9618,68.3359
464.0000,0.0359,-0.3464,1.0876,-29.6565,215.8855,67.2595
538.0000,0.0298,-0.4319,1.1248,-18.7328,215.0305,67.0229
485.0000,-0.0295,-0.5374,1.0933,-6.3588,211.3282,69.3435
497.0000,-0.0298,-0.5281,1.0632,4.3969,208.8931,73.9695
495.0000,0.0181,-0.5283,1.0532,29.4122,215.8397,77.3588
477.0000,-0.0217,-0.4729,0.9338,39.3740,217.0763,82.1603
493.0000,-0.0410,-0.3313,0.8696,44.3740,208.6565,80.3053
495.0000,-0.0889,-0.2964,0.8672,45.1832,198.2748,74.5115
489.0000,-0.1150,-0.2805,0.9521,30.0305,189.9008,66.7786
493.0000,-0.1890,-0.3127,1.1040,0.6336,178.2672,60.4275
486.0000,-0.2317,-0.3501,1.2312,-25.6489,170.2214,56.9847
486.0000,-0.3069,-0.4783,1.3157,-37.7176,160.9313,56.1603
534.0000,-0.3057,-0.5210,1.3516,-47.4046,157.3435,56.5267
476.0000,-0.3669,-0.6475,1.4482,-32.9084,145.2595,51.7939
488.0000,-0.3826,-0.7310,1.4644,-16.6794,135.3206,50.6565
496.0000,-0.3647,-0.7595,1.4158,5.6870,127.0076,51.3588
486.0000,-0.3262,-0.7129,1.3645,34.0153,118.6107,51.4504
489.0000,-0.2795,-0.6558,1.3120,53.4427,111.4275,48.9389
488.0000,-0.2466,-0.6338,1.2429,63.3282,103.9160,45.2137
496.0000,-0.1963,-0.5044,1.1545,67.2977,97.6641,40.6565
472.0000,-0.1921,-0.4275,1.1262,57.9618,91.2137,35.6870
503.0000,-0.2061,-0.4063,1.1458,38.9160,84.3817,30.2443
483.0000,-0.1934,-0.3721,1.2024,19.5802,76.4428,24.2214
496.0000,-0.1917,-0.3911,1.2075,7.0992,70.2672,20.0000
485.0000,-0.1877,-0.3855,1.1790,-2.5496,65.0534,18.4962
494.0000,-0.1692,-0.3911,1.1948,-8.1985,59.0611,15.9847
486.0000,-0.1504,-0.4048,1.1880,-13.8321,54.4351,13.8092
494.0000,-0.1230,-0.4268,1.1570,-15.6031,52.7252,12.5725
490.0000,-0.0979,-0.4207,1.1118,-12.5191,51.4809,11.6870
486.0000,-0.0820,-0.4175,1.0703,-4.4275,48.4809,11.2443
494.0000,-0.0879,-0.4365,1.0203,3.2443,47.0687,12.7328
459.0000,-0.1125,-0.4146,0.9934,13.0534,44.3969,13.0611
525.0000,-0.1257,-0.4268,0.9780,25.9389,41.5267,12.7481
492.0000,-0.1382,-0.4275,0.9822,34.5420,37.6641,11.4962
482.0000,-0.1533,-0.4719,0.9897,42.5191,32.6412,8.3740
469.0000,-0.2346,-0.5325,1.1436,29.2137,22.2748,-1.2901
510.0000,-0.2820,-0.4590,1.4709,-12.0305,-6.0687,-15.1908
441.0000,-0.1660,-0.5105,1.5388,-48.6794,-29.1756,-19.9924
522.0000,0.0049,-0.7043,1.3816,-30.5191,-11.1756,-14.5573
516.0000,-0.0525,-0.6960,1.1814,10.8855,15.8092,-1.0534
476.0000,-0.1711,-0.4709,0.9966,42.7939,6.8931,14.1145
455.0000,-0.0981,-0.3127,0.8906,66.7557,-7.3740,18.2137
478.0000,-0.0193,-0.2334,0.8772,80.4886,-4.1069,9.9924
509.0000,-0.0449,-0.2139,0.8557,76.1756,3.3435,4.4351
532.0000,-0.1038,-0.2468,0.8547,63.4733,-0.6565,3.7099
530.0000,-0.1204,-0.2375,0.9014,47.9389,-5.5496,4.6412
477.0000,-0.1123,-0.2419,0.9429,38.9008,-5.2137,2.2672
450.0000,-0.1792,-0.2876,0.9941,33.8779,-8.5649,-1.4046
515.0000,-0.2239,-0.2996,1.0391,32.9847,-17.7328,-3.7099
556.0000,-0.2708,-0.3210,1.1318,35.8855,-27.9237,-5.6947
502.0000,-0.3091,-0.3523,1.2725,38.3282,-35.9847,-7.4580
430.0000,-0.3594,-0.3713,1.3638,38.5420,-42.7481,-7.5954
520.0000,-0.3901,-0.3755,1.3862,37.7328,-49.7405,-6.7099
494.0000,-0.4126,-0.3677,1.3792,38.0687,-57.2366,-5.8168
522.0000,-0.4294,-0.3474,1.4001,42.3969,-67.1069,-6.8244
405.0000,-0.4390,-0.3025,1.4084,48.0076,-81.2214,-9.1832
571.0000,-0.4219,-0.2747,1.4048,52.7023,-93.7863,-11.2061
435.0000,-0.4048,-0.2671,1.4258,57.6260,-105.6336,-12.6336
502.0000,-0.3997,-0.3005,1.4678,55.0076,-116.0840,-12.4198
497.0000,-0.3796,-0.3042,1.4866,55.7328,-126.5954,-11.5267
442.0000,-0.3660,-0.2949,1.5115,57.0229,-137.7023,-10.7023
632.0000,-0.3640,-0.2471,1.5571,56.5878,-149.1985,-11.9771
439.0000,-0.3652,-0.2522,1.5840,54.9389,-161.2519,-15.5115
399.0000,-0.3726,-0.2585,1.5354,50.9924,-172.1145,-16.4733
590.0000,-0.3640,-0.2327,1.4597,43.5954,-182.2748,-15.5115
427.0000,-0.3567,-0.2080,1.4470,35.7481,-194.2977,-17.0611
644.0000,-0.3318,-0.1907,1.4556,30.9924,-205.8779,-18.5573
424.0000,-0.3057,-0.2048,1.4644,26.7405,-217.0382,-19.0763
425.0000,-0.2986,-0.2126,1.4448,27.0611,-227.4351,-18.7176
508.0000,-0.2896,-0.2314,1.4565,28.5191,-239.1908,-17.2901
466.0000,-0.2576,-0.2170,1.4299,29.5114,-250.1374,-15.9847
427.0000,-0.2495,-0.1440,1.3901,29.6107,-250.1374,-14.7939
424.0000,-0.2341,-0.1028,1.3464,22.2977,-250.1374,-15.4046
705.0000,-0.2300,-0.0979,1.2834,14.5802,-250.1374,-16.2519
387.0000,-0.2451,-0.1611,1.2363,9.0611,-250.1374,-17.0076
458.0000,-0.2285,-0.1499,1.1350,6.3893,-250.1374,-14.2214
631.0000,-0.2192,-0.1572,1.1716,4.8473,-250.1374,-13.7939
460.0000,-0.2319,-0.2197,1.2925,4.1603,-250.1374,-16.8473
521.0000,-0.1921,-0.2295,1.2417,12.1527,-250.1374,-17.0458
478.0000,-0.1997,-0.2065,1.0652,26.1832,-250.1374,-16.0076
467.0000,-0.2129,-0.1726,0.9238,30.3282,-250.1374,-17.0840
487.0000,-0.1873,-0.1140,0.7805,28.1908,-250.1374,-18.2214
514.0000,-0.1438,-0.0256,0.6028,26.3359,-250.1374,-18.1221
463.0000,-0.0828,0.0654,0.4546,6.3053,-250.1374,-17.9008
496.0000,-0.0283,0.0969,0.3647,-15.6260,-250.1374,-23.1527
487.0000,0.0488,0.0647,0.2478,-34.3893,-250.1374,-28.1450
481.0000,0.1030,0.0039,0.1455,-54.6107,-250.1374,-30.8626
436.0000,0.1455,-0.0449,0.1616,-71.2672,-250.1374,-34.6718
487.0000,0.2087,-0.1016,0.1067,-77.7786,-250.1374,-37.5420
470.0000,0.2307,-0.1079,0.0115,-65.2137,-250.1374,-37.5038
465.0000,0.2417,-0.1340,-0.0557,-44.6641,-250.1374,-37.3206
548.0000,0.2756,-0.2117,-0.1487,-20.4733,-250.1374,-36.4122
455.0000,0.3462,-0.3054,-0.2102,13.3359,-250.1374,-36.5878
467.0000,0.3962,-0.3452,-0.3555,47.5802,-250.1374,-31.5114
613.0000,0.4736,-0.2668,-0.5330,82.2748,-250.1374,-22.9389
483.0000,0.5320,-0.2446,-0.7268,109.3817,-250.1374,-17.1221
477.0000,0.6152,-0.1702,-0.8086,118.3970,-250.1374,-13.8015
501.0000,0.7234,-0.0313,-0.9788,125.7557,-244.7176,-10.4656
488.0000,0.7742,0.0867,-1.1746,116.5420,-226.9237,-10.7863
471.0000,0.8611,0.1877,-1.2446,86.3283,-209.2748,-11.8473
498.0000,0.9617,0.2007,-1.3079,46.7939,-186.9008,-15.1603
473.0000,1.0303,0.1431,-1.3323,2.3053,-159.1756,-18.4885
493.0000,1.0815,0.0881,-1.3792,-41.2214,-127.5496,-20.2366
485.0000,1.1609,0.0627,-1.4465,-79.8321,-91.2061,-21.0153
518.0000,1.1853,-0.0422,-1.4333,-103.9160,-54.0916,-22.0000
475.0000,1.1985,-0.1223,-1.3403,-110.2672,-14.5954,-18.5267
486.0000,1.1589,-0.1880,-1.2051,-97.3053,18.0916,-15.4504
482.0000,1.1179,-0.1506,-1.1348,-86.9389,51.1908,-7.7405
491.0000,1.0818,-0.0798,-1.0273,-71.3359,83.3206,-5.3969
482.0000,1.0266,-0.0830,-0.9070,-47.1603,106.0534,-4.5954
496.0000,0.9900,-0.0405,-0.8059,-44.5344,127.0458,0.3740
485.0000,0.9478,0.0068,-0.6841,-44.3282,146.1603,3.1069
484.0000,0.8540,0.0198,-0.6206,-54.3969,160.7176,6.4046
479.0000,0.8333,0.0601,-0.5647,-67.5649,177.0000,9.5496
513.0000,0.8054,0.0974,-0.5059,-82.4809,187.2977,12.5649
479.0000,0.7681,0.1113,-0.4709,-99.6183,194.0229,14.8626
497.0000,0.7275,0.1074,-0.3901,-115.8092,199.9237,16.8321
494.0000,0.6792,0.0820,-0.2654,-133.7863,204.4275,20.0992
464.0000,0.6821,0.1038,-0.1499,-150.2519,209.2290,24.7863
479.0000,0.6836,0.0674,-0.0154,-160.4351,215.5343,27.8702
489.0000,0.6580,0.0090,0.0640,-164.2595,222.2901,30.2519
510.0000,0.6479,-0.0442,0.0972,-155.8168,228.7252,35.9695
497.0000,0.6147,-0.1223,0.0559,-151.9084,236.1756,46.4122
488.0000,0.5774,-0.1431,0.1042,-134.5725,238.7405,53.8702
505.0000,0.5525,-0.1733,0.1333,-110.9237,240.3588,61.0992
486.0000,0.5305,-0.1790,0.1826,-86.0382,239.4733,67.0611
488.0000,0.5039,-0.1873,0.2219,-66.6336,239.4351,70.2519
483.0000,0.4995,-0.1606,0.2283,-56.2748,245.9084,72.4886
491.0000,0.4519,-0.2068,0.2432,-48.6489,249.1374,74.9084
496.0000,0.4209,-0.2148,0.2737,-40.5115,248.6183,78.1985
487.0000,0.3752,-0.2051,0.4282,-31.4885,243.1832,77.7786
491.0000,0.3896,-0.1174,0.5100,-39.8321,243.2519,81.0229
489.0000,0.3977,-0.0903,0.5759,-41.4656,244.5038,76.5573
487.0000,0.3259,-0.1816,0.7017,-42.6641,240.2214,70.4733
492.0000,0.3098,-0.2341,0.7468,-45.3359,238.5802,70.6107
487.0000,0.3098,-0.2708,0.7407,-44.4809,241.1069,72.4504
500.0000,0.2781,-0.3672,0.7266,-50.0763,247.1832,74.6031
487.0000,0.2229,-0.3677,0.6331,-54.4275,250.1298,79.8855
485.0000,0.1328,-0.3616,0.6189,-40.0840,247.3511,80.9847
497.0000,0.0554,-0.3672,0.6670,-25.8931,236.4351,79.1221
481.0000,0.0583,-0.3689,0.7668,-21.7481,228.1145,75.6336
492.0000,0.0518,-0.4065,0.8704,-14.3130,221.9618,72.0992
492.0000,0.0422,-0.4189,0.9006,-8.0382,218.1908,72.8321
491.0000,0.0540,-0.4172,0.8955,-4.8550,216.2748,75.8626
497.0000,0.0374,-0.3748,0.9529,-7.7099,210.9237,76.7481
480.0000,0.0732,-0.3447,1.0886,-10.1832,209.0534,71.9389
509.0000,0.0535,-0.3647,1.1201,-10.9237,204.1374,66.9160
492.0000,0.0657,-0.4644,1.1055,-2.6947,204.0229,63.7710
501.0000,0.0344,-0.5000,1.0359,5.8397,205.3893,66.9771
490.0000,0.0339,-0.5146,1.0547,-6.1527,210.7252,69.9695
489.0000,-0.0112,-0.5459,0.9712,2.5115,207.7176,70.0076
500.0000,-0.0747,-0.4297,0.8735,20.4885,199.8397,70.3970
484.0000,-0.1340,-0.3708,0.8506,26.9160,188.1603,67.4275
496.0000,-0.1646,-0.3528,0.9880,17.1069,176.7252,60.5649
489.0000,-0.1904,-0.4119,1.1213,8.2290,166.6183,54.6870
488.0000,-0.2173,-0.4492,1.2073,-0.8473,159.5954,53.5115
494.0000,-0.2292,-0.4448,1.2969,-12.0153,155.5802,55.3740
474.0000,-0.1938,-0.4966,1.3096,-10.6183,153.4962,53.3511
492.0000,-0.2102,-0.5225,1.2590,-7.7328,146.0534,50.6870
504.0000,-0.2432,-0.5181,1.2583,-4.8931,137.6870,47.0000
484.0000,-0.2407,-0.6038,1.2783,-3.0992,131.6412,45.0458
495.0000,-0.2349,-0.6033,1.2300,0.6031,128.6031,46.4962
478.0000,-0.2671,-0.5728,1.2190,10.2748,123.7710,46.3893
498.0000,-0.2905,-0.5327,1.2036,21.5878,112.8168,44.8626
492.0000,-0.2839,-0.4746,1.2102,28.4122,101.6641,42.1221
482.0000,-0.2852,-0.4360,1.2144,31.2214,89.8015,37.7023
493.0000,-0.2917,-0.4419,1.2368,29.6794,80.5191,33.4733