raw_emg,raw_ax,raw_ay,raw_az,raw_gx,raw_gy,raw_gz
110.0000,-0.2141,-0.2830,0.8281,-2.8092,7.7939,2.2748
111.0000,-0.2073,-0.2751,0.8362,-4.8015,8.1908,2.0611
139.0000,-0.2073,-0.2781,0.8445,-5.4885,8.4962,1.6870
134.0000,-0.2158,-0.2864,0.8376,-6.0076,8.2977,1.4046
160.0000,-0.2087,-0.2874,0.8442,-5.5191,8.2977,1.2366
155.0000,-0.2085,-0.2849,0.8462,-4.5725,8.9008,1.5573
156.0000,-0.2087,-0.2825,0.8359,-3.7099,8.8931,1.7099
158.0000,-0.2124,-0.2808,0.8335,-3.1832,9.3206,1.7252
179.0000,-0.2026,-0.2761,0.8264,-3.4733,9.5344,2.1527
170.0000,-0.2107,-0.2766,0.8125,-2.8015,9.7786,1.9695
170.0000,-0.2083,-0.2776,0.8152,-1.8473,10.0534,1.9237
202.0000,-0.2131,-0.2773,0.8220,-1.5267,9.7023,1.9771
190.0000,-0.2034,-0.2720,0.8103,-1.6183,10.1374,1.9160
191.0000,-0.2078,-0.2727,0.8186,-1.8244,10.9084,1.7328
209.0000,-0.2004,-0.2661,0.8171,-1.6489,11.7176,1.7023
212.0000,-0.2061,-0.2632,0.8218,-1.5115,12.0305,1.8397
203.0000,-0.2166,-0.2734,0.8228,-1.0076,12.5649,2.1450
217.0000,-0.2126,-0.2664,0.8313,0.2519,13.2672,2.3435
223.0000,-0.2053,-0.2644,0.8186,-0.0305,13.9466,2.5496
210.0000,-0.2046,-0.2585,0.8220,0.2214,14.7252,2.5573
224.0000,-0.2090,-0.2656,0.8186,-0.2748,15.5725,3.0076
242.0000,-0.2058,-0.2700,0.8271,-0.3740,15.8397,3.0534
216.0000,-0.2168,-0.2805,0.8337,0.6031,16.7023,3.6107
230.0000,-0.2119,-0.2756,0.8257,1.7099,17.2366,3.6031
228.0000,-0.2097,-0.2847,0.8420,2.5954,17.5496,4.1832
229.0000,-0.2131,-0.2837,0.8638,2.2901,17.4198,4.0000
240.0000,-0.2080,-0.2559,0.8435,2.2901,17.3206,4.0916
235.0000,-0.2295,-0.2712,0.8750,-0.0382,16.4504,3.5191
240.0000,-0.2329,-0.2839,0.8823,-3.6794,14.8321,2.8779
234.0000,-0.2271,-0.2754,0.8823,-6.0916,14.0382,2.4656
266.0000,-0.2356,-0.2795,0.8936,-7.8397,12.4275,1.4046
243.0000,-0.2500,-0.2881,0.8984,-10.4122,9.7481,0.7710
247.0000,-0.2466,-0.3062,0.9214,-11.4351,9.1298,0.4580
259.0000,-0.2444,-0.3064,0.9089,-9.7176,9.7710,0.9160
248.0000,-0.2388,-0.3069,0.8940,-6.7557,10.0229,2.0229
249.0000,-0.2288,-0.2800,0.8660,-3.9084,10.8244,3.1374
267.0000,-0.2244,-0.2822,0.8425,-1.6336,11.8168,4.2595
235.0000,-0.2129,-0.2554,0.8000,-1.9847,13.3664,5.1908
252.0000,-0.1919,-0.2432,0.7688,-6.1756,17.2290,6.1069
294.0000,-0.1968,-0.2400,0.7651,-6.3664,17.2672,5.6947
279.0000,-0.1855,-0.2415,0.7625,-13.9389,20.5878,6.1374
229.0000,-0.1897,-0.2463,0.7642,-22.2748,24.8168,7.7481
275.0000,-0.1775,-0.2356,0.7822,-30.1450,26.4198,10.3359
272.0000,-0.1929,-0.2334,0.7341,-33.7481,26.1374,12.6565
268.0000,-0.1880,-0.2080,0.7310,-30.8015,22.3206,14.8244
272.0000,-0.1931,-0.2212,0.7480,-33.6107,17.4656,15.3969
309.0000,-0.1951,-0.2939,0.8167,-36.6794,13.3817,14.7939
274.0000,-0.1897,-0.4016,0.9087,-35.0763,13.3740,16.8473
291.0000,-0.1892,-0.4727,1.0388,-28.8397,12.5344,19.8626
298.0000,-0.1904,-0.5059,1.1301,-13.7099,10.5267,24.0534
293.0000,-0.1792,-0.5000,1.1633,7.0305,7.3053,28.7710
326.0000,-0.1953,-0.4658,1.1738,24.2672,1.7557,32.6031
273.0000,-0.1851,-0.3665,1.1643,31.0687,-2.4122,33.5115
323.0000,-0.2219,-0.3123,1.1580,32.9313,-9.8702,32.0763
257.0000,-0.2422,-0.2307,1.1628,18.8702,-21.6641,23.3740
353.0000,-0.1799,-0.2175,1.1919,-4.6412,-32.2901,8.5802
341.0000,-0.2710,-0.2625,1.2305,-31.7405,-40.0382,-0.7176
299.0000,-0.4060,-0.3406,1.2913,-61.8931,-47.1221,-10.1985
260.0000,-0.5085,-0.4133,1.3369,-84.4504,-55.6794,-19.0000
338.0000,-0.5664,-0.4497,1.3406,-97.3130,-64.9466,-23.4046
365.0000,-0.6035,-0.4783,1.3523,-107.4122,-69.6947,-26.4198
284.0000,-0.6519,-0.5637,1.3306,-102.0611,-82.5267,-31.1985
289.0000,-0.6643,-0.5842,1.3105,-96.7252,-96.3664,-34.1908
382.0000,-0.5989,-0.5667,1.3174,-87.2137,-103.6947,-37.2977
384.0000,-0.5815,-0.5979,1.3252,-70.5420,-112.4428,-39.7939
285.0000,-0.5691,-0.5859,1.3240,-58.4885,-121.9542,-40.5344
321.0000,-0.5437,-0.5601,1.3308,-42.5115,-131.0992,-42.1908
339.0000,-0.5264,-0.5256,1.3247,-28.0153,-138.8931,-44.7405
377.0000,-0.5156,-0.5115,1.3013,-17.0763,-146.9847,-47.1756
324.0000,-0.5115,-0.5291,1.2881,-9.1756,-154.8244,-50.4198
143.0000,-0.4968,-0.5347,1.2512,-3.7099,-161.9237,-53.8321
528.0000,-0.4917,-0.5137,1.1953,1.2519,-167.9924,-56.1069
380.0000,-0.4858,-0.4880,1.1423,2.7710,-174.2595,-58.2748
304.0000,-0.4785,-0.4788,1.1301,0.4198,-181.1221,-61.4809
303.0000,-0.4590,-0.4478,1.1140,-1.9847,-188.0687,-63.4504
474.0000,-0.4138,-0.4043,1.0562,-5.0000,-194.3664,-64.0305
321.0000,-0.4009,-0.3904,1.0845,-9.7099,-199.5878,-66.9542
291.0000,-0.3845,-0.4109,1.0571,-14.3969,-204.5802,-70.9847
433.0000,-0.3691,-0.3923,1.0466,-4.9160,-213.1527,-73.2214
331.0000,-0.3496,-0.4480,0.9985,-15.9695,-215.6717,-71.8092
292.0000,-0.3462,-0.3850,1.0508,-18.1069,-219.7176,-74.7023
374.0000,-0.2913,-0.3938,0.9370,-19.3511,-221.9695,-74.4504
385.0000,-0.2605,-0.3684,0.8684,-22.8244,-223.8702,-75.1832
350.0000,-0.2563,-0.3821,0.8733,-24.2061,-230.2519,-76.9847
294.0000,-0.1880,-0.3286,0.8342,-32.7405,-232.0916,-78.1298
446.0000,-0.1309,-0.3057,0.7896,-33.7176,-231.7252,-78.8855
325.0000,-0.1187,-0.3850,0.7717,-34.3282,-232.7633,-80.1527
311.0000,-0.1094,-0.3650,0.8159,-41.2214,-233.1985,-82.0687
353.0000,-0.0493,-0.3501,0.7700,-32.9847,-233.6107,-82.2901
419.0000,-0.0210,-0.3538,0.7249,-23.7405,-232.5954,-80.1450
343.0000,-0.0381,-0.3479,0.7705,-12.6183,-235.5496,-81.6031
347.0000,0.0193,-0.3557,0.6472,-3.0076,-238.9847,-80.2901
379.0000,0.0925,-0.3308,0.5583,4.9847,-240.9008,-78.1908
358.0000,0.1460,-0.2808,0.5774,4.5878,-236.2901,-78.6794
327.0000,0.1611,-0.2961,0.5156,0.9466,-236.5954,-80.5802
279.0000,0.1816,-0.2283,0.4688,-4.0382,-239.7176,-80.7176
620.0000,0.2314,-0.2517,0.4536,-19.6489,-235.3053,-80.9695
284.0000,0.2214,-0.2908,0.5134,-42.6641,-229.3588,-82.9160
432.0000,0.2649,-0.2754,0.5029,-49.2595,-224.4504,-82.9466
356.0000,0.3098,-0.2710,0.4536,-45.9847,-216.9924,-81.8321
372.0000,0.2898,-0.3098,0.4587,-37.0916,-216.0076,-81.7023
267.0000,0.3230,-0.2876,0.4165,-25.2672,-218.5802,-80.9695
561.0000,0.3740,-0.2791,0.3374,-16.3359,-217.1374,-79.2137
350.0000,0.3958,-0.2874,0.4160,-9.0229,-212.6336,-79.2901
360.0000,0.4028,-0.3145,0.3674,-8.2366,-211.6717,-78.4198
330.0000,0.4814,-0.2627,0.2961,2.1221,-209.6031,-76.2366
542.0000,0.4751,-0.2625,0.2405,-2.4046,-207.1374,-72.3893
359.0000,0.5000,-0.2412,0.3059,-16.2824,-197.6717,-73.1221
315.0000,0.4651,-0.2468,0.3245,-9.8092,-201.2595,-74.3588
453.0000,0.5403,-0.2192,0.2217,-11.4885,-202.3664,-72.2443
331.0000,0.5635,-0.1912,0.2869,-15.7099,-198.3817,-72.8244
377.0000,0.5476,-0.1843,0.2942,-23.9237,-196.5343,-76.1908
338.0000,0.6003,-0.1577,0.2104,-29.8626,-193.2672,-77.0840
413.0000,0.6323,-0.1904,0.1482,-39.7099,-187.3053,-75.5878
426.0000,0.6404,-0.1985,0.1353,-45.7939,-182.4504,-74.7405
375.0000,0.6904,-0.1721,0.1213,-42.3817,-177.6412,-74.4657
369.0000,0.7234,-0.1746,-0.0122,-30.7634,-179.9237,-71.5191
365.0000,0.7722,-0.1597,-0.0986,-17.9466,-174.3817,-68.2901
355.0000,0.7712,-0.1531,-0.1143,-0.2061,-172.6260,-65.2290
429.0000,0.7910,-0.1523,-0.1584,11.6870,-171.6794,-62.0229
442.0000,0.8621,-0.1160,-0.2273,23.5954,-164.0992,-56.4809
372.0000,0.8994,-0.0803,-0.2759,36.4656,-153.4198,-51.1221
416.0000,0.9453,-0.0435,-0.3635,36.2137,-141.4886,-45.8779
426.0000,0.9690,-0.0159,-0.4500,42.6794,-130.5572,-40.7405
440.0000,1.0039,0.0225,-0.4961,48.2748,-117.8550,-35.9542
374.0000,1.0500,0.0327,-0.5510,45.0687,-103.7939,-31.4809
376.0000,1.0635,0.0435,-0.5732,42.2672,-90.8015,-27.0153
429.0000,1.0471,0.0767,-0.6272,40.8779,-78.0534,-21.4275
359.0000,1.0818,0.0879,-0.6458,39.4198,-60.6183,-15.9313
457.0000,1.1072,0.1064,-0.6514,32.6107,-40.1374,-11.1908
392.0000,1.0818,0.0991,-0.6189,23.4504,-23.7634,-7.2214
391.0000,1.0667,0.0728,-0.5881,13.0458,-7.5115,-2.8321
401.0000,1.0918,0.0742,-0.5583,4.9695,11.7939,1.6260
394.0000,1.0815,0.0601,-0.5315,-0.0611,29.2824,6.3588
427.0000,1.0647,0.0493,-0.5098,-6.7939,44.5115,10.7863
472.0000,1.0557,0.0447,-0.4573,-13.1756,58.6794,14.9466
395.0000,1.0437,0.0315,-0.3970,-19.1450,74.6870,19.0229
386.0000,1.0300,0.0178,-0.3562,-22.0382,89.5725,23.1374
431.0000,1.0088,0.0071,-0.3347,-22.1603,102.1603,27.3664
408.0000,0.9807,-0.0063,-0.2947,-20.9542,110.3970,31.5573
408.0000,0.9573,-0.0261,-0.2297,-20.1832,117.2748,35.3053
410.0000,0.9509,-0.0459,-0.1895,-16.3969,124.7863,38.7099
403.0000,0.9373,-0.0735,-0.1543,-13.7557,130.8015,41.9008
408.0000,0.9111,-0.1062,-0.1016,-9.1221,134.8550,45.0763
407.0000,0.9077,-0.1145,0.0024,-3.0611,141.7023,47.8550
408.0000,0.8843,-0.1196,0.0090,-7.1221,147.0458,50.7405
414.0000,0.9021,-0.1211,-0.0061,-10.8321,159.5267,52.2977
405.0000,0.8533,-0.1497,0.0022,-7.4122,164.9618,53.2901
399.0000,0.7849,-0.1743,0.0127,-14.0916,164.1221,53.3664
401.0000,0.7908,-0.1614,0.0720,-15.2672,166.1221,52.6947
414.0000,0.7832,-0.1807,0.0645,-15.4733,169.1985,52.3893
426.0000,0.7559,-0.1855,0.0491,-22.3053,170.7863,53.0229
418.0000,0.7441,-0.2053,0.0974,-33.3969,174.1450,53.5573
411.0000,0.7117,-0.2236,0.1575,-39.8321,175.9924,52.9771
413.0000,0.6904,-0.2380,0.1653,-38.9008,176.1221,54.9389
397.0000,0.6965,-0.2427,0.1702,-36.0382,178.4427,57.2901
435.0000,0.6772,-0.2454,0.2031,-24.9008,178.5496,59.5802
424.0000,0.6560,-0.2788,0.2798,-15.6489,180.8473,61.8244
411.0000,0.6177,-0.2981,0.3428,-9.6947,184.3206,63.3435
422.0000,0.6060,-0.3018,0.3804,-0.4962,188.6260,64.9160
421.0000,0.5879,-0.2822,0.3638,5.4656,190.2137,66.8931
398.0000,0.5842,-0.2405,0.3367,3.6260,192.8244,67.0687
425.0000,0.5505,-0.2581,0.3630,1.8702,192.6794,64.9160
435.0000,0.5100,-0.2744,0.3992,-5.3817,190.4733,63.4733
412.0000,0.4924,-0.2813,0.4299,-15.7863,190.7252,62.6183
439.0000,0.4941,-0.2712,0.4661,-22.9237,193.8855,62.4427
438.0000,0.4790,-0.2563,0.4944,-30.4275,194.6947,62.7252
416.0000,0.4441,-0.2993,0.5491,-40.9008,198.9313,63.0305
443.0000,0.4399,-0.3335,0.5405,-42.0000,204.4733,63.4275
443.0000,0.3948,-0.3511,0.5176,-32.9695,204.9237,64.8550
416.0000,0.3237,-0.3611,0.5332,-28.5878,196.3130,68.7405
445.0000,0.3357,-0.3459,0.5835,-27.1221,195.5649,69.6641
443.0000,0.3066,-0.3564,0.6028,-18.9466,198.5954,68.7786
422.0000,0.2761,-0.3835,0.6309,-8.6565,197.0687,70.8473
443.0000,0.2405,-0.3459,0.6670,-2.2290,193.5802,73.6336
442.0000,0.2375,-0.3452,0.6970,1.9237,192.7557,74.7328
425.0000,0.2449,-0.3503,0.7039,6.8473,198.2214,75.9389
440.0000,0.2219,-0.3752,0.7031,11.6412,203.6336,77.8550
444.0000,0.1663,-0.3574,0.6833,7.7099,207.5725,79.5191
419.0000,0.1204,-0.3416,0.5967,9.5191,203.7863,80.1145
447.0000,0.0938,-0.3213,0.5964,6.9313,202.0611,78.7710
445.0000,0.0308,-0.3613,0.6436,-2.4198,198.3435,76.8779
431.0000,-0.0054,-0.3921,0.7444,-9.8092,196.2290,75.4275
444.0000,-0.0613,-0.4412,0.8657,-14.7863,192.7252,74.4962
454.0000,-0.0974,-0.4778,0.9849,-14.2595,193.9924,76.1756
437.0000,-0.1006,-0.4929,1.0413,-7.5802,196.3588,79.0000
441.0000,-0.1245,-0.5210,1.0500,11.2061,194.0076,81.4886
454.0000,-0.1763,-0.5168,1.0591,34.3435,185.1985,81.5802
430.0000,-0.1589,-0.5127,1.1477,50.7863,181.3282,80.0153
442.0000,-0.1697,-0.5273,1.1150,61.8015,174.8626,77.9237
452.0000,-0.1531,-0.5095,1.0376,72.3588,171.4351,74.6107
425.0000,-0.2002,-0.4722,1.0171,71.5725,163.7023,69.9313
446.0000,-0.2231,-0.4651,1.0251,55.4122,156.5420,64.5420
457.0000,-0.2131,-0.4624,1.0122,40.8168,149.3511,59.7099
434.0000,-0.1736,-0.4634,1.0000,31.5496,146.3664,55.9466
449.0000,-0.1770,-0.4336,1.0234,14.2519,141.6336,52.9084
455.0000,-0.2100,-0.4536,1.1272,0.8779,137.3893,49.6336
437.0000,-0.2292,-0.4954,1.2583,-5.0534,134.4275,46.0840
442.0000,-0.2620,-0.5286,1.3059,-7.0305,128.8626,43.1374
466.0000,-0.2676,-0.5798,1.2683,3.2672,126.6031,42.4580
442.0000,-0.2800,-0.5513,1.2632,19.6260,125.6947,43.0076
448.0000,-0.2695,-0.5837,1.2480,35.9313,120.3588,42.9542
464.0000,-0.2480,-0.5703,1.1055,49.5344,114.8550,42.4351
444.0000,-0.2307,-0.5513,0.9810,70.9237,107.4504,42.4580
446.0000,-0.2341,-0.4932,0.8948,79.5038,99.5802,40.2519
460.0000,-0.2314,-0.4321,0.8818,75.1221,92.2595,34.9924
443.0000,-0.2200,-0.4033,0.8796,67.5115,85.0916,30.5344
443.0000,-0.1755,-0.3921,0.8984,55.2748,82.5725,27.9008
456.0000,-0.1909,-0.3975,0.9731,39.5038,80.4886,25.0534
441.0000,-0.2185,-0.4033,1.0684,29.4198,77.4198,22.1527
448.0000,-0.2324,-0.4143,1.1418,21.5191,75.7405,20.6870
458.0000,-0.2532,-0.4385,1.2136,18.2901,76.9160,19.4198
432.0000,-0.2754,-0.4790,1.2222,22.0382,75.5267,19.3588
449.0000,-0.2932,-0.4766,1.2336,22.0153,73.5191,19.6794
446.0000,-0.3044,-0.4536,1.1833,27.4122,69.8015,19.3359
437.0000,-0.3315,-0.4260,1.1008,27.7863,66.8779,18.7557
455.0000,-0.3333,-0.3796,1.0708,26.0840,62.2061,16.2290
445.0000,-0.3425,-0.3516,1.0564,25.7176,55.1832,12.9160
437.0000,-0.3328,-0.3479,0.9905,22.1221,49.1374,11.3740
452.0000,-0.3293,-0.3247,0.9626,14.5573,46.4122,10.7557
448.0000,-0.3301,-0.3206,0.9348,9.6641,41.9389,9.0916
441.0000,-0.3315,-0.3105,0.9253,4.8092,35.9542,7.5420
452.0000,-0.3230,-0.3044,0.9297,0.1985,30.2748,5.5725
447.0000,-0.2852,-0.3232,0.9231,-0.7710,26.9695,5.3664
439.0000,-0.2549,-0.3394,0.9248,0.3740,24.3511,5.9008
449.0000,-0.2363,-0.3318,0.9163,2.5496,22.4427,6.9695
448.0000,-0.2126,-0.3259,0.9097,5.5344,21.5344,7.6870
439.0000,-0.1951,-0.3289,0.8948,7.6641,21.7405,7.9160
440.0000,-0.1858,-0.3235,0.8850,9.3282,22.5114,8.8855
448.0000,-0.1799,-0.3105,0.8591,9.0229,25.5114,9.6565
435.0000,-0.1743,-0.2976,0.8206,7.9542,27.2901,9.5954
444.0000,-0.1848,-0.3025,0.8110,5.9695,26.7405,8.5496
451.0000,-0.2297,-0.3315,0.8264,1.1145,23.5496,6.2748
437.0000,-0.2708,-0.3594,0.8699,-1.4656,16.1985,3.4504
437.0000,-0.2986,-0.4270,0.9324,-4.1450,10.0305,1.4580
443.0000,-0.2749,-0.4233,0.9785,-1.5344,7.0382,-0.6336
431.0000,-0.2959,-0.4167,1.0095,9.2977,-1.5878,-2.5115
431.0000,-0.3027,-0.4053,0.9875,13.2137,-10.3664,-1.7557
463.0000,-0.2705,-0.3806,0.9624,11.0000,-10.7328,-0.9160
421.0000,-0.2554,-0.3528,0.9436,10.0992,-5.6412,-0.0458
458.0000,-0.2664,-0.3127,0.8967,10.5573,-4.6947,1.1145
465.0000,-0.2637,-0.2920,0.8533,6.1145,-4.1679,2.2824
417.0000,-0.2510,-0.2690,0.8142,4.0992,-1.2061,2.1450
424.0000,-0.2378,-0.2520,0.7883,6.0763,-0.0916,1.4427
483.0000,-0.2461,-0.2432,0.7244,7.0305,-1.6260,1.7939
445.0000,-0.2712,-0.2478,0.7080,6.5802,-2.8550,1.8931
438.0000,-0.2585,-0.2378,0.7166,2.5344,-3.2137,1.0687
479.0000,-0.2649,-0.2515,0.7454,-1.2443,-4.0534,0.1450
438.0000,-0.2683,-0.2510,0.7903,-4.8855,-5.6107,-0.7939
494.0000,-0.2852,-0.2903,0.8320,-6.7252,-5.7710,-0.9313
466.0000,-0.2927,-0.2952,0.8782,-5.6947,-6.1908,-0.5649
462.0000,-0.3042,-0.3140,0.9175,-5.4275,-8.1756,-1.4351
450.0000,-0.2974,-0.3044,0.9639,-6.5496,-10.5878,-1.7328
472.0000,-0.3103,-0.3066,1.0120,-9.5878,-12.1298,-2.3664
482.0000,-0.3203,-0.3206,1.0627,-13.1832,-12.0305,-2.3893
403.0000,-0.3418,-0.3345,1.0989,-14.3664,-13.7328,-2.8015
534.0000,-0.3650,-0.3386,1.1382,-14.0534,-17.1985,-3.0763
422.0000,-0.3875,-0.3374,1.1399,-9.7328,-21.3740,-2.8321
526.0000,-0.3931,-0.3176,1.1245,-5.3664,-26.5878,-3.6489
410.0000,-0.4102,-0.3037,1.1145,-4.5420,-33.6870,-4.8397
518.0000,-0.4331,-0.3013,1.1331,-8.6031,-42.3206,-6.7481
417.0000,-0.4314,-0.3123,1.1675,-18.1298,-49.7252,-8.5420
485.0000,-0.4297,-0.3123,1.2039,-28.3435,-57.8092,-10.5649
485.0000,-0.4412,-0.3062,1.2432,-37.9237,-66.7786,-12.5802
393.0000,-0.4561,-0.3345,1.2803,-44.6336,-76.0076,-15.7710
537.0000,-0.4548,-0.3777,1.2891,-47.8855,-85.0916,-17.1527
477.0000,-0.4482,-0.4041,1.2859,-48.8626,-93.3740,-17.9542
469.0000,-0.4502,-0.4141,1.2930,-47.6107,-101.7786,-19.0458
434.0000,-0.4531,-0.4419,1.3069,-46.5420,-111.0458,-21.8855
473.0000,-0.4612,-0.4507,1.3362,-46.6489,-119.6794,-24.9924
476.0000,-0.4370,-0.4656,1.3301,-43.5115,-127.7863,-27.0763
457.0000,-0.4202,-0.4668,1.3130,-38.0458,-135.5038,-29.5420
534.0000,-0.4202,-0.4624,1.2986,-35.5344,-142.4122,-32.7634
464.0000,-0.4153,-0.4709,1.2961,-35.7863,-151.0687,-36.6260
528.0000,-0.4058,-0.4485,1.2627,-36.3893,-159.2748,-40.0305
383.0000,-0.4141,-0.4590,1.3027,-38.2901,-167.0687,-45.4427
457.0000,-0.4102,-0.4670,1.2815,-35.5267,-178.3511,-51.0534
494.0000,-0.3831,-0.4763,1.2244,-39.7252,-185.4351,-54.3282
515.0000,-0.3774,-0.4846,1.2290,-40.9008,-192.5114,-58.5878
425.0000,-0.3831,-0.5085,1.2251,-44.4733,-200.6565,-63.0382
485.0000,-0.3599,-0.4700,1.1995,-43.8015,-211.0382,-65.9389
508.0000,-0.3091,-0.4163,1.1460,-43.6794,-218.3053,-67.1450
459.0000,-0.2749,-0.3691,1.1008,-45.7023,-225.4275,-70.7405
506.0000,-0.2446,-0.3806,1.0776,-53.2214,-231.3359,-74.9160
377.0000,-0.2273,-0.4241,1.0869,-59.9771,-236.8397,-78.2748
533.0000,-0.2124,-0.4080,1.0769,-65.9771,-239.4427,-79.8244
437.0000,-0.2183,-0.4729,1.1003,-65.2061,-240.1221,-83.2290
459.0000,-0.2271,-0.5151,1.0569,-55.3053,-244.1069,-86.8092
441.0000,-0.2080,-0.5344,0.9709,-37.7786,-250.0153,-87.7481
454.0000,-0.1973,-0.5046,0.9294,-27.7939,-250.1374,-87.9237
507.0000,-0.1453,-0.4224,0.8271,-22.6794,-250.1374,-88.9847
355.0000,-0.1165,-0.4043,0.7410,-19.5114,-250.1374,-91.6107
697.0000,-0.0718,-0.3606,0.6785,-29.8626,-250.1374,-95.8168
460.0000,-0.0759,-0.3860,0.7246,-39.5420,-250.1374,-101.1832
466.0000,-0.0562,-0.3901,0.6880,-47.4580,-250.1374,-105.6718
420.0000,-0.0056,-0.3557,0.6348,-50.5420,-250.1374,-108.0611
490.0000,-0.0002,-0.4131,0.6406,-47.4809,-250.1374,-110.6107
442.0000,0.0242,-0.3667,0.6477,-50.2519,-250.1374,-112.3511
585.0000,0.0884,-0.3333,0.5635,-40.8015,-250.1374,-113.7252
452.0000,0.1111,-0.3625,0.5745,-47.4656,-250.1374,-114.5725
450.0000,0.1558,-0.3342,0.5654,-53.7328,-250.1374,-118.0382
477.0000,0.2300,-0.2520,0.4014,-44.8168,-250.1374,-118.3053
436.0000,0.2842,-0.2271,0.2869,-43.0382,-250.1374,-117.4733
456.0000,0.3193,-0.2830,0.3159,-53.6183,-250.1374,-119.2748
489.0000,0.3528,-0.2598,0.2817,-53.7634,-250.1374,-122.6412
458.0000,0.4419,-0.1843,0.1501,-49.9847,-250.1374,-121.5267
471.0000,0.4812,-0.1348,0.0752,-56.0992,-250.1374,-120.7176
467.0000,0.4868,-0.0645,0.0059,-61.0076,-250.1374,-120.0992
461.0000,0.5618,-0.0654,-0.0674,-64.4275,-250.1374,-120.4275
455.0000,0.5703,-0.1016,-0.1089,-62.3435,-249.4275,-117.6260
488.0000,0.6348,-0.1333,-0.1897,-65.5191,-237.0458,-112.3893
488.0000,0.6545,-0.1084,-0.1941,-45.4656,-229.1527,-106.7099
523.0000,0.7007,-0.0513,-0.3167,-22.7405,-219.8931,-97.8550
478.0000,0.7705,-0.0293,-0.4055,-1.0763,-207.8473,-90.0687
439.0000,0.8206,-0.0112,-0.4800,26.3282,-195.8931,-81.6489
480.0000,0.8491,-0.0090,-0.5828,52.9618,-184.4504,-71.6336
457.0000,0.8569,0.0642,-0.6145,75.6336,-171.8473,-61.3740
492.0000,0.8794,0.0886,-0.7058,90.7481,-158.0840,-51.3206
462.0000,0.9258,0.1504,-0.7371,100.8168,-132.8092,-42.7786
481.0000,0.9285,0.1572,-0.7708,106.2290,-113.4657,-35.3053
474.0000,0.9565,0.2041,-0.8350,99.0305,-89.7634,-28.2519
453.0000,0.9836,0.1873,-0.8477,88.3588,-67.0763,-20.9695
476.0000,0.9792,0.1719,-0.8176,63.0687,-45.1908,-14.4122
454.0000,1.0061,0.1780,-0.7520,37.2977,-20.1145,-8.5649
416.0000,1.0259,0.1580,-0.7429,9.1527,5.8473,-3.7786
469.0000,1.0200,0.1396,-0.6438,-15.5573,36.8168,0.2901
456.0000,0.9761,0.0459,-0.5300,-21.3893,58.2290,4.0076
476.0000,0.9387,0.0283,-0.5042,-17.3740,67.9618,11.9695
474.0000,0.9634,-0.0276,-0.4150,-20.7176,81.1908,17.3969
470.0000,0.9700,0.0356,-0.3123,-17.1527,98.5038,21.7099
479.0000,0.9719,-0.0315,-0.2732,-11.8092,115.9160,26.2672
483.0000,0.9338,-0.0696,-0.2322,-13.5573,126.7863,30.1832
474.0000,0.8979,-0.0930,-0.1650,-9.8550,130.9008,33.7863
477.0000,0.8804,-0.1113,-0.1304,-4.6260,133.3511,36.6260
496.0000,0.8965,-0.1172,-0.0889,-2.3282,140.3053,39.4122
480.0000,0.8733,-0.1401,-0.0757,1.1145,143.7099,41.2595
465.0000,0.8601,-0.1826,-0.0081,4.8473,148.4962,42.0153
491.0000,0.8533,-0.1770,0.0466,1.7023,151.9084,42.3282
528.0000,0.8621,-0.1475,0.0627,-1.1603,153.1679,42.0305
468.0000,0.8838,-0.1587,0.0962,-6.9389,160.1069,42.1679
475.0000,0.8298,-0.1733,0.1321,-16.2901,160.9771,41.1832
477.0000,0.8186,-0.1626,0.1528,-26.6489,161.6870,39.8626
475.0000,0.8279,-0.1550,0.1565,-30.4656,161.6565,39.5115
489.0000,0.8203,-0.1318,0.1748,-37.1832,158.9847,39.8473
490.0000,0.7825,-0.1824,0.2114,-40.0305,161.2824,42.1603
466.0000,0.7810,-0.2231,0.2732,-42.3206,163.4122,42.0840
502.0000,0.7529,-0.2378,0.3494,-35.4733,164.9466,43.6107
474.0000,0.7476,-0.2859,0.3440,-28.5802,167.8015,46.3511
469.0000,0.7131,-0.3340,0.4326,-19.7481,173.7786,47.9771
473.0000,0.6714,-0.3560,0.4832,-7.3206,175.0153,49.5725
503.0000,0.6631,-0.3135,0.4595,11.2595,173.2672,51.4962
455.0000,0.6516,-0.2932,0.4224,23.7939,171.0840,53.6336
485.0000,0.6372,-0.2861,0.4304,29.7863,169.6260,54.9313
496.0000,0.6299,-0.2710,0.4451,32.1221,167.4809,54.1450
466.0000,0.5981,-0.2468,0.4321,31.8397,164.2366,53.1145
483.0000,0.5964,-0.2261,0.3860,28.7863,161.9771,52.7786
493.0000,0.5786,-0.2288,0.4014,20.9313,160.3893,53.1908
458.0000,0.5535,-0.2183,0.4434,10.3969,163.3817,52.4656
494.0000,0.5476,-0.2046,0.4194,4.4427,164.6336,51.6947
507.0000,0.5005,-0.2231,0.4248,-0.5267,163.5420,51.5420
460.0000,0.4500,-0.2861,0.5461,-12.3435,165.3511,50.5878
495.0000,0.4214,-0.2979,0.6384,-19.3130,166.0992,49.6336
492.0000,0.4124,-0.3052,0.6130,-19.2748,166.2366,51.8931
467.0000,0.4009,-0.3147,0.5847,-20.0305,168.4656,55.9237
476.0000,0.3777,-0.3103,0.6270,-14.6947,168.5725,58.6718
505.0000,0.3779,-0.3306,0.6675,-9.2137,171.2672,60.8855
473.0000,0.3667,-0.3499,0.6499,-2.1221,171.5496,63.2595
485.0000,0.3596,-0.3196,0.5840,10.1908,174.6183,65.6412
498.0000,0.3010,-0.3254,0.5442,22.6489,171.2672,68.0992
473.0000,0.2766,-0.2925,0.5710,25.8321,169.4962,67.7863
482.0000,0.2622,-0.2458,0.6184,26.3282,168.3817,66.6183
482.0000,0.2456,-0.2361,0.6077,20.6260,167.8244,65.1603
467.0000,0.1716,-0.2515,0.7090,10.4504,166.7481,64.2748
484.0000,0.1523,-0.2659,0.8477,-0.6565,169.5420,61.4046
486.0000,0.1240,-0.2917,0.8828,-6.6565,169.2901,59.8550
468.0000,0.1213,-0.3347,0.8860,-4.7176,171.2366,60.6641
480.0000,0.0906,-0.4126,0.9004,-8.9160,176.7557,62.9237
479.0000,0.0974,-0.4172,0.8875,-14.6947,186.0687,62.1298
466.0000,0.0605,-0.4143,0.7871,-6.4504,187.1221,63.6794
484.0000,0.0408,-0.4048,0.7417,-4.4275,182.8092,65.0382
472.0000,0.0188,-0.3906,0.7458,-2.7176,176.3282,64.8397
471.0000,-0.0090,-0.4185,0.8647,3.8550,172.3969,62.9924
478.0000,-0.0427,-0.4287,0.9458,6.2061,168.8473,60.8855
479.0000,-0.0850,-0.4490,0.9773,13.7710,158.5191,61.2901
469.0000,-0.0920,-0.4258,1.0466,12.5496,156.9847,61.9847
484.0000,-0.1418,-0.4875,1.0549,4.0763,155.0153,60.2595
476.0000,-0.1169,-0.5034,1.1384,8.5878,157.8473,57.0534
470.0000,-0.1470,-0.5249,1.1472,17.4275,155.6336,54.9771
479.0000,-0.1707,-0.5415,1.0715,26.3511,153.7023,55.2977
482.0000,-0.1626,-0.5413,1.0339,38.8168,151.3053,54.4656
469.0000,-0.1765,-0.5049,0.9668,51.5573,141.9237,54.8168
483.0000,-0.1643,-0.4734,0.9568,62.7328,133.4580,53.5038
476.0000,-0.1621,-0.4216,0.9529,57.9771,128.5802,50.8092
477.0000,-0.1633,-0.3777,0.9934,47.6489,126.7710,47.5573
478.0000,-0.1895,-0.3879,1.0479,38.1985,123.6489,45.1603
485.0000,-0.2124,-0.3997,1.1392,31.6412,119.7023,42.1756
457.0000,-0.2559,-0.4182,1.2488,27.8550,114.3130,39.7710
490.0000,-0.2683,-0.4236,1.2966,22.8855,112.6794,38.5344
477.0000,-0.2908,-0.4446,1.2166,25.2443,112.2137,37.2977
470.0000,-0.3125,-0.4412,1.1384,21.4733,107.2748,35.4504
488.0000,-0.3281,-0.4219,1.1240,18.8550,96.8626,32.0000
484.0000,-0.2744,-0.4304,1.1003,15.6260,89.0153,27.6718
479.0000,-0.2590,-0.4426,1.0984,21.1145,84.6870,25.2061
484.0000,-0.2463,-0.4443,1.0952,20.0611,81.4275,23.6489
487.0000,-0.2551,-0.4695,1.1121,23.6641,75.9771,23.3435
478.0000,-0.2454,-0.4731,1.1213,27.4427,70.0992,23.7099
490.0000,-0.2180,-0.4604,1.1255,34.9237,65.0229,24.4809
490.0000,-0.2100,-0.4517,1.1311,44.1985,62.1679,24.5954
477.0000,-0.1997,-0.4482,1.1399,53.3435,58.6489,24.9008
491.0000,-0.1980,-0.4246,1.1733,57.8397,59.0229,25.1450
483.0000,-0.1934,-0.3867,1.1729,63.2672,58.2366,25.2901
478.0000,-0.2117,-0.3745,1.1570,64.9542,57.8550,26.4275
483.0000,-0.2073,-0.3630,1.1299,64.8397,57.3740,27.1527
489.0000,-0.2078,-0.3264,1.0901,63.8168,57.0458,26.9618
479.0000,-0.2026,-0.2866,1.0271,55.2595,59.6031,26.8015
481.0000,-0.2029,-0.2749,0.9758,47.5267,61.5496,24.7710
482.0000,-0.2166,-0.2566,0.9277,37.4885,59.2214,23.5725
479.0000,-0.2261,-0.2297,0.7795,24.7405,53.9847,23.6489
489.0000,-0.2490,-0.1663,0.6907,12.4351,50.9008,21.9847
483.0000,-0.2708,-0.1514,0.6631,6.3969,45.1603,16.2443
476.0000,-0.3254,-0.1692,0.6489,-11.6947,37.6489,11.0229
477.0000,-0.3301,-0.1758,0.7219,-29.6489,30.8321,6.8397
486.0000,-0.3308,-0.2388,0.7742,-27.8702,27.5267,3.1756
470.0000,-0.3494,-0.2861,0.8215,-30.2595,24.9389,2.6336
479.0000,-0.3770,-0.3186,0.8872,-24.8626,19.4809,2.7481
489.0000,-0.3774,-0.3564,0.9585,-18.3130,15.5115,3.2290
474.0000,-0.3916,-0.3467,1.0120,-9.8321,11.0992,2.6260
476.0000,-0.3872,-0.3621,1.0347,-0.2443,6.3206,1.6031
488.0000,-0.3740,-0.3560,1.0579,8.5802,1.7252,0.1756
476.0000,-0.3384,-0.3374,1.0459,15.6031,-1.6183,-1.1069
467.0000,-0.3186,-0.3152,1.0190,20.5114,-3.6336,-2.0076
488.0000,-0.3113,-0.2849,0.9780,21.9466,-4.9695,-2.5725
480.0000,-0.2759,-0.2593,0.9270,22.4351,-7.2443,-2.9847
458.0000,-0.2576,-0.2478,0.8926,22.4962,-6.4962,-2.9542
478.0000,-0.2429,-0.2214,0.8521,17.2824,-5.3664,-2.8779
505.0000,-0.2229,-0.2031,0.8315,15.3282,-4.3817,-2.8702
474.0000,-0.2156,-0.1997,0.7925,12.8321,-3.7863,-2.2901
512.0000,-0.2144,-0.1748,0.7705,10.1832,-3.6947,-1.6336
479.0000,-0.2227,-0.1863,0.7693,5.5878,-3.5496,-1.2901
500.0000,-0.2156,-0.1768,0.7690,-0.7176,-2.1450,-1.2214
483.0000,-0.2170,-0.1765,0.7603,-4.7176,-1.2595,-0.5878
512.0000,-0.2251,-0.1819,0.7861,-8.5496,-1.3435,-0.1832
434.0000,-0.2354,-0.1807,0.8169,-10.6183,-2.8473,0.2061
507.0000,-0.2415,-0.1887,0.8416,-11.0153,-4.1221,0.1069
465.0000,-0.2451,-0.2041,0.8689,-11.6718,-5.6489,0.7099
516.0000,-0.2607,-0.2329,0.9202,-13.7405,-7.2977,0.8626
468.0000,-0.2588,-0.2544,0.9504,-17.2748,-7.5038,1.5191
488.0000,-0.2703,-0.2703,0.9648,-18.2137,-8.1069,3.0229
456.0000,-0.2854,-0.2798,0.9761,-17.7634,-10.5878,4.1374
560.0000,-0.3062,-0.2629,0.9724,-17.6031,-14.9160,4.2824
420.0000,-0.3245,-0.2532,1.0127,-20.2901,-21.0763,3.1527
537.0000,-0.3508,-0.2483,1.0640,-24.5191,-28.0305,0.9237
488.0000,-0.3613,-0.2417,1.1260,-27.6336,-34.4885,-0.9618
516.0000,-0.3840,-0.2366,1.1660,-30.7710,-41.8092,-3.0305
466.0000,-0.3962,-0.2603,1.2292,-36.5649,-50.1450,-5.5344
523.0000,-0.4009,-0.2881,1.2781,-43.0763,-57.9771,-8.5496
508.0000,-0.4094,-0.3218,1.3120,-47.0382,-65.5802,-11.3282
506.0000,-0.4319,-0.3501,1.3389,-50.5191,-72.3664,-13.9389
453.0000,-0.4294,-0.3574,1.3472,-49.9924,-78.8550,-16.7481
553.0000,-0.4478,-0.3660,1.3677,-46.8473,-86.7863,-19.6794
480.0000,-0.4702,-0.3738,1.3894,-44.8397,-95.2061,-22.8931
488.0000,-0.5098,-0.4141,1.4238,-44.0382,-105.9008,-26.5496
534.0000,-0.5254,-0.4146,1.4436,-40.8855,-115.8473,-28.9847
510.0000,-0.5618,-0.4197,1.4507,-37.2672,-127.6412,-31.8931
484.0000,-0.5781,-0.4319,1.4490,-33.5191,-141.5343,-35.3435
541.0000,-0.5808,-0.4639,1.4189,-29.6031,-155.2214,-39.1450
496.0000,-0.5696,-0.4939,1.4309,-24.0992,-168.2290,-41.7481
512.0000,-0.5457,-0.4795,1.4839,-20.7710,-182.0153,-43.3282
465.0000,-0.4971,-0.4314,1.5334,-18.5802,-194.3740,-45.6641
470.0000,-0.4634,-0.4270,1.5178,-17.0000,-205.0611,-49.2366
463.0000,-0.4307,-0.4438,1.4290,-15.1145,-215.6260,-52.8168
569.0000,-0.4309,-0.4565,1.3728,-10.4122,-231.0840,-55.2595
458.0000,-0.3911,-0.4578,1.3308,-21.5267,-240.5649,-57.6183
505.0000,-0.3372,-0.4448,1.3398,-27.6107,-247.7099,-60.0458
575.0000,-0.3135,-0.4165,1.3174,-31.9313,-250.1374,-61.3130
490.0000,-0.3105,-0.3826,1.3008,-39.4275,-250.1374,-63.0076
474.0000,-0.3035,-0.3655,1.2998,-34.6489,-250.1374,-65.5954
515.0000,-0.2937,-0.3716,1.2512,-38.1679,-250.1374,-66.2748
444.0000,-0.2708,-0.3528,1.2153,-34.5344,-250.1374,-68.6412
533.0000,-0.2312,-0.3679,1.0645,-32.6336,-250.1374,-69.4886
563.0000,-0.1941,-0.3157,0.9727,-31.9847,-250.1374,-71.0305
439.0000,-0.1394,-0.3491,0.9229,-40.3740,-250.1374,-73.7328
524.0000,-0.0891,-0.3352,0.8591,-36.2366,-250.1374,-76.1527
470.0000,-0.0671,-0.3350,0.7942,-34.1527,-250.1374,-75.9008
494.0000,-0.0535,-0.3220,0.7600,-37.3206,-250.1374,-78.6947
503.0000,-0.0049,-0.2737,0.6384,-29.3053,-250.1374,-80.5344
463.0000,0.0496,-0.2595,0.5085,-39.0534,-250.1374,-80.3817
468.0000,0.0542,-0.2749,0.5730,-51.2137,-250.1374,-83.8321
520.0000,0.1038,-0.2747,0.4299,-60.2901,-250.1374,-84.6718
500.0000,0.1216,-0.2444,0.3906,-57.7710,-250.1374,-84.8779
497.0000,0.1597,-0.2510,0.4158,-71.9008,-250.1374,-85.9618
466.0000,0.1504,-0.3091,0.4397,-72.3283,-250.1374,-89.5038
507.0000,0.2014,-0.2949,0.3005,-61.1069,-250.1374,-91.0687
517.0000,0.2202,-0.2712,0.1729,-45.8550,-250.1374,-89.9847
502.0000,0.2339,-0.2451,0.1416,-37.1069,-250.1374,-92.3893
544.0000,0.2869,-0.2173,-0.0027,-26.9313,-250.1374,-95.2290
493.0000,0.3665,-0.2312,-0.0715,-20.2901,-250.1374,-95.5038
559.0000,0.3892,-0.2297,-0.0967,-22.2290,-250.1374,-94.9771
477.0000,0.4341,-0.2009,-0.1519,-22.1603,-250.1374,-95.9542
496.0000,0.4934,-0.1108,-0.2041,-19.5649,-250.1374,-94.4046
577.0000,0.5681,-0.0730,-0.2725,-11.6870,-250.1374,-93.3511
503.0000,0.5798,-0.0774,-0.3528,-7.4351,-250.1374,-92.5878
519.0000,0.6201,-0.0579,-0.4814,-8.6260,-250.1374,-88.7252
497.0000,0.7366,-0.0049,-0.5574,2.0840,-232.6947,-83.9542
475.0000,0.7529,-0.0190,-0.6904,7.3206,-217.3206,-76.9924
487.0000,0.8164,0.0701,-0.8049,13.4046,-198.7557,-69.7252
515.0000,0.8694,0.1030,-0.9165,23.0840,-175.9008,-62.6870
496.0000,0.9231,0.1240,-0.9998,37.3053,-150.6870,-56.1908
463.0000,0.9231,0.1240,-1.0713,51.2061,-128.6870,-47.8626
539.0000,0.9355,0.1521,-1.0884,60.5954,-106.1298,-38.2366
455.0000,0.9568,0.1814,-1.0933,63.0916,-79.2443,-29.0992
445.0000,0.9827,0.1733,-1.0508,56.0153,-45.0382,-19.9466
594.0000,0.9814,0.1660,-1.0496,37.7557,-8.3740,-11.3588
491.0000,0.9956,0.1687,-0.9856,26.8397,27.5649,-3.8779
466.0000,1.0000,0.1580,-0.8914,7.0153,58.9542,2.7557
534.0000,0.9756,0.1753,-0.8086,-14.4809,83.5649,8.9389
485.0000,0.9890,0.1287,-0.7407,-30.3740,109.9008,14.9389
492.0000,0.9617,0.0718,-0.6492,-42.1069,134.8855,20.7634
502.0000,0.9204,0.0320,-0.5349,-48.5496,155.4427,27.0687
509.0000,0.8823,-0.0205,-0.4663,-51.1374,167.9313,33.0992
495.0000,0.8982,-0.0327,-0.3816,-46.9084,184.1908,40.0305
490.0000,0.8811,-0.0203,-0.2935,-37.7252,195.9466,44.2137
503.0000,0.8354,-0.0776,-0.2061,-33.6336,200.4122,49.0229
477.0000,0.8342,-0.0859,-0.1428,-28.9695,207.6870,54.2061
503.0000,0.8650,-0.0891,-0.1006,-19.0763,220.2443,57.5649
489.0000,0.7813,-0.1187,-0.0190,-11.3664,222.2061,59.9084
480.0000,0.7407,-0.1079,0.0725,-9.5267,217.7557,61.3893
519.0000,0.7317,-0.1580,0.1548,-4.4046,215.9389,61.2214
516.0000,0.7119,-0.2019,0.2615,-1.7481,217.7710,59.9847
500.0000,0.7058,-0.1851,0.3264,-5.0305,220.3359,59.4351
499.0000,0.6858,-0.1941,0.3726,-4.5725,222.0305,58.9389
523.0000,0.6748,-0.2024,0.3701,-4.9771,219.2443,57.4351
468.0000,0.6519,-0.2302,0.3811,-6.6794,215.9389,58.0534
497.0000,0.6360,-0.2468,0.4204,-15.5420,214.7863,56.3969
513.0000,0.6157,-0.3098,0.4697,-12.9695,213.3435,55.1145
482.0000,0.5525,-0.2742,0.4731,-8.2214,203.8626,55.4046
492.0000,0.5229,-0.3252,0.4875,6.6183,195.7633,55.9771
516.0000,0.5327,-0.2981,0.5618,14.8321,192.3511,54.5115
477.0000,0.5034,-0.3091,0.5972,16.1832,184.3511,52.6412
508.0000,0.5020,-0.2991,0.6331,16.8244,183.4886,52.3053
513.0000,0.4939,-0.2869,0.6292,16.2366,184.0763,51.2061
492.0000,0.4539,-0.3240,0.6797,8.9466,186.6260,49.9771
494.0000,0.4341,-0.3296,0.7283,5.9008,187.4580,48.9542
500.0000,0.4104,-0.3708,0.7617,-0.4275,188.5420,48.8168
483.0000,0.3796,-0.3699,0.7952,1.7252,186.8550,48.9084
489.0000,0.3064,-0.3894,0.7603,1.0153,184.1603,47.8931
488.0000,0.2888,-0.3813,0.7915,13.9924,173.6107,46.6794
480.0000,0.3042,-0.3481,0.7959,12.1985,165.5878,44.9847
495.0000,0.3118,-0.3174,0.8069,9.7176,163.0992,43.2519
491.0000,0.3079,-0.3301,0.8262,2.7710,156.4886,38.2672
481.0000,0.2764,-0.2910,0.7725,-17.7939,151.5343,38.0840
498.0000,0.3530,-0.2830,0.7659,-19.6947,156.9695,36.6718
491.0000,0.2944,-0.3196,0.7842,-28.2595,158.4046,35.3817
476.0000,0.2485,-0.3613,0.8398,-35.3664,159.0458,35.5038
509.0000,0.2544,-0.3840,0.8579,-28.3969,161.2595,37.5878
514.0000,0.2339,-0.3750,0.8330,-18.8015,159.5725,41.8779
473.0000,0.2605,-0.3625,0.7839,-12.5267,164.8244,45.6641
499.0000,0.2080,-0.3506,0.7932,1.3817,162.5114,48.0534
491.0000,0.1787,-0.3489,0.7576,9.1985,156.5191,49.1298
483.0000,0.1824,-0.2957,0.7510,11.3359,151.3435,49.4198
490.0000,0.1694,-0.3113,0.7163,10.0534,145.2366,49.5878
492.0000,0.1399,-0.3254,0.8079,1.9847,144.0916,49.1450
484.0000,0.1382,-0.2976,0.8635,-9.8168,144.1450,48.2519
494.0000,0.1223,-0.2922,0.8093,-19.4275,143.3740,48.2137
491.0000,0.0947,-0.3215,0.8237,-30.7405,143.4733,47.6794
482.0000,0.0784,-0.3538,0.8770,-38.4580,142.0840,46.1069
490.0000,0.0549,-0.3704,0.9175,-41.2061,139.6565,45.2901
491.0000,0.0542,-0.4065,0.9270,-41.8550,141.7405,45.6718
477.0000,0.0576,-0.4153,0.9294,-41.6870,143.6717,46.5496
495.0000,0.0188,-0.4553,0.9136,-36.5802,144.8702,48.3969
499.0000,-0.0054,-0.4636,0.9153,-35.1603,147.1985,50.4122
482.0000,-0.0520,-0.4604,0.8923,-23.3359,142.0763,51.3435
489.0000,-0.0908,-0.4478,0.9138,-8.2519,135.1298,52.0840
493.0000,-0.0720,-0.4346,0.9460,3.6641,132.1298,51.2824
491.0000,-0.0928,-0.4297,1.0076,14.5344,126.0153,49.9160
493.0000,-0.1150,-0.4226,1.0493,19.3588,120.4198,48.0229
493.0000,-0.1279,-0.4392,1.0996,21.4504,116.9466,45.3740
485.0000,-0.1326,-0.4871,1.1394,23.6412,114.6718,43.2061
495.0000,-0.1501,-0.4990,1.1553,32.1221,109.9847,41.4733
495.0000,-0.1543,-0.5205,1.1821,41.0611,105.1298,40.2366
486.0000,-0.1753,-0.5024,1.2708,43.7023,102.7863,38.5802
494.0000,-0.1523,-0.4878,1.1455,45.5420,104.0534,37.4962
492.0000,-0.1882,-0.4692,1.0425,51.2595,101.1450,37.4198
490.0000,-0.2251,-0.4336,1.0154,45.9008,93.9695,35.2366
491.0000,-0.2373,-0.3914,1.0271,33.8473,86.5954,29.9847
495.0000,-0.1794,-0.3799,0.9966,27.4733,86.9466,24.5649
494.0000,-0.1689,-0.4001,0.9651,28.1679,81.3588,21.4351
490.0000,-0.2021,-0.3894,0.9895,21.2977,72.3664,21.6718
488.0000,-0.1609,-0.3691,1.0557,12.9695,70.4809,20.5344
492.0000,-0.1355,-0.3936,1.0818,11.7863,70.4428,18.1450
489.0000,-0.1509,-0.4060,1.0864,8.6718,69.6183,16.5573
496.0000,-0.1648,-0.4502,1.1165,10.3969,68.0763,15.9771
484.0000,-0.1638,-0.5166,1.1458,22.3282,67.2137,15.5878
488.0000,-0.1816,-0.5024,1.1218,34.0534,63.7405,17.0382
494.0000,-0.1848,-0.4800,1.1013,48.4122,60.2061,18.3435
483.0000,-0.1750,-0.4580,1.0588,51.6412,57.5038,19.8702
487.0000,-0.1323,-0.3921,0.9863,52.9542,58.7939,20.1756
494.0000,-0.1431,-0.3877,0.8950,45.8244,60.3130,20.0916
484.0000,-0.1438,-0.3411,0.8457,41.2519,57.9237,18.6489
487.0000,-0.1514,-0.3159,0.8042,30.9466,52.1374,17.3969
489.0000,-0.1465,-0.2678,0.8037,20.5267,48.8626,14.8015
483.0000,-0.1484,-0.2766,0.7981,11.9313,48.8015,12.4198
481.0000,-0.1775,-0.2937,0.8157,10.9695,44.9466,10.0000
497.0000,-0.1926,-0.3008,0.8098,1.0534,41.7481,10.0840
480.0000,-0.1809,-0.2813,0.8691,-6.0382,41.5878,10.4427
482.0000,-0.1804,-0.2627,0.9299,-9.9695,43.0611,9.7557
485.0000,-0.2048,-0.2539,0.9675,-12.6489,42.0382,8.5725
483.0000,-0.2322,-0.2610,0.9805,-15.1832,42.2901,6.8779
474.0000,-0.2273,-0.2703,0.9695,-14.4962,44.9466,5.2748
486.0000,-0.2422,-0.3308,0.9480,-11.7328,47.7023,3.7023
495.0000,-0.2720,-0.3965,0.9424,-10.6794,47.0840,4.4122
467.0000,-0.2749,-0.4194,0.8806,-6.0992,48.6718,6.0763
487.0000,-0.2666,-0.4146,0.8081,3.9542,48.0229,7.6947
483.0000,-0.3030,-0.3787,0.7651,12.5038,42.1450,8.0000
486.0000,-0.2856,-0.3308,0.7505,15.8244,39.8473,6.9771
517.0000,-0.3035,-0.3577,0.7087,20.2519,37.2443,6.1832
484.0000,-0.3208,-0.3105,0.7095,22.9008,30.6641,5.8168
493.0000,-0.3105,-0.2888,0.7397,15.1603,25.1756,5.1679
495.0000,-0.2961,-0.3032,0.8042,5.8168,24.2595,1.6794
485.0000,-0.3462,-0.3599,0.8894,2.8702,19.7252,-1.9618
471.0000,-0.3489,-0.4141,0.9387,-5.3435,15.6947,-4.2137
528.0000,-0.3279,-0.4709,1.0315,8.5954,12.1527,-6.6489
471.0000,-0.4038,-0.4709,1.0579,28.2595,-3.4275,-3.9237
507.0000,-0.4048,-0.3633,1.0977,34.1450,-17.5954,-0.2977
489.0000,-0.2876,-0.2852,1.1292,32.2214,-13.2366,-1.3206
489.0000,-0.2590,-0.2451,1.1167,31.2977,-6.5038,-2.4351
475.0000,-0.2683,-0.2334,1.0083,19.4885,-3.9695,-0.5802
497.0000,-0.2585,-0.2000,0.9329,11.1756,-3.4885,1.0382
496.0000,-0.2344,-0.1770,0.8843,8.4809,-1.0763,0.7939
481.0000,-0.2432,-0.1755,0.8262,8.4733,-1.3588,-0.0687
524.0000,-0.2444,-0.1711,0.7520,6.2672,-4.2214,0.1985
501.0000,-0.2346,-0.1680,0.7241,0.9389,-6.2901,0.0153
536.0000,-0.2314,-0.1611,0.7295,-7.8321,-6.3511,-0.4580
493.0000,-0.2378,-0.1731,0.7607,-15.6870,-6.3740,-0.8550
528.0000,-0.2446,-0.1958,0.8247,-21.0534,-6.5191,-0.7939
450.0000,-0.2563,-0.2341,0.8352,-23.5114,-6.8779,0.1527
505.0000,-0.2737,-0.2681,0.8293,-21.7481,-7.1603,2.4656
533.0000,-0.2708,-0.2747,0.8379,-19.2824,-7.9008,4.0840
495.0000,-0.2778,-0.2800,0.8823,-17.3893,-10.1527,4.8702
508.0000,-0.2795,-0.2888,0.9060,-14.6031,-12.3664,4.5725
484.0000,-0.2908,-0.3062,0.9700,-10.8168,-15.2519,4.4962
478.0000,-0.2959,-0.3118,1.0063,-6.1756,-16.7939,5.7710
508.0000,-0.3049,-0.3228,1.0164,-0.1756,-21.0840,7.0153
478.0000,-0.3025,-0.3218,1.0305,2.6794,-23.3893,6.7786
473.0000,-0.3049,-0.3101,1.0247,4.1527,-27.7863,5.8321
537.0000,-0.3162,-0.2917,1.0076,2.5878,-33.8321,4.2443
460.0000,-0.3103,-0.2659,1.0244,-5.7252,-38.3740,1.0763
526.0000,-0.2954,-0.2676,1.0496,-11.8397,-43.7481,-2.7176
481.0000,-0.2915,-0.2739,1.0703,-22.2290,-50.0687,-5.8550
509.0000,-0.2773,-0.3025,1.1108,-30.7863,-53.6107,-8.6031
439.0000,-0.2939,-0.3545,1.1582,-37.5038,-58.0763,-9.8473
506.0000,-0.3206,-0.3787,1.1653,-41.4885,-63.9008,-10.8168
513.0000,-0.3174,-0.3718,1.1541,-41.7939,-68.0687,-11.5573
468.0000,-0.3386,-0.3635,1.1497,-39.4198,-73.3511,-13.2977
498.0000,-0.3474,-0.3591,1.1333,-37.0992,-80.8855,-15.5878
514.0000,-0.3291,-0.3528,1.1536,-37.8321,-88.3817,-17.6260
512.0000,-0.3066,-0.3411,1.1650,-43.3435,-92.1603,-19.7557
465.0000,-0.2974,-0.3633,1.1572,-48.9313,-95.1221,-22.6336
512.0000,-0.3108,-0.3918,1.1509,-52.6565,-99.7023,-25.3435
449.0000,-0.3201,-0.4192,1.1443,-54.1603,-105.3970,-27.5725
529.0000,-0.3362,-0.4309,1.1663,-49.4046,-111.8702,-29.3969
402.0000,-0.3457,-0.4634,1.1970,-46.5573,-117.9313,-31.4580
516.0000,-0.3469,-0.4729,1.1907,-44.2137,-123.8397,-33.7405
482.0000,-0.3547,-0.4907,1.2026,-38.4351,-130.2672,-36.4580
452.0000,-0.3665,-0.5107,1.2319,-34.6870,-136.8626,-39.5878
534.0000,-0.3701,-0.5166,1.2231,-29.5649,-143.2595,-42.5802
495.0000,-0.3784,-0.5398,1.2002,-22.1221,-149.0229,-44.5420
428.0000,-0.3640,-0.5513,1.1941,-12.9695,-155.4275,-45.9008
522.0000,-0.3337,-0.5303,1.1738,-2.4198,-163.5649,-46.6031
490.0000,-0.3186,-0.4873,1.1682,6.1221,-172.7405,-47.0382
445.0000,-0.3159,-0.4333,1.1814,8.9924,-182.5572,-49.2061
429.0000,-0.2915,-0.3821,1.1787,8.7481,-191.4733,-52.1908
528.0000,-0.2573,-0.3477,1.1748,1.8092,-197.2519,-54.1527
485.0000,-0.2480,-0.3542,1.2148,-7.3893,-203.1450,-57.9160
425.0000,-0.2412,-0.3909,1.1887,-17.4656,-208.4656,-61.5496
531.0000,-0.2231,-0.4043,1.1169,-24.5038,-214.0000,-63.4351
461.0000,-0.2041,-0.3862,1.0991,-33.5573,-217.3053,-64.2824
474.0000,-0.1777,-0.3569,1.0325,-35.9924,-224.2366,-66.5878
446.0000,-0.1350,-0.3567,0.9478,-40.8702,-230.8168,-69.2061
569.0000,-0.0710,-0.3552,0.9275,-44.0687,-234.6947,-71.6641
448.0000,-0.0457,-0.3464,0.8594,-42.9618,-242.1221,-72.8550
478.0000,0.0090,-0.3411,0.8860,-49.4046,-245.8244,-74.6641
537.0000,0.0430,-0.3618,0.8943,-54.8931,-247.9466,-75.9771
429.0000,0.1094,-0.3547,0.8384,-55.3282,-247.0534,-76.2595
400.0000,0.1201,-0.3931,0.8108,-47.9924,-249.3206,-75.4809
459.0000,0.1311,-0.3828,0.7717,-39.4733,-250.1374,-75.4809
444.0000,0.1572,-0.3853,0.7158,-30.3969,-250.1374,-76.0229
461.0000,0.1736,-0.4126,0.7009,-27.9160,-250.1374,-77.7252
416.0000,0.2048,-0.4067,0.6934,-26.7405,-250.1374,-79.1756
483.0000,0.2234,-0.3721,0.6306,-24.2443,-250.1374,-78.9924
408.0000,0.2241,-0.3645,0.5610,-29.0840,-250.1374,-78.2977
511.0000,0.3059,-0.3101,0.4597,-37.9313,-250.1374,-81.0687
413.0000,0.2969,-0.3186,0.3604,-27.3359,-250.1374,-82.9695
534.0000,0.3081,-0.2629,0.3289,-37.5115,-250.1374,-82.8626
427.0000,0.3442,-0.2566,0.3091,-42.2977,-250.1374,-83.6947
617.0000,0.3948,-0.2471,0.3489,-44.0840,-250.1374,-86.1221
430.0000,0.4238,-0.1934,0.3616,-44.6107,-250.1374,-87.3053
483.0000,0.4192,-0.2214,0.3936,-51.0687,-250.1374,-88.6031
482.0000,0.4004,-0.2292,0.3757,-50.6565,-250.1374,-90.8855
486.0000,0.4761,-0.2466,0.2329,-42.4580,-250.1374,-90.6641
494.0000,0.4546,-0.1909,0.0828,-46.6260,-250.1374,-88.4122
489.0000,0.5056,-0.1165,0.0229,-57.9466,-250.1374,-91.6336
527.0000,0.5378,-0.1204,-0.1428,-70.1908,-250.1374,-94.0611
494.0000,0.6316,-0.0176,-0.2881,-90.8550,-247.8550,-94.8244
497.0000,0.7087,0.0286,-0.3809,-119.1221,-239.2137,-96.8397
522.0000,0.7153,0.0239,-0.3916,-140.8931,-228.7023,-100.1603
470.0000,0.7947,0.0393,-0.4768,-148.4504,-215.9542,-100.4504
478.0000,0.8445,0.0513,-0.5659,-133.7405,-208.9389,-95.7634
498.0000,0.9275,0.1084,-0.6006,-106.8397,-199.4886,-88.2901
530.0000,1.0029,0.1348,-0.6541,-69.1221,-186.0382,-77.7939
498.0000,1.0005,0.1331,-0.7241,-20.6183,-170.7710,-63.5802
503.0000,0.9976,0.1602,-0.8191,19.1298,-150.4733,-48.0000
495.0000,1.0134,0.2246,-0.8582,57.0534,-125.1298,-33.5038
485.0000,1.0298,0.2256,-0.8989,81.4275,-95.5496,-19.8473
508.0000,1.0183,0.2712,-0.8994,93.8779,-65.5267,-7.0916
493.0000,1.0564,0.2380,-0.8879,95.2443,-32.2290,3.8244
485.0000,1.0620,0.2422,-0.8662,83.1298,-1.6260,14.1527
472.0000,1.0183,0.2534,-0.8081,70.4809,25.2977,22.8015
521.0000,1.0288,0.1956,-0.7664,47.3588,52.0153,30.1985
473.0000,1.0261,0.1475,-0.7178,13.9084,83.0458,36.9924
511.0000,1.0024,0.1133,-0.6548,-15.4885,113.8626,42.1298
477.0000,0.9482,0.0703,-0.6196,-39.9695,138.1603,45.8015
506.0000,0.8787,0.0305,-0.5520,-59.8321,152.2748,50.3893
499.0000,0.8552,0.0005,-0.4702,-72.6412,162.0153,54.6336
499.0000,0.8394,-0.0142,-0.3691,-85.3970,170.4580,59.7557
497.0000,0.8665,-0.1223,-0.3325,-82.6489,182.8473,64.2137
497.0000,0.8250,-0.1799,-0.2168,-67.7939,191.7176,69.7023
482.0000,0.7217,-0.1958,-0.1411,-51.7252,191.4198,75.8015
470.0000,0.7671,-0.2161,-0.0625,-21.6183,197.6107,79.8626
477.0000,0.7346,-0.2317,-0.0220,9.1298,199.9542,83.7557
484.0000,0.7227,-0.2268,-0.0042,22.9008,205.3664,86.1908
476.0000,0.6892,-0.2451,0.0886,28.8931,211.3359,87.1221
479.0000,0.6763,-0.2478,0.1472,24.0305,221.0382,87.9924
478.0000,0.6755,-0.2622,0.1138,12.7557,231.8855,90.1527
466.0000,0.6257,-0.2810,0.1274,10.7023,232.8855,91.3206
482.0000,0.5725,-0.3171,0.1719,9.0840,232.8397,92.4962
476.0000,0.5723,-0.2954,0.2917,6.7634,231.7176,91.1908
471.0000,0.5364,-0.2537,0.3030,4.9542,224.9924,89.3053
470.0000,0.5498,-0.2527,0.2686,12.6718,222.5878,88.2061
487.0000,0.5127,-0.2869,0.3315,13.0687,221.1603,87.2519
474.0000,0.4336,-0.3362,0.4248,15.6641,211.2672,85.6489
468.0000,0.4595,-0.3230,0.4827,16.3740,206.8626,85.3130
494.0000,0.4844,-0.3188,0.4766,18.8626,209.0763,85.5191
482.0000,0.4211,-0.3552,0.5110,15.4962,210.0229,85.9313
482.0000,0.3879,-0.4119,0.5957,14.9160,209.5572,86.8550
490.0000,0.3865,-0.4302,0.6428,12.8550,211.9924,87.1908
472.0000,0.3887,-0.4426,0.6855,15.3817,216.1069,88.1069
478.0000,0.3101,-0.4919,0.7498,25.9924,211.6565,89.7786
491.0000,0.3350,-0.4839,0.7078,28.7710,213.1603,89.5878
467.0000,0.2942,-0.4636,0.7021,54.4580,206.3893,88.3664
487.0000,0.2432,-0.4885,0.7017,57.5115,200.3282,87.6031
496.0000,0.2056,-0.4263,0.7668,57.3817,193.7099,84.0153
482.0000,0.1965,-0.3831,0.7534,57.8779,187.1603,80.0611
481.0000,0.2073,-0.3474,0.6968,39.8550,188.6031,76.5573
495.0000,0.1746,-0.3672,0.7178,31.1908,187.6183,72.5954
467.0000,0.1338,-0.3850,0.7769,18.4962,182.7633,68.4733
475.0000,0.1021,-0.4260,0.8352,9.9466,180.5725,66.5115
514.0000,0.1208,-0.4861,0.9268,8.7939,182.0534,66.6412
480.0000,0.0991,-0.5298,1.0449,8.6641,188.3206,67.1069
450.0000,0.0703,-0.6140,1.0488,20.7252,192.2290,69.7252
528.0000,0.0706,-0.6252,0.9165,44.2748,193.4351,76.8931
484.0000,0.0391,-0.5588,0.8418,77.2290,188.3893,81.1679
474.0000,-0.0210,-0.5210,0.7886,96.5344,178.8702,80.1679
493.0000,-0.0474,-0.4673,0.8142,109.4122,166.7099,75.8015
485.0000,-0.0142,-0.4436,0.8540,117.0916,164.2137,71.1450
473.0000,-0.0156,-0.3975,0.8906,112.3130,164.9771,66.1832
497.0000,-0.0515,-0.3789,0.9719,99.5649,162.7710,62.1908
479.0000,-0.0449,-0.3535,1.0627,91.6260,160.4427,56.0534
476.0000,-0.0647,-0.3525,1.0564,76.9084,161.4580,51.9313
502.0000,-0.0989,-0.3965,1.0750,67.4580,162.3206,46.7557
486.0000,-0.1372,-0.4050,1.1150,54.1374,158.3969,42.9084
479.0000,-0.1111,-0.3970,0.9771,40.7939,154.8779,41.8397
494.0000,-0.1335,-0.3379,0.8621,31.7786,151.8702,41.4656
493.0000,-0.1663,-0.3018,0.8291,14.9847,146.7176,38.1756
492.0000,-0.1956,-0.2793,0.8516,-9.9084,140.2214,34.1145
502.0000,-0.2222,-0.3455,0.9336,-20.4351,131.2214,30.6489
489.0000,-0.2273,-0.4138,0.9507,-29.3359,128.4962,30.8550
475.0000,-0.2419,-0.4265,1.0354,-14.5038,122.1145,31.7786
502.0000,-0.2720,-0.4700,1.1204,-6.2672,116.7557,33.2748
486.0000,-0.2861,-0.4917,1.1958,7.3435,109.0611,32.7481
492.0000,-0.2825,-0.4978,1.2200,21.1603,102.6336,33.4351
509.0000,-0.2625,-0.4719,1.2375,26.7405,101.0000,33.2672
486.0000,-0.2590,-0.4700,1.2622,32.6794,99.4428,31.7786
487.0000,-0.2625,-0.4771,1.2634,35.4122,99.0687,30.9618
500.0000,-0.2671,-0.4812,1.2397,39.7099,98.5725,30.6718
483.0000,-0.2786,-0.4666,1.1724,46.2366,93.4657,30.4275
489.0000,-0.3103,-0.4348,1.1018,51.0611,84.2290,28.7710
503.0000,-0.3069,-0.4004,1.0967,40.5115,77.0687,25.3664
485.0000,-0.2839,-0.4028,1.1335,39.6565,71.0229,19.9542
493.0000,-0.3096,-0.3889,1.1143,41.2061,65.0153,16.4351
494.0000,-0.3145,-0.3574,1.1296,32.7939,60.5420,15.2901
491.0000,-0.3120,-0.3618,1.1514,26.8397,56.6718,13.9924
481.0000,-0.3049,-0.3564,1.1516,24.9695,50.9542,12.4733
502.0000,-0.2944,-0.3469,1.1592,26.3435,45.9160,11.6794
489.0000,-0.2781,-0.3284,1.1455,26.9924,42.2443,11.1069
480.0000,-0.2881,-0.3162,1.1150,24.7557,37.4198,9.7176
500.0000,-0.2715,-0.2932,1.0933,22.4122,34.3969,7.9924
486.0000,-0.2642,-0.2876,1.0684,19.5878,31.8092,6.6489
474.0000,-0.2698,-0.2834,1.0300,17.7252,27.6641,5.1374
507.0000,-0.2524,-0.2847,0.9824,12.4733,24.6412,4.9695
496.0000,-0.2590,-0.2888,0.9446,12.4504,22.8244,4.5038
491.0000,-0.2678,-0.2844,0.8870,10.0992,19.6107,4.8779
498.0000,-0.2510,-0.2568,0.8677,5.6031,17.1679,5.0229
490.0000,-0.2542,-0.2361,0.8384,4.1298,14.5573,4.2977
497.0000,-0.2471,-0.2073,0.8062,0.5573,12.8702,3.4809
498.0000,-0.2463,-0.1904,0.7605,-2.4122,11.7405,2.7481
495.0000,-0.2412,-0.1792,0.7324,-5.3435,9.1679,2.2519
490.0000,-0.2402,-0.1853,0.7300,-9.7863,5.4580,0.6641
508.0000,-0.2297,-0.2056,0.7607,-13.5267,2.2901,-1.3664
501.0000,-0.2222,-0.2290,0.7773,-13.8550,1.4733,-2.3435
495.0000,-0.2268,-0.2454,0.8059,-12.8015,1.3969,-2.5115
506.0000,-0.2200,-0.2634,0.8179,-12.4962,1.8931,-1.5878
504.0000,-0.2139,-0.2791,0.8276,-11.4351,3.8397,-0.6260
496.0000,-0.2178,-0.2969,0.8320,-10.1298,5.9084,0.9695
514.0000,-0.2129,-0.2996,0.8503,-7.1374,8.1450,2.0687
509.0000,-0.2114,-0.2822,0.8440,-3.2672,9.4046,3.4504
492.0000,-0.2263,-0.2651,0.8376,-0.4427,9.9237,3.9466
508.0000,-0.2180,-0.2573,0.8325,0.2748,9.9389,4.3893
518.0000,-0.2290,-0.2446,0.8350,-1.9924,9.3435,4.2443
499.0000,-0.2434,-0.2458,0.8416,-5.7023,7.9771,3.5038
506.0000,-0.2517,-0.2610,0.8606,-9.9695,5.5267,2.1450
503.0000,-0.2566,-0.2769,0.8779,-11.9542,2.8550,1.0382
489.0000,-0.2605,-0.2913,0.9189,-12.1069,0.4885,0.2672
507.0000,-0.2693,-0.3069,0.9211,-11.2443,-1.5878,-0.3435
496.0000,-0.2683,-0.3140,0.9346,-9.8626,-2.5954,-0.1603
503.0000,-0.2734,-0.3235,0.9419,-9.6107,-3.0840,-0.1069
491.0000,-0.2737,-0.3230,0.9382,-9.0534,-3.1145,0.1908
498.0000,-0.2693,-0.3069,0.9167,-8.2137,-2.3664,0.9084
498.0000,-0.2654,-0.2927,0.8713,-6.4733,-2.1221,1.5191
457.0000,-0.2739,-0.2825,0.8525,-6.2290,-4.4962,1.8702
502.0000,-0.2554,-0.2644,0.8215,-7.3969,-6.5649,1.4580
532.0000,-0.2490,-0.2625,0.8281,-7.5725,-8.5115,1.0153
484.0000,-0.2458,-0.2642,0.8616,-9.5725,-10.5344,0.6718
469.0000,-0.2422,-0.2666,0.8850,-10.8168,-12.9237,0.1985
495.0000,-0.2524,-0.2957,0.9246,-10.5802,-15.2595,0.9542
467.0000,-0.2480,-0.3005,0.9463,-8.7405,-16.8779,1.6489
497.0000,-0.2629,-0.3125,0.9695,-6.3359,-20.7405,2.4504
483.0000,-0.2808,-0.3152,1.0129,-6.7405,-24.3664,3.1527
497.0000,-0.2886,-0.3015,1.0498,-9.4656,-28.5649,2.6336
526.0000,-0.3152,-0.2908,1.0688,-12.5191,-33.0611,1.5038
534.0000,-0.3376,-0.2896,1.1082,-16.7481,-39.2443,0.1985
458.0000,-0.3750,-0.2932,1.1448,-21.3053,-46.6107,-2.1527
513.0000,-0.3975,-0.3086,1.1953,-26.5496,-53.7405,-5.3053
489.0000,-0.4236,-0.3301,1.2178,-32.2595,-62.8244,-8.0229
442.0000,-0.4385,-0.3535,1.2554,-37.5878,-71.4504,-10.7328
491.0000,-0.4514,-0.3596,1.2759,-42.6260,-79.0000,-14.4275
517.0000,-0.4490,-0.3672,1.2825,-42.0000,-89.2824,-18.3206
514.0000,-0.4585,-0.3892,1.2803,-46.8702,-96.8931,-20.6641
399.0000,-0.4670,-0.4033,1.3174,-51.2672,-106.4428,-23.7786
583.0000,-0.4507,-0.4294,1.3232,-53.8168,-114.9618,-26.9466
463.0000,-0.4612,-0.4702,1.3613,-52.0229,-122.9771,-29.9160
512.0000,-0.4902,-0.4968,1.3818,-48.6336,-133.3588,-33.0229
500.0000,-0.4910,-0.4988,1.3818,-40.3282,-142.8626,-35.6489
444.0000,-0.4768,-0.4954,1.3953,-30.0305,-153.0076,-38.0763
476.0000,-0.4597,-0.4714,1.3708,-21.0458,-162.8168,-40.7557
499.0000,-0.4280,-0.4268,1.3313,-20.0000,-171.8473,-44.7252
519.0000,-0.3970,-0.4204,1.3013,-28.6565,-181.8321,-49.7099
448.0000,-0.3630,-0.4272,1.2854,-39.6947,-188.7786,-54.4198
505.0000,-0.3425,-0.4116,1.2366,-51.9084,-194.3511,-58.1679
481.0000,-0.3274,-0.4084,1.2493,-57.2290,-204.4733,-61.5878
475.0000,-0.3391,-0.4502,1.2107,-62.3893,-216.3282,-65.2443
522.0000,-0.2837,-0.4551,1.1821,-58.8244,-224.6488,-69.0229
491.0000,-0.2600,-0.5200,1.1641,-51.9847,-232.1985,-70.2366
426.0000,-0.2385,-0.5227,1.1577,-50.7405,-239.6412,-72.1069
539.0000,-0.2151,-0.5010,1.1353,-36.6718,-250.1374,-72.7939
411.0000,-0.1609,-0.4851,1.1152,-30.9237,-250.1374,-73.3130
486.0000,-0.1104,-0.4319,1.1138,-23.6336,-250.1374,-75.2595
429.0000,-0.0581,-0.4314,1.0466,-12.4733,-250.1374,-76.7328
559.0000,-0.0386,-0.3916,1.0149,-18.2290,-250.1374,-77.4962
473.0000,-0.0061,-0.3809,0.9927,-25.2824,-250.1374,-79.9695
504.0000,0.0300,-0.3806,0.9563,-32.7176,-250.1374,-81.6870
372.0000,0.0259,-0.3760,0.8652,-40.9542,-250.1374,-82.0305
547.0000,0.0430,-0.3740,0.8298,-42.5496,-250.1374,-83.4046
429.0000,0.0583,-0.3958,0.8418,-45.2595,-250.1374,-85.9313
443.0000,0.0732,-0.3521,0.7969,-34.5649,-250.1374,-88.4351
516.0000,0.1218,-0.3433,0.6802,-20.4351,-250.1374,-88.3359
475.0000,0.1511,-0.3440,0.6624,-17.6107,-250.1374,-91.1679
400.0000,0.1628,-0.3560,0.5586,-16.1756,-250.1374,-93.0534
456.0000,0.2371,-0.3701,0.5300,-16.4122,-250.1374,-92.2824
529.0000,0.2327,-0.2976,0.4368,-18.9695,-250.1374,-90.9771
457.0000,0.2820,-0.2346,0.3958,-18.2443,-250.1374,-90.8550
553.0000,0.3176,-0.2212,0.3225,-19.1221,-250.1374,-93.5267
426.0000,0.3630,-0.2017,0.2520,-23.6412,-250.1374,-95.0076
521.0000,0.3247,-0.2209,0.3540,-35.5420,-250.1374,-96.0305
464.0000,0.4297,-0.1550,0.2788,-45.1832,-250.1374,-97.9695
493.0000,0.4634,-0.1426,0.1470,-49.8321,-250.1374,-99.9924
407.0000,0.4417,-0.1836,-0.0144,-56.9466,-250.1374,-100.3740
673.0000,0.4663,-0.1770,-0.1472,-55.7710,-250.1374,-100.5802
468.0000,0.5371,-0.2490,-0.2439,-44.4275,-244.6107,-95.8015
482.0000,0.5627,-0.2512,-0.3362,-23.9542,-235.0153,-91.1527
513.0000,0.5869,-0.1782,-0.4663,7.5878,-235.3664,-84.3817
482.0000,0.6116,-0.1250,-0.5562,25.0916,-235.2901,-78.0000
472.0000,0.7363,-0.0784,-0.5779,37.9924,-217.3893,-74.0840
477.0000,0.7649,-0.0349,-0.6406,52.0534,-205.5420,-68.7557
525.0000,0.7930,0.0117,-0.7856,54.3893,-190.1374,-61.8550
466.0000,0.8452,0.0110,-0.8552,49.6260,-169.8931,-54.8626
473.0000,0.9409,0.0859,-0.9070,48.0916,-146.3053,-46.6794
579.0000,0.9753,0.1213,-1.0093,37.6718,-119.6794,-37.8168
483.0000,1.0083,0.1226,-1.0366,22.3817,-89.7023,-28.9771
495.0000,0.9863,0.1304,-0.9839,5.2977,-57.2519,-20.2137
472.0000,1.0215,0.1531,-1.0376,-4.7023,-20.8702,-13.5191
447.0000,1.0444,0.1277,-0.9841,-9.4809,13.4809,-7.0076
528.0000,0.9832,0.1252,-0.8955,-22.1450,36.4427,0.6870
477.0000,1.0010,0.1187,-0.7632,-32.4046,63.8702,7.4198
466.0000,0.9792,0.0625,-0.6580,-36.6489,90.4428,14.4275
479.0000,0.9312,0.0522,-0.5728,-36.6565,110.0763,21.4427
485.0000,0.9155,0.0293,-0.4670,-40.7863,126.2366,25.8931
497.0000,0.9075,-0.0339,-0.3286,-40.9237,141.0916,32.0000
494.0000,0.9070,-0.0586,-0.2441,-37.6031,159.3740,37.6794
481.0000,0.8740,-0.0840,-0.2058,-31.6107,171.4275,42.1756
474.0000,0.8574,-0.0647,-0.1580,-33.2672,176.4504,46.2290
536.0000,0.8601,-0.0708,-0.1343,-31.9695,182.3740,47.5954
472.0000,0.8213,-0.1443,-0.0249,-24.6031,184.0000,49.4504
457.0000,0.7700,-0.1785,0.0303,-24.0534,179.2290,51.4504
497.0000,0.7800,-0.1707,0.1013,-16.4580,179.6412,53.1069
482.0000,0.7620,-0.2039,0.1511,-13.7099,180.0534,54.5191
460.0000,0.7429,-0.2056,0.1973,-15.2290,180.0763,55.1298
512.0000,0.7529,-0.1877,0.2925,-10.2901,181.0305,56.0534
461.0000,0.7788,-0.2166,0.3401,-14.1832,190.3053,56.6870
479.0000,0.7480,-0.2437,0.2666,-12.6489,194.4962,56.9237
491.0000,0.6978,-0.2600,0.2856,-11.0687,191.1374,56.0992
487.0000,0.6460,-0.2200,0.2542,-20.7481,183.6260,58.2901
467.0000,0.6863,-0.2166,0.2993,-17.3969,182.3893,55.6565
493.0000,0.6226,-0.2754,0.3899,-20.9542,182.1450,54.3511
469.0000,0.5828,-0.2905,0.4792,-23.7786,176.4198,53.1527
486.0000,0.5684,-0.3184,0.4998,-21.0153,172.2061,54.0000
503.0000,0.5676,-0.3425,0.5188,-19.5038,174.0534,55.2748
504.0000,0.5491,-0.3423,0.5762,-15.1298,174.0000,55.7863
496.0000,0.5369,-0.3208,0.5825,-10.4885,171.8244,57.7481
483.0000,0.5562,-0.3054,0.5923,-8.2366,173.6031,58.9542
477.0000,0.5334,-0.3152,0.5952,-11.8397,176.0153,58.9466
478.0000,0.4812,-0.3210,0.6445,-12.2061,174.8473,58.2290
515.0000,0.4438,-0.3469,0.6565,-5.6107,170.9160,58.8321
521.0000,0.4270,-0.3335,0.6313,-3.0000,167.2748,59.4656
487.0000,0.3884,-0.3899,0.6572,6.2519,166.1450,60.1985
496.0000,0.3909,-0.3943,0.7383,6.8321,168.2748,59.4504
478.0000,0.3479,-0.4087,0.7542,11.8244,167.4886,60.1145
494.0000,0.3306,-0.4070,0.7585,11.3588,169.5114,62.2137
498.0000,0.3059,-0.3901,0.8035,15.1908,168.4427,61.2366
480.0000,0.2576,-0.3892,0.7463,11.7634,169.3053,64.5267
497.0000,0.3301,-0.3647,0.6802,29.5954,170.8015,62.7939
501.0000,0.2664,-0.3591,0.5557,33.7863,166.0916,64.2901
486.0000,0.2212,-0.3271,0.5952,19.1450,161.5114,61.8855
492.0000,0.2129,-0.3459,0.6855,6.0611,158.3053,58.1298
500.0000,0.2078,-0.3901,0.7126,3.7939,157.2901,57.1298
484.0000,0.2156,-0.3679,0.7405,-1.4046,159.1756,59.7252
498.0000,0.1846,-0.3325,0.8718,6.4809,156.8244,61.0305
504.0000,0.1465,-0.3516,0.9573,14.7481,153.6336,59.8702
478.0000,0.1399,-0.3655,0.9893,23.6794,150.3435,58.6489
515.0000,0.1348,-0.4160,0.9851,23.5802,152.5496,58.6794
492.0000,0.1206,-0.4622,1.0330,10.3206,161.1908,59.1450
491.0000,0.1018,-0.4961,0.9468,0.6336,168.4733,60.8702
496.0000,0.1025,-0.4915,0.7837,-2.7786,173.0534,63.3130
503.0000,0.0178,-0.4348,0.7029,-4.0611,166.3435,64.1756
500.0000,0.0076,-0.3672,0.7078,-1.5954,155.2595,61.1298
493.0000,0.0193,-0.3550,0.7417,-3.0687,144.6565,56.0611
506.0000,0.0325,-0.3811,0.7871,-2.2366,139.2824,52.1298
492.0000,-0.0061,-0.4246,0.8650,-3.1374,134.9618,50.9084
499.0000,-0.0103,-0.4390,0.9204,-6.7557,133.1985,51.4962
506.0000,-0.0276,-0.4805,1.0142,-0.2595,134.1298,52.3893
500.0000,-0.0891,-0.5505,1.1064,7.3206,132.0076,52.9847
496.0000,-0.1160,-0.5776,1.2026,15.8855,130.1221,53.6870
503.0000,-0.0769,-0.5852,1.1716,32.1374,134.5878,56.1221
508.0000,-0.1284,-0.5637,1.0962,54.4733,131.5038,58.3740
493.0000,-0.1389,-0.5344,1.0281,63.1679,126.8168,57.8321
502.0000,-0.1528,-0.4663,0.9685,72.4275,119.1221,53.4427
508.0000,-0.1531,-0.4312,0.8660,67.7863,111.5802,49.2290
497.0000,-0.1619,-0.3684,0.8445,56.4885,103.0534,43.9313
506.0000,-0.1743,-0.3545,0.8560,36.7786,96.8626,38.3053
496.0000,-0.1560,-0.3616,0.9146,14.6412,92.0000,32.5802
493.0000,-0.1614,-0.3892,0.9822,-3.8626,88.2061,28.2672
513.0000,-0.1411,-0.4268,1.0652,-11.8397,86.0229,25.0611
499.0000,-0.1514,-0.4475,1.1213,-11.5725,81.7939,24.1374
500.0000,-0.1711,-0.4739,1.1765,-9.8015,80.6565,24.1527
510.0000,-0.1882,-0.5178,1.2183,-5.4733,79.3435,24.5114
503.0000,-0.1838,-0.5400,1.1978,0.5573,78.7023,25.8015
498.0000,-0.2009,-0.5208,1.1523,12.7634,75.4962,27.2672
507.0000,-0.1912,-0.5093,1.1421,24.4733,72.3359,26.9160
513.0000,-0.2036,-0.5007,1.1221,33.7863,66.0916,25.6565
498.0000,-0.1914,-0.4688,1.1282,47.7023,59.8321,24.5878
507.0000,-0.1953,-0.4417,1.1152,57.2214,54.4733,23.7863
512.0000,-0.1907,-0.4236,1.0957,60.5496,49.6336,23.2672
497.0000,-0.1663,-0.4048,1.0803,60.2061,46.5878,22.2672
513.0000,-0.1616,-0.3870,1.0642,57.3206,44.4809,21.2443
513.0000,-0.1516,-0.3752,1.0471,53.4809,41.9542,20.6031
494.0000,-0.1355,-0.3591,1.0256,49.0305,39.4275,19.4351
516.0000,-0.1328,-0.3433,1.0020,42.8855,37.4122,17.8779
512.0000,-0.1206,-0.3403,0.9766,34.6260,37.8550,16.2443
494.0000,-0.1443,-0.3279,0.9648,20.6794,39.0916,14.2214
514.0000,-0.1196,-0.2817,0.9148,12.2901,41.4809,14.6565
518.0000,-0.1431,-0.2451,0.8716,7.2901,40.1374,15.4198
496.0000,-0.1399,-0.2190,0.8467,0.8321,38.8779,13.9924
509.0000,-0.1597,-0.2258,0.8506,-2.0076,33.2901,10.8550
532.0000,-0.1721,-0.2529,0.8352,-5.9313,29.1679,8.4504
501.0000,-0.1885,-0.3010,0.8508,-7.2519,27.8473,7.8779
508.0000,-0.2026,-0.3386,0.8655,-6.6183,27.2290,8.8168
505.0000,-0.2126,-0.3599,0.8643,-3.3359,25.2748,10.0763
496.0000,-0.2036,-0.3547,0.8716,0.4885,26.2824,11.4962
500.0000,-0.2041,-0.3369,0.8767,8.6107,25.5725,11.9695
507.0000,-0.2271,-0.3337,0.8665,16.1374,23.4046,12.5725
492.0000,-0.2239,-0.3228,0.8770,13.3053,22.6718,13.1450
505.0000,-0.2068,-0.2893,0.8286,6.8244,27.7176,13.5420
502.0000,-0.2036,-0.2314,0.7339,6.7176,30.9542,15.3817
499.0000,-0.2380,-0.1980,0.7156,4.1069,26.9237,14.1832
498.0000,-0.2617,-0.1743,0.7366,1.5878,16.7405,9.7557
501.0000,-0.2278,-0.2036,0.7856,-10.2672,13.7557,5.4733
490.0000,-0.2153,-0.2417,0.8057,-13.5344,14.0229,1.4580
497.0000,-0.2598,-0.2891,0.8018,-15.4962,11.4122,1.2366
495.0000,-0.2695,-0.3052,0.8345,-22.8244,9.9924,0.6870
487.0000,-0.2644,-0.3086,0.9019,-25.9466,8.8092,-1.2519
496.0000,-0.2595,-0.3352,0.9434,-23.5878,8.0382,-2.5573
502.0000,-0.2627,-0.3552,0.9724,-21.2290,6.8702,-2.1450
493.0000,-0.2595,-0.3801,0.9941,-17.9771,7.5725,-1.0992
489.0000,-0.2542,-0.3735,1.0029,-12.1832,8.1908,-0.2137
497.0000,-0.2551,-0.3677,0.9951,-5.7252,7.2519,0.7405
490.0000,-0.2505,-0.3606,0.9578,-0.6107,5.5496,1.6794
482.0000,-0.2485,-0.3401,0.9365,4.1527,4.4198,1.7710
501.0000,-0.2310,-0.3220,0.8975,7.3817,3.7710,1.9542
484.0000,-0.2302,-0.3059,0.8745,8.7557,2.8931,2.4122
474.0000,-0.2246,-0.2849,0.8447,8.5496,2.5191,2.6260
504.0000,-0.2161,-0.2788,0.8188,6.8092,3.0305,2.1679
486.0000,-0.2046,-0.2520,0.8044,4.2748,2.5802,1.8015
492.0000,-0.2141,-0.2644,0.7888,1.5420,1.4046,1.2595
519.0000,-0.2109,-0.2776,0.7969,-1.1374,0.0153,0.2290
479.0000,-0.2183,-0.2937,0.8196,-2.2977,-0.9618,-1.1603
497.0000,-0.2197,-0.3198,0.8340,-2.7328,-1.1679,-1.4809
507.0000,-0.2227,-0.3269,0.8381,-1.9237,-0.4122,-0.9847
499.0000,-0.2249,-0.3225,0.8508,-0.4885,1.2443,0.1527
489.0000,-0.2275,-0.3162,0.8452,0.9313,2.7023,0.6718
532.0000,-0.2214,-0.3093,0.8391,2.7023,3.6260,1.0076
487.0000,-0.2246,-0.3086,0.8342,4.8702,4.4275,0.7863
520.0000,-0.2244,-0.3008,0.8186,7.0534,5.1298,0.2214
497.0000,-0.2307,-0.2944,0.8359,8.8550,5.2366,0.0611
524.0000,-0.2283,-0.2939,0.8433,9.9542,5.4427,-0.2061
490.0000,-0.2258,-0.2876,0.8530,10.3206,5.6336,-0.3282
527.0000,-0.2310,-0.2861,0.8491,8.3740,5.9084,0.3588
503.0000,-0.2239,-0.2781,0.8291,6.3053,6.2290,0.9084
497.0000,-0.2412,-0.2693,0.8284,5.2443,5.8779,1.2137
493.0000,-0.2661,-0.2498,0.8276,1.0611,1.3206,1.0076
504.0000,-0.2512,-0.2173,0.8713,-6.2901,1.0992,-0.3664
510.0000,-0.2375,-0.2588,0.8940,-3.3359,-0.9771,-1.6260
527.0000,-0.2654,-0.2629,0.9014,-4.2901,-5.6794,-1.9771
496.0000,-0.2727,-0.2937,0.9597,-8.2595,-9.7939,-1.4962
489.0000,-0.2507,-0.3130,1.0007,-11.2366,-10.8550,-1.4427
495.0000,-0.2605,-0.3203,1.0391,-10.8931,-13.0763,-1.5038
508.0000,-0.2822,-0.3264,1.0659,-9.0840,-17.0687,-1.1832
464.0000,-0.2896,-0.3411,1.0986,-7.3588,-22.9313,-1.3511
513.0000,-0.2715,-0.3171,1.1094,-7.5267,-27.8321,-2.3130
466.0000,-0.2878,-0.3032,1.1060,-7.0763,-34.1603,-4.5115
520.0000,-0.2983,-0.2930,1.0974,-10.7939,-42.6183,-6.4351
454.0000,-0.2942,-0.2930,1.1155,-20.1908,-49.4733,-8.8397
552.0000,-0.2791,-0.3247,1.1533,-30.9160,-53.7710,-12.0153
453.0000,-0.3076,-0.3630,1.1775,-39.4656,-58.6641,-15.0153
496.0000,-0.3218,-0.3899,1.1946,-43.2443,-65.7557,-16.5954
506.0000,-0.3286,-0.4011,1.2146,-44.9847,-73.6641,-17.1221
501.0000,-0.3203,-0.3567,1.2319,-44.2672,-79.0153,-19.5267
480.0000,-0.3352,-0.3594,1.2146,-40.7557,-86.7099,-22.5649
492.0000,-0.3462,-0.3552,1.1782,-44.0916,-95.3893,-25.3969
506.0000,-0.3408,-0.3750,1.1660,-51.9389,-101.6718,-28.5802
408.0000,-0.3499,-0.3792,1.2195,-61.2214,-108.3664,-32.6031
497.0000,-0.3457,-0.4001,1.2236,-67.0763,-115.9847,-36.5725
539.0000,-0.3386,-0.4224,1.2021,-66.7939,-123.1679,-39.2748
478.0000,-0.3538,-0.4690,1.2236,-65.0153,-131.0992,-42.3740
411.0000,-0.3464,-0.4941,1.2195,-63.0687,-138.9466,-45.7939
585.0000,-0.2964,-0.4871,1.1733,-55.5344,-144.7939,-46.4733
449.0000,-0.2695,-0.4744,1.1323,-50.7939,-148.5878,-46.2824
502.0000,-0.2781,-0.4827,1.1809,-49.3206,-155.7328,-47.9237
427.0000,-0.2449,-0.4526,1.1812,-47.6489,-163.2977,-49.3740
554.0000,-0.1958,-0.4016,1.1106,-38.3969,-168.9389,-49.1298
499.0000,-0.1846,-0.3955,1.0942,-34.9924,-173.7939,-49.5649
466.0000,-0.1826,-0.4395,1.0813,-34.7252,-180.0229,-51.4885
462.0000,-0.1675,-0.4473,1.0723,-30.3664,-186.9847,-53.1908
514.0000,-0.1453,-0.4790,1.0090,-22.4351,-193.9771,-52.7481
544.0000,-0.1301,-0.4817,1.0259,-16.8931,-197.4809,-54.2137
514.0000,-0.1050,-0.5452,1.0005,-10.4580,-200.2366,-56.2290
453.0000,-0.1355,-0.5657,1.0657,-3.9771,-208.7633,-56.1756
498.0000,-0.1299,-0.5244,1.0835,-1.5420,-215.0992,-55.5954
443.0000,-0.0923,-0.4490,1.0691,-5.9466,-219.1298,-56.0840
531.0000,-0.0298,-0.3882,1.0574,-16.3206,-219.0229,-59.5802
426.0000,-0.0676,-0.4167,1.0686,-22.5267,-224.8168,-64.5802
482.0000,-0.0620,-0.4026,1.0608,-36.4809,-234.1603,-67.4504
448.0000,-0.0166,-0.4158,1.0466,-53.1450,-234.9008,-70.1908
484.0000,0.0352,-0.4651,1.0261,-55.8855,-232.0840,-73.2901
431.0000,0.0427,-0.5046,0.9148,-53.2519,-234.3893,-72.4275
512.0000,0.0603,-0.4856,0.8298,-40.8702,-240.3740,-72.1145
499.0000,0.0784,-0.4487,0.7874,-30.7939,-248.9008,-73.3053
443.0000,0.1223,-0.3757,0.8162,-21.4427,-250.1374,-76.2137
492.0000,0.2041,-0.3816,0.6741,-11.0763,-250.1374,-77.9695
491.0000,0.1401,-0.4189,0.6038,-14.4809,-250.1374,-77.1603
565.0000,0.1953,-0.3916,0.6514,-23.2595,-250.1374,-77.3511
468.0000,0.2231,-0.3801,0.5544,-24.3588,-250.1374,-75.6260
543.0000,0.2483,-0.3811,0.5415,-26.1908,-250.1374,-73.8626
400.0000,0.2642,-0.3406,0.5945,-26.7939,-250.1374,-75.3893
642.0000,0.2910,-0.3403,0.5149,-7.9313,-250.1374,-76.6336
455.0000,0.3335,-0.3716,0.4294,1.8779,-250.1374,-75.4504
362.0000,0.3098,-0.3174,0.3496,4.8855,-250.1374,-74.0534
693.0000,0.4138,-0.2798,0.2546,6.2061,-250.1374,-72.8473
413.0000,0.4551,-0.2864,0.2981,4.5038,-250.1374,-73.4733
519.0000,0.4604,-0.2124,0.2063,0.6794,-250.1374,-72.2595
531.0000,0.5256,-0.1804,0.1687,-1.7863,-250.1374,-70.9924
384.0000,0.5117,-0.1887,0.1721,-12.7634,-250.1374,-71.0229
541.0000,0.5601,-0.1128,0.1292,-12.6794,-248.8550,-71.0840
587.0000,0.6274,-0.1538,-0.0132,-16.0382,-240.8702,-69.0840
396.0000,0.5964,-0.1611,-0.0166,-23.1527,-233.2519,-67.0840
535.0000,0.6433,-0.1160,-0.0212,-31.6183,-224.2824,-66.5191
448.0000,0.6909,-0.1377,-0.1672,-33.8397,-217.8473,-65.2519
595.0000,0.7058,-0.2205,-0.2092,-41.0305,-207.3969,-63.2214
471.0000,0.7029,-0.1948,-0.1978,-47.2214,-198.6183,-61.2214
466.0000,0.7634,-0.1826,-0.3574,-36.2595,-186.8244,-60.5115
518.0000,0.7947,-0.1724,-0.4314,-25.9466,-173.8397,-59.9160
473.0000,0.7561,-0.1501,-0.5039,-17.6947,-174.1527,-58.6336
487.0000,0.8770,-0.1528,-0.5144,-11.6260,-161.4962,-57.1908
476.0000,0.8896,-0.1047,-0.5649,-8.9466,-145.1374,-54.5115
470.0000,0.8860,-0.0793,-0.6111,-8.8550,-124.2519,-51.3740
483.0000,0.9343,-0.0615,-0.6714,-16.9924,-103.2137,-48.1527
454.0000,0.9434,0.0005,-0.6699,-18.1527,-85.8550,-44.3130
544.0000,0.9585,0.0034,-0.6807,-23.1908,-66.4580,-38.8702
500.0000,0.9438,0.0181,-0.6499,-27.1679,-46.0534,-32.7023
450.0000,1.0054,0.0039,-0.6541,-18.5420,-24.5802,-25.8473
549.0000,0.9731,0.0532,-0.6311,-10.6336,-4.9924,-18.7176
474.0000,0.9700,0.0710,-0.5898,-2.9847,13.2366,-12.1985
469.0000,0.9585,0.0388,-0.5415,3.0000,29.1069,-5.6718
470.0000,1.0027,0.0513,-0.5076,8.4046,51.1832,0.1298
485.0000,0.9758,0.0332,-0.4888,10.3282,71.3740,6.4198
523.0000,0.9485,0.0217,-0.4644,7.6031,87.7710,12.5191
447.0000,0.9573,0.0066,-0.4385,3.7328,104.6260,16.1908
497.0000,0.9331,-0.0339,-0.3684,0.0534,118.0305,19.7786
458.0000,0.8936,-0.0903,-0.3330,2.3206,127.0916,23.7099
490.0000,0.8779,-0.1172,-0.2942,0.9771,136.2901,27.4427
473.0000,0.9072,-0.1138,-0.2129,4.5954,148.8473,30.1450
486.0000,0.9033,-0.1304,-0.1331,5.5344,160.2290,33.3206
463.0000,0.9060,-0.1797,-0.1445,6.6794,174.3511,36.0382
483.0000,0.8811,-0.1882,-0.1577,14.7023,182.2748,38.3206
465.0000,0.8479,-0.1807,-0.1602,19.0000,187.9160,39.6794
476.0000,0.8198,-0.1572,-0.1172,20.0916,190.1832,39.1527
483.0000,0.8052,-0.1772,-0.0586,17.3435,195.8092,38.1374
457.0000,0.7881,-0.1492,-0.0344,14.7710,199.0992,37.1756
529.0000,0.7666,-0.1475,-0.0242,14.8473,204.7939,38.2214
482.0000,0.7261,-0.1328,0.0181,-3.7481,211.1985,39.4733
463.0000,0.7214,-0.1470,0.1013,-26.1756,216.5191,37.5267
480.0000,0.7131,-0.1284,0.2146,-32.6260,222.7557,37.1450
499.0000,0.6697,-0.1658,0.2170,-41.9160,224.8321,40.2519
466.0000,0.6545,-0.2161,0.2690,-52.1069,235.0305,43.7557
483.0000,0.6189,-0.2625,0.4216,-44.0534,239.5420,46.4962
502.0000,0.5764,-0.2874,0.4043,-30.9466,241.9542,50.8244
480.0000,0.5972,-0.2734,0.3364,-17.0076,242.3664,54.5496
484.0000,0.5413,-0.2751,0.3489,-8.3969,238.5343,56.5725
511.0000,0.4819,-0.2156,0.3501,-4.8931,228.1985,55.1069
483.0000,0.4417,-0.2163,0.3733,-11.6870,221.1374,53.1298
487.0000,0.4133,-0.2185,0.4214,-24.7939,214.0992,51.4962
471.0000,0.3977,-0.2153,0.4441,-39.5649,208.7176,50.3740
570.0000,0.3928,-0.2041,0.4663,-59.4885,206.5572,50.2977
482.0000,0.3479,-0.2957,0.5981,-79.7023,206.5954,51.1298
493.0000,0.3352,-0.3601,0.7729,-87.5649,211.2748,53.1679
491.0000,0.3750,-0.3940,0.8286,-78.0305,218.3817,58.6489
489.0000,0.3274,-0.4399,0.8159,-56.7099,223.6947,67.1221
497.0000,0.2708,-0.4893,0.8018,-34.7557,224.4886,73.5038
493.0000,0.2131,-0.4524,0.7861,-3.7634,213.8626,76.9313
499.0000,0.1919,-0.4001,0.7195,24.5267,201.3359,78.5878
502.0000,0.1975,-0.3596,0.6533,32.7328,194.2901,79.3970
488.0000,0.1553,-0.3459,0.7427,28.7176,190.3130,76.3664
497.0000,0.1328,-0.3228,0.8093,14.7939,188.5420,72.1221
500.0000,0.1223,-0.3237,0.8093,3.9695,187.4962,69.4962
489.0000,0.0894,-0.3523,0.8044,-3.2672,185.4198,69.9924
502.0000,0.0728,-0.3635,0.8870,-13.3893,185.0687,69.5954
499.0000,0.0774,-0.3667,0.9653,-14.9618,187.0229,67.3283
489.0000,0.0391,-0.4587,0.9763,-9.0153,186.2748,66.6947
487.0000,0.0210,-0.5178,0.9946,-6.2901,187.6183,70.5267
492.0000,0.0615,-0.5522,1.0220,-6.7634,198.8626,75.5267
499.0000,0.0547,-0.5801,0.8430,11.6794,204.3740,80.2595
487.0000,-0.0422,-0.5518,0.7878,37.4275,197.6336,83.1908
506.0000,-0.1550,-0.4834,0.8000,47.6107,180.3740,83.2137
494.0000,-0.1421,-0.4275,0.8845,51.7786,168.2366,78.6183
509.0000,-0.1548,-0.4421,0.9768,55.5420,159.0611,73.1679
498.0000,-0.1379,-0.4077,1.0972,55.7786,153.5802,67.7328
490.0000,-0.1616,-0.4153,1.0776,42.3053,150.7939,64.7405
498.0000,-0.1614,-0.4548,1.1152,32.0305,147.4504,62.0153
505.0000,-0.1426,-0.4673,1.0942,19.5267,145.8626,58.5954
500.0000,-0.1321,-0.4783,1.0898,4.7252,146.6717,54.0229
483.0000,-0.1611,-0.5039,1.1199,4.8550,144.0611,48.8550
506.0000,-0.1819,-0.5464,1.1541,-2.9924,140.9160,44.7939
510.0000,-0.1736,-0.5427,1.1484,-5.7023,142.0229,41.2443
500.0000,-0.1646,-0.5847,1.1082,9.9237,142.4809,41.0840
510.0000,-0.2292,-0.6011,1.0813,17.6412,135.0763,42.3206
497.0000,-0.2280,-0.6091,1.1223,29.5267,125.7786,42.4198
498.0000,-0.1670,-0.5938,1.0027,36.6794,129.5649,43.0840
512.0000,-0.2141,-0.5422,0.8452,50.5725,119.7099,45.2443
492.0000,-0.2317,-0.4922,0.8032,59.9924,107.7481,45.1145
501.0000,-0.2100,-0.4265,0.8789,58.0534,97.4962,40.0534
506.0000,-0.2156,-0.3997,0.9465,59.0534,86.1527,34.4885
486.0000,-0.2217,-0.4192,0.9851,51.7099,82.7786,32.0687
512.0000,-0.2432,-0.4333,1.0620,39.4504,78.3130,29.7023
495.0000,-0.2485,-0.4585,1.1399,33.3282,71.9313,25.8397
508.0000,-0.2366,-0.4766,1.2478,32.0458,68.1221,22.7786
500.0000,-0.2485,-0.5144,1.2954,34.0153,65.7863,20.7023
506.0000,-0.2771,-0.5369,1.3152,36.3359,62.6947,19.8931
496.0000,-0.2810,-0.5198,1.2874,36.8397,60.5878,19.8244
504.0000,-0.2537,-0.4709,1.2520,36.0763,60.3740,18.6794
508.0000,-0.2500,-0.4475,1.1943,34.0305,59.3511,17.2977
479.0000,-0.2568,-0.4241,1.1157,34.4962,55.2290,15.3588
526.0000,-0.2319,-0.4082,1.0784,35.7481,51.9924,13.2519
496.0000,-0.2512,-0.3638,1.0288,34.4351,47.1145,11.6718
499.0000,-0.2292,-0.3535,0.9941,33.9542,44.9695,9.9542
495.0000,-0.2554,-0.3491,0.9587,33.0076,38.2137,9.3053
510.0000,-0.2361,-0.3215,0.9380,33.5496,36.5038,9.0153
502.0000,-0.2583,-0.3152,0.9219,32.9466,30.9466,8.6794
501.0000,-0.2532,-0.3115,0.9146,32.3435,27.8244,8.1832
512.0000,-0.2544,-0.2813,0.8796,32.2519,24.7786,7.7786
501.0000,-0.2688,-0.2637,0.8535,28.6260,22.4962,8.0763
497.0000,-0.2705,-0.2378,0.8171,24.6412,17.8244,7.5267
505.0000,-0.2712,-0.2219,0.8303,19.3282,14.6412,5.4275
517.0000,-0.2827,-0.2073,0.8301,14.3511,11.1069,3.2290
499.0000,-0.2808,-0.2058,0.8250,5.2595,6.9771,2.4427
479.0000,-0.2751,-0.2185,0.8425,-1.2366,4.6565,1.1069
529.0000,-0.2739,-0.2249,0.8440,-6.2901,3.8015,0.7405
505.0000,-0.2751,-0.2354,0.8562,-9.7481,2.2672,0.6718
498.0000,-0.2747,-0.2512,0.8623,-10.5344,0.9084,0.6336
516.0000,-0.2698,-0.2563,0.8735,-9.0687,-0.3359,0.8168
496.0000,-0.2756,-0.2571,0.8569,-6.3969,-0.2977,1.2901
493.0000,-0.2583,-0.2534,0.8352,-4.0000,0.2443,2.0305
518.0000,-0.2559,-0.2485,0.8423,-3.4580,0.5115,3.0305
488.0000,-0.2527,-0.2410,0.8159,-3.8015,0.1298,3.4275
462.0000,-0.2671,-0.2466,0.8225,-5.6107,-0.3053,3.5954
536.0000,-0.2659,-0.2449,0.8198,-8.3588,-1.2595,3.5344
409.0000,-0.2622,-0.2378,0.8135,-9.8092,-2.6107,3.2214
520.0000,-0.2732,-0.2275,0.8335,-11.9008,-5.8473,2.3588
484.0000,-0.2747,-0.2405,0.8350,-16.1985,-8.8015,0.8015
511.0000,-0.2734,-0.2578,0.8542,-19.5496,-11.1985,-0.2519
450.0000,-0.2637,-0.2539,0.9036,-24.2519,-13.4580,-0.8321
552.0000,-0.2681,-0.2612,0.9307,-28.0153,-15.6260,-1.3817
464.0000,-0.2693,-0.2979,0.9658,-30.4504,-17.3359,-1.7099
497.0000,-0.2739,-0.3208,0.9736,-28.6947,-18.6870,-1.5496
491.0000,-0.2754,-0.3423,0.9976,-25.7328,-20.4962,-0.4351
484.0000,-0.2644,-0.3450,1.0090,-22.9618,-23.1908,0.4046
519.0000,-0.2588,-0.3579,1.0073,-19.6260,-26.6107,1.0687
447.0000,-0.2715,-0.3662,1.0229,-16.4275,-31.7176,0.4351
526.0000,-0.2673,-0.3582,1.0310,-15.8321,-36.4962,-0.9618
460.0000,-0.2632,-0.3428,1.0381,-17.4580,-40.9389,-1.8092
477.0000,-0.2671,-0.3376,1.0476,-22.1527,-46.1756,-3.7634
500.0000,-0.2769,-0.3342,1.0903,-29.1756,-51.6412,-6.1832
454.0000,-0.2883,-0.3406,1.1143,-37.0611,-57.0229,-8.8779
511.0000,-0.2915,-0.3562,1.1382,-43.8015,-61.0916,-11.6870
463.0000,-0.2930,-0.3787,1.1519,-48.4198,-65.2901,-14.6565
562.0000,-0.2930,-0.4033,1.1572,-50.8473,-68.4809,-17.6641
423.0000,-0.3057,-0.4302,1.1638,-55.4046,-72.9389,-20.4275
560.0000,-0.2957,-0.4507,1.1628,-54.7328,-77.0382,-23.5496
452.0000,-0.2942,-0.4580,1.1587,-54.2748,-81.0611,-25.6794
488.0000,-0.2954,-0.4763,1.1462,-52.2824,-88.9466,-27.7176
452.0000,-0.2908,-0.4875,1.1406,-53.3130,-92.6870,-29.1527
545.0000,-0.3147,-0.4756,1.1492,-53.9313,-97.8168,-30.4809
496.0000,-0.3333,-0.4736,1.1729,-54.6031,-105.3588,-31.9008
509.0000,-0.3201,-0.4619,1.2122,-53.0382,-111.5267,-35.1069
512.0000,-0.2986,-0.4668,1.2212,-49.7176,-116.3283,-37.8779
507.0000,-0.3184,-0.4912,1.2400,-47.4046,-122.3740,-40.4427
488.0000,-0.3235,-0.5198,1.2227,-43.1908,-130.1069,-42.5954
521.0000,-0.3054,-0.5276,1.2500,-39.3130,-134.3893,-42.5802
430.0000,-0.3416,-0.5498,1.2725,-31.2901,-140.3511,-44.0763
529.0000,-0.3542,-0.5452,1.2158,-20.9160,-150.0534,-44.0611
476.0000,-0.3198,-0.4910,1.1765,-13.6031,-157.2366,-44.2672
474.0000,-0.3069,-0.4685,1.1863,-9.2366,-166.4275,-47.4580
494.0000,-0.2778,-0.4412,1.1550,-5.0229,-179.8397,-50.1603
484.0000,-0.2073,-0.4084,1.1013,-16.9237,-187.0305,-51.1374
523.0000,-0.1892,-0.4028,1.1145,-21.5191,-195.1603,-54.4504
502.0000,-0.1514,-0.4194,1.1072,-39.9313,-197.5725,-57.2366
420.0000,-0.1448,-0.4487,1.2078,-41.0000,-206.3511,-60.9389
489.0000,-0.1096,-0.4399,1.1160,-53.4733,-207.8168,-61.8244
527.0000,-0.1138,-0.4763,1.1025,-49.9542,-212.8321,-63.3740
465.0000,-0.1147,-0.5105,1.0430,-51.4656,-214.5802,-65.3817
461.0000,-0.1204,-0.4980,0.9924,-46.8015,-221.3053,-66.8244
514.0000,-0.0527,-0.4893,0.9343,-39.2290,-224.3817,-68.0687
452.0000,-0.0925,-0.4800,0.9070,-33.1221,-235.4046,-68.6870
439.0000,-0.0154,-0.4070,0.9111,-32.3206,-239.0992,-71.3511
571.0000,0.0447,-0.4126,0.8213,-26.5954,-243.4580,-73.3283
501.0000,0.0588,-0.4236,0.7883,-30.9695,-246.0382,-73.5344
467.0000,0.0808,-0.4258,0.8088,-30.3740,-250.1374,-75.8931
468.0000,0.1123,-0.4004,0.7639,-24.2443,-250.1374,-76.3435
471.0000,0.1538,-0.3975,0.7488,-21.8626,-250.1374,-75.8855
486.0000,0.1855,-0.3860,0.7654,-25.2214,-250.1374,-76.1603
430.0000,0.2024,-0.3596,0.7107,-20.6107,-250.1374,-75.7710
479.0000,0.2275,-0.3354,0.6211,-25.6260,-250.1374,-74.6718
506.0000,0.2192,-0.2944,0.6240,-25.4198,-250.1374,-75.4962
482.0000,0.2659,-0.3196,0.5715,-35.7710,-250.1374,-76.3130
448.0000,0.2815,-0.2954,0.5034,-39.2824,-250.1374,-77.2901
517.0000,0.3093,-0.3379,0.4617,-39.4427,-250.1374,-76.9389
430.0000,0.2976,-0.3345,0.5432,-44.4198,-250.1374,-77.2290
467.0000,0.3152,-0.3428,0.5388,-44.1221,-250.1374,-78.0076
484.0000,0.3708,-0.3970,0.5225,-36.0840,-250.1374,-78.1527
516.0000,0.3745,-0.3599,0.4729,-33.2443,-250.1374,-77.7252
433.0000,0.3789,-0.3130,0.3870,-25.4885,-250.1374,-76.0000
447.0000,0.3875,-0.3767,0.4126,-31.3969,-250.1374,-78.9084
489.0000,0.4143,-0.3210,0.3650,-24.2137,-250.1374,-80.5115
422.0000,0.4426,-0.3423,0.2700,-25.3359,-250.1374,-80.8855
485.0000,0.4634,-0.2720,0.1953,-42.2824,-250.1374,-81.9389
453.0000,0.4990,-0.1753,0.0139,-44.5496,-250.1374,-83.6489
446.0000,0.5220,-0.2532,-0.0986,-54.4504,-250.1374,-85.4580
502.0000,0.5559,-0.2412,-0.1365,-60.3817,-250.1374,-87.0611
506.0000,0.6421,-0.2593,-0.1829,-52.1145,-250.1374,-86.9466
442.0000,0.6743,-0.2124,-0.2366,-30.2748,-250.1374,-84.7863
460.0000,0.7300,-0.1399,-0.3650,-15.0534,-250.1374,-81.1756
435.0000,0.7737,-0.0867,-0.4761,3.4122,-248.6260,-76.8473
490.0000,0.7849,-0.0200,-0.6174,15.7023,-242.1221,-72.3664
510.0000,0.8359,0.0129,-0.7512,23.8626,-233.7252,-66.8473
468.0000,0.9258,0.0320,-0.8481,28.4046,-213.9771,-60.3435
467.0000,0.9272,0.0471,-0.9663,26.3588,-194.6336,-51.3740
502.0000,0.9238,0.0850,-1.0535,26.8931,-174.7710,-41.0382
457.0000,0.8452,0.0183,-1.1670,16.0229,-172.6260,-30.5878
410.0000,1.0669,0.2527,-1.0813,-4.8168,-90.8473,-22.0534
503.0000,1.1726,0.1396,-1.1794,-54.9618,-35.0458,-14.7710
493.0000,0.9490,0.1924,-0.9673,-26.6260,-19.0458,-6.0992
455.0000,0.9287,0.1184,-0.9241,3.1908,-3.8931,0.9466
498.0000,0.9514,0.0649,-0.8694,26.9160,15.3740,8.2977
483.0000,0.8301,-0.0266,-0.8123,49.3817,10.8626,15.8473
450.0000,0.9167,-0.0227,-0.6943,61.1527,28.5191,21.1221
495.0000,0.9314,-0.0825,-0.6401,74.1603,58.1145,24.7863
475.0000,0.9360,-0.1382,-0.5674,50.6794,98.5115,28.9695
461.0000,0.9194,-0.1228,-0.4624,2.1298,141.8779,32.9847
514.0000,0.9260,-0.1145,-0.4258,-33.7481,178.8244,36.7634
522.0000,0.8730,-0.1284,-0.3782,-52.9618,197.7023,39.9847
462.0000,0.8157,-0.2073,-0.3181,-51.2443,204.0916,41.8168
499.0000,0.7795,-0.2390,-0.2065,-27.5573,202.4504,43.4427
487.0000,0.7849,-0.2661,-0.1577,3.1374,199.2901,43.5038
459.0000,0.7856,-0.2578,-0.1458,16.2595,197.6641,43.4733
518.0000,0.7976,-0.2480,-0.1064,14.2672,201.4275,42.3740
467.0000,0.7659,-0.2305,-0.0430,7.8473,202.2290,40.8244
452.0000,0.7598,-0.2217,-0.0032,-4.1221,205.3817,39.2595
486.0000,0.7417,-0.2249,0.0266,-7.2366,206.3130,38.6641
458.0000,0.7676,-0.1919,0.0518,-13.8702,208.2901,39.2748
461.0000,0.7473,-0.1765,0.1348,3.3511,209.9466,39.0305
476.0000,0.7593,-0.2239,0.1882,-4.0076,221.6031,41.0916
471.0000,0.7205,-0.2117,0.1875,-8.0458,231.3359,42.6794
476.0000,0.7166,-0.2092,0.1895,-12.1603,243.9389,45.3969
481.0000,0.6689,-0.2219,0.1772,-19.3969,250.1298,46.4351
480.0000,0.6250,-0.2532,0.2434,-19.6870,247.6412,46.8931
461.0000,0.5898,-0.2551,0.3232,-17.4656,241.2366,47.5649
492.0000,0.5911,-0.2720,0.3242,-9.1298,234.9389,48.6641
474.0000,0.5322,-0.2896,0.3450,6.8931,225.6183,51.0840
490.0000,0.5513,-0.2715,0.3315,13.3435,219.7023,53.7405
488.0000,0.5310,-0.2737,0.2900,12.5420,213.9084,55.6794
482.0000,0.5200,-0.2742,0.3616,5.8015,214.2595,55.8397
482.0000,0.4973,-0.2725,0.3672,-3.3740,212.6107,56.4198
498.0000,0.4944,-0.2700,0.3706,-12.0000,213.5191,57.2061
498.0000,0.4541,-0.2473,0.3811,-16.9542,211.5954,58.0687
508.0000,0.4180,-0.2588,0.4565,-18.7405,209.3817,58.1908
486.0000,0.3833,-0.3369,0.6187,-19.6947,206.3969,57.3359
485.0000,0.3872,-0.3540,0.7529,-21.7710,206.3435,57.9389
480.0000,0.3733,-0.3718,0.8091,-18.1679,205.8855,59.4046
490.0000,0.3423,-0.4138,0.7725,-9.6870,205.7710,61.8931
493.0000,0.3188,-0.4119,0.7710,-8.7252,205.6183,64.5344
493.0000,0.3008,-0.4094,0.8137,-9.2519,204.3588,65.0153
502.0000,0.3015,-0.4175,0.7798,-4.9771,203.3588,65.8702
475.0000,0.3035,-0.4536,0.7451,-6.0992,205.5114,67.8931
511.0000,0.2656,-0.4102,0.6863,-11.3130,203.0840,69.6260
502.0000,0.2407,-0.4158,0.6423,-6.2672,201.0305,70.7252
493.0000,0.2014,-0.3916,0.6294,-11.2901,192.9389,69.9847
491.0000,0.1218,-0.3806,0.6873,-9.5344,182.9466,67.4275
504.0000,0.1001,-0.4368,0.7708,-11.6031,178.5649,65.2519
501.0000,0.0576,-0.4873,0.8538,-7.9084,172.7405,64.9466
492.0000,0.0444,-0.4910,0.9382,-3.3359,171.0229,67.2366
503.0000,0.0354,-0.4775,1.0044,7.0305,169.3206,69.7634
497.0000,0.0332,-0.4841,1.0168,15.9924,168.0153,71.4733
493.0000,0.0234,-0.4746,1.0686,29.7405,166.1679,72.7252
510.0000,0.0181,-0.4971,1.0884,43.2443,165.0611,74.1069
495.0000,0.0374,-0.4976,1.0808,50.1374,167.4656,76.1908
492.0000,0.0554,-0.5061,0.9824,60.2061,171.9237,78.9771
503.0000,0.0542,-0.4570,0.9089,65.0305,173.0000,80.3053
505.0000,-0.0298,-0.4475,0.8877,68.6260,165.6183,79.6031
494.0000,-0.0437,-0.4353,0.8657,58.6336,164.7099,77.1832
526.0000,-0.0420,-0.4160,0.8618,60.3053,159.8626,74.7710
502.0000,-0.1035,-0.3955,0.8745,55.3130,155.7633,72.8702
517.0000,-0.1577,-0.3916,0.9128,43.8015,151.1679,69.3435
499.0000,-0.2004,-0.4343,0.9851,36.4962,145.4504,65.7786
518.0000,-0.1802,-0.4656,1.0457,31.5267,144.9847,64.0916
493.0000,-0.1948,-0.4741,1.0789,34.7176,142.1374,62.8473
496.0000,-0.2153,-0.4988,1.1104,37.0000,139.3817,60.7176
490.0000,-0.2339,-0.5024,1.1333,48.4351,133.0305,57.7634
508.0000,-0.2026,-0.5190,1.1255,61.4504,129.8397,55.8779
497.0000,-0.1702,-0.5269,1.1194,69.0763,133.8473,55.4656
489.0000,-0.2122,-0.5610,1.1431,75.4809,128.9313,54.9695
500.0000,-0.2100,-0.5918,1.0193,80.4275,123.6183,55.4733
519.0000,-0.2375,-0.5750,0.9558,96.2366,120.4886,56.7710
504.0000,-0.3157,-0.5325,0.9326,102.2672,110.4275,55.3664
487.0000,-0.3459,-0.4507,0.9595,96.1908,95.9771,50.9237
532.0000,-0.3577,-0.4170,1.0251,86.8168,88.9771,45.0611
503.0000,-0.3674,-0.4136,1.0823,74.0000,84.1679,40.5267
505.0000,-0.3928,-0.3945,1.1362,61.0076,74.2290,35.7328
496.0000,-0.3772,-0.3484,1.2288,45.4122,67.2137,29.8168
517.0000,-0.3577,-0.3501,1.2917,32.3359,61.5649,23.2595
488.0000,-0.3315,-0.3594,1.2971,21.9008,58.6336,18.4580
505.0000,-0.3262,-0.3604,1.2849,16.2214,54.2366,13.7710
507.0000,-0.2964,-0.3660,1.2561,11.5878,48.9389,9.7863
497.0000,-0.2600,-0.3655,1.2275,8.1679,45.2061,6.6565
516.0000,-0.2275,-0.3850,1.1951,7.8244,41.5344,4.4504
501.0000,-0.2085,-0.4106,1.1384,8.6794,38.1832,3.6107
505.0000,-0.2036,-0.4099,1.0872,11.0763,34.1145,3.7176
516.0000,-0.2000,-0.3987,1.0442,13.3817,31.0153,4.8855
517.0000,-0.1958,-0.3850,1.0154,15.6107,28.0153,6.4962
491.0000,-0.1865,-0.3711,0.9890,18.7863,25.7252,7.6870
511.0000,-0.1873,-0.3423,0.9619,20.1756,23.6565,8.6870
522.0000,-0.1787,-0.2991,0.9309,20.1450,22.9695,9.6870
489.0000,-0.1946,-0.2759,0.8914,19.7863,22.0305,10.2061
515.0000,-0.2107,-0.2581,0.8665,16.6489,20.5114,10.0840
511.0000,-0.2185,-0.2290,0.8467,12.5191,18.4427,9.9084
494.0000,-0.2322,-0.2031,0.8271,8.2977,16.6870,9.0229
502.0000,-0.2458,-0.1941,0.7898,4.7176,14.0153,8.5954
518.0000,-0.2595,-0.1851,0.7795,1.2214,10.3053,7.2443