raw_emg,raw_ax,raw_ay,raw_az,raw_gx,raw_gy,raw_gz
5.0000,-0.1885,-0.3726,0.8428,1.7252,2.5038,1.1527
6.0000,-0.1960,-0.3596,0.8374,1.2595,2.7786,1.2977
5.0000,-0.1978,-0.3608,0.8289,0.9924,2.7557,1.2443
5.0000,-0.1992,-0.3567,0.8311,1.6794,2.4962,1.1450
4.0000,-0.1926,-0.3601,0.8157,1.9847,2.0534,0.9924
5.0000,-0.1860,-0.3569,0.8083,2.4046,1.7939,0.7023
5.0000,-0.1943,-0.3506,0.8115,2.1221,1.8473,0.3740
5.0000,-0.1897,-0.3518,0.8059,2.8015,1.7328,0.6107
5.0000,-0.1890,-0.3455,0.7964,3.0763,1.9313,0.9160
5.0000,-0.1870,-0.3516,0.8010,3.4733,2.5267,1.1527
5.0000,-0.2000,-0.3535,0.8008,3.8473,2.6489,1.2901
5.0000,-0.1948,-0.3540,0.8064,3.7634,2.8702,1.1679
5.0000,-0.1826,-0.3413,0.8057,4.4733,2.8015,1.3511
5.0000,-0.1870,-0.3401,0.8013,4.7099,3.0916,1.3511
5.0000,-0.1909,-0.3403,0.8042,4.4198,3.1145,1.2901
5.0000,-0.1833,-0.3384,0.8105,4.1069,2.8168,1.0229
5.0000,-0.1792,-0.3325,0.8157,3.5420,3.0687,0.8015
5.0000,-0.1763,-0.3447,0.8303,3.0916,3.2824,0.6641
5.0000,-0.1809,-0.3491,0.8276,3.3282,3.4580,0.7252
5.0000,-0.1643,-0.3567,0.8274,4.0153,3.4962,0.7481
5.0000,-0.1714,-0.3599,0.8279,4.4733,3.4656,0.9618
5.0000,-0.1714,-0.3569,0.8403,5.2443,3.5802,1.0534
5.0000,-0.1599,-0.3616,0.8594,5.4580,3.9389,1.1145
6.0000,-0.1567,-0.3613,0.8667,5.7557,4.1908,1.4733
5.0000,-0.1558,-0.3630,0.8835,6.1527,4.5649,1.9924
5.0000,-0.1516,-0.3757,0.8972,7.1145,4.3130,2.8779
6.0000,-0.1345,-0.3782,0.9102,8.1145,3.8702,4.0916
47.0000,-0.1423,-0.3665,0.8992,9.2977,3.1527,5.2519
62.0000,-0.1467,-0.3596,0.9045,8.6031,1.6412,6.0534
124.0000,-0.1519,-0.3352,0.9031,6.2901,-0.2290,6.5878
147.0000,-0.1570,-0.3274,0.9011,2.4122,-2.5267,6.5038
106.0000,-0.1812,-0.3518,0.9338,-5.1908,-4.9542,5.8473
134.0000,-0.1851,-0.3652,0.9365,-12.3664,-7.1374,5.7099
167.0000,-0.2214,-0.3582,0.9465,-15.0000,-11.9160,6.4122
152.0000,-0.2458,-0.3347,0.9829,-19.3893,-16.7557,5.7786
97.0000,-0.2847,-0.3411,1.0383,-22.7710,-24.1908,3.3893
179.0000,-0.3079,-0.3708,1.0881,-27.8550,-31.4809,2.8702
174.0000,-0.3464,-0.3889,1.1484,-31.7023,-38.6718,1.3740
147.0000,-0.3696,-0.3875,1.1921,-36.9008,-45.9771,-0.3435
177.0000,-0.3718,-0.3701,1.2185,-42.3664,-54.5267,-4.4046
165.0000,-0.3562,-0.3948,1.2454,-46.2748,-65.0534,-10.0305
153.0000,-0.3462,-0.4290,1.2708,-49.1374,-74.3740,-15.1756
185.0000,-0.3728,-0.4470,1.2478,-48.1374,-83.5649,-17.5878
220.0000,-0.4158,-0.4497,1.2532,-48.3206,-91.8855,-18.8015
225.0000,-0.4348,-0.4478,1.2766,-49.4733,-102.6107,-22.1374
84.0000,-0.4314,-0.4507,1.3298,-52.4122,-112.5115,-25.5725
349.0000,-0.3867,-0.4521,1.3770,-60.3435,-116.6565,-28.4427
194.0000,-0.3997,-0.5010,1.4277,-63.5573,-122.6794,-31.4656
186.0000,-0.4338,-0.5603,1.4756,-64.4733,-130.7786,-34.6489
275.0000,-0.4072,-0.5911,1.4443,-56.5649,-136.1908,-36.3664
214.0000,-0.4373,-0.6233,1.4143,-47.8473,-147.3435,-38.5038
222.0000,-0.4258,-0.6516,1.3608,-35.7634,-157.6183,-42.3130
204.0000,-0.3987,-0.6370,1.2395,-22.0000,-168.2366,-44.8702
159.0000,-0.3545,-0.5769,1.2063,-14.4198,-179.5420,-47.4733
321.0000,-0.3132,-0.5151,1.1790,-22.2214,-188.9160,-51.6565
227.0000,-0.2700,-0.4778,1.2363,-28.2061,-195.9237,-56.9618
194.0000,-0.2463,-0.5076,1.2234,-35.4656,-206.4046,-61.7328
246.0000,-0.1975,-0.4937,1.2039,-34.9466,-213.4351,-65.1069
316.0000,-0.1809,-0.4829,1.1367,-46.4885,-218.5725,-67.5725
262.0000,-0.3816,-0.4695,1.0642,-46.1450,-217.5572,-74.2214
205.0000,-0.1436,-0.5405,1.0854,-50.1756,-233.0076,-75.6412
279.0000,-0.0220,-0.5483,0.9856,-38.6260,-231.7786,-76.8702
287.0000,-0.0911,-0.5435,0.9253,-34.2595,-240.1985,-77.1756
245.0000,-0.0518,-0.5300,0.9385,-45.3969,-242.7328,-78.9695
278.0000,0.0344,-0.5469,0.8784,-33.6565,-241.9389,-78.9695
227.0000,0.0195,-0.5068,0.8491,-23.3435,-245.1832,-78.4580
297.0000,0.0076,-0.4788,0.8469,-15.9008,-248.4504,-79.4275
172.0000,0.0144,-0.4695,0.8108,-10.8550,-250.1374,-80.6565
305.0000,0.0645,-0.3899,0.6729,-9.7939,-250.1374,-81.1985
244.0000,0.0730,-0.3589,0.5979,-10.1069,-250.1374,-82.9313
242.0000,0.1301,-0.4104,0.6384,-24.9160,-250.1374,-86.4580
258.0000,0.6011,-0.4036,0.7354,-21.7099,-212.5267,-89.7557
262.0000,0.1040,-0.4424,0.4998,-28.1145,-250.1374,-85.7863
247.0000,0.2856,-0.4060,0.6082,-28.7939,-247.7633,-84.2672
263.0000,0.1694,-0.3135,0.5583,-25.6107,-250.1374,-85.9618
217.0000,0.2170,-0.3083,0.3804,-20.2824,-250.1374,-83.9466
338.0000,0.2561,-0.3005,0.4321,-16.1679,-250.1374,-85.6336
264.0000,0.1990,-0.3293,0.4905,-26.6336,-250.1374,-89.0992
272.0000,0.2729,-0.2815,0.3306,-31.9466,-250.1374,-90.2748
299.0000,0.3518,-0.2729,0.2437,-32.7634,-249.1679,-89.7328
304.0000,0.3291,-0.2815,0.2231,-45.7328,-247.5496,-90.1679
253.0000,0.4138,-0.2808,0.2124,-54.0305,-240.3130,-94.6031
317.0000,0.4441,-0.3137,0.1360,-54.7939,-238.8473,-95.4122
287.0000,0.4441,-0.3025,0.1392,-57.9924,-237.7786,-94.8244
300.0000,0.4814,-0.2456,0.0876,-57.3435,-236.0687,-96.0763
262.0000,0.5461,-0.2061,0.0186,-57.8626,-230.2901,-95.9924
336.0000,0.5571,-0.1926,-0.0073,-45.8397,-232.8092,-94.6412
297.0000,0.5615,-0.2388,-0.0288,-50.5420,-229.4733,-93.6031
319.0000,0.6526,-0.1147,0.0090,-59.3664,-220.0382,-93.8092
302.0000,0.7012,-0.2144,-0.1042,-43.5420,-211.1908,-91.1832
315.0000,0.7336,-0.1504,-0.1216,-31.9924,-203.2137,-86.9924
327.0000,0.7781,-0.1580,-0.2773,-23.7786,-192.5878,-80.0000
321.0000,0.7988,-0.1587,-0.3374,-6.4962,-182.4046,-74.7099
387.0000,0.8396,-0.0449,-0.4495,15.3969,-174.0229,-68.8015
311.0000,0.9026,-0.0061,-0.6028,39.2595,-167.0305,-59.7557
299.0000,0.9285,0.0134,-0.6721,42.0992,-159.6717,-50.7252
321.0000,0.9385,0.0789,-0.6555,59.3206,-150.6565,-44.1908
327.0000,0.9731,0.0464,-0.7261,49.6489,-130.9847,-35.2519
337.0000,0.9551,0.0840,-0.7502,50.0840,-116.1450,-26.9618
325.0000,0.9844,0.1211,-0.7285,41.1527,-95.0916,-19.0611
329.0000,0.9849,0.1194,-0.7190,31.7557,-72.7939,-9.4198
343.0000,1.0154,0.1155,-0.6880,20.6336,-45.4122,-2.3817
317.0000,1.0525,0.0801,-0.6599,12.3206,-11.6565,4.1756
322.0000,0.9014,-0.0068,-0.6021,15.9542,1.7939,17.0992
380.0000,0.9919,0.0452,-0.5620,10.9847,17.8321,17.3588
336.0000,0.9500,-0.0234,-0.4736,17.0229,33.0916,23.8397
400.0000,0.9666,-0.0781,-0.4226,15.9466,56.4122,30.8855
333.0000,0.9568,-0.1108,-0.3730,7.6260,83.0763,34.8092
358.0000,0.9253,-0.1438,-0.3254,-5.4427,106.2061,37.4580
332.0000,0.9121,-0.1868,-0.2593,-13.8702,128.1527,39.7328
350.0000,0.8777,-0.2351,-0.2009,-11.2748,140.0153,42.0076
364.0000,0.8464,-0.2737,-0.1770,-9.7099,145.9771,44.4504
365.0000,0.8645,-0.2693,-0.1292,-7.1145,156.3053,44.5802
346.0000,0.8494,-0.2686,-0.1160,-5.6565,161.6947,44.0076
341.0000,0.8389,-0.2512,-0.1047,-9.7023,163.8626,43.6489
370.0000,0.8506,-0.2449,-0.0867,-8.3664,166.0611,43.3130
355.0000,0.8054,-0.2612,-0.0728,-5.1221,165.6794,43.3664
351.0000,0.7908,-0.2410,-0.0452,-11.0000,167.2214,43.8779
339.0000,0.8103,-0.2161,-0.0083,-10.9771,172.8855,42.4504
340.0000,0.7900,-0.2397,-0.0032,-7.5267,176.2443,42.6641
354.0000,0.7644,-0.2715,0.0505,-9.4809,180.7252,43.7939
360.0000,0.7341,-0.2800,0.1396,-4.7405,183.1908,44.5191
373.0000,0.7473,-0.2766,0.1804,3.8855,186.5038,46.0992
374.0000,0.7295,-0.2861,0.2527,12.2901,193.5496,48.0611
365.0000,0.6909,-0.3311,0.3149,19.8473,200.0382,48.9084
358.0000,0.6804,-0.3396,0.3335,27.1221,205.3435,49.2672
372.0000,0.6689,-0.3132,0.3149,31.5191,208.2443,50.2137
358.0000,0.6667,-0.2605,0.2258,31.3435,209.7176,52.1527
378.0000,0.6489,-0.2251,0.1714,25.9084,212.4656,51.5344
372.0000,0.5981,-0.2600,0.1458,17.2824,211.0840,50.5267
368.0000,0.5879,-0.2490,0.1467,11.4427,206.8855,49.2672
368.0000,0.5728,-0.2332,0.1377,6.7328,203.0305,49.4427
371.0000,0.5295,-0.2219,0.2009,2.2366,203.4580,50.1298
381.0000,0.4727,-0.2598,0.3735,-0.1832,202.2290,49.9313
364.0000,0.4524,-0.2800,0.4470,0.4351,204.1603,49.9466
386.0000,0.4553,-0.2896,0.4592,6.1985,207.9618,52.5725
395.0000,0.4214,-0.3000,0.5039,7.6565,211.6947,57.1450
358.0000,0.3894,-0.2695,0.6094,-1.8244,215.5878,58.6183
408.0000,0.3940,-0.2734,0.6250,-5.2137,222.4427,57.9618
396.0000,0.3879,-0.3330,0.5750,1.2443,230.3206,58.3664
371.0000,0.2932,-0.3943,0.5300,8.8931,228.8473,62.2443
385.0000,0.2588,-0.4036,0.5369,16.2214,223.9160,65.9389
401.0000,0.2324,-0.3691,0.5605,26.2595,216.2672,66.8626
384.0000,0.2415,-0.3120,0.5735,28.7710,220.5878,68.8015
385.0000,0.1897,-0.3413,0.5674,28.2137,220.8015,69.7557
398.0000,0.1431,-0.3486,0.6116,18.7405,221.4504,69.0153
385.0000,0.0615,-0.3572,0.6323,19.8931,216.8626,69.9084
386.0000,0.0596,-0.3523,0.7300,16.8931,217.1374,71.2366
421.0000,-0.0098,-0.3376,0.8269,21.2901,207.9924,71.5267
383.0000,0.0066,-0.3027,0.9199,15.8779,206.8855,68.2595
385.0000,-0.0137,-0.3645,0.9277,22.4809,205.2290,65.2672
366.0000,-0.0466,-0.4216,0.9072,18.2901,205.6412,65.5954
464.0000,-0.0647,-0.4512,0.8813,13.5267,204.9618,68.0076
391.0000,-0.0894,-0.4927,0.9707,4.3817,208.0458,68.0000
395.0000,-0.1252,-0.5159,1.0156,5.7557,205.5878,65.8321
383.0000,-0.1536,-0.5178,0.9902,20.6947,196.5420,64.9695
405.0000,-0.1638,-0.4895,0.9358,33.9313,187.3740,66.6794
396.0000,-0.1826,-0.4836,1.0166,42.6718,179.1908,65.1145
390.0000,-0.2004,-0.4565,1.1316,47.7863,170.6870,61.3435
395.0000,-0.1738,-0.4141,1.1396,53.2443,164.5878,61.6718
402.0000,-0.1545,-0.3521,1.0986,54.8321,159.8931,61.1069
396.0000,-0.1885,-0.3337,1.1128,51.2672,154.8702,58.1603
401.0000,-0.2129,-0.3557,1.1924,45.1832,148.3130,51.2901
398.0000,-0.2231,-0.3806,1.2388,40.5038,143.6565,45.3206
397.0000,-0.2183,-0.4277,1.2502,37.9389,143.4122,41.2290
400.0000,-0.2393,-0.4722,1.2827,31.3435,144.2061,38.7863
403.0000,-0.2629,-0.5371,1.2146,37.8626,143.1374,38.0534
407.0000,-0.2947,-0.5640,1.1631,37.2748,143.8626,37.4046
404.0000,-0.3296,-0.5249,1.2000,46.5496,138.4962,34.2824
411.0000,-0.3965,-0.5408,1.2278,55.1679,128.5954,30.4122
404.0000,-0.4224,-0.6038,1.2686,63.5878,115.9924,26.3817
407.0000,-0.3921,-0.6130,1.3962,82.9008,107.9160,21.3053
412.0000,-0.4009,-0.6008,1.4517,105.9466,111.6489,23.7176
408.0000,-0.4697,-0.5457,1.4575,120.5954,103.5649,30.1756
408.0000,-0.4333,-0.4888,1.4131,131.9237,97.5038,33.2214
419.0000,-0.4167,-0.3762,1.3008,135.7023,87.1298,30.2595
405.0000,-0.3481,-0.2578,1.2307,129.0687,80.5649,24.0611
418.0000,-0.3274,-0.2461,1.1055,106.7786,69.4275,16.1298
414.0000,-0.3523,-0.2349,1.1455,59.3664,61.9313,5.8626
409.0000,-0.4534,-0.1753,1.2869,0.4885,36.7252,-5.5344
417.0000,-0.4216,-0.2080,1.4207,-52.3969,6.6031,-14.8779
410.0000,-0.2896,-0.3291,1.4775,-74.0382,-14.4122,-18.2290
422.0000,-0.1885,-0.4207,1.4121,-57.9160,-21.6412,-16.3817
408.0000,-0.1648,-0.4595,1.2959,-24.7405,-26.3740,-11.5115
404.0000,-0.1829,-0.4641,1.1238,3.2519,-35.7710,-4.9695
441.0000,-0.1362,-0.4036,1.0312,22.8397,-34.5267,0.0916
405.0000,-0.0459,-0.3118,0.9700,29.5878,-22.3435,3.6870
413.0000,-0.0203,-0.2595,0.8765,28.7481,-10.4275,6.3359
423.0000,-0.0203,-0.2170,0.8113,25.6565,-4.7099,7.7328
380.0000,-0.0342,-0.2092,0.7559,24.5802,-3.6947,8.7863
445.0000,-0.0540,-0.1951,0.7356,19.5725,-4.7023,9.3053
387.0000,-0.0840,-0.1802,0.7146,12.7939,-3.6489,8.6489
432.0000,-0.1304,-0.1873,0.6980,6.4275,-3.8244,7.4427
381.0000,-0.1802,-0.1626,0.7314,-2.8931,-7.7405,5.5954
448.0000,-0.2014,-0.1406,0.7800,-13.9313,-10.9847,2.4198
421.0000,-0.2393,-0.1501,0.8728,-24.0611,-13.8244,-1.3130
410.0000,-0.2949,-0.1792,0.9636,-32.6031,-17.3282,-3.8855
399.0000,-0.3447,-0.2183,1.0352,-38.4580,-22.5344,-4.4122
417.0000,-0.3682,-0.2312,1.0886,-39.6260,-27.2748,-4.4504
428.0000,-0.3733,-0.2292,1.0991,-41.4809,-32.0534,-4.9618
404.0000,-0.3733,-0.2434,1.1165,-44.8473,-37.6107,-7.5954
414.0000,-0.3691,-0.2571,1.1028,-43.5267,-44.5954,-9.0687
415.0000,-0.3589,-0.2659,1.1204,-43.5267,-51.7481,-9.9542
441.0000,-0.3630,-0.2878,1.1487,-42.0763,-59.1679,-11.1603
449.0000,-0.3723,-0.3152,1.1714,-37.0153,-67.4428,-11.5344
405.0000,-0.3728,-0.3481,1.2021,-30.9084,-74.7710,-11.0534
438.0000,-0.3757,-0.3499,1.2651,-26.6718,-82.3435,-10.8779
439.0000,-0.3774,-0.3337,1.3044,-25.5573,-91.0076,-11.5878
408.0000,-0.3662,-0.3127,1.3267,-22.9389,-98.6718,-12.8855
388.0000,-0.3672,-0.2922,1.2871,-23.8321,-105.9160,-15.5420
477.0000,-0.3555,-0.2769,1.2461,-31.5114,-113.7710,-19.2443
414.0000,-0.3303,-0.2878,1.2288,-45.7863,-121.7481,-23.4962
432.0000,-0.2996,-0.3196,1.2239,-60.8779,-128.5802,-28.5114
403.0000,-0.2771,-0.3569,1.2485,-74.2672,-134.5572,-32.8397
417.0000,-0.2605,-0.3831,1.2515,-80.1298,-141.1069,-36.5802
457.0000,-0.2336,-0.4026,1.2378,-80.5344,-148.3282,-39.3206
469.0000,-0.2009,-0.4189,1.2808,-82.1221,-154.5420,-41.2443
414.0000,-0.1931,-0.4360,1.3198,-82.0687,-160.6412,-43.2824
372.0000,-0.1794,-0.3926,1.3521,-81.4198,-167.0305,-44.5725
478.0000,-0.1787,-0.4009,1.3022,-71.7252,-174.5496,-45.6870
441.0000,-0.1604,-0.3948,1.2476,-74.1374,-182.8779,-46.3282
402.0000,-0.1162,-0.4172,1.2065,-61.1069,-188.2290,-49.6870
430.0000,-0.1067,-0.4753,1.1118,-61.1527,-193.6412,-50.2595
372.0000,-0.1213,-0.5161,1.0557,-58.6489,-201.8626,-51.4809
506.0000,-0.1052,-0.5430,1.0549,-53.0000,-207.9313,-53.2061
396.0000,-0.0955,-0.5469,1.0588,-42.9160,-214.8397,-54.4046
434.0000,-0.0708,-0.5139,1.0261,-32.9542,-221.7023,-53.4046
342.0000,-0.0149,-0.4180,0.9807,-23.1221,-225.3282,-52.2519
478.0000,0.0005,-0.3867,0.9670,-16.7710,-231.5572,-53.4809
482.0000,-0.0161,-0.3911,1.0051,-25.0687,-239.4351,-56.1832
370.0000,0.0225,-0.3540,0.9971,-34.1221,-243.5038,-57.7786
504.0000,0.0435,-0.3181,0.9512,-36.4046,-245.1145,-58.4122
565.0000,0.0417,-0.3281,0.9465,-54.2443,-244.9008,-60.5420
402.0000,0.0557,-0.3369,0.9036,-62.1985,-244.2137,-65.7710
398.0000,0.0786,-0.4441,0.8196,-56.4962,-246.7176,-68.2214
498.0000,0.0815,-0.4490,0.7688,-54.5267,-248.5191,-67.7634
411.0000,0.0774,-0.4312,0.7522,-48.5420,-250.1374,-69.7023
412.0000,0.1277,-0.4094,0.6665,-37.7481,-250.1374,-70.5267
469.0000,0.1523,-0.3960,0.5918,-27.4580,-250.1374,-70.7176
466.0000,0.1501,-0.3464,0.5769,-30.3740,-250.1374,-71.0153
439.0000,0.1895,-0.3049,0.4609,-41.6183,-250.1374,-72.0992
465.0000,0.2007,-0.2820,0.4092,-49.1908,-250.1374,-74.1756
376.0000,0.2410,-0.2803,0.4175,-61.6336,-250.1374,-78.3817
443.0000,0.2627,-0.2600,0.4177,-66.0687,-250.1374,-80.7023
449.0000,0.3621,-0.2061,0.3225,-68.0382,-250.1374,-83.1832
377.0000,0.3889,-0.2305,0.2585,-73.7023,-250.1374,-83.8550
445.0000,0.4019,-0.2170,0.2134,-78.6183,-250.1374,-86.0534
432.0000,0.4917,-0.2632,0.1780,-90.6947,-250.1374,-88.6718
413.0000,0.4785,-0.2664,0.1660,-89.7786,-248.3130,-91.6336
458.0000,0.5144,-0.2810,-0.0188,-89.6031,-240.1832,-89.5496
461.0000,0.5823,-0.2595,-0.0789,-75.2137,-233.9542,-86.6565
426.0000,0.6140,-0.2642,-0.1729,-65.4580,-225.4275,-85.2137
447.0000,0.6631,-0.2649,-0.2468,-49.3435,-217.6947,-83.0992
416.0000,0.7024,-0.2327,-0.3662,-28.5038,-212.5954,-77.5038
445.0000,0.7107,-0.1997,-0.4307,-8.0916,-206.0153,-72.6794
461.0000,0.7593,-0.1958,-0.5166,7.9618,-199.0687,-67.6489
447.0000,0.8137,-0.1318,-0.5764,34.4275,-191.5572,-61.2443
413.0000,0.9177,-0.1057,-0.6694,63.8092,-181.2214,-52.0992
476.0000,0.8853,-0.0110,-0.6953,80.6489,-175.4427,-42.2901
438.0000,0.9597,0.0176,-0.7507,99.1756,-156.8931,-35.6870
438.0000,0.9707,0.0234,-0.8110,102.7405,-137.6107,-29.5954
458.0000,1.0146,0.0234,-0.8567,101.7939,-110.2290,-25.0916
461.0000,0.9490,0.0625,-0.8525,85.1985,-89.8702,-20.3282
438.0000,1.0547,-0.0093,-0.8059,55.9008,-52.0534,-15.7557
442.0000,1.0171,0.0176,-0.7231,24.9618,-22.5038,-9.3511
469.0000,1.0403,-0.0354,-0.6929,8.7786,15.4046,-3.2748
443.0000,0.9729,-0.0422,-0.6375,-13.9237,36.3130,1.8244
435.0000,1.0039,-0.0627,-0.5669,-1.5573,58.9313,6.0534
450.0000,0.9016,-0.1218,-0.4993,0.0840,67.0153,10.8931
436.0000,0.9258,-0.1399,-0.4534,-15.3817,87.7023,14.8931
427.0000,0.9258,-0.1248,-0.3821,-30.2595,110.8244,18.0611
479.0000,0.9233,-0.1008,-0.3147,-47.4275,138.2519,19.5267
440.0000,0.8347,-0.1904,-0.2942,-56.2137,145.6107,22.8931
448.0000,0.8437,-0.2058,-0.2317,-61.4351,156.6107,26.1908
457.0000,0.8518,-0.2288,-0.1550,-44.6183,162.0382,29.7786
424.0000,0.8118,-0.2483,-0.1294,-31.4122,164.3130,33.1756
467.0000,0.8184,-0.2349,-0.0896,-18.9618,166.1221,35.2748
443.0000,0.7937,-0.2429,-0.0933,-6.0000,166.2366,36.8015
432.0000,0.7830,-0.2422,-0.0520,-3.0611,168.6183,38.7405
435.0000,0.7751,-0.2373,-0.0007,-7.6794,174.5420,39.7405
435.0000,0.7688,-0.2207,0.0261,-10.6107,181.3435,40.0916
440.0000,0.7522,-0.2334,0.0662,-12.8473,186.5496,41.4122
429.0000,0.7354,-0.2520,0.1523,-18.2214,194.3130,42.4275
444.0000,0.7185,-0.2673,0.1978,-19.0840,200.5572,43.6870
456.0000,0.6958,-0.2527,0.1843,-16.8168,202.3664,45.7023
431.0000,0.6956,-0.2117,0.1882,-14.9771,204.4198,48.6183
451.0000,0.6738,-0.2087,0.1790,-15.6412,203.8473,50.0840
442.0000,0.6111,-0.2502,0.2944,-17.8550,203.3206,50.2901
428.0000,0.5981,-0.2778,0.3440,-20.5954,206.4504,49.9084
464.0000,0.6204,-0.2683,0.3301,-20.1985,209.6107,52.3435
438.0000,0.5615,-0.2605,0.3315,-11.1221,205.6183,55.6260
447.0000,0.5430,-0.2615,0.3940,-13.7481,205.3664,57.0840
449.0000,0.5432,-0.2625,0.4363,-10.7710,208.5191,56.6718
448.0000,0.4949,-0.3359,0.4468,-5.8473,208.1221,58.9389
447.0000,0.4666,-0.3562,0.4709,-10.8015,209.7405,62.6260
449.0000,0.3943,-0.3655,0.6272,-3.7252,207.2366,63.7252
443.0000,0.3882,-0.3811,0.7112,-0.1756,207.7633,64.6336
440.0000,0.4121,-0.3711,0.6921,20.3435,206.6031,67.2443
444.0000,0.4023,-0.3914,0.5796,39.3130,206.3969,72.1985
436.0000,0.3577,-0.3596,0.6128,47.0153,205.7863,73.9924
462.0000,0.2964,-0.3252,0.6057,50.8168,196.2519,72.4886
455.0000,0.3174,-0.3467,0.5757,42.9847,199.2748,72.0611
436.0000,0.2949,-0.3137,0.6775,33.4046,199.4580,69.4733
440.0000,0.2358,-0.3135,0.6982,31.7863,197.6336,68.9618
461.0000,0.2104,-0.3062,0.6257,22.8855,197.8321,69.4198
446.0000,0.1877,-0.2778,0.6423,29.3206,193.2519,68.8321
446.0000,0.1335,-0.3020,0.6545,19.2672,188.1603,68.7557
450.0000,0.0999,-0.3245,0.8000,13.3817,183.3435,66.2748
451.0000,0.1047,-0.3557,0.8569,8.2748,182.3817,64.2901
436.0000,0.1060,-0.3804,0.9426,8.7023,182.0840,63.2214
445.0000,0.0525,-0.4761,1.0479,7.2061,181.4504,63.2137
466.0000,0.0408,-0.4995,1.1260,7.9084,183.1221,62.9695
440.0000,0.0454,-0.5522,1.1333,24.8702,186.4122,64.3664
455.0000,0.0161,-0.5437,0.9336,45.1221,184.8015,68.7710
443.0000,-0.0281,-0.5002,0.7910,57.7863,178.2748,69.9084
444.0000,-0.0850,-0.4600,0.8069,58.9160,171.1527,64.9008
457.0000,-0.1079,-0.4429,0.8354,55.2901,161.7328,59.0458
455.0000,-0.0664,-0.3643,0.9316,39.5420,155.2519,54.1374
432.0000,-0.0532,-0.3311,0.9924,28.1374,153.0687,48.0305
471.0000,-0.0686,-0.3813,1.0322,19.7252,151.8473,43.6336
460.0000,-0.1038,-0.4580,1.0779,15.4122,144.9618,41.0305
448.0000,-0.1418,-0.5439,1.1909,12.2824,139.3511,39.8550
460.0000,-0.0969,-0.6118,1.2563,25.0229,142.3969,38.6107
462.0000,-0.1516,-0.6396,1.2607,39.8397,139.1298,40.0992
441.0000,-0.1853,-0.6299,1.3503,51.9618,136.7786,41.5191
460.0000,-0.2014,-0.6316,1.3923,76.6336,127.3511,40.9618
465.0000,-0.1677,-0.6235,1.2593,90.4809,126.7863,43.7405
448.0000,-0.1646,-0.5435,1.1335,108.8168,134.0534,45.8015
462.0000,-0.2854,-0.4155,1.0098,107.0458,116.2748,44.9618
458.0000,-0.2012,-0.2981,0.9856,102.2214,109.0229,38.5115
454.0000,-0.1812,-0.2271,0.8894,98.4809,101.0229,30.6947
453.0000,-0.2090,-0.1633,0.8579,71.6260,91.8626,24.1374
450.0000,-0.2305,-0.1619,0.9294,38.4962,81.8702,17.2214
451.0000,-0.2009,-0.1956,1.0278,8.1908,77.6107,10.9237
460.0000,-0.2014,-0.2734,1.0830,-11.5115,78.6489,7.7099
471.0000,-0.2593,-0.3635,1.1267,-20.2748,74.0534,6.3130
448.0000,-0.2737,-0.4167,1.1699,-21.0916,68.9389,5.6565
465.0000,-0.2468,-0.4480,1.1975,-13.3359,65.3740,4.9160
458.0000,-0.2231,-0.4648,1.2107,1.1527,64.4962,5.7099
453.0000,-0.2334,-0.4888,1.2207,24.3282,61.9695,9.8473
474.0000,-0.2322,-0.5190,1.1956,46.3588,61.3282,15.1832
459.0000,-0.2246,-0.4980,1.1519,65.4886,61.2672,20.4885
465.0000,-0.2080,-0.4617,1.1091,83.3053,59.4046,23.7557
469.0000,-0.1936,-0.4172,1.0310,97.8626,54.3206,25.3282
465.0000,-0.1533,-0.3555,0.9785,106.2137,53.2214,25.8779
467.0000,-0.1462,-0.3054,0.9097,107.9466,51.2672,25.7328
470.0000,-0.1309,-0.2346,0.8782,102.2366,49.6947,23.4351
456.0000,-0.1641,-0.1965,0.8743,86.6412,45.4046,18.7481
461.0000,-0.2432,-0.1326,0.9502,54.3359,36.6794,11.0840
488.0000,-0.2725,-0.1067,1.0706,17.4885,26.3740,1.8397
464.0000,-0.3032,-0.1890,1.1992,-16.0305,14.1908,-6.4427
466.0000,-0.3054,-0.2839,1.2727,-33.8473,3.0458,-12.2824
478.0000,-0.2766,-0.3843,1.3005,-36.3664,-3.2214,-13.6336
469.0000,-0.2529,-0.4414,1.2585,-17.5878,-9.4733,-11.8626
464.0000,-0.2334,-0.4243,1.1794,4.7710,-12.3664,-7.5115
467.0000,-0.2192,-0.3762,1.0566,21.9160,-14.0305,-2.5954
437.0000,-0.1743,-0.3059,0.9548,33.5954,-9.6336,1.3053
511.0000,-0.1538,-0.2422,0.8586,39.9008,-5.3206,3.7939
456.0000,-0.1396,-0.1880,0.7854,37.1603,-2.9695,5.6870
486.0000,-0.1450,-0.1572,0.7417,31.4962,-1.1908,6.6031
448.0000,-0.1377,-0.1230,0.7263,27.9160,-1.1832,6.2901
473.0000,-0.1577,-0.1384,0.6929,24.9389,-3.9008,6.3588
498.0000,-0.1643,-0.1243,0.6860,19.1679,-6.1985,6.3664
471.0000,-0.1648,-0.1135,0.7202,10.0840,-7.7481,5.3664
470.0000,-0.1541,-0.1045,0.7520,-0.7023,-8.0840,3.7099
479.0000,-0.1758,-0.1184,0.8066,-10.8473,-8.2977,2.5878
471.0000,-0.1992,-0.1479,0.8684,-21.3664,-10.0611,1.7252
466.0000,-0.1838,-0.1687,0.9424,-30.8015,-8.7176,0.7710
475.0000,-0.1968,-0.1965,1.0007,-31.0000,-8.8244,0.0687
481.0000,-0.2227,-0.2109,1.0117,-30.5344,-9.9542,0.1527
451.0000,-0.2327,-0.2358,1.0422,-28.5954,-12.0840,0.0458
499.0000,-0.2358,-0.2354,1.0527,-25.0305,-13.5649,-0.7099
471.0000,-0.2615,-0.2422,1.0789,-22.6260,-17.5649,-1.6641
460.0000,-0.2695,-0.2419,1.0859,-23.0458,-21.6107,-1.8168
454.0000,-0.2798,-0.2041,1.0806,-19.3359,-27.2519,-2.0992
485.0000,-0.2974,-0.1719,1.0605,-20.5038,-34.3359,-3.3435
494.0000,-0.2939,-0.1377,1.0757,-26.1603,-43.0992,-6.0992
463.0000,-0.2900,-0.1343,1.1252,-38.9160,-50.7557,-10.5649
451.0000,-0.2925,-0.1589,1.1758,-53.3053,-56.7557,-14.0458
541.0000,-0.2991,-0.2229,1.2249,-65.1298,-61.8168,-15.7176
426.0000,-0.3137,-0.2883,1.2844,-70.4886,-68.5496,-16.9084
470.0000,-0.3167,-0.3110,1.3308,-69.1908,-76.5115,-17.9618
461.0000,-0.3096,-0.3091,1.3354,-67.9695,-83.1527,-18.6183
529.0000,-0.3025,-0.3269,1.3457,-65.4962,-90.3588,-20.1908
465.0000,-0.3074,-0.3513,1.3347,-64.6031,-99.8244,-21.6031
472.0000,-0.3054,-0.3730,1.3152,-67.9389,-106.9924,-22.3359
502.0000,-0.3091,-0.3762,1.2981,-70.7786,-113.4657,-23.5496
471.0000,-0.3105,-0.3872,1.2798,-74.7405,-122.2824,-24.7099
468.0000,-0.3149,-0.4036,1.2957,-76.6870,-132.3359,-27.4809
459.0000,-0.2844,-0.4087,1.3049,-75.9389,-141.6412,-29.7634
443.0000,-0.2646,-0.4048,1.3069,-75.1069,-150.6107,-32.4122
535.0000,-0.2483,-0.3945,1.2881,-75.4122,-159.1374,-34.5649
459.0000,-0.2141,-0.4077,1.2603,-76.5191,-164.6870,-37.6183
480.0000,-0.2043,-0.4324,1.2336,-76.7863,-171.8015,-41.0229
488.0000,-0.2344,-0.4312,1.1934,-78.4809,-191.5038,-44.1603
488.0000,-0.1426,-0.4546,1.2339,-79.3053,-194.3435,-49.2443
447.0000,-0.1389,-0.4829,1.1819,-82.2824,-198.6947,-53.9160
486.0000,-0.1135,-0.4861,1.0981,-87.0305,-203.8473,-55.9466
462.0000,-0.0898,-0.5288,1.0378,-87.6031,-208.7557,-58.3206
482.0000,-0.0510,-0.5310,0.9700,-85.8779,-212.9466,-60.5420
439.0000,-0.0359,-0.5420,0.9780,-84.8473,-217.3435,-63.6260
520.0000,0.0051,-0.5425,0.9805,-83.3893,-219.0229,-66.6336
421.0000,0.0154,-0.5874,0.9417,-73.8092,-222.2901,-68.4275
475.0000,0.0132,-0.5911,0.9478,-68.9389,-224.2443,-70.4122
467.0000,0.0144,-0.5127,0.9377,-61.2595,-227.9847,-71.4046
517.0000,0.0542,-0.4363,0.8940,-59.7557,-227.2214,-72.3359
503.0000,0.0886,-0.3945,0.8164,-57.8626,-223.8473,-77.1298
457.0000,0.0515,-0.4600,0.7114,-54.4580,-229.3435,-82.2595
450.0000,0.0415,-0.4775,0.7793,-58.9008,-235.8473,-87.3740
473.0000,0.0884,-0.4226,0.7058,-63.7786,-235.2901,-91.4275
425.0000,0.1067,-0.4346,0.6023,-57.6870,-240.1145,-92.4657
556.0000,0.1396,-0.3687,0.5796,-66.9847,-240.8550,-92.8244
395.0000,0.1553,-0.3760,0.5618,-66.8779,-246.0458,-95.2672
487.0000,0.1682,-0.3618,0.5930,-82.0076,-250.1374,-96.9847
453.0000,0.2407,-0.3018,0.5762,-92.4809,-249.6565,-99.3817
472.0000,0.2852,-0.2549,0.5457,-88.0000,-245.2672,-102.6565
454.0000,0.3135,-0.3738,0.5332,-91.7328,-241.0992,-105.1221
430.0000,0.3027,-0.3601,0.5569,-85.7634,-244.5725,-105.6336
464.0000,0.3706,-0.3821,0.5532,-72.5725,-234.2443,-104.5267
494.0000,0.3645,-0.3589,0.3713,-55.6031,-231.5114,-101.2977
501.0000,0.3936,-0.2983,0.2910,-42.6107,-229.8550,-99.5267
493.0000,0.3293,-0.2866,0.2849,-15.1145,-243.7557,-99.6870
463.0000,0.4160,-0.2656,0.2187,-13.3206,-239.7633,-99.7176
531.0000,0.4648,-0.2190,0.1433,-16.0458,-237.0305,-98.1832
449.0000,0.5132,-0.2202,0.0581,-19.4427,-235.3664,-95.0534
508.0000,0.6460,-0.2422,0.0100,-46.4122,-223.6947,-94.5038
506.0000,0.6350,-0.1628,-0.0127,-26.9466,-224.5420,-92.3664
478.0000,0.7183,-0.1538,-0.0864,-19.2366,-215.0611,-87.5420
480.0000,0.7698,-0.1101,-0.2769,-17.1679,-208.1679,-81.7481
468.0000,0.7671,-0.0583,-0.3970,11.2443,-207.5267,-75.9313
491.0000,0.8032,0.0107,-0.5081,37.0763,-203.5038,-70.1145
511.0000,0.8481,-0.0381,-0.6814,55.0076,-200.1985,-62.0229
512.0000,0.9526,0.0647,-0.7168,74.9160,-185.2672,-52.7099
479.0000,0.9756,0.0566,-0.8142,84.6412,-166.4504,-42.2137
516.0000,0.9592,0.1428,-0.7891,96.7634,-142.3435,-30.7634
473.0000,0.9534,0.1814,-0.8118,99.1069,-117.8244,-20.4504
493.0000,0.9722,0.1167,-0.8943,94.4198,-89.9542,-12.5038
487.0000,0.9668,0.1497,-0.8572,80.7252,-64.5649,-3.8244
475.0000,0.9729,0.1194,-0.8042,61.7557,-30.5954,3.1527
482.0000,0.9629,0.1016,-0.7380,32.5496,1.9160,9.0611
485.0000,0.9822,0.0391,-0.6667,21.1527,31.4198,14.1756
471.0000,0.9607,0.0015,-0.6211,9.2748,56.5115,20.8168
502.0000,0.9316,-0.0239,-0.5540,0.2901,77.6336,25.7786
471.0000,0.9036,-0.0786,-0.4656,-8.8015,98.7939,28.8397
479.0000,0.8965,-0.1162,-0.3862,-20.8626,121.1756,30.8321
466.0000,0.8596,-0.1755,-0.3333,-32.0305,141.0534,32.4809
470.0000,0.8091,-0.2129,-0.2700,-44.0916,155.4580,35.6183
480.0000,0.8289,-0.2202,-0.2095,-61.6412,176.7557,37.1298
484.0000,0.8352,-0.2239,-0.0974,-56.4351,190.5802,37.8550
468.0000,0.7764,-0.2561,-0.0488,-53.6412,192.9771,39.2061
466.0000,0.7788,-0.2871,-0.0276,-48.3282,194.0076,41.1450
489.0000,0.7764,-0.2917,0.0010,-30.5114,191.0382,43.3893
470.0000,0.7688,-0.3137,0.0171,-24.3282,192.1069,45.5649
465.0000,0.6980,-0.2903,0.0564,-15.4504,185.7710,47.3282
480.0000,0.7200,-0.2473,0.0869,-10.9008,184.4886,48.5573
477.0000,0.7107,-0.2434,0.1211,1.0458,183.3817,49.8626
464.0000,0.7146,-0.2666,0.1924,4.6565,187.7863,51.9313
480.0000,0.6770,-0.2703,0.2100,8.5725,191.0305,52.9847
463.0000,0.6626,-0.2644,0.2310,16.3130,195.7863,54.6489
468.0000,0.6189,-0.2695,0.2896,12.1908,198.6107,57.0840
477.0000,0.6050,-0.2961,0.3679,8.3740,204.4504,57.0840
487.0000,0.5776,-0.3044,0.4495,2.9084,210.3130,56.2443
468.0000,0.5544,-0.2917,0.4404,-6.2366,215.4351,56.7634
470.0000,0.5237,-0.2935,0.4294,-4.8473,214.0382,58.9695
458.0000,0.5134,-0.3188,0.3718,-8.3588,213.5954,61.7328
460.0000,0.4646,-0.3015,0.4177,-6.0687,210.2137,63.2595
473.0000,0.4329,-0.3354,0.4500,-1.0763,205.9466,64.2443
489.0000,0.4089,-0.3242,0.4700,7.7786,201.1756,65.0916
462.0000,0.3997,-0.3796,0.5088,18.9695,201.7481,67.8092
472.0000,0.3447,-0.4194,0.6855,17.5725,206.4733,70.6794
478.0000,0.3640,-0.4438,0.7107,27.0382,213.8626,72.6031
482.0000,0.3149,-0.4021,0.6470,51.7863,210.8015,75.5496
479.0000,0.2522,-0.3958,0.6626,57.6336,206.3359,78.5649
480.0000,0.1970,-0.3813,0.7642,54.0458,200.3206,76.5573
469.0000,0.2126,-0.3777,0.8135,52.3130,199.7099,71.2061
469.0000,0.1682,-0.3787,0.7944,52.2214,195.7328,68.7176
478.0000,0.1340,-0.3477,0.7551,36.5573,193.5878,68.9084
474.0000,0.1682,-0.2651,0.7617,17.1679,191.5038,65.0687
478.0000,0.1021,-0.2913,0.7971,13.7099,187.6565,62.0458
494.0000,0.1206,-0.3274,0.7346,1.9160,188.0458,59.5344
471.0000,0.0928,-0.3994,0.7815,-8.4198,186.4275,59.9542
468.0000,0.0867,-0.4727,0.8169,-21.2824,190.1069,60.1374
493.0000,0.0632,-0.5000,0.7927,-14.3130,188.7863,60.7557
467.0000,0.0225,-0.4893,0.7930,1.5038,181.9389,61.0382
477.0000,-0.0398,-0.4692,0.8491,4.0305,172.0763,61.3893
482.0000,-0.0610,-0.5000,0.9973,18.2977,162.5191,58.2519
473.0000,-0.0767,-0.5391,1.0671,28.4275,156.2519,56.3130
479.0000,-0.0542,-0.5369,1.1025,41.8931,154.6031,56.9466
480.0000,-0.0439,-0.5017,1.1475,52.3588,153.9847,58.5344
479.0000,-0.0605,-0.4414,1.0857,49.3511,150.9237,58.5954
481.0000,-0.0613,-0.4131,1.0703,51.0611,146.6031,56.8779
487.0000,-0.0684,-0.4302,1.0715,44.8626,142.6031,53.7405
475.0000,-0.0769,-0.4270,1.0918,35.6107,138.6183,48.3359
476.0000,-0.1094,-0.4248,1.0767,24.3053,132.8473,43.2290
481.0000,-0.0642,-0.5200,1.0825,20.0687,134.0000,40.7328
472.0000,-0.1072,-0.5911,1.1111,17.6565,134.9924,39.2672
474.0000,-0.1592,-0.5735,1.0823,24.7176,124.1603,38.8473
482.0000,-0.1375,-0.5359,1.0305,39.5038,119.6718,39.3893
479.0000,-0.1497,-0.5210,0.9993,58.2519,116.0458,39.6641
476.0000,-0.1809,-0.4783,0.9839,55.6641,106.3359,39.5649
481.0000,-0.1494,-0.3921,1.0295,47.2824,100.2824,36.7710
475.0000,-0.1243,-0.3601,1.0569,39.2977,101.2672,33.2290
480.0000,-0.1289,-0.3540,1.0718,33.7176,100.1450,30.0305
486.0000,-0.1555,-0.3752,1.0637,29.9237,93.9466,27.2137
476.0000,-0.1577,-0.3857,1.0769,31.2748,87.3283,25.1756
479.0000,-0.1560,-0.4231,1.0918,30.4885,86.3817,23.1603
486.0000,-0.1729,-0.4446,1.1177,26.5038,84.4046,21.1603
468.0000,-0.1904,-0.4917,1.1467,22.9313,82.7786,18.4122
507.0000,-0.1924,-0.5271,1.1877,24.6260,81.8092,17.2672
475.0000,-0.1814,-0.5315,1.2061,36.2366,82.5954,18.2672
476.0000,-0.1919,-0.5320,1.1721,49.6489,83.3511,20.9847
477.0000,-0.1794,-0.5122,1.1274,62.2290,82.7328,23.0611
486.0000,-0.1943,-0.4619,1.0520,66.4351,80.4122,24.0687
474.0000,-0.1843,-0.4243,0.9836,64.6336,73.6336,23.9389
479.0000,-0.1597,-0.3740,0.9504,61.8779,71.3970,21.8779
487.0000,-0.1633,-0.3259,0.9133,52.8855,69.5344,20.0229
471.0000,-0.1599,-0.2849,0.8923,41.9008,65.9771,17.8321
471.0000,-0.1799,-0.2939,0.8796,31.9466,60.6183,15.1832
504.0000,-0.2488,-0.2917,0.9124,18.5649,51.5115,11.5573
449.0000,-0.3652,-0.2861,1.0544,-5.9237,35.2519,6.0305
500.0000,-0.3833,-0.3069,1.2268,-27.0458,10.9924,-1.1298
479.0000,-0.3423,-0.3560,1.3501,-36.1985,-7.1450,-7.1374
485.0000,-0.2915,-0.3926,1.4106,-31.7252,-17.2137,-9.9924
466.0000,-0.2688,-0.4404,1.3711,-15.9466,-23.5802,-11.0076
483.0000,-0.2356,-0.4541,1.2690,-3.1527,-24.3588,-8.4580
480.0000,-0.2100,-0.4243,1.1609,8.5649,-20.2061,-4.8015
456.0000,-0.1694,-0.3701,1.0007,11.9847,-11.1679,-1.4198
488.0000,-0.1387,-0.3223,0.8503,11.4733,-2.9008,1.2519
476.0000,-0.1230,-0.2708,0.7529,10.9771,0.1832,2.9924
471.0000,-0.1177,-0.2292,0.6663,13.4198,-1.0382,3.2137
536.0000,-0.1270,-0.2131,0.6323,14.0229,-3.7405,2.6336
465.0000,-0.1313,-0.2178,0.6353,16.2977,-6.3053,1.9160
469.0000,-0.1475,-0.2214,0.6631,15.9542,-8.2061,1.1832
490.0000,-0.1396,-0.2231,0.7034,14.9542,-8.5954,0.9771
484.0000,-0.1479,-0.2129,0.7568,12.1985,-7.9695,0.6794
474.0000,-0.1584,-0.2268,0.8228,9.5038,-6.6718,0.6641
502.0000,-0.1619,-0.2312,0.8535,6.1985,-5.2824,1.1069
458.0000,-0.1587,-0.2327,0.9055,2.2977,-2.5878,1.6794
507.0000,-0.1611,-0.2234,0.9243,-2.4580,0.1221,1.8779
476.0000,-0.1741,-0.2393,0.9194,-7.5802,1.8779,1.6870
505.0000,-0.1812,-0.2603,0.9187,-13.4122,1.1221,1.2824
449.0000,-0.1750,-0.2722,0.9141,-17.0916,-0.6641,0.2366
512.0000,-0.1755,-0.2695,0.9045,-18.5878,-3.8779,-0.3359
501.0000,-0.1609,-0.2483,0.9080,-21.0458,-7.9695,-1.9160
475.0000,-0.1685,-0.2473,0.9229,-24.0382,-14.6947,-4.1832
479.0000,-0.1646,-0.2656,0.9602,-30.7252,-21.3969,-6.2137
526.0000,-0.1782,-0.2651,1.0044,-39.5954,-25.3969,-6.7557
459.0000,-0.1750,-0.2920,1.0391,-46.9847,-29.8931,-7.0687
519.0000,-0.1812,-0.3115,1.0759,-52.0763,-35.9389,-7.9695
482.0000,-0.1992,-0.3433,1.1101,-55.4962,-41.9160,-8.3664
532.0000,-0.2163,-0.3591,1.1379,-55.9847,-44.9160,-9.3969
489.0000,-0.2578,-0.4070,1.1599,-53.5649,-51.6641,-10.2061
506.0000,-0.2749,-0.4397,1.1941,-49.3511,-59.6947,-11.6183
479.0000,-0.2859,-0.4624,1.2200,-42.9008,-65.6947,-13.4427
473.0000,-0.2900,-0.4587,1.2104,-37.0687,-71.1450,-14.9466
506.0000,-0.2793,-0.4475,1.1797,-32.8321,-78.6183,-16.4809
521.0000,-0.2739,-0.4207,1.1467,-33.3435,-86.0916,-18.2061
479.0000,-0.2627,-0.4138,1.1362,-39.5802,-93.1756,-20.7176
518.0000,-0.2603,-0.4155,1.1323,-48.8779,-99.4046,-23.2366
506.0000,-0.2600,-0.4048,1.1467,-56.3282,-105.0916,-26.8092
447.0000,-0.2681,-0.4380,1.1917,-61.1145,-112.5496,-31.3130
562.0000,-0.2605,-0.4631,1.2131,-63.0076,-118.3817,-34.3740
488.0000,-0.2537,-0.4944,1.2222,-60.3817,-123.0840,-36.3664
512.0000,-0.2661,-0.5461,1.2361,-57.3664,-127.0611,-38.8626
465.0000,-0.2759,-0.5400,1.2358,-51.7634,-134.5114,-39.9924
528.0000,-0.2307,-0.5137,1.2175,-43.6794,-137.8550,-40.6336
462.0000,-0.2283,-0.5168,1.2041,-36.9313,-141.6947,-41.6183
485.0000,-0.2397,-0.5471,1.1470,-27.5573,-147.1069,-42.4122
506.0000,-0.2021,-0.5127,1.1169,-19.4504,-149.5343,-44.2519
514.0000,-0.2366,-0.5032,1.0933,-9.7023,-160.2214,-44.3282
488.0000,-0.2195,-0.4602,1.1394,-14.2901,-172.6031,-46.6336
419.0000,-0.2012,-0.4399,1.1021,-6.2901,-177.2824,-48.9847
602.0000,-0.1611,-0.4150,1.0061,-18.3359,-180.7099,-48.3511
447.0000,-0.1709,-0.4272,1.0852,-22.6260,-188.0382,-51.9542
491.0000,-0.1589,-0.4316,1.1169,-35.4580,-194.3969,-55.3969
495.0000,-0.0918,-0.4331,1.0830,-35.3664,-197.3053,-58.5115
496.0000,-0.0596,-0.4319,1.0374,-32.0840,-200.4198,-59.9008
454.0000,-0.0725,-0.4392,1.0232,-30.0840,-207.5191,-61.8321
511.0000,-0.0408,-0.4590,0.9744,-32.8702,-212.2672,-62.7328
475.0000,0.0498,-0.4771,0.9529,-45.1756,-207.7176,-62.4275
501.0000,0.0188,-0.4980,0.9944,-43.4427,-209.7176,-65.1908
517.0000,0.0559,-0.4866,0.9458,-53.1450,-207.7633,-66.1221
492.0000,0.0713,-0.4360,0.9204,-51.4427,-211.4198,-68.2824
520.0000,0.0562,-0.3652,0.8831,-47.3206,-218.3282,-70.2977
423.0000,0.0789,-0.3679,0.7820,-54.5115,-224.7328,-72.8779
515.0000,0.1357,-0.2876,0.7490,-57.7710,-228.8855,-77.6183
536.0000,0.1604,-0.3901,0.7417,-74.6565,-229.3053,-81.5802
487.0000,0.1604,-0.4019,0.8257,-96.2366,-230.6870,-87.0153
501.0000,0.2092,-0.4316,0.7485,-100.0992,-231.4198,-89.2901
456.0000,0.2720,-0.4087,0.7170,-90.2977,-229.9008,-90.5725
499.0000,0.2288,-0.4651,0.6514,-73.9618,-239.7023,-91.8626
531.0000,0.2776,-0.4358,0.5503,-56.9160,-250.1374,-92.7786
499.0000,0.4014,-0.3972,0.4219,-41.2443,-250.1374,-92.2519
470.0000,0.3818,-0.4026,0.4604,-24.9237,-250.1374,-93.3206
482.0000,0.3970,-0.3643,0.4609,-21.4962,-250.1374,-94.7634
478.0000,0.4497,-0.2686,0.2878,-26.4885,-250.1374,-92.9008
472.0000,0.4944,-0.2024,0.2400,-20.4885,-250.1374,-91.0687
485.0000,0.5352,-0.2500,0.2095,-32.9771,-250.1374,-90.1679
462.0000,0.5820,-0.2385,0.2036,-32.9237,-250.1374,-91.3664
518.0000,0.5510,-0.3000,0.1714,-18.6794,-250.1374,-90.0076
492.0000,0.6025,-0.2441,0.1375,-17.8702,-250.1374,-84.8321
451.0000,0.6174,-0.2244,0.0669,2.4504,-248.1908,-80.3740
498.0000,0.6704,-0.2043,0.0283,8.2672,-236.1069,-77.9008
516.0000,0.6621,-0.1743,-0.0881,23.5573,-233.1374,-75.5344
493.0000,0.7512,-0.1382,-0.2588,33.6870,-226.9008,-70.1908
535.0000,0.7646,-0.1038,-0.4199,34.7023,-216.6641,-64.7252
517.0000,0.7854,-0.0642,-0.5034,38.0382,-209.4275,-62.4427
494.0000,0.7878,-0.1255,-0.6003,35.8626,-201.3664,-60.2824
475.0000,0.8574,-0.0847,-0.6482,44.5649,-189.1374,-56.7481
505.0000,0.8464,-0.1033,-0.7065,57.3511,-180.0916,-49.4427
464.0000,0.9160,-0.0540,-0.7373,51.3435,-158.1145,-42.6947
466.0000,0.9167,0.0232,-0.7444,73.5725,-139.7481,-36.2443
504.0000,0.9631,0.0078,-0.7791,72.5573,-115.8779,-28.5802
490.0000,0.9180,0.0288,-0.7761,65.7634,-97.0534,-23.9695
511.0000,0.9534,0.0466,-0.7573,49.9847,-69.9237,-19.6183
493.0000,0.9751,0.0254,-0.7090,35.5725,-36.0305,-16.2366
487.0000,0.9270,0.0100,-0.6655,18.6107,-9.1145,-10.5573
492.0000,0.9421,-0.0066,-0.5850,6.2748,22.2061,-5.0305
507.0000,0.9377,-0.0422,-0.5120,7.2748,51.0153,0.8626
485.0000,0.8953,-0.0981,-0.4958,9.2137,69.8244,8.7557
496.0000,0.9114,-0.0706,-0.4609,7.5649,88.4657,15.4962
509.0000,0.9021,-0.0740,-0.3979,8.9542,110.9160,18.3588
488.0000,0.8718,-0.1072,-0.3511,2.9160,129.8092,20.7023
504.0000,0.8386,-0.1348,-0.2920,-4.8550,145.3206,24.5038
500.0000,0.8076,-0.1912,-0.2625,-11.5802,158.8244,29.0000
485.0000,0.8425,-0.1938,-0.1912,-17.0763,178.6641,33.3664
492.0000,0.8325,-0.1951,-0.1550,-15.0458,192.8321,36.7557
473.0000,0.7949,-0.1978,-0.1287,-14.6412,199.1908,40.0611
494.0000,0.7795,-0.1685,-0.0979,-9.3893,201.0611,42.3359
466.0000,0.7883,-0.1694,-0.0479,-3.7328,206.1145,43.3359
486.0000,0.7529,-0.2002,0.0166,-4.7863,206.3511,44.5649
492.0000,0.7466,-0.2031,0.0710,-5.8397,212.3817,45.1603
473.0000,0.7288,-0.2261,0.1450,-4.7710,217.5878,46.6412
504.0000,0.7009,-0.2388,0.2031,-0.7634,220.7099,48.5954
470.0000,0.6772,-0.2764,0.2444,-3.5802,226.2137,51.2366
493.0000,0.6497,-0.2759,0.3096,4.2901,228.0992,52.9237
471.0000,0.6328,-0.3059,0.3401,16.8473,229.0382,54.1527
482.0000,0.5916,-0.3108,0.3750,26.4962,224.0382,56.4580
479.0000,0.5820,-0.2817,0.3816,32.3435,222.0534,57.7863
463.0000,0.5947,-0.2754,0.3955,37.4046,222.4046,57.5267
482.0000,0.5593,-0.2571,0.4316,33.7863,220.0305,57.4885
483.0000,0.5281,-0.2305,0.4507,26.2290,217.7863,55.7557
489.0000,0.5083,-0.2136,0.4587,19.8855,214.2901,54.0763
469.0000,0.5046,-0.2302,0.4543,9.2901,213.0611,52.7405
486.0000,0.4348,-0.2434,0.5271,0.3130,208.2137,51.6565
474.0000,0.4136,-0.2683,0.5847,-12.6641,203.1145,48.6031
479.0000,0.3906,-0.3159,0.6309,-17.1374,204.6565,50.7634
473.0000,0.3655,-0.3401,0.6223,-8.3206,197.5420,51.4122
506.0000,0.3394,-0.3342,0.6301,-6.3511,192.9160,53.4122
481.0000,0.3472,-0.3345,0.6890,-4.6031,190.3588,52.2672
486.0000,0.3064,-0.3462,0.7927,-7.4198,188.8855,51.0458
494.0000,0.2998,-0.3655,0.7451,-2.3664,184.9313,51.5420
457.0000,0.3240,-0.3411,0.6892,-4.7328,187.9542,54.5420
493.0000,0.2317,-0.4028,0.7634,-3.5802,186.0458,53.6870
491.0000,0.1614,-0.4414,0.8855,-0.5267,179.0840,52.9237
483.0000,0.1853,-0.4458,0.9558,4.8168,175.9542,52.1603
474.0000,0.2068,-0.4128,0.9817,17.4275,176.3206,52.7863
499.0000,0.1841,-0.4094,0.8901,20.8626,175.5878,54.2214
486.0000,0.1531,-0.3901,0.8713,26.8244,169.4504,53.0534
490.0000,0.1665,-0.3669,0.8037,25.7786,165.9313,52.4122
488.0000,0.2014,-0.3418,0.7544,21.1069,165.8473,49.8321
484.0000,0.1819,-0.3450,0.7542,16.6336,164.5420,47.4809
484.0000,0.1389,-0.3462,0.7998,5.6412,160.1145,44.2290
485.0000,0.1396,-0.3674,0.8401,3.5725,157.6260,43.3817
478.0000,0.1606,-0.4556,0.9163,-5.2977,162.7176,43.9847
485.0000,0.0701,-0.4768,1.0276,3.1221,161.8397,43.1221
485.0000,0.0112,-0.5496,1.1135,15.6641,158.3893,44.7634
481.0000,-0.0154,-0.5178,1.1770,24.0687,151.9084,46.4275
492.0000,-0.0195,-0.5002,1.1660,38.5954,151.1603,47.2519
492.0000,-0.0415,-0.4746,1.1184,48.0611,147.2443,47.7557
484.0000,-0.0496,-0.4338,1.0193,52.4351,141.3893,47.5878
479.0000,-0.0500,-0.3743,0.9744,46.7099,141.5420,45.1069
490.0000,-0.0918,-0.3418,0.9175,34.9466,134.5191,41.0458
473.0000,-0.0833,-0.3088,0.9153,23.8855,124.9542,34.8244
474.0000,-0.0701,-0.3137,0.9407,11.8397,120.8092,27.8397
515.0000,-0.0996,-0.3420,0.9612,2.7710,114.9389,24.7023
451.0000,-0.0999,-0.3833,1.0364,-7.4198,110.4886,23.7099
514.0000,-0.1086,-0.4302,1.1165,-12.9237,108.2672,22.3893
487.0000,-0.1316,-0.4587,1.1851,-11.0382,106.5115,21.7786
483.0000,-0.1455,-0.4758,1.2366,1.4046,102.6183,23.2366
478.0000,-0.1401,-0.4792,1.2180,17.7328,100.7634,26.2824
488.0000,-0.1431,-0.4634,1.2168,38.3817,101.6336,28.2672
481.0000,-0.1555,-0.4526,1.2107,57.4962,98.9313,28.2901
481.0000,-0.1821,-0.4453,1.1648,68.4046,91.2824,28.9237
491.0000,-0.1064,-0.4316,1.1187,75.2519,96.6336,29.1069
481.0000,-0.1082,-0.3787,1.0466,78.3588,98.1374,28.8550
484.0000,-0.1533,-0.3655,0.9453,73.7939,88.6641,28.8015
489.0000,-0.1040,-0.3408,0.9373,72.0382,93.8397,26.8702
485.0000,-0.1328,-0.3130,0.8745,63.6336,90.9695,26.1756
479.0000,-0.1553,-0.3142,0.9014,55.3206,86.4886,24.0534
480.0000,-0.1750,-0.3054,0.8860,47.9389,82.1756,23.0763
490.0000,-0.1938,-0.2715,0.8606,41.5344,79.0687,23.0153
490.0000,-0.2083,-0.2537,0.8718,33.2824,75.2061,21.8550
494.0000,-0.2253,-0.2588,0.9229,25.8015,68.2061,19.0611
475.0000,-0.2219,-0.2515,0.9731,20.9847,63.8321,17.1374
480.0000,-0.2278,-0.2610,0.9946,18.8702,60.2672,15.9924
498.0000,-0.2263,-0.2688,1.0500,18.4962,59.1069,14.7252
489.0000,-0.2478,-0.2917,1.0830,18.8244,56.3740,13.6107
480.0000,-0.2566,-0.3149,1.1047,19.2137,54.4427,14.3130
491.0000,-0.2576,-0.3315,1.0896,20.4122,54.3282,14.9771
490.0000,-0.2849,-0.3386,1.0635,16.0229,52.3969,14.2748
466.0000,-0.3569,-0.3040,1.0693,3.4733,41.3969,10.5420
524.0000,-0.6638,-0.3152,0.7727,-23.8321,-22.7023,6.9466
480.0000,-0.2920,-0.3340,1.2744,-41.1679,0.9542,-2.8626
477.0000,-0.3279,-0.3735,1.2791,-45.4427,-21.6489,-8.5496
498.0000,-0.1804,-0.4067,1.3196,-38.4046,-21.9084,-10.3206
478.0000,-0.1709,-0.4329,1.2490,-24.4351,-24.7405,-9.9008
498.0000,-0.1514,-0.4290,1.1348,-12.1756,-27.0000,-7.3053
486.0000,-0.1279,-0.4065,1.0588,-3.8244,-25.6489,-3.7863
466.0000,-0.0752,-0.3704,0.9919,-0.2672,-17.8550,-0.6260
528.0000,-0.0767,-0.3362,0.9241,2.2443,-10.1374,1.6412
481.0000,-0.0793,-0.3047,0.8726,4.7634,-8.0458,3.0153
486.0000,-0.0764,-0.2803,0.8469,11.6336,-9.4275,3.4504
499.0000,-0.0881,-0.2590,0.7925,19.2137,-10.3588,3.0076
493.0000,-0.1028,-0.2539,0.7520,24.3893,-11.3817,2.5191
495.0000,-0.1272,-0.2437,0.7407,23.7099,-15.0763,1.6794
491.0000,-0.1465,-0.2000,0.7729,15.5115,-18.7099,0.8244
469.0000,-0.1533,-0.1689,0.7781,4.8397,-20.7023,-1.8702
519.0000,-0.1797,-0.1494,0.8279,-7.9237,-23.0916,-5.4885
489.0000,-0.2168,-0.1462,0.9075,-22.9771,-28.6641,-8.6947
494.0000,-0.2434,-0.1716,0.9858,-36.1679,-33.4427,-11.9389
475.0000,-0.2505,-0.2080,1.0496,-45.2977,-34.9237,-13.4351
506.0000,-0.2688,-0.2507,1.0857,-52.7176,-35.7405,-13.6565
511.0000,-0.2766,-0.2883,1.0947,-55.8550,-38.7023,-13.9008
496.0000,-0.2766,-0.3315,1.1011,-53.9313,-43.6031,-14.0382
490.0000,-0.2903,-0.3467,1.0613,-49.9847,-49.2595,-13.6947
485.0000,-0.3020,-0.3540,1.0125,-47.2519,-56.2824,-13.9618
488.0000,-0.2910,-0.3254,0.9756,-47.5573,-63.7405,-14.7328
506.0000,-0.2759,-0.3066,0.9841,-52.4504,-71.4657,-16.4275
472.0000,-0.2585,-0.3188,1.0039,-60.5573,-78.3359,-18.2748
541.0000,-0.2422,-0.3333,1.0293,-66.8092,-84.0611,-19.7099
470.0000,-0.2126,-0.3669,1.0850,-70.2137,-88.9542,-20.3511
466.0000,-0.1970,-0.4016,1.1211,-69.9542,-94.0000,-20.5344
567.0000,-0.1904,-0.4387,1.1545,-66.9008,-98.8626,-20.8931
464.0000,-0.1880,-0.4419,1.2097,-61.4580,-103.8321,-21.2748
479.0000,-0.2024,-0.4719,1.2444,-55.1298,-108.5954,-22.9237
499.0000,-0.1948,-0.4626,1.2375,-48.1908,-112.5420,-24.2748
500.0000,-0.1914,-0.4387,1.1804,-45.0000,-115.5344,-25.2061
471.0000,-0.1760,-0.4380,1.1790,-44.2137,-117.6412,-28.4962
535.0000,-0.2039,-0.4739,1.1172,-54.2595,-120.3817,-31.1069
493.0000,-0.1733,-0.4568,1.1272,-48.3817,-126.2443,-34.5344
481.0000,-0.1616,-0.4917,1.0940,-50.2824,-138.9466,-36.7023
484.0000,-0.1169,-0.4885,1.1262,-54.2137,-140.8855,-39.5725
512.0000,-0.1223,-0.5447,1.1077,-63.4962,-146.0916,-40.3664
472.0000,-0.1074,-0.5281,1.2102,-62.5038,-150.1221,-42.6412
475.0000,-0.1106,-0.5415,1.2329,-53.5344,-154.7786,-44.2901
558.0000,-0.1257,-0.4702,1.2390,-37.6183,-163.8550,-45.6260
468.0000,-0.1787,-0.4668,1.1316,-38.0763,-176.8321,-47.6260
494.0000,-0.0356,-0.4551,1.1470,-29.4656,-175.3130,-51.9008
468.0000,-0.0427,-0.5171,1.0879,-22.4198,-177.7557,-54.7481
509.0000,-0.0508,-0.4998,1.0347,-32.3664,-184.2443,-54.4809
483.0000,0.0256,-0.4661,0.9709,-32.2977,-187.4198,-55.8015
541.0000,0.0610,-0.4678,0.9026,-29.0763,-189.4504,-57.6870
494.0000,0.0610,-0.4780,0.9263,-33.7176,-192.8321,-60.5573
477.0000,0.0491,-0.5239,0.9832,-30.4809,-200.9313,-64.1603
447.0000,0.0742,-0.4836,0.9636,-20.9389,-207.9160,-64.7481
604.0000,0.1360,-0.4529,0.8960,-17.9542,-208.4656,-62.6718
457.0000,0.1331,-0.4265,0.8413,-27.5496,-210.0687,-61.9542
458.0000,0.1824,-0.3843,0.8611,-24.2672,-213.3969,-65.4275
533.0000,0.2102,-0.3909,0.7600,-28.3893,-219.8931,-66.5496
475.0000,0.2183,-0.3721,0.7190,-31.9466,-224.4580,-68.6031
555.0000,0.2278,-0.3765,0.7419,-36.9542,-228.5649,-71.0458
435.0000,0.2964,-0.3818,0.6963,-50.2137,-220.9695,-73.3664
566.0000,0.3062,-0.4009,0.6501,-45.3435,-223.9008,-74.8931
439.0000,0.3521,-0.4556,0.6572,-58.3511,-216.9542,-74.0305
514.0000,0.3020,-0.4512,0.7297,-47.1450,-221.1221,-74.9160
491.0000,0.3521,-0.4622,0.7056,-27.9771,-218.5725,-75.7023
452.0000,0.3049,-0.4631,0.6331,-21.5878,-223.9542,-73.8855
514.0000,0.3120,-0.4387,0.6113,-7.0000,-227.6336,-74.1298
500.0000,0.3325,-0.4111,0.5759,1.8931,-232.6107,-74.1756
512.0000,0.3567,-0.3757,0.5684,4.2366,-238.9771,-74.6489
475.0000,0.3730,-0.3625,0.5266,-0.7939,-243.0534,-75.7863
497.0000,0.4358,-0.3235,0.4382,-12.0076,-243.1069,-77.4657
488.0000,0.3992,-0.3420,0.5181,-22.3969,-244.3130,-79.5802
486.0000,0.4270,-0.3364,0.4460,-36.8779,-244.9771,-83.6870
513.0000,0.4763,-0.2778,0.2888,-35.9389,-250.1374,-83.1527
489.0000,0.4668,-0.2605,0.2297,-38.0916,-250.1374,-83.3511
439.0000,0.5391,-0.2498,0.0979,-47.3130,-250.1374,-85.7023
508.0000,0.5876,-0.2561,0.0264,-43.9542,-250.1374,-85.5038
506.0000,0.6282,-0.2520,-0.0198,-30.4580,-250.1374,-84.6947
499.0000,0.6785,-0.1931,-0.0967,-21.4504,-250.1374,-82.5420
492.0000,0.7412,-0.1570,-0.2273,-4.5878,-248.6183,-79.4198
505.0000,0.7319,-0.1204,-0.3638,20.6260,-243.9695,-74.6031
505.0000,0.7876,-0.0933,-0.4497,42.0305,-236.7710,-68.6336
470.0000,0.8533,-0.0649,-0.5962,63.7939,-226.2824,-63.0382
508.0000,0.8596,-0.0032,-0.6987,78.4962,-213.8473,-56.7405
474.0000,0.8616,0.0444,-0.8088,83.0992,-197.5878,-51.4046
475.0000,0.8899,0.0713,-0.8640,84.3740,-178.9237,-45.1756
477.0000,0.8835,0.0542,-0.9048,77.8855,-159.1832,-38.9008
503.0000,0.8894,-0.0068,-0.9709,64.1756,-131.0000,-28.1908
509.0000,0.9221,0.0581,-0.9905,10.4962,-81.4504,-21.4122
480.0000,0.9827,0.1782,-0.8437,-12.0305,-21.9847,-16.4351
504.0000,0.9326,0.0767,-0.7559,-4.9542,11.2137,-9.0611
504.0000,0.8635,0.0054,-0.7131,22.0534,17.8397,-1.3740
494.0000,0.8665,-0.0381,-0.6729,41.1985,30.7939,6.8168
487.0000,0.8975,0.0107,-0.6248,28.9466,51.9618,12.0382
511.0000,0.9258,0.0679,-0.4976,13.9466,76.6641,14.3664
556.0000,0.9006,-0.0161,-0.4385,6.0000,97.1221,18.6031
543.0000,0.9097,-0.1157,-0.3638,-13.9160,134.1374,24.2366
543.0000,0.9116,-0.0881,-0.2795,-44.3588,173.1145,26.7786
532.0000,0.8511,-0.0916,-0.2065,-40.9008,186.7557,30.6031
529.0000,0.7747,-0.1763,-0.1860,-35.2137,184.2137,36.2595
567.0000,0.8289,-0.1750,-0.1448,-19.8473,190.1908,40.0534
499.0000,0.8105,-0.2292,-0.1133,1.7786,196.5038,42.4198
464.0000,0.8115,-0.2275,-0.0083,6.6718,207.3511,45.5573
464.0000,0.8074,-0.1733,-0.0596,2.0611,216.0763,46.8473
457.0000,0.8223,-0.1672,-0.0522,-5.1221,228.6488,47.5420
464.0000,0.7310,-0.1660,0.0190,-21.2137,230.7176,47.9160
460.0000,0.7246,-0.1672,0.1152,-39.2748,232.2672,46.1832
521.0000,0.7214,-0.1709,0.1846,-37.0000,231.9542,44.0458
477.0000,0.6956,-0.2288,0.2051,-33.5115,227.2519,44.7634
484.0000,0.6526,-0.2671,0.2659,-24.9771,218.3282,46.8321
484.0000,0.6472,-0.2788,0.2888,-13.1298,212.2748,48.5038
482.0000,0.6545,-0.2856,0.2947,-5.0382,207.6794,50.7863
515.0000,0.6772,-0.3015,0.3191,-8.0076,214.3282,51.7634
480.0000,0.6125,-0.2878,0.4226,-6.0763,218.5649,52.3893
486.0000,0.6216,-0.2949,0.4419,-10.4198,228.8550,53.6107
512.0000,0.6260,-0.2505,0.3967,-3.1069,236.2214,55.4885
478.0000,0.5393,-0.2859,0.4092,-1.0153,237.4198,57.2824
484.0000,0.4707,-0.2925,0.4536,-3.4351,233.5954,55.7863
510.0000,0.4429,-0.2869,0.5171,2.8015,226.0687,53.9847
474.0000,0.4329,-0.3369,0.5459,-0.4046,222.3053,53.1298
498.0000,0.3855,-0.3333,0.6665,-2.2672,220.0840,51.9771
496.0000,0.3467,-0.3760,0.6660,0.0000,215.0687,50.5038
479.0000,0.3440,-0.3193,0.6201,-7.5038,210.4656,51.5420
478.0000,0.3364,-0.3181,0.6140,-9.6489,207.1527,51.9313
491.0000,0.2954,-0.3521,0.6021,-12.1603,201.9237,52.9084
476.0000,0.2869,-0.3489,0.6606,-15.7634,199.4886,53.0992
486.0000,0.3186,-0.3665,0.6833,-20.0305,203.3511,54.7252
491.0000,0.2751,-0.3953,0.7061,-13.5802,202.2672,56.8702
481.0000,0.2246,-0.4285,0.7620,-6.1679,200.9542,59.2901
495.0000,0.1841,-0.4341,0.8413,6.7863,195.6336,59.3206
490.0000,0.1492,-0.4517,0.9080,22.6183,186.3817,56.9924
484.0000,0.0935,-0.4502,0.9463,31.1679,181.1832,57.6336
492.0000,0.0735,-0.4453,0.9792,48.9389,175.7176,56.9466
489.0000,0.0781,-0.3818,0.9226,48.0611,169.0458,56.0153
478.0000,0.1104,-0.2908,0.8906,46.7786,166.2214,53.1450
511.0000,0.1213,-0.3027,0.8550,32.4046,168.0916,51.4275
493.0000,0.0977,-0.3181,0.8650,18.4809,163.7252,48.6870
495.0000,0.1167,-0.3311,0.8762,4.1756,163.2824,46.6870
489.0000,0.1018,-0.3884,0.9480,-1.0763,162.5343,46.1069
489.0000,0.0950,-0.5049,1.1106,-14.0763,166.7710,46.5725
488.0000,0.0530,-0.5591,1.0850,-8.1069,161.8092,48.1450
501.0000,0.0249,-0.5479,1.0146,18.0153,153.7099,53.3740
484.0000,0.0266,-0.4668,1.0059,32.7099,152.5725,56.6794
490.0000,-0.0610,-0.4097,0.9631,37.7023,142.3664,55.1832
492.0000,-0.0549,-0.3906,0.9907,46.9771,129.3511,49.8855
491.0000,-0.0239,-0.3669,0.9856,48.8244,126.8244,45.2672
486.0000,-0.0352,-0.3774,0.9463,37.4504,125.4122,43.6565
492.0000,-0.0327,-0.3506,0.9336,22.0458,122.6565,42.2824
475.0000,-0.0110,-0.3491,0.9412,10.9237,122.8779,38.9618
511.0000,-0.0156,-0.3716,0.9526,6.2824,121.8473,35.2137
491.0000,-0.0742,-0.4619,1.0386,-1.6412,116.3283,32.1908
485.0000,-0.0898,-0.5000,1.1614,-1.3130,112.3435,29.3359
486.0000,-0.1125,-0.5615,1.2573,14.8931,111.7328,27.4580
493.0000,-0.1370,-0.5925,1.2690,30.9924,113.9084,29.6031
490.0000,-0.1794,-0.5864,1.2485,53.0153,109.1298,32.8626
487.0000,-0.1531,-0.5640,1.2419,77.9618,113.8092,35.3130
488.0000,-0.1853,-0.5059,1.1172,96.6412,106.5267,37.6412
493.0000,-0.1101,-0.4392,1.0564,107.1832,113.4122,38.4122
489.0000,-0.1135,-0.3892,0.9578,109.6412,110.7634,36.9237
494.0000,-0.0774,-0.3311,0.8923,105.1832,108.5038,34.5420
493.0000,-0.0693,-0.2649,0.8196,96.9084,104.6489,31.6794
489.0000,-0.0737,-0.2217,0.7825,82.8550,105.0763,28.7405
476.0000,-0.0869,-0.2075,0.7629,64.4580,102.5725,25.4427
499.0000,-0.1191,-0.1973,0.7690,44.1832,96.5878,21.7939
514.0000,-0.1252,-0.2021,0.8149,27.2366,91.5344,19.4122
490.0000,-0.3608,-0.2163,0.9573,7.5115,55.3511,19.7023
475.0000,-0.1777,-0.3403,1.1504,7.8244,87.8092,14.9618
472.0000,-0.3069,-0.3455,1.1841,13.5191,82.7099,16.4962
509.0000,-0.2729,-0.3931,1.2605,28.7634,87.3359,19.3817
486.0000,-0.3386,-0.4148,1.2703,44.8550,88.9771,22.0916
478.0000,-0.4255,-0.4956,1.2539,52.6183,84.3511,20.5725
476.0000,-0.6362,-0.4636,1.2891,33.2443,59.1908,18.2595
505.0000,-0.6648,-0.3362,1.4165,4.4656,21.6107,9.7176
513.0000,-0.5630,-0.2715,1.4839,-21.6794,-24.6794,-3.6336
475.0000,-0.3474,-0.3098,1.5671,-26.5420,-43.8626,-17.6107
491.0000,-0.2690,-0.4063,1.5347,-12.9313,-45.0153,-22.6489
505.0000,-0.2507,-0.4312,1.3596,-3.3435,-41.2443,-18.2672
432.0000,-0.2332,-0.3799,1.2170,0.8473,-35.9847,-11.4809
592.0000,-0.1729,-0.3088,1.1042,-2.6107,-25.0076,-6.7634
462.0000,-0.1072,-0.2639,1.0217,-2.6718,-13.0763,-4.4580
480.0000,-0.0957,-0.2302,0.9270,3.1603,-9.2061,-3.2901
488.0000,-0.1082,-0.2236,0.8567,10.7023,-13.8092,-2.3282
476.0000,-0.0928,-0.2405,0.8054,23.8779,-18.2137,-1.0763
516.0000,-0.1018,-0.2241,0.7947,34.2214,-21.4656,-0.4198
489.0000,-0.1313,-0.2187,0.8115,36.0305,-24.8397,-0.4351
466.0000,-0.1599,-0.2222,0.8418,31.6794,-28.1069,0.4122
463.0000,-0.1653,-0.1777,0.8486,25.3359,-29.1298,1.6183
512.0000,-0.1895,-0.1096,0.8721,15.3588,-30.9771,1.0916
508.0000,-0.2200,-0.0610,0.9014,2.7634,-36.5954,-1.8015
463.0000,-0.2307,-0.0586,0.9407,-12.3817,-42.6412,-5.5191
506.0000,-0.2329,-0.0715,0.9680,-26.5191,-45.4427,-7.8779
485.0000,-0.2437,-0.1238,1.0059,-41.2672,-45.4427,-9.7328
490.0000,-0.2578,-0.1936,1.0698,-52.8092,-48.3817,-11.1450
480.0000,-0.2483,-0.2495,1.1345,-54.2824,-51.3130,-12.4351
472.0000,-0.2507,-0.2971,1.1174,-46.9008,-53.0687,-12.8626
502.0000,-0.2661,-0.3142,1.0654,-36.2290,-57.8550,-12.7405
488.0000,-0.2813,-0.3267,1.0405,-28.3053,-65.7328,-13.1298
474.0000,-0.2754,-0.3374,1.0479,-24.1298,-71.8321,-14.1908
507.0000,-0.2632,-0.3384,1.0464,-22.9695,-75.1985,-14.5344
483.0000,-0.2637,-0.3157,1.0293,-25.2137,-79.1450,-14.0000
485.0000,-0.2605,-0.3000,1.0293,-28.4046,-85.2672,-14.4504
489.0000,-0.2476,-0.2710,1.0322,-30.8321,-92.8473,-16.6489
480.0000,-0.2476,-0.2505,1.0237,-35.2061,-101.2595,-19.1298
491.0000,-0.2126,-0.2302,1.0237,-43.3817,-109.8397,-22.0916
550.0000,-0.1921,-0.2400,1.0361,-53.2901,-115.6260,-25.3282
466.0000,-0.1819,-0.2939,1.0903,-63.9924,-121.0458,-28.1679
493.0000,-0.1760,-0.3328,1.1265,-72.7481,-123.9160,-30.2977
455.0000,-0.1555,-0.3838,1.0911,-71.0840,-127.6336,-31.3893
519.0000,-0.1462,-0.4075,1.0796,-67.2366,-132.4733,-32.0687
481.0000,-0.1472,-0.4316,1.0859,-62.9771,-140.7557,-33.2137
453.0000,-0.1311,-0.4487,1.1016,-61.2672,-147.7710,-34.9542
484.0000,-0.0974,-0.4646,1.0598,-56.1145,-150.6031,-34.5267
560.0000,-0.0796,-0.4551,1.0625,-50.1527,-151.4733,-35.2595
446.0000,-0.0935,-0.4836,1.0864,-47.6183,-156.9389,-36.0916
463.0000,-0.0325,-0.4448,1.0977,-41.2824,-153.2137,-36.5496
525.0000,-0.0193,-0.4475,1.0681,-29.6870,-153.2061,-35.1450
469.0000,-0.0710,-0.4744,1.0225,-25.3206,-175.4733,-35.8321
488.0000,0.0391,-0.4182,1.1396,-15.7557,-171.4886,-39.8779
464.0000,-0.0259,-0.3950,1.0967,-16.6412,-181.7252,-40.4809
508.0000,0.0466,-0.3196,1.0789,-31.8473,-181.6641,-41.3359
489.0000,0.0325,-0.3572,1.0422,-30.4656,-187.3435,-45.1908
480.0000,0.3264,-0.3552,1.2275,-35.1069,-164.5343,-51.0763
453.0000,0.0742,-0.4529,0.9375,-29.0382,-197.6870,-52.0840
598.0000,0.1875,-0.4548,0.9480,-30.7176,-194.5267,-53.3817
469.0000,0.0996,-0.4509,0.9546,-32.0992,-203.3359,-55.2366
446.0000,0.1614,-0.3955,0.8889,-34.5420,-207.1450,-55.8855
546.0000,0.1992,-0.3855,0.8286,-31.0916,-209.3588,-55.7405
474.0000,0.2249,-0.3645,0.8687,-36.3893,-208.4733,-57.5649
459.0000,0.2793,-0.3181,0.7932,-36.1374,-211.3206,-60.2290
503.0000,0.2952,-0.3254,0.7134,-39.6794,-216.4504,-60.7786
495.0000,0.3237,-0.3000,0.8306,-47.1603,-217.0534,-63.2061
443.0000,0.3013,-0.3062,0.8054,-50.3893,-219.9389,-67.1679
532.0000,0.3474,-0.3267,0.7090,-57.2290,-219.0305,-69.9389
521.0000,0.3157,-0.4270,0.7190,-67.6031,-220.5191,-69.7405
487.0000,0.3499,-0.3975,0.8098,-66.0916,-215.0916,-71.9618
521.0000,0.3328,-0.4331,0.6821,-50.4504,-222.8855,-70.4428
496.0000,0.4038,-0.3650,0.6956,-49.3130,-216.1679,-69.3588
465.0000,0.3999,-0.3457,0.6738,-27.0458,-218.9847,-70.8855
457.0000,0.4016,-0.3506,0.5447,-23.0611,-227.2824,-70.9618
528.0000,0.4009,-0.2920,0.5164,-24.2290,-236.6717,-70.9008
456.0000,0.4470,-0.2512,0.4810,-25.9389,-239.9542,-73.3970
497.0000,0.4473,-0.2847,0.4163,-41.1221,-236.9389,-75.6870
465.0000,0.4790,-0.1929,0.3909,-47.6947,-239.7023,-77.6260
470.0000,0.5410,-0.1870,0.3193,-50.1145,-243.4351,-77.6565
507.0000,0.6030,-0.1716,0.2412,-43.0992,-243.3130,-76.6031
543.0000,0.6045,-0.1499,0.2224,-31.5878,-248.8855,-75.3206
473.0000,0.6755,-0.1946,0.1479,-30.1832,-245.8626,-74.1145
599.0000,0.6704,-0.2007,0.0269,-12.9237,-250.1374,-71.3206
659.0000,0.7471,-0.1763,-0.0537,-5.5573,-243.1985,-67.3283
575.0000,0.7258,-0.1887,-0.0203,5.1221,-236.4733,-65.0840
548.0000,0.7605,-0.1072,-0.0952,24.0840,-232.5191,-60.9008
556.0000,0.8201,-0.1042,-0.2212,41.4885,-226.6947,-55.0229
560.0000,0.8706,-0.0903,-0.3862,48.3740,-209.4275,-47.8931
521.0000,0.8999,-0.0662,-0.4905,63.0153,-190.6183,-42.2595
500.0000,0.8640,-0.0332,-0.5754,70.3053,-178.1527,-36.3893
480.0000,0.9155,-0.0063,-0.6521,61.7328,-158.9466,-31.8473
568.0000,0.8982,0.0591,-0.6589,65.6718,-141.5802,-27.9771
555.0000,0.9109,0.0186,-0.7073,61.6641,-119.3893,-22.7252
542.0000,0.9243,0.0400,-0.6868,51.9008,-94.8321,-17.3588
539.0000,0.9507,0.0325,-0.7046,39.9924,-67.0229,-11.4427
542.0000,0.9653,0.0574,-0.6953,18.9084,-31.9695,-5.4351
504.0000,0.9724,0.0576,-0.6626,-12.5038,0.9008,-4.1908
585.0000,0.9099,0.0027,-0.5508,-6.3511,19.8550,-0.1527
517.0000,0.9016,-0.0669,-0.5261,-5.9847,37.0992,5.6794
516.0000,0.8538,-0.0913,-0.4705,-3.0611,43.7939,11.4504
527.0000,0.9102,-0.1057,-0.4253,0.3511,65.0076,16.8015
528.0000,0.9397,-0.0735,-0.3896,-4.5573,95.0382,20.0000
541.0000,0.8862,-0.0659,-0.3247,-12.1679,115.2214,21.0840
524.0000,0.8540,-0.1160,-0.2358,-14.5496,128.0000,22.4809
536.0000,0.8037,-0.1980,-0.1621,-8.8473,131.2366,26.0000
512.0000,0.8384,-0.2041,-0.1072,-4.8244,143.4504,29.6183
557.0000,0.8604,-0.2090,-0.0591,-2.0763,159.1603,31.7634
529.0000,0.8574,-0.2119,-0.0166,-1.8321,173.9008,33.9771
510.0000,0.8440,-0.2034,-0.0073,-0.9924,184.8321,35.8473
508.0000,0.8240,-0.2026,0.0022,-3.0229,193.7405,38.3130
487.0000,0.8079,-0.2043,-0.0266,-11.9695,198.9695,40.7557
496.0000,0.7869,-0.1509,-0.0059,-13.0153,203.1374,42.3511
477.0000,0.7559,-0.1460,0.0237,-14.5344,204.9771,42.6107
315.0000,0.7205,-0.1624,0.0452,-19.1527,202.0305,42.8931
360.0000,0.7087,-0.1711,0.1157,-18.9160,202.9847,43.1298
375.0000,0.7114,-0.1880,0.1687,-17.2366,206.0840,44.1374
445.0000,0.6626,-0.2019,0.2139,-15.2366,202.3511,45.4733
412.0000,0.6567,-0.2454,0.3147,-17.2366,207.1374,47.0458
429.0000,0.6394,-0.3076,0.4666,-14.6031,211.7939,47.1145
420.0000,0.6523,-0.3049,0.5527,-21.2748,221.6565,49.6260
432.0000,0.6770,-0.2729,0.5173,-14.0153,232.2290,51.7863
439.0000,0.6138,-0.2649,0.4993,-5.0840,233.5038,54.7328
454.0000,0.5481,-0.2576,0.4661,-1.5573,228.7557,55.9466
446.0000,0.5342,-0.2466,0.4294,-1.6641,220.5343,56.1908
457.0000,0.4871,-0.2681,0.4595,0.0153,210.9771,54.7557
458.0000,0.4475,-0.2761,0.4785,-1.1908,200.7176,53.6947
452.0000,0.4565,-0.2615,0.4602,5.1145,196.5420,53.2366
473.0000,0.3997,-0.2922,0.4749,-4.5878,190.9695,53.2977
480.0000,0.3435,-0.3042,0.5876,-14.1374,185.8855,51.9847
461.0000,0.3579,-0.3215,0.6733,-8.5420,183.1527,50.1374
480.0000,0.3213,-0.3813,0.7690,-12.9847,183.1832,49.1679
473.0000,0.2859,-0.4043,0.9009,-10.1145,181.1603,50.1221
472.0000,0.3667,-0.3972,0.9009,-4.0305,186.5496,51.8626
489.0000,0.3176,-0.3694,0.8713,5.4275,185.8626,54.1527
493.0000,0.3137,-0.3279,0.8247,3.9542,184.9695,56.3435
477.0000,0.2725,-0.3311,0.7742,4.9618,179.7252,56.2519
492.0000,0.2739,-0.3323,0.7139,3.5649,179.2061,55.4427
483.0000,0.2583,-0.2976,0.6904,-7.7786,176.1527,54.0992
472.0000,0.2427,-0.2637,0.7063,-19.2748,172.7939,50.4427
506.0000,0.2202,-0.3174,0.6509,-25.9695,170.1374,49.0229
477.0000,0.1646,-0.3345,0.6956,-32.8092,163.5496,47.9008
479.0000,0.1140,-0.4475,0.8306,-41.7099,156.3359,47.1985
490.0000,0.0879,-0.4497,0.9841,-50.1756,154.8015,46.2595
488.0000,0.1025,-0.5164,1.0601,-34.2214,155.5802,47.0916
488.0000,0.0825,-0.5200,1.0161,-24.8168,156.0687,51.1145
491.0000,0.0466,-0.4641,0.9993,-1.6947,148.9389,54.7710
485.0000,0.0947,-0.4678,0.9143,20.3588,146.8855,56.5267
488.0000,0.0667,-0.4670,0.8591,30.0611,141.6870,57.4885
496.0000,0.0955,-0.4585,0.8489,26.5191,141.1832,57.3435
477.0000,0.1228,-0.4114,0.7769,23.4656,143.4656,54.7634
490.0000,0.0720,-0.4302,0.8193,13.7557,141.1145,51.5649
496.0000,0.0159,-0.4333,0.8982,2.3206,134.7557,48.6794
489.0000,0.0020,-0.3994,0.9023,3.9924,129.0763,46.9313
492.0000,0.0176,-0.3777,0.9275,0.1985,131.2824,46.0229
494.0000,-0.0266,-0.4543,1.0061,-0.7863,128.3435,43.2824
498.0000,-0.0803,-0.4878,1.0754,-8.7863,121.8550,40.8321
490.0000,-0.0869,-0.5413,1.1404,-4.6794,116.6183,39.0000
500.0000,-0.1160,-0.5701,1.1724,0.8550,114.9160,39.5267
498.0000,-0.1011,-0.5901,1.1804,8.6641,116.4504,40.3206
490.0000,-0.1084,-0.6047,1.1731,22.4656,122.1756,40.1679
498.0000,-0.1362,-0.5940,1.1223,37.5191,114.2748,40.9771
500.0000,-0.0945,-0.5698,1.0559,54.8702,112.8168,41.8473
487.0000,-0.0933,-0.5129,0.9763,70.3283,109.8550,40.5573
501.0000,-0.0786,-0.4656,0.9016,71.7634,105.7328,39.4427
501.0000,-0.0513,-0.4128,0.8557,65.1985,104.9695,37.5344
486.0000,-0.0315,-0.3682,0.8254,59.7710,102.8244,35.8550
500.0000,-0.0388,-0.3748,0.8528,54.0305,101.8779,33.8931
496.0000,-0.0696,-0.3997,0.9509,43.4427,99.3130,32.1679
479.0000,-0.1040,-0.4063,0.9683,38.7099,94.6718,31.1450
546.0000,-0.1106,-0.4272,0.9858,38.8015,94.5573,30.9008
495.0000,-0.1506,-0.4468,1.0381,38.1221,91.5191,30.0382
488.0000,-0.1985,-0.4446,1.0957,37.8855,86.2137,27.7786
496.0000,-0.2012,-0.4507,1.1438,44.3740,82.7328,26.0534
493.0000,-0.2046,-0.4573,1.1553,46.5115,81.7252,25.3817
485.0000,-0.2424,-0.4575,1.1624,48.1985,79.6947,25.0229
512.0000,-0.2456,-0.4700,1.1543,50.9237,77.3130,25.2901
488.0000,-0.2581,-0.4556,1.1340,48.9466,74.6489,25.5649
481.0000,-0.2554,-0.4297,1.1033,49.9466,72.8321,24.1603
541.0000,-0.2576,-0.4072,1.0588,47.5649,68.1374,21.3664
483.0000,-0.2722,-0.4158,1.0522,43.4275,62.7863,18.0076
512.0000,-0.3271,-0.4946,1.0791,33.8550,55.6031,14.2595
489.0000,-0.4004,-0.4866,1.1348,20.1450,35.4351,10.9847
490.0000,-0.4077,-0.4512,1.2361,16.8015,5.8397,5.1069
503.0000,-0.5200,-0.4163,1.1521,10.9084,-36.2061,0.7252
488.0000,-0.2788,-0.3298,1.3745,21.8626,-24.2824,-6.3206
498.0000,-0.2659,-0.3340,1.2830,26.9695,-32.6641,-8.8931
489.0000,-0.1863,-0.3250,1.2209,21.5649,-27.1679,-7.9924
475.0000,-0.1609,-0.2944,1.1023,10.1985,-20.1756,-5.9771
507.0000,-0.1350,-0.2397,0.9993,-2.9160,-10.2061,-4.8931
473.0000,-0.1067,-0.2131,0.9111,-10.9542,-3.8626,-6.0305
492.0000,-0.1152,-0.2029,0.8398,-12.8168,-6.2672,-7.3664
501.0000,-0.1116,-0.2187,0.8091,-12.0611,-10.7252,-7.9771
461.0000,-0.1018,-0.2273,0.8003,-8.3130,-16.5420,-7.9924
513.0000,-0.0920,-0.2361,0.7759,-4.3893,-20.1298,-7.3435
438.0000,-0.1067,-0.2166,0.7893,-5.6718,-23.4046,-5.9771
521.0000,-0.0967,-0.1790,0.7966,-10.8550,-28.3130,-6.4198
520.0000,-0.0989,-0.1580,0.8315,-18.3740,-33.3893,-7.0305
482.0000,-0.1086,-0.1736,0.8938,-28.8092,-37.6794,-8.1832
455.0000,-0.1257,-0.2056,0.9700,-37.7176,-40.5344,-9.1450
499.0000,-0.1562,-0.2537,1.0420,-41.5878,-43.4046,-8.9542
520.0000,-0.1750,-0.3035,1.1047,-43.9771,-45.8244,-7.5267
483.0000,-0.2097,-0.3459,1.1626,-40.3740,-49.6183,-6.3817
474.0000,-0.2456,-0.3730,1.1882,-31.3282,-55.0611,-5.5115
492.0000,-0.2729,-0.3691,1.1912,-21.7710,-60.9542,-5.4046
476.0000,-0.3020,-0.3455,1.1631,-15.0534,-67.7023,-5.7863
544.0000,-0.3250,-0.3337,1.1362,-16.5954,-75.7252,-7.7405
461.0000,-0.3308,-0.3257,1.1353,-25.0687,-82.9771,-10.6031
509.0000,-0.3203,-0.3174,1.1443,-36.6947,-90.0382,-14.0382
500.0000,-0.3167,-0.3423,1.1599,-49.6183,-97.1145,-17.7939
475.0000,-0.3281,-0.3933,1.1875,-57.6107,-104.8855,-20.8473
481.0000,-0.3315,-0.4341,1.1914,-61.3511,-114.0916,-22.3740
535.0000,-0.3247,-0.4482,1.2017,-63.6107,-121.9618,-23.8779
462.0000,-0.3149,-0.4919,1.1975,-65.5267,-128.1450,-26.1145
479.0000,-0.3076,-0.5078,1.1895,-62.7557,-134.5343,-29.0534
467.0000,-0.3083,-0.5168,1.1580,-56.6718,-142.1908,-29.9237
538.0000,-0.2852,-0.5374,1.1777,-53.4656,-149.3130,-30.9542
491.0000,-0.2588,-0.5144,1.2187,-51.3359,-154.4809,-33.6489
447.0000,-0.2178,-0.5051,1.2705,-40.2977,-154.5802,-37.6489
530.0000,-0.2373,-0.4741,1.2649,-33.6718,-166.4504,-39.5725
460.0000,-0.1748,-0.4866,1.2351,-31.9695,-176.9160,-41.0458
502.0000,-0.1538,-0.5110,1.2161,-22.8321,-176.0916,-45.3053
495.0000,-0.2190,-0.5085,1.1980,-28.3130,-185.7633,-47.2824
491.0000,-0.1804,-0.4790,1.2056,-40.1756,-189.0992,-48.7939
484.0000,-0.1504,-0.4668,1.1072,-34.6565,-192.7481,-51.6412
507.0000,-0.1538,-0.4543,1.0483,-28.4275,-180.2366,-53.8931
477.0000,-0.1792,-0.4375,0.9575,-27.9160,-214.3893,-56.6260
502.0000,0.0024,-0.4521,0.9651,-25.0305,-218.7252,-60.3740
448.0000,-0.0632,-0.4543,1.0300,-36.0992,-231.3359,-65.3435
437.0000,-0.0461,-0.4341,1.0842,-46.0458,-241.6641,-70.8779
591.0000,0.0476,-0.4626,1.0781,-47.0153,-243.5572,-73.9695
470.0000,0.0801,-0.4966,1.1045,-45.8244,-243.1985,-77.1298
473.0000,0.0322,-0.5457,1.0593,-45.4733,-248.7939,-77.3359
425.0000,0.1013,-0.4946,1.0532,-31.3588,-249.0382,-79.8779
525.0000,0.0508,-0.5276,0.8782,-15.1603,-250.1374,-80.6718
494.0000,0.1208,-0.3977,0.8330,-21.8550,-250.1374,-83.6947
501.0000,0.1819,-0.4661,0.7253,-25.1985,-250.1374,-88.0458
478.0000,0.2170,-0.4016,0.6685,-37.1832,-250.1374,-90.2977
477.0000,0.2356,-0.3733,0.6338,-44.7634,-250.1374,-92.5649
504.0000,0.2957,-0.3794,0.6013,-51.5420,-250.1374,-94.9695
480.0000,0.3347,-0.3767,0.4927,-56.2519,-250.1374,-96.8550
465.0000,0.3125,-0.3481,0.5535,-60.5649,-250.1374,-98.6031
496.0000,0.3367,-0.2957,0.4724,-56.6336,-250.1374,-100.2443
481.0000,0.4082,-0.2998,0.3928,-54.3969,-250.1374,-101.4198
500.0000,0.4231,-0.2512,0.3022,-64.2443,-250.1374,-101.7481
523.0000,0.4390,-0.2078,0.2041,-54.0763,-250.1374,-103.3053
500.0000,0.4966,-0.2009,0.1147,-49.7939,-250.1374,-102.8702
475.0000,0.5215,-0.1990,0.0525,-49.8779,-250.1374,-101.4733
506.0000,0.5610,-0.1970,-0.0012,-47.0916,-250.1374,-100.8015
490.0000,0.5813,-0.2187,0.0144,-40.1985,-250.1374,-97.8473
656.0000,0.5854,-0.2380,0.0293,-28.5878,-250.1374,-95.7023
647.0000,0.5969,-0.1663,-0.0725,5.0076,-250.1374,-91.3283
665.0000,0.6323,-0.1804,-0.1948,19.6489,-250.1374,-84.0076
697.0000,0.6528,-0.1348,-0.1584,23.5038,-238.4962,-77.4504
570.0000,0.7546,-0.0347,-0.3752,30.7710,-220.0153,-75.2901
587.0000,0.7471,-0.0574,-0.4775,30.8550,-202.1985,-70.2977
561.0000,0.7322,-0.0088,-0.5925,24.4809,-193.5802,-66.0763
557.0000,0.7805,0.0508,-0.6675,21.0687,-181.3664,-62.8397
596.0000,0.8245,0.0676,-0.7327,18.5344,-169.0534,-57.2290
560.0000,0.8418,0.0515,-0.7622,14.6260,-152.1374,-48.9008
562.0000,0.9658,0.0989,-0.8655,-20.5420,-116.6031,-38.8397
661.0000,0.9993,0.1990,-0.8804,-51.8626,-79.4580,-33.4885
566.0000,0.9624,0.1797,-0.7891,-43.0458,-50.1985,-27.3740
537.0000,0.9011,0.1187,-0.6887,-34.2443,-25.9924,-19.5573
533.0000,0.8752,0.1187,-0.6565,-5.0076,-11.1756,-9.4885
512.0000,0.9097,0.0969,-0.6357,20.6947,11.3969,0.8092
560.0000,0.9272,0.1143,-0.5840,29.2214,35.3969,8.0153
530.0000,0.9077,0.1108,-0.4885,42.8779,49.4809,13.5038
535.0000,0.8904,0.0657,-0.4382,51.3588,59.4351,18.6565
516.0000,0.9312,0.0269,-0.3674,59.3435,76.4046,21.5725
505.0000,0.8447,-0.0581,-0.3076,62.9466,80.7710,25.3282
519.0000,0.8372,-0.0984,-0.2185,50.9847,89.1221,30.5496
504.0000,0.9324,-0.1250,-0.1780,18.9389,123.5115,33.9237
507.0000,0.9563,-0.1133,-0.1160,-5.7634,158.5954,36.4046
523.0000,0.9133,-0.1226,-0.0928,-19.2595,177.7176,40.0687
515.0000,0.8440,-0.1663,-0.0994,-30.7939,177.0305,40.7634
510.0000,0.8298,-0.1919,-0.0913,-25.0992,166.1908,42.9313
488.0000,0.8506,-0.1997,-0.0398,-7.7710,160.7786,43.7252
553.0000,0.8635,-0.2056,0.0007,4.6412,161.4962,42.6641
505.0000,0.8198,-0.1958,0.0420,10.0229,155.2595,41.5954
433.0000,0.8362,-0.1663,0.0657,9.3130,152.9008,41.8321
446.0000,0.8789,-0.1641,0.1135,9.3511,159.7405,42.5725
452.0000,0.8633,-0.1873,0.1587,2.9389,168.6183,43.6336
454.0000,0.8655,-0.1951,0.1753,6.0305,176.8779,45.0840
262.0000,0.8418,-0.2083,0.1453,13.9160,179.0611,47.4962
331.0000,0.8298,-0.2148,0.1406,6.1374,182.7710,49.4122
347.0000,0.7959,-0.2158,0.2222,8.9542,186.9695,49.8244
365.0000,0.8020,-0.2136,0.2483,14.5649,192.8168,48.8397
400.0000,0.7483,-0.2002,0.2712,9.5954,196.3282,49.0076
391.0000,0.7388,-0.2197,0.3157,1.6183,200.8855,50.0305
402.0000,0.7004,-0.2649,0.3391,3.6947,200.8321,51.0534
414.0000,0.6943,-0.2297,0.3728,4.7863,205.4809,53.4809
419.0000,0.7100,-0.2593,0.3730,0.4733,217.4275,54.8702
411.0000,0.6350,-0.2415,0.3513,2.4580,218.6641,55.1145
430.0000,0.6265,-0.2463,0.2905,4.2977,219.2290,56.1908
441.0000,0.5713,-0.2546,0.3308,1.2443,217.7557,56.3206
444.0000,0.5078,-0.2756,0.4009,-4.3740,211.5649,55.5191
451.0000,0.5154,-0.2844,0.4304,-6.4504,209.0840,55.1221
443.0000,0.4905,-0.2605,0.3987,-2.5802,207.9847,56.1603
446.0000,0.4165,-0.2861,0.4265,-4.1221,205.1069,58.2595
476.0000,0.3589,-0.3054,0.5488,-12.1145,202.5420,58.4656
446.0000,0.3289,-0.2966,0.6951,-12.0916,199.0382,58.0458
472.0000,0.3560,-0.3113,0.7192,-14.2595,204.3206,58.2519
467.0000,0.3340,-0.3369,0.7773,-6.8779,207.3435,61.4275
463.0000,0.2893,-0.3928,0.8789,-3.8015,211.6260,64.7023
473.0000,0.2444,-0.3796,0.8987,4.1832,212.3664,65.4351
478.0000,0.2439,-0.3870,0.8552,20.0763,205.5496,66.0992
474.0000,0.2053,-0.3696,0.7219,32.5191,200.3740,68.6641
466.0000,0.1719,-0.3286,0.6536,39.5725,194.6870,68.4886
480.0000,0.1501,-0.3296,0.6467,37.8550,187.2214,66.1145
477.0000,0.1313,-0.3533,0.6960,38.7939,181.9237,63.2443
484.0000,0.0945,-0.3618,0.7246,36.8779,177.7557,61.1145
477.0000,0.0762,-0.3679,0.8018,36.1756,176.0916,60.6794
463.0000,0.0388,-0.3831,0.9626,41.9160,175.0076,59.6718
480.0000,0.0276,-0.3757,1.0676,50.6107,173.2748,58.0458
482.0000,0.0093,-0.3630,1.0552,55.0229,172.6565,57.1985
476.0000,-0.0310,-0.3726,1.0322,59.1756,167.8855,55.6794
482.0000,-0.0540,-0.3716,1.0400,47.2519,164.7099,53.6565
483.0000,-0.0354,-0.3557,1.0835,35.2748,163.2214,50.0382
480.0000,-0.0173,-0.3813,1.0176,28.7099,163.0382,47.6336
477.0000,-0.0369,-0.3792,0.9504,14.8397,161.5954,46.4733
482.0000,-0.0332,-0.3760,0.9768,8.1985,158.8931,42.5573
478.0000,-0.0933,-0.4180,1.0076,-1.4809,148.7863,39.0305
485.0000,-0.0886,-0.4431,1.0549,-15.0840,146.0992,36.3359
487.0000,-0.0669,-0.4524,1.0654,-17.2137,144.8779,34.6489
491.0000,-0.1299,-0.4783,1.0820,-5.9389,134.3511,34.4962
487.0000,-0.1179,-0.4656,1.1023,2.9924,128.3893,34.0305
488.0000,-0.1301,-0.4751,1.1428,13.0763,120.2137,32.1374
482.0000,-0.1506,-0.4626,1.2224,20.6718,114.7863,29.5496
490.0000,-0.1465,-0.4524,1.2410,33.6260,108.6489,28.3130
492.0000,-0.0850,-0.4287,1.2041,42.3511,110.9313,27.9695
478.0000,-0.0918,-0.4280,1.1323,54.2290,109.4657,27.2748
492.0000,-0.0752,-0.4324,1.1008,53.7710,106.2137,27.1756
483.0000,-0.0640,-0.4255,1.0647,50.0992,99.5496,25.6107
491.0000,-0.0430,-0.4041,0.9973,43.3817,95.3206,24.4656
472.0000,-0.0537,-0.3904,0.9741,37.7634,93.3435,22.6489
491.0000,-0.1277,-0.3982,1.0071,28.8779,84.2901,20.7023
484.0000,-0.1331,-0.3867,1.0054,21.4504,82.8168,19.0458
495.0000,-0.1497,-0.3721,0.9871,18.5725,78.1298,18.2901
494.0000,-0.1663,-0.3523,0.9851,15.2366,72.0687,16.6794
513.0000,-0.1865,-0.3462,1.0007,8.6412,62.6794,14.4809
506.0000,-0.1763,-0.3594,1.0393,2.5725,56.3435,12.5115
490.0000,-0.1694,-0.3809,1.1008,-3.5344,53.8550,11.4962
483.0000,-0.1785,-0.3987,1.1423,-6.9313,50.3588,11.0687
520.0000,-0.1829,-0.4260,1.1697,-6.9924,45.9695,11.8168
478.0000,-0.1897,-0.4546,1.2078,-0.7176,40.7252,12.5038
492.0000,-0.1968,-0.4729,1.2112,7.8550,35.9084,13.4504
489.0000,-0.1887,-0.4607,1.2065,20.7710,31.9160,13.6718
496.0000,-0.1997,-0.4392,1.1611,31.0382,28.9237,13.7939
495.0000,-0.1934,-0.4048,1.0879,39.1221,25.1450,13.1145
489.0000,-0.1675,-0.3635,1.0552,41.2366,22.2748,11.7481
495.0000,-0.1602,-0.3333,0.9868,41.6565,18.3969,10.5038
493.0000,-0.1421,-0.2859,0.9463,36.7023,15.8015,9.0840
481.0000,-0.1426,-0.2622,0.9187,28.7099,12.9771,6.7405
487.0000,-0.1360,-0.2375,0.8945,17.3130,10.0229,4.1756
529.0000,-0.1399,-0.2268,0.8977,7.4809,7.3511,1.7634
483.0000,-0.1377,-0.2227,0.8962,1.1985,5.6336,-0.4198