raw_emg,raw_ax,raw_ay,raw_az,raw_gx,raw_gy,raw_gz
4.0000,-0.1726,-0.3354,0.8350,-23.4504,18.1756,-49.7176
93.0000,-0.1716,-0.3318,0.8247,2.9008,31.6565,-51.4046
162.0000,-0.1804,-0.3311,0.8235,2.5573,14.4351,-53.6336
121.0000,-0.1829,-0.3281,0.8213,-0.5496,3.7023,-0.6947
143.0000,-0.1873,-0.3235,0.8289,-2.1603,3.5344,-1.7099
187.0000,-0.1833,-0.3242,0.8311,-3.0611,3.2977,-1.5878
137.0000,-0.1921,-0.3340,0.8391,-4.0229,3.4885,-1.6031
148.0000,-0.1958,-0.3357,0.8303,-4.9771,3.0992,-1.1908
197.0000,-0.1875,-0.3301,0.8245,-4.6412,3.1756,-0.6641
192.0000,-0.1934,-0.3328,0.8254,-4.6031,2.5191,-0.7328
151.0000,-0.1902,-0.3237,0.8384,-5.0153,1.0076,-0.9695
188.0000,-0.1897,-0.3281,0.8379,-4.4046,0.5649,-0.9160
167.0000,-0.1958,-0.3242,0.8423,-4.3588,0.1985,-1.1145
172.0000,-0.1975,-0.3347,0.8457,-4.4809,0.0305,-1.0916
179.0000,-0.1870,-0.3325,0.8301,-4.6412,-0.1298,-1.0992
178.0000,-0.1748,-0.3286,0.8364,-4.9008,0.0153,-0.7939
191.0000,-0.1831,-0.3362,0.8337,-4.4427,0.2672,-0.6947
175.0000,-0.1760,-0.3416,0.8337,-4.5954,-0.0076,-0.8702
210.0000,-0.1709,-0.3445,0.8357,-4.5344,0.0076,-1.1679
180.0000,-0.1736,-0.3479,0.8247,-4.0305,0.4351,-1.0305
190.0000,-0.1714,-0.3452,0.8230,-3.9237,0.3130,-0.8473
202.0000,-0.1670,-0.3386,0.8284,-4.0534,0.7405,-1.1221
188.0000,-0.1716,-0.3499,0.8323,-4.0687,0.9237,-1.1679
201.0000,-0.1733,-0.3506,0.8281,-3.9924,0.8702,-1.4580
219.0000,-0.1785,-0.3474,0.8281,-4.0534,0.6794,-1.2824
186.0000,-0.1702,-0.3542,0.8223,-4.3588,0.4885,-1.4580
205.0000,-0.1709,-0.3611,0.8384,-4.0229,0.8931,-1.2595
249.0000,-0.1748,-0.3572,0.8408,-3.5878,0.8473,-0.7634
214.0000,-0.1660,-0.3616,0.8403,-3.6260,0.9389,-0.7328
180.0000,-0.1670,-0.3679,0.8435,-3.5878,0.7863,-1.0916
205.0000,-0.1624,-0.3640,0.8374,-3.3664,1.0229,-0.9695
229.0000,-0.1687,-0.3633,0.8455,-3.2443,1.0000,-0.8092
242.0000,-0.1641,-0.3621,0.8408,-2.8321,0.9389,-0.9160
221.0000,-0.1628,-0.3640,0.8416,-2.3664,1.0992,-1.1908
192.0000,-0.1672,-0.3748,0.8503,-1.2366,1.1298,-1.3588
231.0000,-0.1667,-0.3782,0.8569,0.2290,1.0687,-1.1298
215.0000,-0.1653,-0.3857,0.8459,3.0153,1.1679,-0.8244
206.0000,-0.1616,-0.3826,0.8516,5.6718,1.0382,-0.5878
277.0000,-0.1680,-0.3760,0.8430,8.1985,0.6107,-0.2595
228.0000,-0.1602,-0.3777,0.8447,10.3893,0.4656,-0.2290
216.0000,-0.1484,-0.3640,0.8442,12.1679,0.5649,-0.0229
249.0000,-0.1545,-0.3467,0.8364,13.2061,0.9771,0.3740
229.0000,-0.1584,-0.3315,0.8218,13.0534,1.0076,0.8931
234.0000,-0.1533,-0.3196,0.8271,11.9695,0.7481,1.2901
214.0000,-0.1472,-0.3098,0.8291,9.5725,0.7786,0.8779
231.0000,-0.1523,-0.3054,0.8345,6.8015,1.0687,0.5420
287.0000,-0.1582,-0.3008,0.8259,3.7328,1.2901,0.2824
245.0000,-0.1543,-0.3062,0.8428,1.2977,1.0992,-0.0763
250.0000,-0.1604,-0.3140,0.8589,0.0534,1.4580,-0.4427
240.0000,-0.1792,-0.3347,0.8828,0.1603,1.4122,-0.6565
300.0000,-0.1765,-0.3391,0.8909,2.2137,1.5954,-0.2290
234.0000,-0.1721,-0.3425,0.9004,4.4046,1.4885,0.3282
241.0000,-0.1770,-0.3496,0.9062,7.0076,0.9695,0.9695
197.0000,-0.1687,-0.3494,0.9099,9.5649,0.6183,1.4351
265.0000,-0.1672,-0.3535,0.9114,12.0153,0.0534,1.4504
283.0000,-0.1570,-0.3440,0.9038,13.8550,-0.9466,1.1527
248.0000,-0.1433,-0.3506,0.9285,14.7481,-1.9924,0.6718
258.0000,-0.1294,-0.3618,0.9333,15.6641,-3.0840,0.1527
228.0000,-0.1338,-0.3616,0.9475,16.6260,-3.9008,-0.7176
269.0000,-0.1360,-0.3589,0.9399,17.5114,-5.6336,-1.2977
302.0000,-0.1453,-0.3318,0.9458,17.5420,-7.0076,-1.6641
235.0000,-0.1360,-0.3254,0.9456,16.8702,-9.1679,-2.9695
283.0000,-0.1238,-0.3215,0.9585,14.3969,-10.5649,-4.5344
192.0000,-0.1165,-0.3174,0.9685,11.6947,-11.4122,-5.5115
339.0000,-0.1255,-0.3262,0.9722,9.2290,-14.1527,-6.3588
322.0000,-0.1313,-0.3323,0.9910,6.1527,-16.2977,-7.3130
234.0000,-0.1331,-0.3506,1.0256,3.8702,-18.8702,-8.7863
283.0000,-0.1501,-0.3711,1.0610,4.7863,-21.3893,-10.1450
278.0000,-0.1497,-0.3967,1.0688,7.4427,-24.7939,-10.9466
351.0000,-0.1543,-0.4026,1.0776,11.2366,-27.9313,-11.2366
237.0000,-0.1626,-0.3994,1.0986,14.0534,-31.5496,-11.9924
260.0000,-0.1829,-0.4092,1.1387,15.4351,-36.2672,-12.7481
275.0000,-0.2061,-0.4048,1.1646,16.4733,-40.5191,-13.9695
367.0000,-0.2268,-0.3967,1.1875,16.3893,-45.5802,-15.1756
330.0000,-0.2578,-0.3896,1.2046,15.7786,-51.5191,-16.4962
216.0000,-0.2803,-0.3801,1.2344,14.5954,-58.7710,-18.3053
298.0000,-0.2927,-0.3608,1.2537,11.3511,-67.0382,-20.5802
288.0000,-0.3193,-0.3186,1.2437,5.5420,-74.9160,-23.1298
291.0000,-0.3425,-0.2961,1.2263,-3.2290,-83.7710,-25.4046
253.0000,-0.3625,-0.2942,1.2454,-14.8015,-93.8473,-28.6794
360.0000,-0.3625,-0.3120,1.2595,-26.8092,-104.6336,-32.4122
230.0000,-0.3530,-0.3499,1.2913,-35.5420,-113.7481,-35.6565
301.0000,-0.3445,-0.3901,1.3096,-39.6336,-123.1679,-38.2214
277.0000,-0.3374,-0.4316,1.3374,-39.5954,-132.5038,-40.6718
399.0000,-0.3298,-0.4724,1.3582,-35.5649,-141.7939,-43.3435
186.0000,-0.3269,-0.4851,1.3701,-28.9847,-150.3130,-45.2672
367.0000,-0.3074,-0.4805,1.3538,-22.8473,-156.8473,-47.9160
274.0000,-0.2961,-0.4600,1.3323,-16.4809,-164.6260,-49.5344
256.0000,-0.2930,-0.4302,1.3127,-13.9160,-172.5572,-51.9313
300.0000,-0.2712,-0.3716,1.2505,-14.8244,-181.4275,-54.6641
394.0000,-0.2310,-0.3113,1.1953,-21.9008,-189.9618,-56.9008
278.0000,-0.1965,-0.2896,1.1531,-33.4427,-197.6412,-60.8702
278.0000,-0.1636,-0.2837,1.1067,-47.3969,-205.7252,-65.4809
400.0000,-0.1091,-0.2698,1.0449,-61.9084,-211.3588,-68.4275
422.0000,-0.0881,-0.2864,1.0601,-76.0611,-218.3435,-73.0000
340.0000,-0.0610,-0.3325,1.0664,-87.3435,-221.7710,-78.2214
259.0000,-0.0525,-0.3801,1.0503,-94.3435,-227.8015,-81.6183
377.0000,-0.0508,-0.3911,1.0029,-99.3893,-238.8397,-84.9466
327.0000,-0.0088,-0.3796,0.9390,-104.3359,-242.8550,-88.1908
328.0000,0.0413,-0.3704,0.8501,-106.1908,-246.5267,-90.4046
363.0000,0.0723,-0.3621,0.8171,-110.0763,-250.1374,-93.7405
197.0000,0.1548,-0.3972,0.7295,-111.4428,-248.7633,-97.5420
401.0000,0.1191,-0.3904,0.7766,-117.3817,-250.1374,-100.9160
282.0000,0.1812,-0.4250,0.7520,-114.5725,-250.1374,-104.0382
305.0000,0.1748,-0.4709,0.7405,-107.9771,-250.1374,-106.5344
293.0000,0.1812,-0.4536,0.7102,-99.5191,-250.1374,-107.3740
258.0000,0.1802,-0.4668,0.7148,-89.1603,-250.1374,-108.3893
354.0000,0.1965,-0.4731,0.7224,-78.7176,-250.1374,-109.7634
382.0000,0.2146,-0.4304,0.6831,-73.1374,-250.1374,-109.5420
283.0000,0.2490,-0.3882,0.6169,-66.8855,-250.1374,-108.4962
342.0000,0.2598,-0.3708,0.5657,-62.3206,-250.1374,-108.2519
345.0000,0.2961,-0.3232,0.5083,-62.9618,-250.1374,-108.6336
344.0000,0.3289,-0.3096,0.4243,-65.2595,-250.1374,-109.9389
287.0000,0.3618,-0.2610,0.4082,-67.8550,-250.1374,-110.1603
363.0000,0.3967,-0.2434,0.3479,-75.4580,-250.1374,-112.1374
296.0000,0.4260,-0.2068,0.3125,-78.5649,-250.1374,-113.3511
328.0000,0.4480,-0.2454,0.3501,-83.9771,-250.1374,-117.6107
355.0000,0.4810,-0.2043,0.2803,-90.4504,-250.1374,-117.8702
332.0000,0.5156,-0.2415,0.2607,-87.5878,-250.1374,-117.5649
242.0000,0.5264,-0.2769,0.2507,-84.3817,-250.1374,-118.7405
316.0000,0.5613,-0.2610,0.2327,-77.5725,-250.1374,-118.4351
420.0000,0.5884,-0.2593,0.1292,-68.2137,-247.6260,-117.6107
310.0000,0.6084,-0.2341,0.0493,-59.2595,-241.7710,-116.5878
328.0000,0.6555,-0.1970,-0.0281,-46.3130,-231.3817,-114.4275
349.0000,0.6648,-0.1790,-0.0662,-34.9389,-228.3282,-112.9618
352.0000,0.7017,-0.1294,-0.1406,-26.6107,-229.2366,-112.0382
317.0000,0.7461,-0.1069,-0.1604,-20.3740,-227.7939,-111.9466
352.0000,0.6929,-0.0696,-0.1797,-13.8473,-233.1145,-113.1756
367.0000,0.8286,-0.0444,-0.2527,-8.4046,-212.8550,-109.3359
336.0000,0.8552,-0.0369,-0.3057,0.1450,-200.6107,-105.2901
341.0000,0.8437,-0.0063,-0.3218,7.6107,-191.2824,-101.4122
337.0000,0.8574,0.0283,-0.3818,15.7557,-181.7557,-96.5344
306.0000,0.8687,0.0244,-0.4460,26.5649,-169.3893,-91.0153
377.0000,0.8435,0.0222,-0.4717,38.2977,-158.9466,-85.3130
342.0000,0.8337,0.0471,-0.5334,46.8473,-151.9313,-78.9008
336.0000,0.8391,0.0479,-0.6082,49.4122,-137.1221,-71.6031
334.0000,0.7297,0.0698,-0.7505,9.1374,-132.8626,-65.8321
335.0000,0.8911,0.1277,-0.6672,2.5420,-89.1908,-54.0153
386.0000,0.8882,0.1304,-0.7502,-4.8473,-67.9924,-45.3053
333.0000,0.8357,0.1531,-0.7214,-10.9008,-61.2443,-36.3740
343.0000,0.8735,0.1118,-0.7363,-1.6870,-38.1450,-27.0840
363.0000,0.8801,0.1519,-0.6931,-1.9160,-24.1374,-19.0382
348.0000,0.8376,0.1296,-0.6543,4.5725,-16.4656,-11.2595
368.0000,0.8813,0.0906,-0.6272,10.4885,7.3969,-2.1603
357.0000,0.8826,0.0781,-0.5762,16.9618,30.6718,6.6260
355.0000,0.8623,0.0674,-0.5359,21.2901,44.8015,14.4427
358.0000,0.8103,0.0530,-0.5066,23.9313,45.8550,21.5191
363.0000,0.8083,0.0598,-0.4585,17.7252,46.6031,26.8626
361.0000,0.8479,0.0190,-0.4099,29.8168,58.8321,32.7634
348.0000,0.8948,-0.0234,-0.3816,39.5802,91.9313,39.0000
359.0000,0.8325,0.0056,-0.3572,34.9084,110.9237,43.9389
382.0000,0.8113,0.0125,-0.3342,31.0687,120.5725,48.6641
367.0000,0.8159,-0.0027,-0.2952,25.2901,135.3740,53.3969
363.0000,0.8149,-0.0212,-0.2832,27.9924,145.5954,57.9771
351.0000,0.8015,-0.0508,-0.2776,35.7481,148.4046,61.4504
381.0000,0.7922,-0.0601,-0.2593,46.5344,147.7099,63.8702
374.0000,0.7937,-0.0623,-0.2261,51.3893,150.7863,65.1221
360.0000,0.8044,-0.0627,-0.2039,52.5802,157.0687,66.1374
380.0000,0.8167,-0.0564,-0.1631,46.1450,166.1069,67.3435
392.0000,0.8096,-0.0649,-0.1155,36.3359,175.8626,69.2366
373.0000,0.8015,-0.0723,-0.0889,27.9084,185.6260,70.9313
364.0000,0.8008,-0.0996,-0.0471,20.7481,195.8779,72.5038
377.0000,0.7854,-0.1030,-0.0322,14.3588,203.4427,73.5802
350.0000,0.7859,-0.1121,-0.0256,14.2366,209.9389,75.3283
372.0000,0.7700,-0.1528,0.0354,13.6565,214.9084,75.8168
377.0000,0.7551,-0.1606,0.0684,14.6336,217.1756,76.4809
382.0000,0.7561,-0.1665,0.0708,18.7176,219.9542,78.1221
378.0000,0.7588,-0.1790,0.1167,20.3206,224.2290,79.7405
375.0000,0.7441,-0.2026,0.1814,20.5191,229.3588,80.5191
379.0000,0.7336,-0.2212,0.2314,23.2595,231.6641,80.8397
382.0000,0.7253,-0.2136,0.2573,26.4198,233.6260,81.2672
368.0000,0.7212,-0.2063,0.2346,32.2137,234.2824,81.6641
387.0000,0.7017,-0.2432,0.3105,36.3053,234.2519,80.9160
372.0000,0.6694,-0.2825,0.4146,34.9313,233.3053,79.5115
362.0000,0.6558,-0.2930,0.4771,35.7328,231.9160,79.8397
435.0000,0.6453,-0.3003,0.5034,36.4885,231.0763,80.7328
384.0000,0.6299,-0.2898,0.5022,34.2748,229.1221,81.2748
378.0000,0.6177,-0.2820,0.5032,31.7863,226.0229,81.4504
384.0000,0.5994,-0.2805,0.5227,26.1527,221.4733,80.3588
387.0000,0.5823,-0.2761,0.4912,19.4656,216.5496,78.9389
378.0000,0.5576,-0.3027,0.5225,13.7557,212.8321,78.1908
398.0000,0.4995,-0.3550,0.6270,3.7176,208.2366,76.0382
394.0000,0.4761,-0.3728,0.6611,0.5191,201.4962,75.6947
373.0000,0.4668,-0.3721,0.6809,2.3282,195.9466,76.8244
401.0000,0.4316,-0.3679,0.7185,1.2061,189.9695,77.0305
396.0000,0.4028,-0.3745,0.7742,-1.3206,182.5343,75.4275
390.0000,0.3899,-0.3738,0.8098,-1.4046,175.0992,73.6641
387.0000,0.3682,-0.3904,0.8274,-3.1069,171.0763,72.5649
413.0000,0.3528,-0.4065,0.8792,-7.1527,171.2672,71.4351
386.0000,0.3289,-0.4314,0.9617,-11.4962,172.4504,69.5802
394.0000,0.2957,-0.4546,0.9524,-7.8092,169.6336,68.0534
395.0000,0.2820,-0.4722,0.9070,1.3817,163.6031,67.8550
398.0000,0.2617,-0.4556,0.8755,5.9924,156.3969,68.4428
394.0000,0.2585,-0.4634,0.8826,7.6031,150.9084,67.0840
397.0000,0.2666,-0.4424,0.8647,10.8321,144.6336,64.9008
388.0000,0.2798,-0.4009,0.7966,13.7481,138.4046,63.8397
400.0000,0.2803,-0.3899,0.8164,11.1527,134.7786,61.9313
413.0000,0.2556,-0.3906,0.9050,2.9313,131.5114,58.2977
394.0000,0.2410,-0.4080,0.9448,-1.3282,128.5725,56.3740
395.0000,0.2300,-0.4211,0.9495,-1.2061,128.6412,56.4809
432.0000,0.2041,-0.4500,0.9836,-3.2519,130.7633,56.2290
392.0000,0.1855,-0.4666,1.0220,-7.4122,132.8855,55.4275
409.0000,0.1699,-0.4756,1.0071,-6.1985,133.6717,54.5725
410.0000,0.1501,-0.4824,0.9275,-3.5191,131.8397,54.4504
399.0000,0.1453,-0.4951,0.8787,-2.2977,128.6336,54.2443
411.0000,0.1311,-0.5010,0.8931,-3.0382,125.0305,52.6870
420.0000,0.1174,-0.4973,0.8728,-2.1298,119.3053,50.8702
394.0000,0.1240,-0.4839,0.8391,0.5038,113.2214,50.2137
414.0000,0.1169,-0.4724,0.8435,0.0687,110.6947,48.5649
415.0000,0.0991,-0.4963,0.9121,-2.6870,107.1832,45.8168
402.0000,0.0757,-0.5073,0.9446,-3.0153,104.9695,44.6794
410.0000,0.0588,-0.5132,0.9473,-0.6947,104.1069,44.9160
419.0000,0.0447,-0.5049,0.9697,2.4809,104.1603,45.3206
403.0000,0.0286,-0.5286,1.0156,4.3053,104.5573,43.9160
418.0000,0.0139,-0.5332,1.0361,8.3053,103.3283,42.8855
425.0000,0.0247,-0.5256,1.0327,14.0534,104.7176,42.9313
401.0000,0.0222,-0.5725,1.0671,16.8550,109.9847,42.0229
415.0000,0.0139,-0.5684,1.0903,14.5344,118.0763,39.2595
429.0000,-0.0051,-0.5254,1.0188,18.0000,122.2595,40.0153
403.0000,-0.0188,-0.4587,0.9514,25.0992,120.8550,42.0382
428.0000,-0.0344,-0.4146,0.9192,24.5954,116.2137,40.6870
426.0000,-0.0620,-0.4136,0.9041,17.1069,108.6183,36.7863
409.0000,-0.0698,-0.4082,0.8477,15.2748,102.5725,33.6336
425.0000,-0.0735,-0.4041,0.8027,13.5420,96.5267,32.0076
412.0000,-0.0806,-0.3989,0.8035,8.6336,89.9389,30.1832
411.0000,-0.1030,-0.4343,0.8457,2.3282,85.3817,26.7634
416.0000,-0.1235,-0.4700,0.8977,-2.3206,77.7863,23.9237
430.0000,-0.1267,-0.4851,0.9250,-3.5725,73.3817,23.6183
406.0000,-0.1235,-0.5176,0.9534,-2.9008,70.8473,23.8931
428.0000,-0.1301,-0.5354,0.9985,-1.0000,69.7939,24.0076
417.0000,-0.1379,-0.5273,1.0310,1.7176,69.0382,23.9084
420.0000,-0.1406,-0.5032,1.0525,5.1374,69.5267,25.5191
413.0000,-0.1365,-0.4902,1.0627,8.8702,69.5344,26.4275
419.0000,-0.1360,-0.4802,1.0510,14.2443,69.1985,26.4198
416.0000,-0.1223,-0.4670,1.0264,20.1985,68.9924,25.8550
417.0000,-0.1313,-0.4512,0.9863,24.1298,69.8244,26.6183
421.0000,-0.1331,-0.4121,0.9199,27.7023,69.8855,28.4046
413.0000,-0.1431,-0.3948,0.8713,28.3053,66.0000,28.0076
420.0000,-0.1548,-0.3735,0.8462,24.2519,59.8855,25.9008
423.0000,-0.1477,-0.3853,0.8452,19.1145,55.2290,22.6641
413.0000,-0.1526,-0.4031,0.8286,15.6107,50.9084,20.0305
416.0000,-0.1597,-0.4258,0.8413,13.2824,47.3130,18.0763
424.0000,-0.1731,-0.4561,0.8752,11.4427,45.2443,17.0382
414.0000,-0.1848,-0.4697,0.9128,10.2214,42.1527,16.1145
408.0000,-0.1814,-0.4700,0.9426,9.4275,39.5954,16.0153
448.0000,-0.1719,-0.4619,0.9722,10.0000,38.9313,16.2901
412.0000,-0.1821,-0.4648,1.0032,11.0076,39.0305,16.0076
415.0000,-0.1892,-0.4741,1.0159,13.2137,38.0687,15.0840
421.0000,-0.1926,-0.4651,1.0137,16.8015,36.7328,14.2137
378.0000,-0.1946,-0.4519,1.0034,21.7634,35.5573,14.3969
444.0000,-0.2039,-0.4456,0.9832,25.3664,33.4275,13.7023
426.0000,-0.2095,-0.4500,0.9895,27.3053,30.0916,11.8321
372.0000,-0.2336,-0.4631,0.9868,26.2824,24.6641,8.9313
464.0000,-0.2441,-0.4490,1.0027,25.3740,16.5344,5.9924
425.0000,-0.2542,-0.4634,1.0222,24.7710,6.2672,2.8015
499.0000,-0.2419,-0.4436,1.0515,23.2214,-3.4046,-0.1756
342.0000,-0.2156,-0.4333,1.0593,22.0458,-10.1450,-2.5115
467.0000,-0.1941,-0.4219,1.0557,20.8397,-13.7481,-3.2366
420.0000,-0.1978,-0.4155,1.0459,20.5191,-14.2290,-1.6336
402.0000,-0.1812,-0.3975,1.0176,19.2214,-12.5420,0.3588
418.0000,-0.1697,-0.3718,0.9795,17.1908,-9.9847,2.7099
384.0000,-0.1626,-0.3323,0.9106,15.6870,-8.4122,5.0840
454.0000,-0.1509,-0.2983,0.8491,15.0153,-7.8550,5.8931
439.0000,-0.1450,-0.2756,0.8147,11.9618,-8.9847,5.7710
473.0000,-0.1353,-0.2676,0.7883,7.1985,-10.1832,3.9160
388.0000,-0.1389,-0.2649,0.7971,1.3740,-10.2366,1.8092
461.0000,-0.1460,-0.2825,0.8093,-3.9084,-10.6794,-0.3053
447.0000,-0.1638,-0.3096,0.8372,-8.0916,-12.0458,-1.7786
407.0000,-0.1792,-0.3342,0.8779,-13.7252,-14.6870,-3.6565
417.0000,-0.1846,-0.3525,0.8950,-18.4962,-17.0840,-4.8855
415.0000,-0.2039,-0.3718,0.9192,-21.9084,-20.4504,-6.7939
474.0000,-0.2175,-0.3962,0.9700,-25.5267,-24.1450,-10.1450
466.0000,-0.2297,-0.4124,1.0264,-31.5878,-29.5420,-14.6794
390.0000,-0.2405,-0.4529,1.0933,-36.4046,-34.4046,-18.4427
424.0000,-0.2639,-0.4634,1.1409,-38.2290,-39.8626,-21.2214
516.0000,-0.2930,-0.4744,1.1880,-39.8168,-46.3893,-24.1832
418.0000,-0.3215,-0.4846,1.2280,-43.1756,-53.6794,-28.0992
441.0000,-0.3394,-0.5017,1.2729,-46.6031,-62.3435,-32.4885
391.0000,-0.3472,-0.5120,1.2847,-51.7557,-71.0840,-37.0840
482.0000,-0.3574,-0.5056,1.2876,-59.7634,-81.1145,-41.2137
328.0000,-0.3811,-0.5063,1.2717,-71.9618,-90.9160,-45.8550
533.0000,-0.4023,-0.4907,1.2327,-86.5878,-102.6794,-50.0382
481.0000,-0.4148,-0.4583,1.1821,-102.7634,-116.6260,-54.2901
418.0000,-0.4297,-0.4824,1.1875,-126.5038,-133.2443,-61.3130
154.0000,-0.4382,-0.5264,1.2422,-154.3282,-152.0534,-69.3283
644.0000,-0.4041,-0.6079,1.3254,-176.2061,-171.5343,-75.6412
332.0000,-0.3657,-0.7202,1.4521,-191.7176,-191.6870,-83.3283
403.0000,-0.3330,-0.8337,1.5981,-195.4580,-208.6031,-93.1527
409.0000,-0.3010,-0.9180,1.6523,-184.4427,-221.6717,-102.4733
383.0000,-0.2776,-1.0068,1.6438,-166.1527,-228.5191,-110.1756
522.0000,-0.2957,-1.0208,1.6365,-147.7405,-232.9771,-118.8702
394.0000,-0.3032,-0.9600,1.5754,-132.7252,-241.1679,-125.5802
562.0000,-0.2749,-0.8662,1.3889,-129.8550,-247.3053,-130.9542
511.0000,-0.2429,-0.8406,1.3489,-131.9160,-250.1374,-137.4504
394.0000,-0.2151,-0.8411,1.3076,-134.7023,-250.1374,-144.9847
437.0000,-0.2009,-0.8047,1.2944,-132.3359,-250.1374,-152.0229
415.0000,-0.1873,-0.8386,1.2241,-125.8550,-250.1374,-159.1221
475.0000,-0.1882,-0.8394,1.1357,-112.3359,-250.1374,-166.7023
407.0000,-0.1760,-0.7859,1.0276,-93.0840,-250.1374,-170.8550
573.0000,-0.1375,-0.7036,0.9204,-79.8244,-250.1374,-174.1450
429.0000,-0.1301,-0.7227,0.8877,-76.7252,-250.1374,-179.3206
414.0000,-0.0764,-0.6377,0.7671,-73.4580,-250.1374,-182.5114
474.0000,-0.0205,-0.5837,0.6694,-64.9924,-250.1374,-182.7328
440.0000,0.0076,-0.5222,0.6147,-66.6260,-250.1374,-183.3664
425.0000,0.0623,-0.4543,0.5388,-69.6947,-250.1374,-185.3817
482.0000,0.1079,-0.4092,0.4038,-67.4122,-250.1374,-185.6947
434.0000,0.1265,-0.3840,0.2678,-63.1145,-250.1374,-184.0763
498.0000,0.1572,-0.3921,0.2754,-65.4351,-250.1374,-182.2519
436.0000,0.1770,-0.3005,0.2397,-68.8931,-250.1374,-180.4351
400.0000,0.2454,-0.2053,0.1003,-61.2366,-250.1374,-177.6794
487.0000,0.2678,-0.2166,0.0574,-56.6412,-250.1374,-176.1603
452.0000,0.2493,-0.2280,0.0403,-57.2672,-250.1374,-174.8931
427.0000,0.3076,-0.1919,0.0063,-50.0382,-250.1374,-172.9313
438.0000,0.3579,-0.1377,-0.0774,-43.7176,-245.8931,-169.8779
474.0000,0.3992,-0.0583,-0.1211,-41.9466,-237.5802,-165.6717
422.0000,0.4199,-0.0264,-0.1169,-54.7939,-232.3664,-162.8550
400.0000,0.4824,-0.0063,-0.1340,-70.6718,-223.2137,-160.7939
601.0000,0.4810,0.0154,-0.1772,-80.0076,-218.0153,-157.6794
421.0000,0.4993,0.0027,-0.1533,-90.6718,-208.8092,-153.0992
463.0000,0.5144,-0.0024,-0.1475,-102.5954,-197.6336,-148.9771
469.0000,0.5718,0.0579,-0.2610,-91.5878,-189.7023,-142.8779
374.0000,0.6194,0.0518,-0.3235,-79.1374,-180.6947,-136.1298
511.0000,0.6382,0.0725,-0.3501,-70.2901,-175.5420,-130.0763
375.0000,0.6782,0.0730,-0.4485,-48.9847,-170.9389,-124.1603
415.0000,0.7131,0.0510,-0.5161,-29.3664,-163.1374,-116.8779
479.0000,0.7336,0.0547,-0.7354,-32.4351,-184.7405,-106.8855
440.0000,1.2075,0.4111,-0.6458,-103.1298,-81.5344,-95.4275
503.0000,0.8025,0.1062,-0.6477,-36.3740,-116.4809,-86.4046
427.0000,0.8796,0.1877,-0.8450,-11.5344,-98.4198,-72.7786
461.0000,0.8894,0.2251,-0.8777,20.8397,-72.6260,-57.9695
453.0000,0.9438,0.3228,-0.8682,53.5802,-45.6107,-45.0992
466.0000,0.9485,0.3806,-0.8926,68.3206,-38.2672,-34.3740
484.0000,0.9238,0.4192,-0.9028,77.0229,-39.6412,-24.2137
490.0000,1.0310,0.4399,-0.9131,66.4504,-16.6412,-11.5038
440.0000,1.0037,0.3992,-0.8745,59.0458,9.0763,4.1221
457.0000,0.9597,0.3533,-0.7651,54.7786,28.2901,16.0611
467.0000,0.9692,0.2783,-0.7117,67.1832,47.0534,26.9466
445.0000,0.9814,0.1726,-0.6484,82.0458,67.1298,36.9008
458.0000,0.9319,0.1252,-0.5618,82.3970,74.6947,44.5725
479.0000,0.8459,0.0908,-0.5225,56.5878,60.0763,49.4351
457.0000,0.9272,0.0061,-0.4468,32.0840,70.5267,54.5267
464.0000,1.0210,-0.1003,-0.3860,24.1756,99.8397,58.9313
456.0000,0.9426,-0.1448,-0.2729,33.7405,106.4886,63.8702
446.0000,0.9236,-0.1611,-0.2654,33.0153,114.5267,65.1069
482.0000,0.9221,-0.1865,-0.2603,29.4351,124.5802,67.5573
449.0000,0.9421,-0.1843,-0.2271,21.6031,144.0763,71.3359
459.0000,0.8872,-0.1829,-0.1548,10.5115,155.0000,73.4886
463.0000,0.8384,-0.2166,-0.0945,19.6412,150.1603,74.8321
432.0000,0.7905,-0.2651,-0.0115,35.8015,135.5267,73.2672
477.0000,0.8220,-0.2991,0.0498,69.3359,124.8626,72.5573
451.0000,0.8538,-0.3008,0.0645,95.0687,124.2137,72.7328
470.0000,0.8757,-0.3096,0.1091,96.8626,137.5572,74.7328
470.0000,0.9065,-0.2729,0.0854,83.1603,157.1069,77.1298
474.0000,0.8923,-0.2241,0.0557,69.9389,174.0992,79.6031
467.0000,0.8616,-0.1824,0.0242,58.7023,180.8473,81.5420
453.0000,0.8032,-0.2222,0.0632,55.8244,177.1985,81.3970
476.0000,0.7678,-0.2454,0.0813,55.9771,170.2214,79.7176
452.0000,0.7300,-0.2698,0.1262,58.3817,162.6488,78.2672
473.0000,0.7168,-0.3059,0.1597,62.2214,157.0458,78.0229
475.0000,0.7024,-0.3047,0.1960,63.6260,152.8702,78.5496
477.0000,0.6995,-0.3079,0.2598,62.7176,150.4733,79.2366
456.0000,0.6990,-0.3347,0.3523,64.5573,150.4962,79.8092
490.0000,0.7092,-0.3540,0.4070,69.6641,152.8168,80.6031
453.0000,0.7200,-0.3740,0.4741,72.3588,161.0229,82.2443
453.0000,0.7266,-0.3662,0.4788,69.9771,174.0076,83.5878
491.0000,0.7180,-0.3831,0.4395,71.0229,188.4962,86.1145
454.0000,0.6672,-0.4033,0.4099,72.2366,197.4504,87.6870
461.0000,0.6145,-0.3945,0.3726,73.8550,197.2595,87.7328
488.0000,0.5679,-0.3760,0.3604,73.2214,191.4046,86.6794
457.0000,0.5332,-0.3772,0.3860,71.0611,183.9313,84.2977
457.0000,0.5122,-0.3918,0.4355,71.7328,176.8473,82.1450
467.0000,0.4800,-0.4214,0.5034,70.8626,170.5114,79.9008
456.0000,0.4675,-0.3997,0.5369,67.2137,167.0687,78.3664
474.0000,0.4724,-0.3582,0.5374,65.3893,165.6641,76.9008
477.0000,0.4744,-0.3560,0.5671,61.5420,166.7710,75.7710
456.0000,0.4441,-0.4197,0.6887,45.2824,172.3511,73.0992
469.0000,0.4407,-0.4265,0.6772,33.7786,177.0840,71.6336
466.0000,0.4390,-0.4111,0.5994,34.4885,180.4733,72.7786
451.0000,0.3857,-0.4009,0.5754,31.8931,178.6107,73.6260
472.0000,0.3650,-0.3877,0.6079,24.5649,172.0611,71.8779
467.0000,0.3271,-0.4128,0.6519,18.6107,164.7786,68.8626
462.0000,0.3213,-0.4121,0.6206,17.3664,159.6947,66.9695
477.0000,0.3079,-0.4106,0.6074,17.0992,156.3893,67.2366
467.0000,0.2927,-0.4133,0.6719,11.0534,154.7786,66.9924
459.0000,0.2834,-0.4231,0.7214,4.3664,151.8473,65.9847
469.0000,0.2893,-0.4236,0.7266,5.3053,149.8855,66.3435
460.0000,0.2913,-0.4287,0.7161,7.3130,150.4809,67.6489
461.0000,0.2866,-0.4243,0.7244,4.6870,154.0763,68.5191
449.0000,0.2825,-0.4116,0.6917,5.2595,156.3435,68.3740
481.0000,0.2720,-0.3945,0.6284,9.1221,156.4275,69.7252
456.0000,0.2585,-0.4114,0.6626,7.6412,157.4427,69.8168
455.0000,0.1963,-0.4587,0.7781,2.3282,156.3817,67.4275
465.0000,0.1584,-0.4878,0.8708,5.0611,155.0153,66.4504
461.0000,0.1128,-0.5273,0.9121,10.9466,154.3740,67.1527
463.0000,0.0845,-0.5208,0.9282,18.4962,154.4198,68.2672
472.0000,0.0710,-0.5244,0.9373,24.1450,152.7328,68.6565
461.0000,0.0559,-0.5452,0.9189,27.4580,148.3969,67.9389
471.0000,0.0601,-0.5232,0.8789,30.4656,144.1527,66.3588
454.0000,0.0667,-0.4890,0.8665,28.3435,142.0992,63.3435
477.0000,0.0608,-0.4707,0.9041,21.4504,139.7023,58.0992
456.0000,0.0510,-0.4963,0.9570,16.8473,138.7328,53.5954
464.0000,0.0171,-0.5632,1.0266,12.9695,140.0153,50.1450
466.0000,-0.0291,-0.5964,1.0522,14.8168,139.5420,48.7176
485.0000,-0.0552,-0.5803,1.0181,21.7176,135.4580,48.9084
469.0000,-0.0557,-0.5723,1.0239,28.2366,131.0763,48.6794
460.0000,-0.0730,-0.5786,1.0410,31.4122,127.4046,46.4046
464.0000,-0.0693,-0.5693,0.9990,34.9084,123.1679,44.0840
473.0000,-0.0725,-0.5391,0.9602,39.3359,117.4809,42.9084
467.0000,-0.0676,-0.4897,0.9365,35.9237,112.5420,41.1756
469.0000,-0.0603,-0.4663,0.9619,27.0763,107.5267,38.2061
463.0000,-0.0745,-0.4697,0.9929,18.8702,101.3435,34.9847
501.0000,-0.0706,-0.4814,1.0059,14.6794,96.1450,32.8626
447.0000,-0.0867,-0.4849,1.0610,11.0763,93.9160,30.9389
470.0000,-0.1013,-0.5081,1.1321,7.7023,92.2901,28.6947
503.0000,-0.1172,-0.5386,1.1545,8.3435,90.1450,28.0305
471.0000,-0.1265,-0.5625,1.1404,14.0534,89.6412,29.0992
480.0000,-0.1414,-0.5818,1.1443,20.6870,89.6183,29.7099
467.0000,-0.1384,-0.5771,1.1216,23.8473,87.8092,28.9389
463.0000,-0.1396,-0.5518,1.0667,29.8855,86.6336,29.1679
478.0000,-0.1245,-0.5110,0.9792,37.1908,82.4122,29.3817
474.0000,-0.1260,-0.4661,0.9431,38.7405,77.7252,28.0382
444.0000,-0.1050,-0.4402,0.9038,37.1985,73.0458,26.0840
496.0000,-0.1045,-0.4170,0.8872,35.9771,70.1756,25.2214
462.0000,-0.1272,-0.4189,0.8782,34.6031,67.4733,25.2061
463.0000,-0.1543,-0.4314,0.9045,30.7557,63.6947,24.1145
465.0000,-0.1699,-0.4441,0.9470,27.1450,58.7099,22.6107
464.0000,-0.1743,-0.4563,0.9687,25.7786,56.0153,21.0229
493.0000,-0.1741,-0.4495,0.9878,26.0992,54.5802,20.0153
477.0000,-0.1782,-0.4487,0.9951,26.8855,52.9771,19.7328
472.0000,-0.1914,-0.4304,0.9895,26.6565,51.0840,19.5725
465.0000,-0.1929,-0.4285,0.9922,24.9542,48.9466,18.5725
470.0000,-0.1865,-0.4158,0.9805,23.2977,47.1221,17.0534
466.0000,-0.1775,-0.3955,0.9375,19.5878,47.2443,15.9008
469.0000,-0.1772,-0.3645,0.8777,16.4046,46.7252,15.3893
453.0000,-0.1855,-0.3467,0.8452,14.1221,43.8779,15.2443
484.0000,-0.1956,-0.3386,0.8560,10.0000,38.1527,13.2443
473.0000,-0.2139,-0.3362,0.8682,6.4275,32.7176,10.8321
466.0000,-0.2209,-0.3767,0.9050,5.2595,28.3206,8.0076
510.0000,-0.2471,-0.4255,0.9436,5.8779,24.5191,6.9389
453.0000,-0.2666,-0.4675,0.9880,8.0763,19.3206,6.5038
471.0000,-0.2808,-0.5073,1.0315,12.0840,12.7481,6.1832
463.0000,-0.2737,-0.4934,1.0544,16.4656,4.7481,5.6947
487.0000,-0.2476,-0.4619,1.0586,20.0000,-1.7023,4.0000
458.0000,-0.2300,-0.4348,1.0586,19.8168,-7.0687,2.1603
440.0000,-0.2036,-0.4048,1.0271,15.9237,-10.8244,0.8092
524.0000,-0.1873,-0.3660,1.0046,9.6412,-12.0458,-0.0763
465.0000,-0.1626,-0.3381,0.9749,4.1069,-11.3282,-0.4046
438.0000,-0.1562,-0.2988,0.9385,-2.8397,-10.7176,-0.3969
487.0000,-0.1348,-0.2786,0.8911,-8.3511,-8.2290,-0.7252
508.0000,-0.1289,-0.2686,0.8533,-11.5496,-7.8626,-0.8702
499.0000,-0.1348,-0.2761,0.8274,-13.6107,-7.4580,-1.4580
497.0000,-0.1414,-0.2837,0.8247,-13.3359,-6.2519,-1.9771
497.0000,-0.1492,-0.2976,0.8291,-12.3282,-5.1908,-2.3206
501.0000,-0.1646,-0.3047,0.8391,-11.6947,-5.4962,-2.2061
445.0000,-0.1760,-0.3176,0.8701,-11.0840,-5.5954,-2.5115
494.0000,-0.1943,-0.3386,0.8872,-11.0153,-6.4351,-2.3206
502.0000,-0.2104,-0.3494,0.8860,-8.6107,-7.3359,-1.8092
461.0000,-0.2131,-0.3611,0.9080,-7.4504,-9.0305,-1.9695
513.0000,-0.2063,-0.3743,0.9246,-7.0534,-12.1450,-2.7710
495.0000,-0.1956,-0.3826,0.9578,-7.3817,-15.5038,-4.6183
445.0000,-0.1831,-0.4106,0.9756,-8.6336,-18.7405,-6.3893
408.0000,-0.1851,-0.4216,1.0107,-11.3817,-21.5114,-7.9313
545.0000,-0.1882,-0.4473,1.0320,-15.5191,-24.1374,-9.9084
490.0000,-0.1943,-0.4392,1.0474,-17.2290,-28.0992,-11.6565
439.0000,-0.2026,-0.4302,1.0820,-20.4275,-32.9084,-14.5573
520.0000,-0.2158,-0.4324,1.1243,-26.5038,-39.4275,-18.4809
460.0000,-0.2253,-0.4333,1.1538,-33.6107,-46.3588,-22.6565
498.0000,-0.2329,-0.4448,1.1870,-40.6794,-53.2443,-25.5344
456.0000,-0.2463,-0.4749,1.2112,-48.6412,-60.9466,-28.8092
469.0000,-0.2617,-0.4944,1.2598,-57.7099,-69.4351,-32.7099
481.0000,-0.2729,-0.5222,1.2742,-65.1374,-77.2672,-35.7099
466.0000,-0.2859,-0.5615,1.2937,-69.3893,-84.7481,-37.9466
459.0000,-0.3008,-0.5942,1.3027,-70.7557,-92.4657,-40.4809
482.0000,-0.3186,-0.6299,1.3286,-70.4504,-102.0305,-43.5038
440.0000,-0.3262,-0.6509,1.3523,-69.4275,-111.7634,-47.8626
402.0000,-0.3281,-0.6787,1.4058,-67.5038,-120.9695,-52.3893
577.0000,-0.3186,-0.6968,1.4094,-62.8626,-129.1145,-55.8473
476.0000,-0.3245,-0.6865,1.3984,-55.4427,-137.5420,-57.8931
468.0000,-0.3367,-0.6663,1.3618,-51.2672,-147.9924,-61.4733
398.0000,-0.3174,-0.6548,1.3079,-49.6412,-158.5878,-66.5802
549.0000,-0.3003,-0.6504,1.2603,-52.5954,-169.8321,-71.7939
418.0000,-0.2832,-0.6526,1.2671,-60.7557,-179.8855,-77.5420
496.0000,-0.2615,-0.6431,1.2466,-71.5115,-188.7023,-83.8015
496.0000,-0.2488,-0.6689,1.2354,-77.2824,-196.8473,-89.6718
488.0000,-0.2629,-0.6907,1.2559,-82.9160,-206.0458,-95.8321
509.0000,-0.2581,-0.6782,1.2739,-88.5344,-216.6412,-101.8092
471.0000,-0.2510,-0.6877,1.3037,-93.3130,-227.6565,-108.5573
495.0000,-0.2317,-0.6902,1.2690,-96.9237,-235.5496,-115.6641
485.0000,-0.1943,-0.6982,1.1924,-96.8855,-238.8397,-121.7710
494.0000,-0.1948,-0.7253,1.1135,-94.1374,-246.2061,-127.7099
448.0000,-0.1536,-0.7031,0.9988,-91.8092,-250.1374,-131.4427
491.0000,-0.1118,-0.6663,0.9084,-87.9237,-250.1374,-135.0916
506.0000,-0.0669,-0.5942,0.8374,-82.3435,-250.1374,-138.3893
472.0000,-0.0264,-0.5452,0.8340,-77.7252,-250.1374,-142.3130
529.0000,0.0239,-0.4773,0.7175,-75.8473,-250.1374,-144.6412
430.0000,0.0691,-0.4368,0.6616,-73.6183,-250.1374,-146.8702
509.0000,0.1204,-0.3887,0.5771,-74.9160,-250.1374,-149.4580
476.0000,0.1704,-0.3748,0.5029,-73.9466,-250.1374,-149.9618
483.0000,0.1885,-0.4087,0.4985,-74.2977,-250.1374,-151.5114
460.0000,0.2058,-0.3794,0.4587,-70.2977,-250.1374,-150.5420
507.0000,0.2363,-0.3738,0.4316,-63.2290,-250.1374,-147.9542
468.0000,0.2717,-0.3352,0.4011,-59.4504,-250.1374,-145.3206
472.0000,0.2764,-0.2773,0.3562,-56.4809,-250.1374,-143.7557
475.0000,0.2778,-0.2280,0.2141,-48.6260,-247.2290,-141.2519
513.0000,0.2808,-0.2156,0.2000,-47.7176,-242.4198,-138.9618
453.0000,0.2896,-0.2046,0.1978,-55.4122,-239.2214,-138.3740
562.0000,0.3306,-0.1238,0.1292,-53.6718,-237.3511,-137.2977
482.0000,0.3625,-0.1321,0.1306,-58.2824,-233.2748,-135.9008
393.0000,0.3794,-0.1145,0.1426,-72.4962,-226.3511,-135.1603
573.0000,0.4312,-0.0640,0.0171,-77.8626,-220.8473,-134.0458
412.0000,0.4490,-0.0693,0.0120,-85.6641,-217.4656,-131.5038
540.0000,0.4836,-0.0911,0.0027,-103.2290,-207.9389,-129.6412
420.0000,0.5557,-0.0417,-0.0898,-103.4580,-199.1985,-125.9008
492.0000,0.5847,-0.0740,-0.1309,-97.2366,-189.7328,-121.2595
461.0000,0.6211,-0.0503,-0.1477,-88.7099,-182.2443,-116.6718
550.0000,0.6814,-0.0098,-0.1792,-69.8321,-174.1069,-111.5878
450.0000,0.7190,-0.0212,-0.2307,-49.2672,-164.9160,-106.3130
473.0000,0.7771,-0.0132,-0.2864,-29.2061,-154.2214,-100.0687
455.0000,0.8381,0.0474,-0.3606,-8.7863,-140.5725,-91.2824
488.0000,0.8657,0.0779,-0.4519,4.4580,-124.0916,-81.7939
472.0000,0.8782,0.1089,-0.5054,13.5649,-108.7557,-71.7786
467.0000,0.8984,0.1272,-0.5625,19.6870,-93.1069,-62.1145
471.0000,0.9309,0.1611,-0.6184,22.2290,-77.2519,-52.8931
505.0000,0.9561,0.2122,-0.6833,25.8550,-62.5954,-42.5115
469.0000,0.9758,0.2358,-0.7170,23.8244,-48.1985,-32.0076
477.0000,0.9827,0.2190,-0.6831,16.2672,-32.6718,-22.3740
440.0000,0.9973,0.1917,-0.6323,7.2901,-15.3969,-12.6183
476.0000,1.0039,0.1433,-0.6177,-0.3969,2.7176,-3.0000
479.0000,1.0120,0.1013,-0.5754,-7.8855,21.8321,6.0000
458.0000,0.9983,0.0564,-0.5378,-10.0763,35.7939,14.2519
516.0000,0.9783,0.0181,-0.4780,-10.8321,44.9466,22.2137
457.0000,0.9878,-0.0166,-0.4155,-10.6260,53.2901,29.9237
486.0000,0.9692,-0.0317,-0.3682,-8.0229,60.2748,36.4198
534.0000,0.9543,-0.0710,-0.3005,-2.9847,64.4198,41.5420
477.0000,0.9429,-0.1143,-0.2429,3.5038,69.7023,45.8015
484.0000,0.9419,-0.1304,-0.1890,11.3206,75.9618,49.6031
483.0000,0.9365,-0.1484,-0.1724,20.7405,81.3970,53.2595
501.0000,0.9373,-0.1409,-0.1699,29.7099,84.2290,56.8931
486.0000,0.9307,-0.1323,-0.1909,36.9771,87.8473,60.5649
510.0000,0.9404,-0.1211,-0.2229,43.1145,93.5038,63.6641
483.0000,0.9360,-0.1145,-0.2295,45.5420,99.0382,66.5954
489.0000,0.9290,-0.1118,-0.1990,41.4275,108.3206,69.2290
480.0000,0.8994,-0.1287,-0.1851,36.8244,118.3511,71.6260
487.0000,0.8616,-0.1362,-0.1589,36.2061,126.0840,74.8931
499.0000,0.8357,-0.1582,-0.1069,35.0153,132.0076,78.0611
488.0000,0.8010,-0.2134,-0.0110,32.9313,137.9618,80.4198
497.0000,0.7905,-0.2393,0.0447,33.7405,144.2672,82.7252
482.0000,0.7786,-0.2483,0.0754,39.8092,149.3969,85.6870
497.0000,0.7620,-0.2637,0.0676,46.2977,153.5343,89.1069
485.0000,0.7295,-0.2793,0.0898,51.0611,156.8550,91.7252
490.0000,0.7109,-0.2825,0.1216,48.9847,163.4656,92.7863
495.0000,0.7092,-0.2664,0.0840,46.9008,172.4275,94.1527
521.0000,0.6846,-0.2480,0.0339,47.8855,178.9160,95.8015
483.0000,0.6418,-0.2368,0.0254,43.8092,180.6031,97.8779
492.0000,0.5896,-0.2607,0.0828,34.7557,178.6183,97.6412
488.0000,0.5610,-0.3054,0.2014,30.8321,176.9389,97.7863
489.0000,0.5374,-0.3628,0.3186,33.2672,177.4122,99.3970
506.0000,0.5264,-0.3909,0.3962,41.1450,179.2443,100.9084
480.0000,0.5166,-0.4106,0.4751,53.8015,180.9542,104.1298
488.0000,0.5044,-0.4099,0.5376,67.6260,180.7633,104.9924
498.0000,0.4966,-0.4153,0.5588,76.9847,181.4427,105.2595
487.0000,0.5056,-0.4238,0.5737,80.7786,188.6488,104.8931
486.0000,0.5166,-0.3965,0.5339,77.7634,203.2824,105.0153
492.0000,0.4749,-0.3821,0.4392,73.3130,215.7710,104.8092
470.0000,0.3975,-0.3608,0.4053,68.3817,216.3206,104.1450
505.0000,0.3289,-0.3330,0.4087,56.9695,206.0534,100.3130
481.0000,0.2939,-0.3740,0.5039,44.1679,196.3511,97.5344
485.0000,0.2671,-0.4231,0.6289,33.3511,189.9008,94.0382
505.0000,0.2537,-0.4468,0.7256,33.0840,183.5420,91.9771
494.0000,0.2466,-0.4709,0.7959,35.4962,181.3740,92.1145
491.0000,0.2297,-0.5081,0.9106,39.2901,179.4809,91.3435
490.0000,0.1982,-0.5393,1.0200,44.6412,177.9771,89.1679
490.0000,0.2187,-0.5415,1.0122,49.5344,180.7633,88.4580
489.0000,0.2329,-0.5273,0.8611,56.9084,185.8397,89.0763
494.0000,0.1912,-0.5027,0.7537,62.7176,186.6107,88.5573
487.0000,0.1516,-0.4817,0.6975,54.7939,183.3817,84.7405
479.0000,0.1204,-0.4541,0.6877,43.3435,175.4809,80.3817
489.0000,0.0964,-0.4333,0.6934,32.4046,166.3893,76.2443
480.0000,0.0894,-0.4260,0.7566,21.3511,160.2901,73.6794
482.0000,0.0535,-0.4607,0.9214,9.9542,154.4504,71.0153
487.0000,0.0491,-0.4927,1.0029,4.7786,149.1679,70.1374
502.0000,0.0261,-0.5469,1.0676,5.8321,147.1832,70.3130
481.0000,0.0046,-0.5898,1.1409,11.9160,145.7633,70.3588
486.0000,-0.0090,-0.6348,1.2043,21.0534,145.4122,70.1374
495.0000,-0.0168,-0.6641,1.1890,34.0305,142.5802,69.4962
497.0000,-0.0090,-0.6567,1.1118,52.4275,140.9618,69.8015
485.0000,-0.0073,-0.6338,1.0457,65.3740,139.9771,69.0916
496.0000,-0.0068,-0.5862,0.9614,66.8473,138.6870,66.8702
492.0000,0.0117,-0.5415,0.8564,69.3359,135.1145,65.1450
501.0000,-0.0093,-0.4761,0.8132,63.4046,130.3511,62.2366
491.0000,-0.0249,-0.4448,0.8418,49.8473,124.0916,57.4580
486.0000,-0.0471,-0.4346,0.9468,37.1374,117.5420,51.7405
486.0000,-0.0913,-0.4568,1.0684,25.9618,111.6870,46.9389
492.0000,-0.1211,-0.4854,1.1411,17.3359,107.2519,43.1221
478.0000,-0.1455,-0.5251,1.1992,12.3740,103.6565,42.0305
470.0000,-0.1372,-0.5527,1.1904,10.3053,102.4733,41.6260
503.0000,-0.1472,-0.5710,1.1733,8.1603,101.1985,40.5420
491.0000,-0.1445,-0.5703,1.1348,8.9771,98.7481,38.4046
481.0000,-0.1348,-0.5942,1.1165,14.3359,95.9313,36.1603
496.0000,-0.1313,-0.6057,1.1033,16.9237,93.3435,34.4580
485.0000,-0.1289,-0.6123,1.0322,21.9313,90.4275,33.9695
500.0000,-0.1445,-0.5840,0.9480,33.7252,85.5954,34.6489
493.0000,-0.1445,-0.5286,0.8945,39.9618,76.2748,34.6336
489.0000,-0.1453,-0.4871,0.8872,39.5496,66.2748,32.1832
489.0000,-0.1343,-0.4775,0.9202,37.4885,58.9160,28.6183
502.0000,-0.1355,-0.4622,0.9658,34.0153,53.7557,26.2595
488.0000,-0.1350,-0.4565,1.0059,27.9008,50.0534,25.7634
499.0000,-0.1250,-0.4561,1.0454,20.7176,47.6260,25.3359
499.0000,-0.1282,-0.4810,1.0571,15.5267,45.6183,23.7939
516.0000,-0.1218,-0.4954,1.0891,12.2290,45.1908,22.1679
475.0000,-0.1226,-0.4983,1.0715,9.7405,45.8931,20.4656
502.0000,-0.1255,-0.4985,1.0193,11.1756,44.9924,19.7634
466.0000,-0.1377,-0.4941,0.9861,10.4427,44.4046,19.6489
496.0000,-0.1382,-0.4592,0.9185,6.3969,44.5344,19.0000
495.0000,-0.1477,-0.4128,0.8293,6.1985,42.0076,17.8473
499.0000,-0.1609,-0.3794,0.8015,5.5344,36.8702,15.7481
489.0000,-0.1538,-0.3503,0.7888,0.8550,30.0916,13.3511
488.0000,-0.1519,-0.3447,0.7998,-4.0916,24.0916,11.0153
487.0000,-0.1458,-0.3604,0.8342,-7.1527,19.9771,8.7176
494.0000,-0.1475,-0.3921,0.8694,-8.1069,17.5191,8.2366
510.0000,-0.1428,-0.4260,0.8997,-7.0305,16.0992,9.1527
496.0000,-0.1379,-0.4399,0.9509,-4.4656,16.6336,10.8397
485.0000,-0.1423,-0.4397,0.9717,-1.1679,18.6641,11.9618
514.0000,-0.1396,-0.4297,0.9722,2.1756,21.1756,12.9237
493.0000,-0.1401,-0.4146,0.9482,5.2595,23.3969,13.9389
489.0000,-0.1560,-0.4063,0.9172,6.7328,24.5420,14.6718
504.0000,-0.1609,-0.3992,0.8987,8.1603,24.9160,15.0382
494.0000,-0.1589,-0.3882,0.8682,9.2977,24.7023,14.7939
500.0000,-0.1597,-0.3789,0.8489,10.3511,23.4733,14.7863
503.0000,-0.1545,-0.3782,0.8406,12.0458,21.6107,14.2214
452.0000,-0.1489,-0.3738,0.8428,13.0763,20.2443,13.7405
526.0000,-0.1477,-0.3650,0.8423,13.6565,19.3664,13.0305
512.0000,-0.1355,-0.3691,0.8525,14.5954,20.0229,13.2290
498.0000,-0.1333,-0.3738,0.8574,17.3053,21.8015,13.4504
483.0000,-0.1387,-0.3887,0.8669,21.5344,23.7557,13.5954
518.0000,-0.1455,-0.3926,0.8684,25.3359,26.2137,14.0840
556.0000,-0.1514,-0.3884,0.8601,26.8321,28.3588,14.4198
455.0000,-0.1624,-0.3994,0.8643,26.5954,29.5649,13.7099
524.0000,-0.1995,-0.3887,0.8577,23.1985,26.3969,11.5496
519.0000,-0.2397,-0.3723,0.8669,16.7023,18.4504,8.0840
523.0000,-0.2627,-0.3760,0.9241,9.4962,8.3664,3.5115
460.0000,-0.2563,-0.4006,0.9900,3.5725,-1.5954,-0.8321
490.0000,-0.2415,-0.4207,1.0579,2.1908,-9.3588,-3.7863
368.0000,-0.2295,-0.4375,1.0850,2.5038,-13.1603,-5.2137
590.0000,-0.2217,-0.4709,1.0830,5.6489,-15.0076,-4.2519
472.0000,-0.2024,-0.4680,1.0732,8.8473,-15.8550,-3.0000
424.0000,-0.1982,-0.4541,1.0627,11.4962,-15.3588,-2.1679
557.0000,-0.1946,-0.4194,1.0244,14.3206,-13.3206,-2.4122
413.0000,-0.1860,-0.3867,0.9880,17.7557,-13.0840,-2.7328
509.0000,-0.1970,-0.3621,0.9705,19.3282,-16.4122,-3.7863
536.0000,-0.2266,-0.3367,0.9902,17.3130,-21.9847,-5.8168
467.0000,-0.2458,-0.3096,1.0051,11.1603,-28.2672,-8.9237
482.0000,-0.2803,-0.2725,1.0254,-0.6947,-36.4733,-13.0153
501.0000,-0.3040,-0.2637,1.0532,-19.1221,-45.5420,-16.5649
540.0000,-0.3208,-0.2852,1.1294,-41.1145,-54.7634,-21.1908
483.0000,-0.3191,-0.3293,1.2046,-61.2290,-63.1679,-25.7634
470.0000,-0.3184,-0.4172,1.2908,-74.8931,-70.9313,-29.9847
449.0000,-0.3345,-0.5251,1.3472,-80.5038,-78.2366,-34.4504
528.0000,-0.3464,-0.5654,1.3694,-79.9389,-86.0611,-38.4733
508.0000,-0.3379,-0.5876,1.3682,-74.2901,-94.5115,-42.9237
528.0000,-0.3438,-0.6025,1.3540,-69.5802,-103.3130,-47.6489
540.0000,-0.3367,-0.5857,1.3442,-66.0916,-112.7023,-51.9008
456.0000,-0.3364,-0.5862,1.3262,-66.1450,-120.9924,-56.3588
510.0000,-0.3232,-0.5803,1.3313,-67.7863,-129.0840,-60.3664
435.0000,-0.3110,-0.5845,1.3608,-68.2137,-139.0840,-64.0763
549.0000,-0.3162,-0.6389,1.3999,-67.9389,-149.3130,-69.3206
513.0000,-0.3083,-0.6748,1.3975,-63.6794,-158.9389,-73.4580
442.0000,-0.3025,-0.6580,1.3550,-59.7863,-168.9237,-74.9618
547.0000,-0.2854,-0.6125,1.3547,-62.1756,-178.7176,-77.6947
522.0000,-0.2551,-0.5881,1.3188,-69.0687,-188.6260,-82.1603
433.0000,-0.2300,-0.5903,1.2725,-75.5649,-198.6565,-87.5802
528.0000,-0.1934,-0.5913,1.2239,-84.0840,-206.3969,-93.0534
471.0000,-0.1653,-0.6096,1.2224,-95.6336,-213.9847,-98.6718
491.0000,-0.1277,-0.6262,1.1489,-104.7099,-220.0153,-104.7634
506.0000,-0.0911,-0.6614,1.0310,-110.6565,-224.7176,-109.9313
522.0000,-0.0845,-0.6982,1.0076,-117.4428,-230.6870,-114.0382
548.0000,-0.0715,-0.7085,1.0361,-127.2748,-235.0916,-118.4580
480.0000,-0.0483,-0.7063,1.0322,-131.9160,-237.8550,-122.0687
517.0000,-0.0349,-0.7161,0.9900,-129.8092,-240.1832,-125.5267
389.0000,-0.0107,-0.6868,0.9783,-125.4198,-241.7252,-128.1603
582.0000,0.0037,-0.6680,0.9617,-120.6412,-244.3588,-131.4733
456.0000,0.0474,-0.6296,0.9006,-117.5725,-242.1832,-135.5649
506.0000,0.0854,-0.6172,0.8040,-114.0153,-241.5572,-141.3664
540.0000,0.1299,-0.5906,0.7314,-108.0687,-241.0763,-144.8779
512.0000,0.1179,-0.6309,0.7263,-105.3588,-242.8244,-150.3511
513.0000,0.1274,-0.5288,0.6248,-97.1145,-245.4351,-153.5649
479.0000,0.1636,-0.4583,0.5076,-85.9618,-248.5954,-155.1908
514.0000,0.1792,-0.4160,0.4260,-82.2824,-250.1374,-157.5496
484.0000,0.2104,-0.3826,0.4128,-81.1221,-250.1374,-160.7939
507.0000,0.2429,-0.3359,0.3755,-83.1145,-250.1374,-162.8855
461.0000,0.2949,-0.3188,0.3616,-85.8473,-250.1374,-163.2214
452.0000,0.2869,-0.2949,0.3579,-91.4275,-246.6183,-164.6107
523.0000,0.3250,-0.2104,0.2927,-90.0611,-244.8092,-162.2672
503.0000,0.3347,-0.2549,0.2910,-88.3664,-240.3969,-159.5572
452.0000,0.3142,-0.2976,0.3140,-89.6870,-235.5572,-159.5802
527.0000,0.3535,-0.2246,0.2097,-80.8626,-229.3359,-155.9313
549.0000,0.3804,-0.2466,0.1963,-74.4580,-217.9847,-151.1908
482.0000,0.3574,-0.2576,0.1658,-74.7328,-211.0382,-149.9695
495.0000,0.3914,-0.1562,0.0593,-57.8473,-209.5038,-145.7557
468.0000,0.3821,-0.1724,0.0315,-50.2366,-208.9313,-141.7939
480.0000,0.4136,-0.0896,0.0015,-49.4504,-209.8092,-140.0305
558.0000,0.4819,-0.0327,-0.0454,-38.7710,-207.1145,-137.5343
457.0000,0.5056,-0.1094,-0.0271,-39.5115,-201.4809,-135.4886
448.0000,0.5386,-0.0632,-0.0593,-39.9695,-197.8321,-131.9924
523.0000,0.5972,-0.0398,-0.0991,-32.1221,-192.7863,-126.5115
474.0000,0.6375,-0.0415,-0.1165,-33.0916,-185.2137,-121.8626
455.0000,0.6865,-0.0273,-0.1404,-32.4885,-176.4580,-117.9924
508.0000,0.7424,-0.0413,-0.2461,-22.5878,-167.7557,-113.1069
509.0000,0.7737,-0.0134,-0.3711,-8.6260,-158.9771,-104.3435
395.0000,0.8013,0.0381,-0.4553,2.5725,-152.3969,-94.9008
499.0000,0.8242,0.0652,-0.4875,13.1985,-143.0840,-88.2977
500.0000,0.8638,0.0901,-0.5769,25.7405,-135.0992,-82.7939
499.0000,0.9016,0.1465,-0.6650,41.8015,-127.7481,-74.7481
491.0000,0.9265,0.2029,-0.7200,51.1679,-116.4198,-65.0611
482.0000,0.9390,0.2439,-0.7498,56.1756,-102.8626,-54.7557
513.0000,0.9460,0.2307,-0.7932,55.0687,-86.6412,-44.6641
486.0000,1.0559,0.3335,-0.8430,14.9008,-52.1679,-33.9008
495.0000,0.9346,0.2505,-0.7490,19.3893,-34.2443,-21.5114
489.0000,0.9673,0.2375,-0.7195,14.8779,-2.9237,-10.8702
486.0000,0.9775,0.2112,-0.7031,22.1985,9.2214,0.4275
486.0000,0.9858,0.1582,-0.6770,35.8321,29.3359,12.2748
547.0000,0.9397,0.1128,-0.6689,45.6565,40.4580,22.5573
479.0000,0.8994,0.0940,-0.5723,42.8168,44.1603,30.5420
494.0000,0.9050,0.0649,-0.5303,34.2443,54.8931,37.9847
479.0000,0.9258,-0.0051,-0.4983,41.5496,77.1603,45.2519
510.0000,0.9407,-0.0320,-0.4553,32.6489,103.0840,53.2595
509.0000,0.9209,-0.0530,-0.3867,19.0000,124.6489,59.8702
490.0000,0.8691,-0.0859,-0.3291,19.3511,133.5649,65.9466
491.0000,0.8501,-0.1182,-0.2727,27.4427,136.4962,71.7405
486.0000,0.8450,-0.1091,-0.2603,38.8550,137.7176,75.4733
543.0000,0.8506,-0.1099,-0.2385,54.3053,140.3282,78.4504
497.0000,0.8433,-0.1311,-0.1865,60.9618,145.3130,80.3740
493.0000,0.8345,-0.1348,-0.1509,59.4809,151.8015,81.3359
498.0000,0.8320,-0.1196,-0.1372,55.6031,159.9924,83.6947
484.0000,0.8167,-0.1155,-0.0972,52.1756,164.9237,86.5802
502.0000,0.7864,-0.1423,-0.0249,48.0916,166.0229,88.3740
480.0000,0.7656,-0.1877,0.0562,46.1603,168.4427,88.9160
510.0000,0.7688,-0.2085,0.0825,46.4122,172.2443,89.3740
509.0000,0.7629,-0.2192,0.1021,45.6641,175.8015,90.4046
491.0000,0.7573,-0.2136,0.1228,41.6412,178.4351,91.8779
508.0000,0.7476,-0.2327,0.1787,34.4962,180.6412,92.5420
512.0000,0.7397,-0.2732,0.2271,30.5344,183.7863,93.0458
504.0000,0.7388,-0.3057,0.2227,31.4580,187.4886,93.8015
471.0000,0.7148,-0.3152,0.2388,36.7176,188.4427,95.4962
492.0000,0.6831,-0.3359,0.2703,45.1374,186.1298,95.8550
495.0000,0.6758,-0.3591,0.3047,52.3282,183.5420,95.9389
498.0000,0.6733,-0.3506,0.3066,61.9924,182.3130,96.0382
507.0000,0.6587,-0.3533,0.3394,69.3206,182.1069,95.9924
485.0000,0.6196,-0.3557,0.3887,69.9924,181.3053,94.7252
518.0000,0.5969,-0.3467,0.4041,71.3893,178.8092,94.1450
512.0000,0.5847,-0.3484,0.4348,70.4504,176.8931,93.5038
488.0000,0.5833,-0.3506,0.4863,67.0534,176.6870,92.3664
499.0000,0.5520,-0.4124,0.5945,60.8473,177.4809,89.6107
515.0000,0.5420,-0.4172,0.6262,59.5725,177.8626,87.2443
488.0000,0.5417,-0.4089,0.5947,62.7023,177.2595,86.6565
499.0000,0.5232,-0.4114,0.5913,55.0916,181.9847,86.9237
507.0000,0.5090,-0.3713,0.5151,44.9160,186.7099,85.6870
524.0000,0.4739,-0.3491,0.4399,42.5038,185.2901,84.9618
489.0000,0.4104,-0.3489,0.4229,31.1756,181.0611,83.8092
501.0000,0.3755,-0.3652,0.4636,14.5878,174.9313,81.3206
499.0000,0.3672,-0.3613,0.5195,5.9008,169.4656,79.8473
511.0000,0.3635,-0.3701,0.5469,4.0076,165.7863,79.8397
504.0000,0.3167,-0.4109,0.6250,2.4962,163.4275,80.1832
489.0000,0.2800,-0.4746,0.7830,0.4122,160.8550,79.0076
505.0000,0.2700,-0.5012,0.8513,3.5115,158.7099,78.2672
508.0000,0.2681,-0.5181,0.8694,12.5191,160.6031,79.7786
495.0000,0.2693,-0.5271,0.8635,21.2901,163.7557,81.5038
504.0000,0.2539,-0.5276,0.8745,21.4198,169.6717,82.4886
509.0000,0.2639,-0.5015,0.7832,24.8931,174.4504,82.5573
488.0000,0.2212,-0.4927,0.7075,30.4198,175.2443,81.2977
471.0000,0.1606,-0.4912,0.7107,27.9313,169.4962,77.5038
546.0000,0.1267,-0.4595,0.7261,23.4733,160.0000,73.6718
490.0000,0.1230,-0.4502,0.7612,20.9313,152.7252,70.8321
501.0000,0.1104,-0.4658,0.7969,17.9389,147.1832,68.5573
507.0000,0.1135,-0.4658,0.8091,16.1527,142.7252,67.3511
498.0000,0.1030,-0.5027,0.8721,12.7252,139.9542,66.9160
491.0000,0.0891,-0.5178,0.9094,10.3969,139.7328,66.2977
518.0000,0.0891,-0.5330,0.9248,11.9695,140.4046,66.6107
487.0000,0.0850,-0.5439,0.9128,15.2519,141.6488,67.3359
524.0000,0.0842,-0.5242,0.9021,19.2061,143.4275,67.8931
517.0000,0.0864,-0.5005,0.8723,22.9008,145.2595,67.6870
491.0000,0.0654,-0.4792,0.8564,23.1832,146.5267,66.8244
532.0000,0.0444,-0.4875,0.8689,15.4733,149.6260,64.7939
512.0000,0.0000,-0.5095,0.8762,11.6183,152.8626,64.1374
491.0000,-0.0608,-0.5408,0.8726,13.6641,152.5267,63.0076
504.0000,-0.1045,-0.5234,0.8992,17.7176,147.4351,62.0687
515.0000,-0.1265,-0.5125,0.8862,23.0763,138.5496,60.6718
494.0000,-0.1238,-0.5142,0.8799,29.1985,131.5954,59.2366
508.0000,-0.1113,-0.5383,0.9197,33.9771,126.7634,57.9160
516.0000,-0.1206,-0.5696,1.0205,35.2748,124.3053,55.4198
498.0000,-0.1316,-0.5786,1.0637,37.5267,122.7557,53.3588
489.0000,-0.1484,-0.5950,1.1394,43.3969,123.9084,52.1221
523.0000,-0.1941,-0.6145,1.2310,47.0840,124.7176,50.1527
499.0000,-0.2412,-0.6145,1.2622,54.3511,122.6260,48.3206
513.0000,-0.2712,-0.6155,1.2502,60.9160,121.3740,46.7023
506.0000,-0.3127,-0.5452,1.1965,60.7328,121.6641,44.2748
486.0000,-0.3337,-0.4431,1.0576,63.6183,117.1908,42.4275
524.0000,-0.3584,-0.3706,1.0015,59.5649,105.4122,38.9924
518.0000,-0.3384,-0.3362,0.9451,43.4580,91.9466,32.0534
481.0000,-0.3083,-0.3989,0.9543,27.2824,76.7557,22.5954
498.0000,-0.2776,-0.4658,0.9875,16.5878,65.4198,14.8931
528.0000,-0.2446,-0.5190,1.0513,10.4733,56.7710,12.1908
503.0000,-0.2312,-0.5852,1.1021,7.3359,49.0840,12.6641
496.0000,-0.2070,-0.6177,1.1768,9.5496,42.1985,13.4351
523.0000,-0.1726,-0.6245,1.2251,16.5878,37.8626,16.0992
488.0000,-0.1689,-0.6187,1.2275,24.0992,37.8321,19.0840
506.0000,-0.1492,-0.5813,1.1978,28.7328,36.8931,19.9847
520.0000,-0.1248,-0.5469,1.1738,31.2595,33.0992,19.9466
487.0000,-0.1006,-0.5339,1.1282,31.5191,30.3893,19.5191
508.0000,-0.0808,-0.5125,1.0808,31.0305,29.5038,18.5496
516.0000,-0.0806,-0.4988,1.0554,30.0534,29.6336,18.6794
496.0000,-0.0823,-0.4744,1.0020,28.3664,29.4580,18.8931
478.0000,-0.0815,-0.4475,0.9526,27.8550,28.4198,18.2366
516.0000,-0.0896,-0.4277,0.9172,24.7786,27.5573,17.2977
517.0000,-0.0991,-0.4148,0.8838,21.4351,26.4580,15.9542
453.0000,-0.1233,-0.4084,0.8606,19.0763,26.4351,14.1069
526.0000,-0.1479,-0.4165,0.8557,17.5649,25.0763,12.3282
509.0000,-0.1694,-0.4084,0.8420,17.0458,24.0763,11.0840
481.0000,-0.1831,-0.4063,0.8391,16.3817,23.0229,10.4198
545.0000,-0.1917,-0.4014,0.8418,16.8473,22.6641,10.1603
484.0000,-0.2202,-0.4138,0.8416,18.8397,20.5878,9.7557
492.0000,-0.2317,-0.4087,0.8760,19.1679,18.9771,8.5115
498.0000,-0.2632,-0.3914,0.9111,19.6412,14.9313,7.2366
504.0000,-0.2759,-0.3672,0.9324,19.5496,11.2519,5.7176
477.0000,-0.2639,-0.3340,0.9309,18.0000,8.5267,4.5878
512.0000,-0.2610,-0.3140,0.9185,15.7634,5.8244,3.8702
445.0000,-0.2573,-0.2896,0.9028,12.8321,2.9389,3.1603
564.0000,-0.2559,-0.2537,0.8918,9.2977,1.5573,2.0458
503.0000,-0.2329,-0.2341,0.8901,4.8168,1.1069,0.5725
453.0000,-0.2236,-0.2378,0.8799,0.2824,0.2061,-0.6107
481.0000,-0.2190,-0.2405,0.8704,-4.3740,-1.1832,-1.0458
514.0000,-0.2029,-0.2622,0.8521,-7.8550,-2.5267,-1.7328
508.0000,-0.2078,-0.2781,0.8574,-11.8015,-4.0992,-2.2824
481.0000,-0.2024,-0.3140,0.8674,-13.2595,-5.5802,-3.1145
510.0000,-0.2139,-0.3394,0.8770,-13.3893,-6.7405,-3.4351
505.0000,-0.2112,-0.3459,0.8755,-13.2672,-8.1069,-2.8702
502.0000,-0.2227,-0.3579,0.8811,-14.1603,-9.7405,-2.8397
537.0000,-0.2195,-0.3743,0.9260,-15.9008,-12.2137,-3.5191
457.0000,-0.2239,-0.3806,0.9832,-16.5878,-14.9466,-4.7710
477.0000,-0.2363,-0.3896,1.0095,-15.9466,-18.6107,-6.9695
457.0000,-0.2451,-0.3872,1.0178,-14.3282,-23.1679,-9.0076
537.0000,-0.2429,-0.3762,1.0518,-16.0992,-28.9618,-10.4198
468.0000,-0.2517,-0.3794,1.0859,-22.5573,-34.9847,-12.7557
519.0000,-0.2424,-0.3997,1.1091,-30.3435,-41.2977,-15.4351
454.0000,-0.2480,-0.4297,1.1409,-39.0229,-46.9466,-18.2443
535.0000,-0.2568,-0.4512,1.1638,-47.6031,-52.8015,-21.4809
496.0000,-0.2717,-0.4829,1.1963,-53.1527,-58.7634,-24.6031
499.0000,-0.2783,-0.5198,1.2209,-55.7405,-65.4198,-26.9771
482.0000,-0.2776,-0.5435,1.2402,-56.7405,-73.4351,-30.0000
424.0000,-0.2690,-0.5598,1.2612,-56.2519,-82.3206,-34.3053
621.0000,-0.2512,-0.5671,1.2859,-57.5115,-90.0305,-37.1908
520.0000,-0.2725,-0.5830,1.3582,-59.9466,-97.3588,-39.2214
433.0000,-0.3013,-0.6370,1.4143,-60.7099,-104.9924,-42.5115
530.0000,-0.3267,-0.6709,1.4133,-58.0000,-111.0687,-45.9237
485.0000,-0.3435,-0.6621,1.4248,-52.8855,-118.5954,-48.9466
499.0000,-0.3665,-0.6541,1.4204,-49.4656,-129.3588,-53.3664
517.0000,-0.3926,-0.6501,1.3962,-49.0763,-140.8550,-59.2290
525.0000,-0.3916,-0.6470,1.3586,-49.0382,-151.8244,-64.7863
460.0000,-0.3850,-0.6362,1.3206,-53.3817,-162.2519,-69.6947
365.0000,-0.3589,-0.6123,1.2827,-60.9160,-173.2137,-74.5420
627.0000,-0.3350,-0.5986,1.2705,-67.1374,-184.4809,-79.3511
452.0000,-0.3215,-0.6531,1.3225,-71.9847,-196.1603,-85.8855
386.0000,-0.3276,-0.6777,1.3345,-74.2519,-207.5114,-92.9618
517.0000,-0.3132,-0.6973,1.3032,-71.7176,-217.5954,-97.0687
455.0000,-0.2979,-0.7122,1.3042,-70.2824,-224.6794,-101.2290
497.0000,-0.2905,-0.6758,1.2888,-68.4580,-232.9237,-105.1221
498.0000,-0.2598,-0.6316,1.2163,-68.1298,-239.3053,-108.3053
582.0000,-0.2463,-0.5874,1.1348,-72.3664,-244.6412,-112.8550
531.0000,-0.2410,-0.5474,1.0615,-81.6870,-250.1374,-118.3435
452.0000,-0.1997,-0.5039,0.9612,-89.8779,-250.1374,-121.7863
528.0000,-0.1685,-0.4917,0.9207,-95.6260,-250.1374,-124.9313
473.0000,-0.1636,-0.5432,0.9431,-101.3588,-250.1374,-130.2519
456.0000,-0.1379,-0.5264,0.8528,-97.6183,-250.1374,-135.0611
580.0000,-0.0952,-0.4929,0.7720,-84.6336,-250.1374,-136.5496
548.0000,-0.0793,-0.5083,0.7766,-75.6718,-250.1374,-138.2061
447.0000,-0.0234,-0.5012,0.6970,-68.0153,-250.1374,-140.0611
568.0000,0.0261,-0.4294,0.6196,-56.5344,-250.1374,-139.6947
488.0000,0.0427,-0.4617,0.6445,-54.3817,-250.1374,-139.6260
490.0000,0.0125,-0.4612,0.6868,-62.9008,-250.1374,-142.1450
425.0000,0.0635,-0.3416,0.5415,-54.9847,-250.1374,-140.6870
582.0000,0.0913,-0.2310,0.3743,-52.2901,-250.1374,-138.0153
445.0000,0.1277,-0.1392,0.2615,-59.3740,-250.1374,-137.3282
455.0000,0.1736,-0.1025,0.1902,-69.7557,-250.1374,-139.5725
532.0000,0.2441,-0.0808,0.0906,-82.6794,-250.1374,-140.9008
521.0000,0.3127,-0.0730,0.0391,-98.3435,-250.1374,-139.7405
479.0000,0.3318,-0.0881,0.0657,-114.4122,-250.1374,-139.6947
472.0000,0.3640,-0.0264,-0.0024,-118.1756,-250.1374,-137.1908
558.0000,0.4250,-0.0459,-0.0698,-111.2519,-250.1374,-132.1985
459.0000,0.4600,-0.0852,-0.0916,-101.3664,-250.1374,-126.5115
436.0000,0.5142,-0.0801,-0.1240,-86.5496,-241.6641,-121.8473
500.0000,0.5657,-0.0378,-0.2205,-62.7786,-228.1450,-116.5725
478.0000,0.6172,-0.0706,-0.2046,-42.5344,-211.6488,-109.4580
476.0000,0.6409,-0.0359,-0.2563,-31.7252,-194.5343,-103.1450
554.0000,0.6887,0.0610,-0.4182,-11.9466,-179.3893,-94.9313
537.0000,0.7085,0.0823,-0.5046,4.0840,-164.1908,-85.8321
470.0000,0.7188,0.0500,-0.5398,4.6412,-150.3817,-78.8779
513.0000,0.7532,0.1213,-0.6274,8.1298,-135.5191,-72.0534
520.0000,0.7954,0.1272,-0.6880,9.9542,-119.7023,-64.5878
432.0000,0.7998,0.1440,-0.7192,2.6412,-108.7252,-57.1832
524.0000,0.8203,0.1572,-0.7080,-3.9847,-98.6870,-50.0458
478.0000,0.8430,0.1284,-0.6335,-13.6565,-89.5191,-44.7557
495.0000,0.9019,0.1116,-0.5852,-23.6031,-75.1145,-38.1221
471.0000,0.9292,0.0569,-0.5469,-33.1221,-56.9237,-30.4733
505.0000,0.9448,0.0361,-0.5298,-39.6641,-37.9542,-22.1679
504.0000,0.9529,-0.0183,-0.5288,-36.9771,-21.1756,-13.9466
503.0000,0.9541,-0.0557,-0.5256,-27.7481,-7.7328,-5.8931
484.0000,0.9631,-0.0647,-0.5247,-12.4275,1.8702,0.7557
540.0000,0.9756,-0.0571,-0.5366,3.9847,12.6260,7.7939
468.0000,0.9939,-0.0623,-0.5430,17.6489,24.9160,14.7863
496.0000,0.9944,-0.0791,-0.4980,25.6489,38.5573,20.1985
492.0000,1.0005,-0.0710,-0.4448,32.1985,52.7786,24.5802
480.0000,1.0203,-0.0637,-0.4304,39.7939,64.2061,30.0229
553.0000,1.0198,-0.1174,-0.4148,44.9237,76.3435,36.6947
484.0000,1.0134,-0.1572,-0.3718,47.7328,87.8473,42.2901
496.0000,1.0154,-0.1792,-0.3716,50.3206,102.9924,46.8779
491.0000,0.9890,-0.1860,-0.3359,50.3893,113.1298,49.6870
494.0000,0.9805,-0.1536,-0.3408,51.7710,121.0840,52.0840
503.0000,0.9685,-0.1357,-0.3440,49.3588,128.5267,54.5038
492.0000,0.9565,-0.1118,-0.3516,44.3206,135.8015,57.1069
467.0000,0.9402,-0.0823,-0.3704,40.0076,141.8473,60.0763
506.0000,0.8982,-0.1055,-0.3818,35.5725,144.3511,63.2977
491.0000,0.8848,-0.1042,-0.3340,30.0916,150.4122,66.7328
493.0000,0.8635,-0.1118,-0.2444,23.5573,158.8015,69.7710
496.0000,0.8499,-0.1091,-0.1462,16.5191,171.4962,72.7099
497.0000,0.8503,-0.1135,-0.1184,13.5344,184.1069,76.9313
492.0000,0.8113,-0.1533,-0.0840,11.1527,196.5878,81.7481
493.0000,0.7695,-0.1899,-0.0430,8.8321,207.2824,86.2061
508.0000,0.7185,-0.2114,-0.0190,12.3206,215.1985,90.3053
486.0000,0.6636,-0.2468,0.0127,18.2595,218.3817,94.2366
507.0000,0.6213,-0.2678,0.0591,22.5114,218.4122,97.8550
494.0000,0.5784,-0.3076,0.1289,27.0229,218.3130,100.0229
512.0000,0.5374,-0.3308,0.1863,32.4351,219.2366,101.5267
498.0000,0.5188,-0.3320,0.2241,39.3664,220.5114,105.7405
499.0000,0.5017,-0.3323,0.2927,43.7863,223.8168,105.2061
480.0000,0.4736,-0.3362,0.3616,43.0611,231.1450,105.4198
482.0000,0.4421,-0.3252,0.3750,48.8015,236.4962,105.3970
497.0000,0.3848,-0.3384,0.3938,58.4198,235.2443,107.8473
514.0000,0.3198,-0.3550,0.4500,62.6336,228.2519,104.4962
491.0000,0.2935,-0.3513,0.5186,65.8244,220.9160,104.3588
482.0000,0.2520,-0.3887,0.5964,67.6794,215.1450,102.2366
524.0000,0.2231,-0.4016,0.6624,65.9237,210.5878,99.3053
502.0000,0.1968,-0.4058,0.7146,60.7252,204.6870,98.7099
505.0000,0.1909,-0.4253,0.8149,51.8550,200.7633,98.4657
497.0000,0.1855,-0.4250,0.9114,42.8779,199.7786,98.9542
485.0000,0.1885,-0.4707,1.0083,37.3664,203.7099,98.3283
514.0000,0.1807,-0.4490,0.9963,40.3740,206.0458,97.7099
495.0000,0.1460,-0.4485,0.9941,48.5115,201.7176,97.1374
502.0000,0.1194,-0.4294,1.0305,47.5191,194.1832,95.3817
498.0000,0.1257,-0.4041,1.0139,45.8779,189.8855,92.9313
496.0000,0.1274,-0.4055,0.9021,47.4046,187.4656,90.7863
500.0000,0.0933,-0.4023,0.8188,45.4656,182.5878,88.3435
500.0000,0.0549,-0.4514,0.8567,34.8244,176.3206,84.8321
475.0000,0.0193,-0.4971,0.9016,24.4656,169.7405,81.7939
516.0000,0.0039,-0.5278,0.8809,24.1756,164.1069,81.1450
517.0000,0.0032,-0.5105,0.8811,25.0763,160.0076,82.6718
490.0000,-0.0066,-0.5278,0.9907,21.7023,158.6565,81.3970
476.0000,-0.0286,-0.5664,1.1162,21.4504,156.4504,77.3740
511.0000,-0.0361,-0.5828,1.1328,28.0305,155.5496,74.8779
521.0000,-0.0471,-0.5698,1.1284,38.7023,157.3588,75.0229
493.0000,-0.0674,-0.5864,1.2100,43.1985,161.6947,73.6641
493.0000,-0.0752,-0.5808,1.1775,44.5344,167.1298,71.0305
490.0000,-0.0974,-0.5408,1.0317,55.7634,166.5114,70.2748
492.0000,-0.1404,-0.4993,0.9270,61.0534,158.2519,67.4351
507.0000,-0.1489,-0.4783,0.9104,54.0687,148.1221,61.2672
493.0000,-0.1602,-0.5212,0.9341,45.4504,138.1145,52.9389
465.0000,-0.1611,-0.5435,0.9246,40.7176,128.2443,47.6336
551.0000,-0.1599,-0.5215,0.9075,33.2290,120.5115,45.5878
483.0000,-0.1650,-0.5393,0.9985,23.0611,115.9466,44.2443
504.0000,-0.1990,-0.6147,1.1504,13.4427,111.8626,41.0763
496.0000,-0.2256,-0.6465,1.2295,12.6870,107.8855,39.1374
494.0000,-0.2466,-0.6455,1.2551,17.5114,105.2214,39.0458
500.0000,-0.2444,-0.6169,1.2556,23.6794,103.5725,39.1069
496.0000,-0.2329,-0.5737,1.2373,31.3130,101.4198,38.4733
493.0000,-0.2300,-0.5437,1.1509,40.5725,96.1527,37.3359
501.0000,-0.2039,-0.4985,1.0586,42.3359,90.7023,35.5496
494.0000,-0.1667,-0.4495,0.9727,38.7176,86.0992,32.9160
465.0000,-0.1545,-0.4333,0.9321,32.8626,79.0763,28.8550
527.0000,-0.1597,-0.4468,0.8960,25.3817,71.8779,25.1527
515.0000,-0.1458,-0.4617,0.8848,18.9160,64.1145,21.9924
483.0000,-0.1260,-0.5044,0.9241,14.8473,57.2443,18.6794
498.0000,-0.1218,-0.5315,0.9934,12.4580,53.3435,16.6794
503.0000,-0.1277,-0.5564,1.0251,11.1298,52.0229,17.3359
493.0000,-0.1475,-0.5747,1.0645,10.7023,50.5573,17.8168
513.0000,-0.1575,-0.5803,1.0894,13.6489,48.2061,16.6718
499.0000,-0.1582,-0.5918,1.1223,19.5038,47.8550,16.5191
495.0000,-0.1567,-0.5857,1.1123,23.5954,48.2748,17.6336
493.0000,-0.1602,-0.5562,1.0798,26.2214,47.4122,17.4122
505.0000,-0.1494,-0.5024,1.0571,28.5191,45.2519,16.5191
483.0000,-0.1365,-0.4548,1.0132,27.6718,44.0611,14.5496
507.0000,-0.1396,-0.4238,0.9646,24.3053,43.5649,13.3053
515.0000,-0.1450,-0.3967,0.9233,19.7557,41.6336,12.6260
467.0000,-0.1577,-0.3728,0.8728,15.5573,36.1985,12.2977
523.0000,-0.1504,-0.3596,0.8472,12.3053,34.3588,11.0382
520.0000,-0.1565,-0.3623,0.8235,9.5954,38.2977,9.5878
490.0000,-0.1953,-0.3730,0.8105,9.0000,31.9389,8.7557
491.0000,-0.2151,-0.4011,0.8296,10.5496,27.5191,7.7023
490.0000,-0.2417,-0.4253,0.8696,12.5191,22.8473,6.0916
502.0000,-0.2698,-0.4236,0.9143,11.5420,15.0992,4.4046
451.0000,-0.2798,-0.4253,0.9687,9.2366,6.9237,2.8931
529.0000,-0.2712,-0.4204,1.0093,7.4885,-0.5420,0.9313
489.0000,-0.2612,-0.3987,1.0376,7.0000,-6.9084,-0.8321
489.0000,-0.2471,-0.3887,1.0308,7.9084,-10.5420,-1.5954
486.0000,-0.2268,-0.3574,0.9993,8.0153,-11.5496,-1.5649
490.0000,-0.1980,-0.3394,0.9653,6.5878,-10.0763,-1.4962
456.0000,-0.1787,-0.3206,0.9353,4.9466,-7.1221,-0.9924
512.0000,-0.1792,-0.2986,0.8879,3.8092,-5.3130,-0.0534
478.0000,-0.1553,-0.2825,0.8230,2.4962,-2.8168,0.2137
500.0000,-0.1345,-0.2729,0.7922,2.6031,-1.4275,0.3053
496.0000,-0.1423,-0.2722,0.7759,1.6412,-0.5878,0.1221
500.0000,-0.1401,-0.2576,0.7690,0.2290,0.3969,-0.5496
515.0000,-0.1499,-0.2744,0.7363,1.0305,1.0000,-0.3588
479.0000,-0.1533,-0.2598,0.7593,0.1603,-0.3817,-0.0305
423.0000,-0.1641,-0.2566,0.7996,-2.4733,-3.1756,-0.8779
537.0000,-0.1528,-0.2861,0.8467,-4.8855,-5.1298,-3.0534
511.0000,-0.1665,-0.3342,0.9106,-7.0687,-6.1908,-3.9618
488.0000,-0.1863,-0.3804,0.9480,-9.9160,-6.2366,-4.1069
464.0000,-0.1970,-0.4116,0.9687,-10.3206,-6.9160,-3.2214
512.0000,-0.1934,-0.4358,0.9917,-10.0687,-8.7634,-2.6107
545.0000,-0.1982,-0.4307,1.0249,-8.4656,-11.4733,-3.3435
508.0000,-0.1960,-0.4355,1.0295,-5.6641,-13.9008,-5.1374
469.0000,-0.1912,-0.4377,1.0256,-2.7557,-15.6870,-6.1679
542.0000,-0.1819,-0.4241,1.0002,-0.8015,-19.0611,-5.8321
454.0000,-0.1858,-0.3962,0.9895,-2.8168,-23.5878,-6.0458
536.0000,-0.1895,-0.3967,0.9985,-7.6870,-29.0992,-7.7481
516.0000,-0.1982,-0.3989,1.0342,-13.4275,-34.6031,-11.0992
441.0000,-0.2046,-0.4272,1.0833,-19.1908,-40.1298,-14.5496
587.0000,-0.2185,-0.4575,1.1096,-23.9466,-45.8626,-17.3053
520.0000,-0.2283,-0.4844,1.1345,-27.5191,-51.9847,-18.8550
460.0000,-0.2217,-0.5022,1.1753,-29.7099,-57.3053,-20.3817
502.0000,-0.2549,-0.5344,1.2063,-29.6412,-62.2214,-22.1603
450.0000,-0.2649,-0.5325,1.2480,-27.9466,-67.6870,-23.4656
556.0000,-0.2671,-0.5212,1.2524,-26.0763,-73.5344,-24.4809
505.0000,-0.2510,-0.5173,1.2275,-26.1145,-79.8244,-27.0000
510.0000,-0.2573,-0.5264,1.2471,-27.0687,-86.6412,-29.8321
489.0000,-0.2942,-0.5400,1.2800,-30.0534,-94.2595,-32.9466
529.0000,-0.3223,-0.5530,1.2798,-33.1374,-102.2824,-34.6641
511.0000,-0.3525,-0.5552,1.2937,-36.1298,-111.0840,-37.9847
400.0000,-0.3586,-0.5381,1.3115,-37.9771,-120.7557,-42.0916
633.0000,-0.3704,-0.5369,1.3171,-41.4198,-130.8321,-45.9771
448.0000,-0.3784,-0.5549,1.3464,-43.9771,-140.8626,-49.6641
511.0000,-0.4370,-0.5762,1.3618,-45.3130,-154.7633,-52.6641
388.0000,-0.3970,-0.5730,1.3445,-46.9771,-164.9924,-55.3359
626.0000,-0.3765,-0.5505,1.3225,-49.5496,-173.5878,-58.3740
494.0000,-0.3638,-0.5439,1.3159,-53.6718,-184.7939,-61.9008
498.0000,-0.3228,-0.5459,1.2834,-56.4656,-194.4046,-66.1145
498.0000,-0.2944,-0.5649,1.2437,-59.6794,-202.1832,-70.5573
495.0000,-0.2756,-0.5513,1.2051,-63.2977,-209.5954,-75.1832
573.0000,-0.2678,-0.5615,1.1736,-68.4428,-217.5572,-80.3588
440.0000,-0.2422,-0.5840,1.1455,-73.6336,-224.3435,-85.0916
556.0000,-0.2209,-0.5881,1.1140,-75.9695,-227.7786,-87.6870
481.0000,-0.2092,-0.5757,1.1489,-75.9847,-233.2519,-90.4657
526.0000,-0.2024,-0.5537,1.1438,-76.1679,-239.6565,-94.1908
549.0000,-0.1782,-0.5247,1.1106,-73.3511,-245.7863,-97.6183
483.0000,-0.1614,-0.4954,1.0605,-73.9237,-249.6412,-102.6107
518.0000,-0.1233,-0.4683,0.9373,-76.5725,-250.1374,-107.3664
495.0000,-0.1089,-0.4497,0.8425,-78.6336,-250.1374,-110.7023
499.0000,-0.0796,-0.4602,0.7612,-87.1985,-250.1374,-114.2901
486.0000,-0.0383,-0.4282,0.7217,-92.9924,-250.1374,-117.6641
544.0000,0.0283,-0.4009,0.6604,-97.1527,-250.1374,-120.4504
516.0000,0.0498,-0.4014,0.6545,-97.3130,-250.1374,-123.2061
528.0000,0.0625,-0.4668,0.6721,-95.8702,-250.1374,-127.9237
484.0000,0.0989,-0.4307,0.6475,-89.2672,-250.1374,-129.7710
519.0000,0.1052,-0.4219,0.6118,-86.8779,-250.1374,-131.2824
565.0000,0.1699,-0.3208,0.4966,-86.0763,-250.1374,-130.8321
478.0000,0.2065,-0.3401,0.4729,-84.7710,-250.1374,-132.8244
468.0000,0.2192,-0.2852,0.3826,-90.6641,-250.1374,-134.9313
557.0000,0.2996,-0.1990,0.2571,-94.3970,-250.1374,-134.0840
373.0000,0.3384,-0.1897,0.1833,-100.0076,-250.1374,-134.8931
565.0000,0.3794,-0.1650,0.1233,-108.7023,-250.1374,-135.5114
436.0000,0.4568,-0.2024,0.1187,-115.4733,-250.1374,-136.4733
505.0000,0.4817,-0.1995,0.0615,-116.1603,-250.1374,-137.2519
483.0000,0.5105,-0.1377,0.0027,-108.3970,-250.1374,-133.4886
537.0000,0.5374,-0.1147,-0.0735,-101.5496,-246.9695,-129.4275
449.0000,0.5825,-0.0918,-0.0886,-91.9542,-239.7481,-125.5420
521.0000,0.6577,-0.0784,-0.1292,-77.9160,-229.7328,-122.1527
482.0000,0.7021,-0.0632,-0.2056,-62.2214,-219.5038,-116.6565
482.0000,0.7275,-0.0544,-0.2908,-46.9924,-209.0611,-111.3206
560.0000,0.7673,-0.0364,-0.3281,-35.1069,-191.8931,-105.6870
430.0000,0.8157,0.0044,-0.4102,-18.5191,-176.0840,-100.0534
458.0000,0.8237,0.0442,-0.4617,-6.5344,-162.6717,-93.6718
506.0000,0.8589,0.0850,-0.5833,2.2672,-148.7405,-85.2595
476.0000,0.8772,0.1323,-0.6838,10.3359,-134.9847,-75.9466
531.0000,0.8796,0.1819,-0.7642,14.3664,-125.6565,-66.4122
491.0000,0.9136,0.1892,-0.8162,14.4580,-114.6718,-57.8473
494.0000,0.9187,0.1746,-0.8230,8.8550,-102.2519,-49.8931
429.0000,0.9360,0.2090,-0.8413,3.5649,-87.5496,-40.9237
538.0000,0.9329,0.1975,-0.8633,-4.6794,-72.3053,-30.6260
445.0000,1.0479,0.1841,-0.8311,-30.1527,-36.9237,-20.3435
470.0000,0.9167,0.1016,-0.7173,-24.6107,-26.0687,-10.1832
491.0000,0.9409,0.0525,-0.6711,-16.0000,-0.6947,-1.1374
507.0000,0.9629,0.0496,-0.6243,1.5725,18.6183,8.3588
468.0000,0.9041,0.0078,-0.5974,16.7634,25.5267,17.1908
495.0000,0.8503,0.0427,-0.5620,12.8931,18.3130,24.5725
530.0000,0.8933,0.0151,-0.5388,21.7557,26.8397,31.2824
468.0000,0.9910,-0.0442,-0.5125,31.1527,66.0992,39.0840
519.0000,0.9094,-0.0396,-0.4641,29.5802,89.6794,47.0153
530.0000,0.8823,-0.0295,-0.4260,21.0992,108.3359,53.5496
483.0000,0.8826,-0.0251,-0.4243,21.3130,123.3664,59.1527
506.0000,0.8564,-0.0720,-0.4009,31.5954,135.2061,63.8092
503.0000,0.8389,-0.0518,-0.3835,39.0153,142.0534,68.4886
524.0000,0.8284,-0.0698,-0.3313,50.9542,145.8855,72.2824
488.0000,0.8259,-0.0842,-0.3171,56.1450,153.7481,75.3206
487.0000,0.8198,-0.1047,-0.2561,55.4122,164.5878,78.0992
503.0000,0.7881,-0.1443,-0.1870,49.1298,174.5343,80.4122
499.0000,0.7708,-0.1802,-0.1084,44.6107,182.2595,83.1832
505.0000,0.7610,-0.2109,-0.0408,42.4504,188.9389,85.1069
460.0000,0.7698,-0.2292,0.0342,42.7328,197.3893,87.3053
553.0000,0.7566,-0.2505,0.0593,43.8931,206.0992,89.5496
539.0000,0.7471,-0.2397,0.0549,43.4809,214.7481,91.0687
499.0000,0.7346,-0.2183,0.0295,41.8855,221.5343,92.6336
482.0000,0.7056,-0.2087,0.0435,37.9542,224.4733,93.6947
524.0000,0.6614,-0.2190,0.0801,35.0076,223.3282,93.2214
489.0000,0.6191,-0.2563,0.1499,35.3282,220.5725,93.0153
498.0000,0.5881,-0.2832,0.1985,41.2595,215.8244,93.8550
493.0000,0.5664,-0.2856,0.2559,50.1985,211.4275,95.2519
489.0000,0.5415,-0.3193,0.3440,56.4809,208.4580,96.2290
502.0000,0.5015,-0.3806,0.4558,59.2214,207.3511,95.6870
476.0000,0.4854,-0.4004,0.5078,61.8473,208.8321,95.7481
544.0000,0.4919,-0.3801,0.5037,64.9618,213.7481,98.0687
475.0000,0.4768,-0.3745,0.5125,66.0992,219.1756,100.0992
527.0000,0.4395,-0.3643,0.5249,62.7710,222.9847,99.5878
496.0000,0.4080,-0.3623,0.5095,63.4275,222.2824,99.8855
490.0000,0.3518,-0.3687,0.5342,61.2824,217.2595,99.1374
496.0000,0.3123,-0.3752,0.6025,57.7710,210.3817,97.4275
486.0000,0.2915,-0.3977,0.6504,55.0076,204.5114,94.7786
531.0000,0.2488,-0.4136,0.6995,52.4427,197.6794,92.8702
504.0000,0.2366,-0.4036,0.7500,47.2901,190.7557,91.0687
494.0000,0.2261,-0.3835,0.7964,40.4504,184.1756,90.0458
480.0000,0.2229,-0.3826,0.8567,32.0916,180.5267,87.6260
516.0000,0.2124,-0.3792,0.8738,24.1527,177.4427,85.2595
485.0000,0.2043,-0.4121,0.8843,18.7939,176.9618,84.9618
480.0000,0.1819,-0.4900,0.9492,9.7786,180.4046,84.1527
517.0000,0.1804,-0.5146,0.9524,3.7252,185.5725,82.8855
480.0000,0.1587,-0.5107,0.8901,10.7023,185.6717,82.4809
518.0000,0.0957,-0.5029,0.8862,16.3282,178.7328,81.2901
506.0000,0.0471,-0.5281,0.9150,17.5573,168.0229,78.5267
503.0000,0.0437,-0.5374,0.9675,22.1603,159.8855,76.6489
495.0000,0.0273,-0.5269,0.9951,26.3893,154.3588,74.6260
509.0000,0.0198,-0.5076,1.0103,27.4351,149.1374,72.9313
501.0000,0.0251,-0.5190,1.0479,25.7481,143.8931,70.3893
498.0000,0.0234,-0.5283,1.0872,24.5649,139.7863,67.6031
511.0000,0.0186,-0.5654,1.0708,26.5267,137.1527,65.9847
502.0000,0.0271,-0.5688,1.0596,28.8931,135.8015,64.9008
482.0000,0.0146,-0.5676,1.0574,26.1832,135.5572,62.9313
518.0000,0.0154,-0.5559,1.0007,24.8321,134.2214,61.1298
475.0000,0.0073,-0.5513,0.9534,25.8855,131.9771,60.9084
520.0000,-0.0161,-0.5503,0.9792,18.7252,129.5343,58.9542
508.0000,-0.0425,-0.5425,0.9338,13.5344,125.5496,56.2748
488.0000,-0.0688,-0.5449,0.9170,15.6489,118.9847,53.9466
497.0000,-0.0979,-0.5452,0.9321,14.4962,110.8092,51.0916
503.0000,-0.1143,-0.5559,0.9624,10.8244,102.3053,48.0229
495.0000,-0.1113,-0.5852,0.9780,8.9389,95.2290,45.8550
505.0000,-0.1089,-0.5986,0.9893,8.7023,89.4962,44.8244
498.0000,-0.1165,-0.5884,1.0330,8.1527,86.4198,44.0000
491.0000,-0.1316,-0.6223,1.0698,8.2519,84.8550,41.6412
489.0000,-0.1387,-0.6199,1.0854,10.7786,79.8931,39.5649
525.0000,-0.1311,-0.6042,1.0593,14.2672,77.4428,38.1756
491.0000,-0.1289,-0.5801,1.0474,16.0458,75.4504,36.8397
496.0000,-0.1365,-0.5798,1.0464,15.0534,72.8244,35.2214
497.0000,-0.1318,-0.5676,1.0234,14.3206,70.5649,33.6031
498.0000,-0.1201,-0.5393,0.9817,14.6412,68.6031,32.8473
491.0000,-0.1147,-0.5352,0.9712,14.3664,66.4046,32.1221
494.0000,-0.1323,-0.5439,0.9768,13.4656,63.3969,30.4351
512.0000,-0.1431,-0.5403,0.9702,14.0840,60.0687,28.9695
495.0000,-0.1392,-0.5344,0.9434,14.5191,56.3282,28.4504
513.0000,-0.1318,-0.5239,0.9636,12.8092,53.4351,27.5267
500.0000,-0.1418,-0.5066,0.9897,10.4656,51.9847,26.7710
494.0000,-0.1497,-0.4966,0.9858,7.7634,50.8931,26.9924
503.0000,-0.1614,-0.4846,0.9873,5.2290,48.4656,25.8473
495.0000,-0.1458,-0.4866,0.9727,5.2214,45.8015,23.8168
496.0000,-0.1423,-0.4973,0.9722,8.7099,44.7863,22.2137
503.0000,-0.1475,-0.5144,0.9871,12.3359,44.9847,21.5344
498.0000,-0.1584,-0.5256,0.9670,15.0611,43.4809,20.6947
494.0000,-0.1716,-0.5117,0.9470,17.8092,41.6183,19.0992
516.0000,-0.1602,-0.4995,0.9211,19.9389,40.5496,17.1985
498.0000,-0.1565,-0.4861,0.8882,21.4122,39.6336,16.1374
507.0000,-0.1604,-0.4822,0.8735,23.1985,38.7939,15.2290
511.0000,-0.1562,-0.4746,0.8667,24.8702,37.7634,13.8321
469.0000,-0.1414,-0.4492,0.8623,25.9237,36.3817,12.7557
536.0000,-0.1445,-0.4368,0.8381,26.6870,36.1908,11.8626
515.0000,-0.1309,-0.4160,0.8433,27.2290,36.6412,11.1908
481.0000,-0.1226,-0.4236,0.8633,27.2672,37.8779,10.5649
506.0000,-0.1357,-0.4258,0.8831,28.7023,39.0992,10.1756
523.0000,-0.1321,-0.4277,0.8782,30.6336,40.2061,10.6641
495.0000,-0.1338,-0.4209,0.8770,33.6336,40.7176,11.3969
482.0000,-0.1411,-0.4275,0.8984,36.7863,42.0229,11.2443
521.0000,-0.1458,-0.4397,0.8975,37.6947,42.0382,11.3893
523.0000,-0.1670,-0.4727,0.9143,36.0611,40.0534,10.9695
496.0000,-0.2202,-0.4919,0.9800,30.0000,32.2061,9.2137
499.0000,-0.2407,-0.4961,1.0342,23.8626,22.5344,5.4580
525.0000,-0.2505,-0.4995,1.0903,19.3130,10.3282,1.5649
477.0000,-0.2322,-0.4736,1.1172,15.3817,-1.6641,-1.6870
527.0000,-0.2017,-0.4368,1.0974,10.7405,-9.9237,-3.8855
476.0000,-0.1760,-0.4077,1.0537,5.2824,-12.6031,-5.0458
494.0000,-0.1606,-0.3755,0.9937,-2.7710,-10.6183,-4.9237
542.0000,-0.1372,-0.3523,0.9377,-11.3282,-8.1221,-4.3435
321.0000,-0.1416,-0.3459,0.8896,-17.6565,-6.0916,-4.2214
599.0000,-0.1301,-0.3396,0.8501,-20.3130,-3.0534,-3.2137
492.0000,-0.1208,-0.3289,0.8352,-18.1832,-1.7405,-2.4885
489.0000,-0.1252,-0.3235,0.8315,-15.1450,-0.3435,-2.8168
487.0000,-0.1360,-0.3423,0.8184,-10.4351,-0.3359,-3.0229
473.0000,-0.1433,-0.3591,0.8064,-5.4580,-2.5344,-2.4656
505.0000,-0.1577,-0.3535,0.8223,-4.3664,-5.4656,-2.9237
496.0000,-0.1721,-0.3645,0.8728,-6.5725,-9.7252,-4.8779
451.0000,-0.1821,-0.3799,0.9036,-9.3282,-11.2824,-7.0687
518.0000,-0.2139,-0.4160,0.9429,-11.8626,-13.2901,-8.9466
498.0000,-0.2322,-0.4265,0.9695,-12.7099,-16.8397,-9.4504
464.0000,-0.2561,-0.4382,1.0100,-14.0611,-21.5649,-10.9160
496.0000,-0.2659,-0.4509,1.0518,-16.0687,-27.8855,-14.0382
486.0000,-0.2732,-0.4714,1.1218,-17.3511,-34.5725,-18.5573
519.0000,-0.2793,-0.5164,1.1538,-17.5573,-40.2748,-22.5649
483.0000,-0.2942,-0.5728,1.2021,-16.6412,-46.2595,-25.7786
495.0000,-0.3076,-0.6057,1.2251,-14.6794,-53.7328,-28.4656
499.0000,-0.3093,-0.5913,1.2319,-11.6031,-61.4504,-30.1069
512.0000,-0.2976,-0.5828,1.2290,-10.5954,-68.3588,-32.2824
483.0000,-0.2805,-0.5471,1.2334,-12.3588,-75.6183,-34.2290
544.0000,-0.2444,-0.5100,1.2227,-18.8550,-83.9542,-35.7634
514.0000,-0.2129,-0.5007,1.2483,-25.7863,-90.3130,-38.6183
455.0000,-0.1924,-0.5146,1.2632,-31.4046,-95.2443,-42.3969
532.0000,-0.1946,-0.5476,1.2839,-34.8931,-100.7786,-45.6260
489.0000,-0.1987,-0.5532,1.2859,-39.3053,-107.0382,-48.1298
513.0000,-0.2151,-0.5671,1.2988,-42.5191,-115.3511,-51.3664
449.0000,-0.2251,-0.5923,1.3005,-42.8092,-123.3664,-53.9160
459.0000,-0.2378,-0.5999,1.2688,-42.8397,-130.3206,-55.9695
526.0000,-0.2397,-0.5930,1.2756,-43.8321,-138.0687,-58.1069
460.0000,-0.2561,-0.6079,1.2886,-47.4885,-147.3740,-62.0840
553.0000,-0.2554,-0.5942,1.2627,-48.8931,-155.9695,-65.1298
456.0000,-0.2502,-0.5835,1.2437,-48.6107,-163.9771,-67.8626
495.0000,-0.2473,-0.5891,1.1970,-49.7710,-172.1374,-71.0076
483.0000,-0.2288,-0.5649,1.1609,-50.4962,-181.4351,-73.2748
515.0000,-0.2126,-0.5730,1.1611,-51.4046,-191.2519,-77.0687
516.0000,-0.1875,-0.5815,1.1814,-50.6489,-199.9008,-80.6947
426.0000,-0.1780,-0.5942,1.1870,-47.2977,-207.7863,-84.3740
669.0000,-0.1641,-0.5994,1.1682,-41.7786,-214.7786,-86.5267
582.0000,-0.1665,-0.6208,1.1660,-35.7634,-221.8321,-88.1756
488.0000,-0.1697,-0.6306,1.1667,-28.2366,-229.1145,-90.2748
510.0000,-0.1641,-0.5850,1.0977,-22.7252,-234.3359,-91.0382
602.0000,-0.1355,-0.5293,1.0215,-18.9466,-238.8168,-91.2443
435.0000,-0.1208,-0.4951,0.9707,-15.9466,-246.3740,-92.3053
488.0000,-0.0942,-0.4563,0.9346,-18.1756,-250.1374,-93.2061
427.0000,-0.0579,-0.3933,0.8628,-23.3588,-250.1374,-93.7939
687.0000,-0.0103,-0.3521,0.8262,-27.0840,-250.1374,-93.7939
416.0000,-0.0049,-0.4080,0.8572,-35.6031,-250.1374,-96.9847
480.0000,0.0261,-0.3982,0.8140,-42.7863,-250.1374,-100.3817
419.0000,0.0562,-0.3711,0.7817,-43.9084,-250.1374,-99.5038
447.0000,0.0618,-0.3730,0.7617,-53.8015,-250.1374,-101.4886
566.0000,0.0994,-0.3235,0.6948,-61.3511,-250.1374,-102.6947
424.0000,0.1357,-0.3613,0.6353,-64.4962,-250.1374,-102.4580
566.0000,0.1370,-0.3687,0.6035,-70.7634,-250.1374,-104.1298
427.0000,0.1719,-0.3442,0.5330,-70.4428,-250.1374,-104.6336
500.0000,0.2168,-0.3408,0.4802,-72.5420,-250.1374,-104.3588
587.0000,0.2429,-0.3215,0.4011,-74.5496,-250.1374,-105.8321
478.0000,0.2817,-0.3103,0.3245,-65.9008,-250.1374,-103.8092
478.0000,0.2800,-0.4038,0.3801,-65.9924,-250.1374,-105.6641
447.0000,0.3010,-0.3066,0.2988,-63.3969,-250.1374,-105.4428
548.0000,0.3591,-0.2485,0.2351,-57.9618,-250.1374,-102.0763
505.0000,0.3547,-0.2271,0.2058,-62.7023,-250.1374,-103.2366
534.0000,0.3997,-0.1494,0.0996,-64.0076,-247.9237,-103.7481
520.0000,0.4465,-0.1694,0.0200,-68.0229,-246.7328,-104.1603
538.0000,0.4580,-0.1545,-0.1135,-72.3893,-248.4198,-104.3435
470.0000,0.5337,-0.1753,-0.1174,-73.9542,-239.5420,-102.0229
509.0000,0.5757,-0.1370,-0.2068,-69.1679,-231.7786,-100.4504
527.0000,0.6184,-0.1152,-0.2358,-60.0229,-225.8092,-98.1374
506.0000,0.6492,-0.1174,-0.2876,-54.2595,-221.4275,-96.5573
535.0000,0.7109,-0.0945,-0.3694,-45.2214,-211.0382,-93.4504
497.0000,0.7505,-0.0295,-0.5020,-36.3130,-201.7939,-88.5649
495.0000,0.7996,0.0535,-0.6489,-32.2824,-189.6641,-83.0763
512.0000,0.8228,0.0752,-0.7366,-28.3282,-177.1527,-76.5725
491.0000,0.8599,0.0903,-0.8171,-25.1527,-160.9542,-69.9313
496.0000,0.8735,0.1182,-0.8894,-18.6336,-145.8321,-62.9313
460.0000,0.9084,0.1409,-0.9429,-14.1908,-127.8168,-55.2977
505.0000,0.8733,0.1667,-1.0227,-24.6794,-115.6489,-47.0153
509.0000,1.0745,0.2607,-0.9719,-48.5191,-51.0153,-35.3664
494.0000,0.9336,0.1912,-0.9385,-40.2214,-36.6947,-24.2595
523.0000,0.8916,0.1797,-0.9099,-45.0992,-17.3969,-12.6947
488.0000,0.9614,0.1375,-0.8262,-17.0382,15.9084,-0.7710
512.0000,0.9446,0.1062,-0.7598,8.8550,44.6947,8.2595
503.0000,0.8499,0.1003,-0.7292,17.2519,48.9618,15.7863
509.0000,0.7690,0.1287,-0.6768,8.5038,34.5038,23.5878
496.0000,0.8792,0.0862,-0.6287,9.9313,53.4656,31.5420
509.0000,1.0090,0.0525,-0.6038,14.0229,107.3817,40.6641
501.0000,0.8770,0.0410,-0.5544,6.8244,138.3206,49.2519
514.0000,0.8149,0.0664,-0.5029,-10.4198,154.6488,56.1221
486.0000,0.8057,0.0161,-0.4602,-13.6412,166.7863,62.5954
503.0000,0.7896,-0.0227,-0.4158,-5.4656,179.3511,68.4733
503.0000,0.7512,-0.0405,-0.3567,7.2366,182.7252,74.2519
506.0000,0.7297,-0.0757,-0.3201,19.6260,183.4122,78.0305
496.0000,0.7322,-0.0740,-0.2761,27.0229,188.8779,81.3053
493.0000,0.7444,-0.0674,-0.2327,25.6489,199.5038,84.3359
477.0000,0.7412,-0.0901,-0.1807,20.4580,210.7252,87.2672
581.0000,0.7161,-0.1003,-0.1138,14.1603,218.6260,89.4351
527.0000,0.6941,-0.1572,-0.0564,17.5114,221.2748,92.0840
489.0000,0.6785,-0.1833,0.0007,22.7939,223.4122,94.0305
495.0000,0.6709,-0.2129,0.0735,29.0687,227.2137,94.6718
534.0000,0.6548,-0.2095,0.0806,35.9542,229.8168,95.0687
501.0000,0.6492,-0.1997,0.0574,38.1832,233.0840,96.5420
497.0000,0.6274,-0.2280,0.0796,36.8321,235.7481,97.3283
523.0000,0.6023,-0.2249,0.1094,34.9695,236.9771,97.7023
490.0000,0.5847,-0.2292,0.1458,33.0305,238.5725,97.9160
517.0000,0.5596,-0.2410,0.2031,31.9542,239.8931,97.6718
478.0000,0.5332,-0.3037,0.2866,33.4962,242.6947,97.5954
521.0000,0.4888,-0.3315,0.3235,36.2901,242.7786,97.6870
487.0000,0.4685,-0.3293,0.3540,43.4809,241.5649,99.2290
492.0000,0.4465,-0.3274,0.4109,46.9466,241.6412,99.8473
505.0000,0.4482,-0.3376,0.4460,48.6031,242.8015,99.9160
503.0000,0.4077,-0.3772,0.5107,52.9847,243.7023,99.5802
474.0000,0.3813,-0.4075,0.5627,58.5802,244.8931,99.5496
535.0000,0.3354,-0.4431,0.6492,63.7099,246.5343,99.0611
491.0000,0.3057,-0.4519,0.7312,66.1679,247.7176,98.1679
501.0000,0.2664,-0.4692,0.7500,68.6336,247.5267,96.7099
500.0000,0.2190,-0.4324,0.7139,73.9160,242.4198,95.3588
494.0000,0.1821,-0.3875,0.6516,73.8473,233.5267,94.3283
519.0000,0.1624,-0.3604,0.6367,63.1756,223.6717,92.4886
471.0000,0.1362,-0.3767,0.7239,48.0534,216.1679,87.8702
466.0000,0.0923,-0.4265,0.8301,35.2214,208.5343,81.6336
525.0000,0.0725,-0.4485,0.8677,28.3435,200.2061,78.5038
497.0000,0.0610,-0.4429,0.9397,23.6107,192.6641,78.6565
479.0000,0.0481,-0.4734,1.0618,19.6565,187.3969,77.7023
497.0000,0.0308,-0.5232,1.1423,22.8702,182.9695,76.2519
481.0000,0.0132,-0.5596,1.1770,30.9618,179.9695,75.9237
503.0000,0.0105,-0.5227,1.1389,37.9466,180.0992,76.8626
507.0000,0.0076,-0.4990,1.1082,43.9695,180.5343,77.0382
489.0000,-0.0217,-0.5237,1.1108,44.5420,179.4962,75.0916
473.0000,-0.0630,-0.5249,1.0916,41.3130,175.7710,72.0076
510.0000,-0.0901,-0.4688,1.0364,41.1145,168.9924,70.1145
515.0000,-0.0984,-0.4275,0.9785,38.4733,161.3740,67.1832
465.0000,-0.1116,-0.4504,1.0029,30.4275,153.7786,62.7786
506.0000,-0.1389,-0.5137,1.0671,20.7023,144.6794,58.3435
542.0000,-0.1348,-0.5195,1.0864,17.5267,136.5725,56.9542
506.0000,-0.1489,-0.5237,1.1140,16.7252,130.0153,56.0840
488.0000,-0.1851,-0.5732,1.2029,16.6412,124.4046,52.9847
493.0000,-0.2144,-0.6086,1.2659,21.3664,118.1756,50.9771
492.0000,-0.2253,-0.6145,1.2488,29.7557,113.9466,52.4427
514.0000,-0.2158,-0.5747,1.2397,35.9542,109.9695,52.9924
489.0000,-0.1963,-0.5461,1.2322,38.6565,105.8092,51.3053
493.0000,-0.2039,-0.5510,1.2371,38.6489,101.2443,48.1069
511.0000,-0.1973,-0.5393,1.2227,37.2061,98.6031,45.0687
501.0000,-0.1794,-0.5051,1.1685,34.3740,97.4046,43.0458
520.0000,-0.1770,-0.4717,1.1191,31.0992,95.0458,41.0534
479.0000,-0.1858,-0.4670,1.0876,24.7863,91.1603,37.9313
505.0000,-0.1907,-0.4446,1.0452,15.6947,86.0382,35.4198
487.0000,-0.1904,-0.4351,0.9910,7.2137,79.3893,33.6718
500.0000,-0.1990,-0.4458,0.9629,-0.5649,74.0611,30.4275
526.0000,-0.2039,-0.4714,0.9705,-7.2595,68.4428,26.9466
488.0000,-0.2195,-0.4917,0.9829,-10.2443,61.1908,24.5954
493.0000,-0.2271,-0.5227,0.9866,-11.9542,56.1450,22.8397
491.0000,-0.2222,-0.5242,0.9915,-10.9771,51.9924,22.3893
506.0000,-0.2136,-0.5283,0.9729,-10.7710,46.5496,22.3588
501.0000,-0.1758,-0.5261,0.9910,-9.1069,43.7405,21.7939
498.0000,-0.1799,-0.5369,1.0112,-6.0916,41.3893,21.3817
517.0000,-0.1816,-0.5540,1.0200,-3.9542,39.7252,21.0763
497.0000,-0.1812,-0.5403,1.0247,-0.5496,35.9542,20.0076
493.0000,-0.1733,-0.5491,1.0452,6.0229,33.4351,19.5802
495.0000,-0.1726,-0.5557,1.0208,10.0305,33.1298,19.7405
505.0000,-0.1763,-0.5310,1.0022,10.9847,33.3359,19.2595
502.0000,-0.1743,-0.4634,0.9519,11.3740,32.1221,20.1985
484.0000,-0.1638,-0.4246,0.9148,9.5649,29.6412,19.8702
516.0000,-0.1643,-0.4016,0.8840,6.0000,27.0305,17.5344
486.0000,-0.1631,-0.4023,0.8782,1.8626,23.6794,14.0305
492.0000,-0.1592,-0.4067,0.8711,-2.7557,20.0840,11.5496
499.0000,-0.1714,-0.4399,0.8787,-6.0000,17.5878,9.8244
500.0000,-0.1748,-0.4568,0.8818,-8.1450,15.6718,8.9389
491.0000,-0.1787,-0.4678,0.8809,-8.7786,15.1069,8.4427
502.0000,-0.1809,-0.4734,0.8811,-7.6031,14.3359,8.3740
507.0000,-0.1865,-0.4744,0.8748,-6.0305,13.9542,8.4885
478.0000,-0.1865,-0.4622,0.8699,-4.1221,13.6718,8.1985
506.0000,-0.1843,-0.4458,0.8684,-2.4580,13.5038,7.9847
503.0000,-0.1868,-0.4294,0.8281,-0.8779,13.9466,7.6260
476.0000,-0.1807,-0.3997,0.8140,0.6183,14.0687,7.1298
500.0000,-0.1909,-0.3713,0.8042,1.8855,13.5038,7.0687
500.0000,-0.1875,-0.3613,0.8188,3.5496,11.9618,6.3588
487.0000,-0.1943,-0.3718,0.8147,4.9389,8.9466,4.3511
496.0000,-0.2051,-0.3875,0.8328,5.3893,5.4198,1.6870
500.0000,-0.2144,-0.4275,0.8472,6.3053,2.5496,-0.8244
504.0000,-0.2070,-0.4421,0.8491,7.6565,0.6336,-1.9924
516.0000,-0.2014,-0.4243,0.8633,8.5573,-0.4275,-1.7481
500.0000,-0.2092,-0.4026,0.8623,9.0382,-1.8321,-1.6641
492.0000,-0.1968,-0.3865,0.8464,8.3740,-2.9008,-1.6412
506.0000,-0.1909,-0.3674,0.8445,6.6183,-2.5191,-1.8702
505.0000,-0.1899,-0.3486,0.8247,4.0229,-1.6565,-1.6260
492.0000,-0.1809,-0.3413,0.8167,0.9618,-0.4809,-1.3282