raw_emg,raw_ax,raw_ay,raw_az,raw_gx,raw_gy,raw_gz
150.0000,-0.1938,-0.2742,0.8491,-4.4122,0.1221,-0.4504
83.0000,-0.1804,-0.2778,0.8572,-4.6031,0.6336,-0.7099
84.0000,-0.1821,-0.2729,0.8433,-4.3740,0.8397,-0.4275
143.0000,-0.1838,-0.2759,0.8455,-4.0153,0.9847,-0.6260
146.0000,-0.1802,-0.2751,0.8433,-3.3740,1.0153,-0.6565
137.0000,-0.1794,-0.2766,0.8547,-2.7099,0.9695,-0.7939
113.0000,-0.1809,-0.2817,0.8459,-2.3359,1.0153,-0.6489
156.0000,-0.1738,-0.2751,0.8333,-1.7863,0.9084,-0.5038
160.0000,-0.1809,-0.2715,0.8450,-1.5954,0.9084,-0.7328
143.0000,-0.1741,-0.2761,0.8403,-1.7710,1.3053,-1.1679
186.0000,-0.1785,-0.2754,0.8445,-2.1679,1.3130,-1.2443
159.0000,-0.1768,-0.2642,0.8367,-2.2748,1.2443,-1.2443
180.0000,-0.1760,-0.2642,0.8496,-2.4809,0.8931,-1.5496
181.0000,-0.1741,-0.2664,0.8494,-2.5344,1.0382,-1.1756
172.0000,-0.1831,-0.2632,0.8574,-2.5344,1.0000,-1.4427
174.0000,-0.1797,-0.2637,0.8557,-2.8244,1.0534,-1.3588
188.0000,-0.1877,-0.2715,0.8606,-2.7557,0.8702,-1.1069
185.0000,-0.1858,-0.2520,0.8652,-2.9389,1.1527,-0.9466
183.0000,-0.1812,-0.2493,0.8467,-3.0992,1.0153,-0.7023
199.0000,-0.1846,-0.2620,0.8452,-3.3588,1.2214,-0.6794
195.0000,-0.1919,-0.2661,0.8503,-2.9084,0.7634,-0.7252
197.0000,-0.1814,-0.2632,0.8489,-3.0076,0.6565,-0.7405
196.0000,-0.1804,-0.2593,0.8550,-2.7328,0.5573,-0.7023
201.0000,-0.1868,-0.2632,0.8552,-2.5115,0.5954,-0.8550
205.0000,-0.1824,-0.2744,0.8586,-2.2366,0.4885,-0.8550
205.0000,-0.1902,-0.2722,0.8462,-2.2901,0.8168,-0.7557
219.0000,-0.1909,-0.2644,0.8494,-2.1756,0.6718,-0.7939
204.0000,-0.1882,-0.2661,0.8525,-2.3664,0.6183,-0.7863
226.0000,-0.1814,-0.2666,0.8564,-2.4580,0.2748,-0.6641
212.0000,-0.1851,-0.2637,0.8518,-2.6107,0.5954,-0.5420
213.0000,-0.1809,-0.2617,0.8577,-2.8321,0.5038,-0.3435
215.0000,-0.1895,-0.2593,0.8528,-3.0840,0.5954,-0.2595
221.0000,-0.1831,-0.2612,0.8528,-2.8702,0.6260,0.2443
220.0000,-0.1826,-0.2529,0.8467,-2.7099,0.5420,0.4275
233.0000,-0.1816,-0.2559,0.8481,-2.4962,0.2824,0.4885
223.0000,-0.1848,-0.2607,0.8364,-2.7557,0.3053,0.6107
222.0000,-0.1836,-0.2646,0.8477,-2.6641,0.2901,0.5878
236.0000,-0.1748,-0.2639,0.8418,-2.7634,0.5267,0.5267
220.0000,-0.1846,-0.2769,0.8406,-2.8473,0.6718,0.3969
242.0000,-0.1814,-0.2729,0.8503,-2.6260,0.6641,0.2443
227.0000,-0.1755,-0.2732,0.8557,-1.9542,0.6336,0.2901
245.0000,-0.1897,-0.2759,0.8464,-1.2214,0.9389,0.0000
233.0000,-0.1753,-0.2678,0.8533,-0.3893,1.2290,-0.0840
239.0000,-0.1721,-0.2693,0.8511,-0.6336,1.0840,0.0916
236.0000,-0.1836,-0.2678,0.8513,-1.3817,1.2443,-0.1756
239.0000,-0.1792,-0.2688,0.8506,-2.0305,1.2595,-0.2443
249.0000,-0.1755,-0.2642,0.8550,-1.8626,1.3740,-0.5191
247.0000,-0.1780,-0.2646,0.8464,-2.1985,1.3588,-0.5038
235.0000,-0.1824,-0.2651,0.8582,-2.7863,1.3053,-0.8550
251.0000,-0.1782,-0.2561,0.8540,-3.4351,1.3359,-0.8702
245.0000,-0.1833,-0.2686,0.8552,-3.4275,1.1069,-0.6641
248.0000,-0.1816,-0.2681,0.8579,-3.2061,1.1298,-0.4504
248.0000,-0.1770,-0.2566,0.8562,-3.4198,1.1985,-0.2519
244.0000,-0.1750,-0.2546,0.8586,-3.6336,1.1603,-0.3282
260.0000,-0.1821,-0.2610,0.8562,-3.6794,0.6336,-0.2595
262.0000,-0.1748,-0.2634,0.8638,-3.8168,0.1527,-0.1069
271.0000,-0.1726,-0.2668,0.8782,-4.9847,0.0153,-0.0153
257.0000,-0.1648,-0.2617,0.8884,-6.0000,0.0382,0.0916
223.0000,-0.1675,-0.2583,0.8916,-7.2977,-0.4885,0.2137
289.0000,-0.1790,-0.2715,0.8975,-8.1756,-0.9313,0.0916
264.0000,-0.1743,-0.2737,0.9084,-6.7786,-1.6565,0.2137
196.0000,-0.1672,-0.2617,0.9082,-6.1985,-3.2061,0.6183
334.0000,-0.1577,-0.2561,0.9324,-8.3817,-4.8397,0.5038
271.0000,-0.1572,-0.2607,0.9243,-11.8015,-6.6641,0.3740
271.0000,-0.1318,-0.2415,0.8975,-12.4733,-7.7252,0.8168
231.0000,-0.1179,-0.2993,0.9216,-11.8092,-10.3053,0.9084
337.0000,-0.1284,-0.2754,0.9670,-7.6031,-15.0763,2.7863
291.0000,-0.1213,-0.2585,1.0146,-2.1756,-18.4733,4.1450
281.0000,-0.1326,-0.2595,1.0781,1.7863,-22.8702,5.0611
257.0000,-0.1460,-0.2896,1.1392,5.1298,-27.5344,6.3282
308.0000,-0.1714,-0.2859,1.2104,6.7939,-33.0992,7.1069
255.0000,-0.1721,-0.2556,1.2253,3.3511,-38.9847,6.4427
287.0000,-0.1882,-0.2544,1.2100,-4.6565,-45.9237,4.1527
345.0000,-0.2341,-0.2551,1.1890,-12.1756,-54.2519,0.9313
269.0000,-0.2756,-0.2703,1.1746,-22.7634,-64.8321,-3.0382
251.0000,-0.3042,-0.2966,1.2388,-35.6260,-76.3511,-8.3053
325.0000,-0.3281,-0.3411,1.3323,-47.5649,-87.7252,-11.1908
305.0000,-0.3440,-0.3770,1.4038,-56.6565,-98.3359,-13.1985
246.0000,-0.3174,-0.4338,1.4585,-63.9237,-111.5420,-15.0687
342.0000,-0.3625,-0.4954,1.4790,-64.2595,-120.9466,-14.9389
367.0000,-0.3909,-0.5320,1.4514,-59.0153,-128.8855,-18.9695
254.0000,-0.3606,-0.5518,1.4304,-51.1679,-140.6107,-23.7634
313.0000,-0.4229,-0.5591,1.4675,-44.4656,-151.0153,-25.6031
329.0000,-0.4448,-0.5264,1.4119,-39.2748,-159.3664,-28.4504
257.0000,-0.4243,-0.5095,1.3752,-35.4885,-169.6565,-34.6412
300.0000,-0.3955,-0.5039,1.2988,-38.1985,-180.0458,-41.9542
294.0000,-0.3503,-0.5010,1.2229,-43.2672,-188.1679,-47.3130
315.0000,-0.3462,-0.4814,1.1899,-51.4351,-201.8855,-53.0763
286.0000,-0.2627,-0.4475,1.1670,-60.3664,-212.0153,-60.4275
369.0000,-0.1970,-0.4551,1.1243,-66.7405,-218.5649,-68.3053
310.0000,-0.1389,-0.5061,1.1118,-69.2977,-225.5802,-75.0687
150.0000,-0.1084,-0.5977,1.1821,-69.3970,-234.3053,-81.4886
444.0000,-0.0408,-0.6160,1.2048,-62.0076,-237.2901,-84.1679
314.0000,-0.0115,-0.6353,1.2539,-49.3282,-237.7710,-84.1679
277.0000,-0.0056,-0.6306,1.3091,-36.0000,-239.6794,-85.0382
338.0000,0.0032,-0.5662,1.2219,-21.4809,-241.4809,-86.1527
325.0000,0.0247,-0.5542,1.0891,-4.9313,-242.0611,-84.4122
290.0000,0.0078,-0.5347,0.9912,4.1527,-240.4046,-83.4886
266.0000,-0.0125,-0.4924,0.8694,9.0153,-239.6641,-85.3206
396.0000,0.0247,-0.4236,0.6970,11.9695,-240.7557,-87.0229
274.0000,0.0488,-0.4509,0.6868,14.8244,-244.8855,-89.8931
295.0000,0.0310,-0.4353,0.7280,10.8244,-250.1374,-94.7023
405.0000,0.0759,-0.3923,0.7407,10.6947,-250.1374,-95.8321
288.0000,0.0989,-0.3821,0.8003,3.2748,-250.1374,-96.9847
275.0000,0.1094,-0.3860,0.8157,-2.4198,-250.1374,-100.2061
418.0000,0.1060,-0.3889,0.7393,-1.2977,-250.1374,-100.6031
254.0000,0.1558,-0.4231,0.7361,5.4122,-250.1374,-98.4657
283.0000,0.1445,-0.3762,0.6868,6.8092,-250.1374,-99.2366
364.0000,0.1814,-0.3340,0.5486,15.8015,-250.1374,-100.3359
276.0000,0.2427,-0.3247,0.4751,25.3206,-246.9160,-99.0687
336.0000,0.2576,-0.2915,0.4241,25.0458,-240.8779,-98.4198
310.0000,0.2542,-0.2007,0.3179,28.9847,-241.3282,-98.4351
337.0000,0.3042,-0.1528,0.2114,32.2672,-243.2290,-98.2443
293.0000,0.3250,-0.1309,0.2363,24.7328,-245.9618,-99.1298
320.0000,0.3535,-0.1292,0.3071,10.0382,-243.3359,-101.8473
308.0000,0.3918,-0.1021,0.2471,3.5802,-241.0916,-104.0458
327.0000,0.4475,-0.0867,0.1687,2.2672,-240.4427,-102.1527
365.0000,0.4648,-0.1160,0.2034,-4.9389,-237.2748,-100.3130
304.0000,0.4993,-0.1042,0.1953,-13.6336,-226.8550,-99.5420
378.0000,0.5442,-0.1006,0.1475,-12.3817,-214.0763,-97.5496
340.0000,0.5527,-0.0908,0.0969,-10.0382,-204.2595,-95.0458
341.0000,0.5603,-0.0403,0.0435,-5.1069,-195.1374,-91.5954
330.0000,0.6040,-0.0220,-0.0315,-3.8244,-184.3893,-89.1527
293.0000,0.6145,-0.0071,-0.0994,3.1985,-180.0229,-87.0916
345.0000,0.6362,-0.0408,-0.0566,7.8321,-175.8092,-84.9771
319.0000,0.6482,-0.0144,-0.0505,6.8244,-169.9237,-83.0611
331.0000,0.6770,0.0015,-0.0725,6.9466,-167.6031,-81.5191
342.0000,0.7261,0.0396,-0.1135,5.1603,-164.4886,-79.5038
384.0000,0.7957,0.0552,-0.1765,-0.9389,-162.7252,-76.1374
325.0000,0.8425,0.0085,-0.1670,-9.7099,-156.8550,-72.4198
366.0000,0.8782,0.0100,-0.2209,-13.5954,-146.8855,-67.8855
365.0000,0.9275,0.0842,-0.3447,-7.8931,-135.6183,-61.0305
360.0000,0.9604,0.1594,-0.5105,5.3359,-125.4122,-53.0916
357.0000,0.9790,0.2151,-0.6318,25.1298,-116.1298,-45.2366
367.0000,1.0098,0.2449,-0.7075,48.6412,-107.2977,-35.9618
374.0000,1.0420,0.2798,-0.7983,73.6336,-92.0840,-27.1221
333.0000,1.0195,0.2971,-0.8159,88.4198,-78.3970,-20.3435
298.0000,1.1067,0.3926,-0.7856,73.4580,-48.3435,-11.3435
351.0000,1.1262,0.3811,-0.7197,63.5878,-21.8397,-2.2672
345.0000,1.1196,0.3489,-0.6672,54.6718,7.2214,6.8702
329.0000,1.1213,0.3240,-0.6194,44.4656,32.8397,13.8244
364.0000,1.1140,0.3123,-0.5959,29.9466,56.5267,19.7023
344.0000,1.0952,0.2913,-0.5581,13.9389,75.9618,23.8244
356.0000,1.0569,0.2595,-0.4910,3.7939,89.4733,28.8397
356.0000,0.9932,0.1855,-0.4172,4.5802,96.9160,33.4580
363.0000,0.9937,0.1570,-0.3853,1.0458,105.1985,38.7328
318.0000,1.0281,0.1519,-0.3098,-7.5344,125.3206,44.6565
351.0000,0.9705,0.1477,-0.2417,-31.5114,138.5878,49.5954
351.0000,0.9541,0.1108,-0.1675,-45.8473,149.9084,54.9847
360.0000,0.9255,0.0862,-0.1169,-50.7786,154.2901,58.9771
334.0000,0.9084,0.0376,-0.0745,-37.5496,154.9542,62.4275
373.0000,0.8665,-0.0166,0.0120,-14.2290,148.6794,64.9313
362.0000,0.8625,-0.0376,0.0667,9.5573,146.1527,67.3053
368.0000,0.8604,-0.0300,0.0781,27.5573,148.3588,68.3893
372.0000,0.8525,-0.0081,0.0977,28.6870,154.0458,69.0458
375.0000,0.8247,-0.0098,0.1006,19.6947,161.0840,68.5496
366.0000,0.8010,-0.0002,0.0889,12.4198,167.7405,68.6641
379.0000,0.7849,-0.0090,0.1245,-3.6260,170.5114,67.8321
394.0000,0.7244,-0.0491,0.1375,-9.0840,173.1450,69.4657
366.0000,0.7141,-0.0764,0.1968,-10.9466,175.9618,69.6336
360.0000,0.6960,-0.1062,0.2324,-15.2519,178.7481,68.8931
408.0000,0.6729,-0.1147,0.2307,-20.2290,184.2595,70.2214
374.0000,0.6445,-0.1272,0.2710,-27.6718,188.3130,71.7176
376.0000,0.6099,-0.1519,0.3245,-36.0076,192.7252,70.8779
380.0000,0.5112,-0.1611,0.3120,-35.4656,192.8015,70.2824
374.0000,0.5232,-0.1274,0.3049,-42.9008,188.2443,69.8015
378.0000,0.5623,-0.1863,0.3425,-37.7786,189.3588,70.9847
367.0000,0.5308,-0.2412,0.4292,-33.7634,192.2443,70.9847
370.0000,0.4827,-0.2363,0.4697,-34.8855,189.2443,69.6107
382.0000,0.4624,-0.2498,0.4951,-24.0458,188.3359,70.0000
386.0000,0.4868,-0.2261,0.5037,-17.8855,189.2366,70.9313
368.0000,0.4729,-0.2461,0.5789,-13.8015,190.3817,71.0763
375.0000,0.4531,-0.3420,0.7007,-16.1069,197.9084,69.4657
391.0000,0.4221,-0.3296,0.6431,-8.9542,200.9542,68.9771
372.0000,0.4285,-0.3374,0.5845,2.8626,201.3817,70.8702
378.0000,0.3757,-0.3528,0.6003,8.6489,197.1908,71.0382
384.0000,0.3464,-0.3252,0.6331,14.4351,191.6260,69.0763
384.0000,0.3572,-0.3264,0.6538,21.0382,188.5725,66.5496
385.0000,0.3484,-0.3203,0.6172,31.8702,183.7328,65.3206
381.0000,0.3362,-0.3037,0.6621,40.3206,177.0153,64.7786
387.0000,0.3264,-0.2297,0.7546,42.5573,172.6947,62.6336
389.0000,0.3447,-0.2009,0.7610,39.0000,172.0916,59.7023
384.0000,0.3442,-0.2454,0.8479,24.8244,177.1985,56.9084
396.0000,0.3159,-0.2686,0.8196,12.7786,182.9389,55.7634
380.0000,0.2925,-0.2866,0.7822,7.8397,187.1374,56.5267
394.0000,0.2361,-0.3276,0.8352,-0.4580,188.5802,56.7405
389.0000,0.2170,-0.3271,0.8914,-6.5267,188.1145,56.4198
395.0000,0.2124,-0.3184,0.8894,-8.1527,188.6412,55.9466
389.0000,0.1899,-0.3220,0.8577,-1.8397,186.7099,56.2672
408.0000,0.1399,-0.3408,0.8662,6.1069,180.7939,55.0076
409.0000,0.1406,-0.3032,0.8540,11.1527,174.5420,54.6031
383.0000,0.1533,-0.2859,0.8691,13.7328,171.0840,54.0611
395.0000,0.1467,-0.2747,0.8616,10.5649,172.1221,52.5573
385.0000,0.1455,-0.2581,0.8320,11.3206,173.0611,52.4046
395.0000,0.0750,-0.3208,0.9663,8.6489,171.5420,51.8473
394.0000,-0.0164,-0.3120,1.0676,4.6718,167.9771,49.2290
394.0000,-0.0542,-0.3203,1.0798,-0.3969,162.7710,47.7176
415.0000,-0.0835,-0.3967,1.1016,5.1221,162.4962,47.0763
394.0000,-0.0769,-0.4236,1.0952,10.0076,162.7863,47.8321
398.0000,-0.0767,-0.4089,1.1008,18.9847,160.8702,49.2214
391.0000,-0.0635,-0.3804,1.0916,27.3206,159.2290,48.1832
412.0000,-0.0369,-0.3599,1.0320,34.5573,158.3664,47.9542
396.0000,-0.0190,-0.3484,1.0066,49.2290,155.9237,47.1603
394.0000,-0.0366,-0.3511,1.0645,54.7786,155.4809,45.5191
412.0000,-0.0315,-0.3093,1.0120,49.0840,158.6488,43.4122
392.0000,-0.0378,-0.2766,0.9285,51.3206,158.8092,42.9008
408.0000,-0.1340,-0.3162,1.0442,39.3664,158.2901,40.2290
390.0000,-0.1987,-0.2898,1.0745,18.7634,157.0000,34.1985
424.0000,-0.2476,-0.2664,1.0225,11.2824,146.2595,30.2901
403.0000,-0.3069,-0.2986,1.0305,4.9771,137.4351,28.0992
408.0000,-0.3281,-0.3000,1.0911,-7.3664,129.1679,24.5725
404.0000,-0.3167,-0.3296,1.1917,-18.8779,117.3893,17.6031
404.0000,-0.2610,-0.3865,1.2156,-16.9542,108.8626,13.3664
412.0000,-0.2629,-0.3901,1.2646,-11.3817,103.3206,14.3130
400.0000,-0.2720,-0.4014,1.3120,-3.7099,98.5878,15.5420
411.0000,-0.2632,-0.4092,1.3196,4.2901,92.0916,14.9008
409.0000,-0.2410,-0.3828,1.3430,13.7328,87.8626,15.3893
401.0000,-0.2102,-0.3992,1.3628,24.0000,83.9771,15.4275
408.0000,-0.1973,-0.4175,1.4138,29.5496,82.0305,15.1221
395.0000,-0.1755,-0.3826,1.3647,31.1298,82.0305,15.8550
426.0000,-0.1655,-0.3333,1.2502,37.9924,80.6947,17.7939
403.0000,-0.1868,-0.2927,1.2031,41.8321,72.9466,18.0534
409.0000,-0.1760,-0.2444,1.1685,32.5267,66.7176,15.6794
418.0000,-0.1323,-0.1892,1.0698,19.7023,62.6336,12.6641
413.0000,-0.1274,-0.1558,0.9915,14.0611,57.1450,9.7481
417.0000,-0.1531,-0.1492,0.9407,3.2595,49.4427,6.5725
405.0000,-0.1731,-0.1501,0.9519,-12.7023,40.6641,3.6794
418.0000,-0.1748,-0.1860,0.9744,-27.0382,34.6870,1.6412
422.0000,-0.1836,-0.2393,0.9866,-33.1145,31.7099,0.8397
436.0000,-0.2161,-0.2642,0.9978,-32.1069,26.3969,1.7863
368.0000,-0.2280,-0.3250,1.0098,-35.2290,23.9542,2.9389
447.0000,-0.2329,-0.3416,0.9985,-30.8626,20.6947,4.0916
404.0000,-0.2529,-0.3162,0.9722,-26.5496,14.4733,5.7786
452.0000,-0.2512,-0.2871,0.9473,-26.1374,12.0305,6.7405
414.0000,-0.2351,-0.2942,0.9385,-24.1069,11.5420,6.8397
411.0000,-0.2605,-0.3306,0.9653,-19.0382,9.1985,6.6794
391.0000,-0.2871,-0.3325,0.9211,-13.5725,4.3969,6.8855
445.0000,-0.2883,-0.2952,0.8911,-6.7252,-0.3359,7.7176
410.0000,-0.2839,-0.2625,0.8560,-2.7939,-4.9618,7.2595
431.0000,-0.2908,-0.2505,0.8540,-5.7557,-10.2443,5.2748
433.0000,-0.2808,-0.2375,0.8511,-11.3511,-13.7863,2.4046
391.0000,-0.2563,-0.2178,0.8484,-18.9618,-16.6718,0.4656
451.0000,-0.2476,-0.2114,0.8589,-26.9618,-18.1832,-0.7634
380.0000,-0.2241,-0.2346,0.8713,-32.1756,-20.2443,-2.5649
453.0000,-0.2368,-0.2466,0.9253,-37.6412,-22.6412,-3.6412
426.0000,-0.2600,-0.2444,0.9583,-41.8855,-27.2977,-4.4351
431.0000,-0.2275,-0.2463,0.9910,-44.7252,-27.7634,-4.9237
466.0000,-0.2026,-0.2856,0.9924,-42.0763,-26.5038,-4.3206
403.0000,-0.2256,-0.3232,1.0129,-36.4885,-26.8779,-3.2901
427.0000,-0.2368,-0.3379,1.0542,-30.2672,-28.8015,-1.7863
453.0000,-0.2412,-0.3586,1.0469,-23.6947,-30.0458,-0.2977
448.0000,-0.2517,-0.3545,1.0264,-10.9237,-32.7099,0.5267
448.0000,-0.2695,-0.3604,1.0012,2.4122,-37.7634,1.0687
410.0000,-0.2627,-0.3535,1.0061,12.0153,-44.0534,0.2214
431.0000,-0.2637,-0.3530,1.0447,15.9389,-49.4733,-1.5802
386.0000,-0.2756,-0.3452,1.0864,13.8702,-53.8855,-4.4046
458.0000,-0.2927,-0.3491,1.0991,10.6260,-59.7481,-7.3893
405.0000,-0.2866,-0.3296,1.1370,7.1908,-65.1450,-9.5725
412.0000,-0.3049,-0.3259,1.1699,0.2748,-73.2290,-14.7939
334.0000,-0.2896,-0.3328,1.2021,-7.4275,-81.6031,-20.4580
555.0000,-0.2913,-0.3376,1.2146,-15.4656,-87.9924,-23.1603
232.0000,-0.3289,-0.3464,1.2810,-27.6565,-94.7405,-24.7176
505.0000,-0.3809,-0.3850,1.3591,-38.3588,-102.4580,-27.0305
541.0000,-0.4170,-0.3850,1.4368,-42.8779,-110.1069,-29.8473
534.0000,-0.4277,-0.4014,1.4670,-40.6183,-116.8321,-33.4504
395.0000,-0.4539,-0.4482,1.4690,-30.1679,-125.9466,-37.3435
447.0000,-0.4482,-0.4822,1.4229,-17.9847,-137.2595,-40.9008
414.0000,-0.4170,-0.4631,1.3594,-8.2672,-148.9237,-42.9618
414.0000,-0.3845,-0.4558,1.3018,-3.8626,-159.2290,-45.4885
226.0000,-0.3699,-0.4485,1.2627,-6.2443,-170.4427,-48.8855
597.0000,-0.3357,-0.4255,1.2571,-14.6183,-181.7786,-52.5878
394.0000,-0.3303,-0.4355,1.3250,-24.6183,-192.2214,-55.9237
296.0000,-0.3293,-0.4443,1.3711,-30.5496,-202.2366,-60.1145
573.0000,-0.3162,-0.4390,1.3425,-30.1527,-211.5572,-63.0305
476.0000,-0.3103,-0.4272,1.3130,-26.9771,-222.2824,-66.1450
378.0000,-0.2759,-0.4417,1.2686,-25.9313,-232.3282,-69.9237
362.0000,-0.2378,-0.4084,1.2241,-28.9160,-241.9237,-74.1908
473.0000,-0.1655,-0.3691,1.1133,-35.4885,-247.6107,-76.8168
498.0000,-0.1357,-0.4316,1.0828,-46.0305,-250.1374,-80.5496
348.0000,-0.1365,-0.4788,1.0605,-52.6412,-250.1374,-85.9084
497.0000,-0.0913,-0.4529,0.9604,-52.1832,-250.1374,-87.0305
406.0000,-0.0562,-0.4558,0.9199,-52.8015,-250.1374,-88.1069
404.0000,-0.0356,-0.4407,0.8938,-51.0305,-250.1374,-91.2214
415.0000,0.0105,-0.4331,0.7959,-48.6107,-250.1374,-93.6031
677.0000,0.0432,-0.4209,0.7158,-44.7863,-250.1374,-95.7863
408.0000,0.0425,-0.4265,0.7119,-45.8473,-250.1374,-98.9313
379.0000,0.0835,-0.3716,0.7236,-50.7939,-250.1374,-101.4580
538.0000,0.1458,-0.3054,0.6550,-53.3053,-250.1374,-103.3359
498.0000,0.1907,-0.3149,0.5984,-51.4427,-250.1374,-105.6794
437.0000,0.2144,-0.3430,0.5847,-49.4275,-250.1374,-108.4809
467.0000,0.2068,-0.3157,0.5176,-40.3664,-250.1374,-110.5420
417.0000,0.2605,-0.3152,0.4985,-33.9313,-250.1374,-111.4504
450.0000,0.2705,-0.2842,0.4678,-32.1298,-250.1374,-111.7634
455.0000,0.2964,-0.2527,0.3308,-27.4580,-250.1374,-111.7634
414.0000,0.3274,-0.1926,0.2703,-23.3817,-250.1374,-110.1603
499.0000,0.3264,-0.1548,0.2969,-30.5038,-250.1374,-109.5496
412.0000,0.3477,-0.1458,0.2646,-42.9160,-250.1374,-112.5191
422.0000,0.3774,-0.1333,0.2358,-49.0000,-250.1374,-114.7099
479.0000,0.3904,-0.0671,0.2041,-56.6794,-245.8168,-113.7405
427.0000,0.4387,-0.0222,0.1426,-59.4275,-243.4122,-111.4046
439.0000,0.4707,-0.0767,0.2158,-60.9618,-236.9237,-111.7557
409.0000,0.5032,-0.1030,0.1809,-53.3282,-231.5114,-111.8626
435.0000,0.5542,-0.1230,0.1453,-40.1679,-223.9695,-109.7328
415.0000,0.5945,-0.1582,0.1294,-29.3969,-212.2672,-109.1756
451.0000,0.6284,-0.1316,-0.0417,-10.7405,-198.4046,-105.9695
442.0000,0.6472,-0.1555,-0.1570,9.5420,-189.0840,-98.7634
429.0000,0.6389,-0.1025,-0.2844,25.2901,-186.7252,-92.3511
466.0000,0.6929,-0.0168,-0.3921,39.9084,-181.5038,-85.8626
464.0000,0.7576,0.0493,-0.4399,51.9084,-173.2214,-80.2137
377.0000,0.8381,0.0803,-0.5220,66.0305,-163.1527,-73.6641
456.0000,0.8997,0.1184,-0.5354,78.6489,-151.6717,-64.3740
440.0000,0.9595,0.1804,-0.5979,92.3359,-136.6488,-55.1908
430.0000,1.0212,0.2253,-0.6646,101.9618,-121.5344,-45.8473
468.0000,1.0444,0.2737,-0.7017,108.5115,-105.5573,-36.2672
451.0000,1.0762,0.2922,-0.7356,112.0076,-88.2366,-25.8473
442.0000,1.0989,0.2959,-0.7463,109.2977,-67.9847,-16.6565
506.0000,1.1069,0.3010,-0.7593,98.9237,-45.4733,-8.3588
469.0000,1.1162,0.3066,-0.7498,81.9389,-17.7634,-0.2366
441.0000,1.1443,0.3323,-0.7454,46.3969,15.4427,6.3435
419.0000,1.1028,0.2949,-0.7129,34.7939,34.0153,11.9618
492.0000,1.1021,0.2783,-0.6658,25.4198,53.3817,18.4885
484.0000,1.0310,0.2817,-0.5698,10.1069,58.0076,23.7557
429.0000,1.0283,0.2417,-0.4875,-0.6565,64.5878,29.9160
446.0000,1.0503,0.1882,-0.3853,-12.4580,82.0992,36.4122
437.0000,1.0364,0.1521,-0.2764,-23.9771,99.0687,41.3130
472.0000,0.9717,0.0942,-0.1738,-30.4046,107.7939,44.8550
434.0000,0.9485,0.0696,-0.1023,-31.1985,116.6947,50.0992
416.0000,0.9429,0.0300,-0.0586,-25.1374,123.0229,55.0840
440.0000,0.9480,-0.0234,-0.0085,-15.5191,130.3130,60.5115
442.0000,0.9104,-0.0530,0.0510,-5.9924,138.8015,64.6947
428.0000,0.8975,-0.0762,0.0667,4.5573,147.2672,67.3970
475.0000,0.8701,-0.0679,0.0354,11.3969,151.7633,69.6565
455.0000,0.8398,-0.0654,0.0403,18.8855,152.6260,71.4580
440.0000,0.8130,-0.0811,0.1111,18.9160,153.8855,70.5573
491.0000,0.7947,-0.0762,0.1226,18.2137,154.5649,68.5649
437.0000,0.7808,-0.0920,0.1353,13.4122,158.2824,66.8702
475.0000,0.7388,-0.1328,0.1729,10.2214,157.6794,65.6718
453.0000,0.7185,-0.1775,0.2419,8.9618,158.7023,65.4198
462.0000,0.7192,-0.2014,0.3303,6.8168,165.3588,65.0305
459.0000,0.6973,-0.2024,0.3523,9.5878,169.8626,64.1527
467.0000,0.6882,-0.2358,0.3708,12.9313,173.1145,63.5725
455.0000,0.6802,-0.2415,0.3496,17.4809,174.5343,63.1679
488.0000,0.6533,-0.2424,0.3701,22.9160,175.7557,63.0076
454.0000,0.6436,-0.2500,0.4297,23.8779,179.3893,61.8626
458.0000,0.6372,-0.2659,0.4600,11.7939,190.2366,60.5878
453.0000,0.6384,-0.2122,0.3679,14.0611,197.0305,59.7328
464.0000,0.5942,-0.1946,0.2998,21.9847,196.8626,58.8931
455.0000,0.5481,-0.1702,0.2876,23.2901,192.5038,56.9008
473.0000,0.5269,-0.1936,0.3774,16.9389,188.8779,52.9542
451.0000,0.5168,-0.2339,0.4333,13.3435,189.6717,50.0916
442.0000,0.5039,-0.2749,0.4226,15.6031,190.9847,49.1603
489.0000,0.4668,-0.3179,0.4089,20.3664,186.9542,51.3206
445.0000,0.4363,-0.2603,0.4788,24.0687,183.3053,53.3740
455.0000,0.4338,-0.2283,0.5647,26.2137,180.2214,53.6641
453.0000,0.4265,-0.2471,0.6326,23.8626,180.9771,51.8092
461.0000,0.3958,-0.2747,0.7065,19.7557,184.4656,49.4962
463.0000,0.3997,-0.2925,0.6719,19.5573,189.3206,49.3664
450.0000,0.3928,-0.2927,0.6465,19.9542,192.9847,50.7481
465.0000,0.3721,-0.3167,0.7256,9.9542,198.8092,50.8702
452.0000,0.3472,-0.2446,0.6450,1.6565,203.0534,49.4427
474.0000,0.3240,-0.2495,0.5337,2.6794,200.5878,47.3969
447.0000,0.2727,-0.2700,0.4844,-0.7023,191.9084,45.0305
469.0000,0.2432,-0.2817,0.5496,-9.4809,185.0229,43.2137
453.0000,0.2585,-0.2891,0.6484,-14.3893,184.9924,41.7481
456.0000,0.2686,-0.3110,0.6460,-12.6336,186.8779,43.6107
506.0000,0.2200,-0.3120,0.7493,-3.5267,185.3435,47.7252
451.0000,0.1509,-0.2563,0.9597,7.3130,181.6031,50.3359
469.0000,0.1213,-0.2349,1.0452,16.9847,179.8550,49.5344
456.0000,0.1230,-0.3293,1.0974,25.5267,184.5114,47.7786
456.0000,0.1025,-0.4316,1.1160,25.7786,194.8397,48.8702
472.0000,0.0491,-0.4211,1.0640,37.4580,199.8702,50.7405
467.0000,0.0110,-0.3860,0.9812,47.1603,198.3740,51.2443
464.0000,-0.0149,-0.3281,0.9421,48.3893,188.8015,49.1450
454.0000,-0.0178,-0.2600,0.9495,44.8015,179.6794,43.2443
472.0000,-0.0601,-0.2742,0.8550,37.2443,168.0382,36.2595
466.0000,-0.0247,-0.2827,0.8462,29.4733,160.6717,31.9618
457.0000,-0.0159,-0.2334,0.9094,18.9542,154.4122,32.1069
473.0000,-0.0273,-0.1831,1.0110,1.7328,147.9084,29.6489
462.0000,-0.0498,-0.1917,1.1013,-12.5573,142.3740,25.6031
476.0000,-0.0620,-0.2505,1.1790,-15.1145,138.3893,23.3130
447.0000,-0.0935,-0.3145,1.2581,-11.3969,135.4962,23.1832
480.0000,-0.1370,-0.3472,1.3250,-6.2824,133.4351,24.2290
457.0000,-0.1477,-0.3645,1.3450,-0.5420,131.4733,24.6794
465.0000,-0.1680,-0.3867,1.3325,5.2824,130.2901,25.5954
467.0000,-0.1758,-0.3755,1.2983,8.1221,129.4733,26.5038
465.0000,-0.1506,-0.3557,1.2249,14.5954,128.7710,26.5114
464.0000,-0.1501,-0.3333,1.1519,20.2977,127.4198,24.7176
472.0000,-0.1633,-0.2729,0.9844,24.6718,117.2519,23.2061
465.0000,-0.1248,-0.2180,0.9082,31.4046,107.7405,19.9313
461.0000,-0.1602,-0.1912,0.9470,28.0840,95.6870,16.0763
460.0000,-0.1758,-0.1614,0.9939,9.5267,85.0840,10.7634
479.0000,-0.1436,-0.2085,1.0735,-4.3740,77.8931,6.0153
460.0000,-0.1672,-0.2705,1.1675,-11.0687,73.2443,5.6183
455.0000,-0.1218,-0.3181,1.2468,-18.3893,74.2137,6.7557
486.0000,-0.1648,-0.3291,1.3186,-18.3511,71.3053,9.6183
467.0000,-0.1926,-0.2957,1.3413,-17.6718,66.5878,12.1374
467.0000,-0.1821,-0.3108,1.3809,-19.7710,64.4733,10.6565
469.0000,-0.1526,-0.3660,1.3899,-10.0687,67.0382,10.0076
470.0000,-0.1628,-0.4155,1.3623,9.4733,63.6489,11.3130
469.0000,-0.1802,-0.4099,1.3506,28.2290,59.6641,13.9618
467.0000,-0.1550,-0.3379,1.2751,40.9466,58.6718,16.4198
468.0000,-0.1201,-0.2883,1.1692,49.7405,57.3664,17.1221
471.0000,-0.1348,-0.2605,1.0920,42.5420,54.3588,15.7786
470.0000,-0.1086,-0.2224,0.9768,21.0763,52.9618,13.8855
473.0000,-0.0686,-0.1501,0.8257,6.6641,50.1374,12.6031
475.0000,-0.1155,-0.1182,0.7595,-10.2290,42.2748,9.0382
471.0000,-0.1262,-0.1011,0.7573,-31.2748,35.6107,4.2443
455.0000,-0.1289,-0.1372,0.7825,-47.0992,28.6947,-0.4198
491.0000,-0.1184,-0.1948,0.8113,-55.1221,23.8473,-2.7328
461.0000,-0.1460,-0.2454,0.8672,-58.2137,20.2290,-1.7023
472.0000,-0.1643,-0.2656,0.9507,-59.0916,18.0305,-0.0687
468.0000,-0.1748,-0.2903,0.9924,-56.5878,18.3511,2.1756
479.0000,-0.1841,-0.3049,0.9978,-48.9008,21.3130,4.6489
482.0000,-0.2046,-0.3193,0.9758,-37.6870,24.5267,7.0076
473.0000,-0.2122,-0.3362,0.9519,-25.3130,25.4809,8.8397
470.0000,-0.1980,-0.3337,0.9226,-12.6870,26.8550,10.2672
476.0000,-0.1858,-0.3247,0.8923,-4.2824,29.2672,11.0840
474.0000,-0.1726,-0.2908,0.8447,1.0534,31.6870,11.7405
472.0000,-0.1733,-0.2891,0.7983,2.3206,33.4351,12.1145
456.0000,-0.1887,-0.2559,0.7170,1.6336,33.0305,11.6107
494.0000,-0.1880,-0.2515,0.6814,2.5496,30.6641,10.2672
473.0000,-0.1985,-0.2344,0.6938,1.8931,26.5649,7.5038
491.0000,-0.1997,-0.2190,0.7354,-0.5573,22.0763,4.3282
479.0000,-0.1992,-0.2156,0.7878,-3.9389,19.7634,0.9313
506.0000,-0.2283,-0.2427,0.8630,-5.5038,17.8931,-1.1908
471.0000,-0.2510,-0.2881,0.9436,-5.9847,15.8855,-1.8473
472.0000,-0.2749,-0.3262,1.0264,-6.0305,13.5725,-1.1985
467.0000,-0.2720,-0.3347,1.0593,-3.4809,11.8397,0.1679
429.0000,-0.2712,-0.3423,1.0681,1.2595,10.3969,1.3359
507.0000,-0.2729,-0.3345,1.0457,8.2672,6.4122,2.0458
368.0000,-0.2683,-0.3225,1.0325,14.5344,0.5038,1.9924
559.0000,-0.2708,-0.3081,1.0098,16.6641,-5.9008,1.0763
445.0000,-0.2666,-0.2786,1.0466,13.8015,-11.6031,0.0687
426.0000,-0.2588,-0.2715,1.0791,7.5573,-16.3817,-1.5954
451.0000,-0.2480,-0.2634,1.0935,0.6870,-20.5573,-2.8015
506.0000,-0.2529,-0.2534,1.1135,-3.2977,-25.8702,-2.4733
467.0000,-0.2605,-0.2415,1.1294,-5.7710,-32.0992,-2.4275
478.0000,-0.2617,-0.2549,1.1304,-7.6718,-38.4275,-3.1603
481.0000,-0.2451,-0.2793,1.1367,-9.1756,-44.4809,-4.1908
412.0000,-0.2373,-0.2917,1.1467,-8.9008,-50.5496,-4.2290
503.0000,-0.2341,-0.2866,1.1445,-10.0840,-55.8779,-3.8855
493.0000,-0.2358,-0.2893,1.1685,-14.6947,-61.7099,-4.5496
497.0000,-0.2300,-0.3040,1.1528,-16.2366,-66.8702,-5.7023
523.0000,-0.2275,-0.3142,1.1443,-14.8092,-71.9237,-6.1603
492.0000,-0.2588,-0.3132,1.2029,-15.5573,-79.6565,-7.7939
431.0000,-0.2722,-0.3096,1.2571,-19.3588,-87.4886,-10.4275
465.0000,-0.2646,-0.3167,1.2690,-24.0840,-92.5115,-13.0916
512.0000,-0.2673,-0.3408,1.2795,-27.1221,-97.1679,-15.2824
473.0000,-0.2944,-0.3655,1.2986,-29.9847,-104.3970,-17.3435
501.0000,-0.3081,-0.3389,1.3271,-33.7634,-112.8702,-21.0534
501.0000,-0.2996,-0.3508,1.3250,-38.9847,-120.9618,-25.8168
377.0000,-0.2954,-0.3975,1.3301,-42.7405,-129.1450,-32.7176
613.0000,-0.3179,-0.4360,1.3508,-44.6870,-137.7023,-37.9160
460.0000,-0.3789,-0.4714,1.3762,-48.8015,-146.1832,-40.1603
406.0000,-0.4192,-0.4985,1.3884,-51.0229,-154.8779,-42.8931
496.0000,-0.4148,-0.5117,1.3796,-48.8473,-163.9237,-47.2061
477.0000,-0.3992,-0.4998,1.3958,-42.7481,-175.0611,-50.9237
470.0000,-0.3950,-0.4458,1.4631,-39.0000,-189.1603,-55.1527
529.0000,-0.3716,-0.4299,1.4546,-36.8092,-201.5038,-60.3282
443.0000,-0.3469,-0.4626,1.4292,-36.9847,-212.1527,-66.9618
411.0000,-0.3154,-0.5078,1.3486,-39.5878,-218.7481,-73.0000
593.0000,-0.2800,-0.5134,1.2300,-41.7328,-224.8931,-75.8855
305.0000,-0.2397,-0.5073,1.1565,-44.3664,-231.6412,-78.7176
598.0000,-0.2144,-0.4705,1.0996,-48.1069,-240.8092,-82.7710
424.0000,-0.1743,-0.4375,1.0933,-52.5649,-249.7557,-86.7786
294.0000,-0.1370,-0.4290,1.0945,-53.6107,-250.1374,-90.1679
558.0000,-0.1182,-0.4197,1.1245,-55.6641,-250.1374,-93.9466
419.0000,-0.1101,-0.4565,1.1082,-55.1450,-250.1374,-97.9466
432.0000,-0.1086,-0.5566,1.0784,-50.5573,-250.1374,-100.8855
578.0000,-0.1003,-0.5867,1.0034,-39.3206,-250.1374,-100.9771
396.0000,-0.0630,-0.5166,0.9043,-26.7328,-250.1374,-98.6336
513.0000,-0.0332,-0.4385,0.8281,-15.4962,-250.1374,-98.6641
462.0000,0.0081,-0.4231,0.7954,-13.0534,-250.1374,-102.8473
489.0000,0.0264,-0.3928,0.6721,-15.7786,-250.1374,-108.0229
397.0000,0.0579,-0.3394,0.5923,-16.7786,-250.1374,-109.9771
578.0000,0.1040,-0.2673,0.5605,-28.0840,-250.1374,-112.2977
468.0000,0.1440,-0.2458,0.4861,-36.1985,-250.1374,-116.9924
469.0000,0.1941,-0.2764,0.4709,-44.6031,-250.1374,-120.7786
479.0000,0.2119,-0.2336,0.4307,-41.7176,-250.1374,-121.3359
477.0000,0.2124,-0.2219,0.4326,-35.4809,-250.1374,-121.7176
476.0000,0.2180,-0.2087,0.3748,-26.3435,-250.1374,-123.6565
493.0000,0.2891,-0.1965,0.2817,-11.1908,-250.1374,-123.6412
487.0000,0.3225,-0.1609,0.1870,1.3664,-250.1374,-122.9771
506.0000,0.3767,-0.1089,0.0334,14.4809,-250.1374,-120.9847
469.0000,0.4346,-0.0894,-0.0298,19.0840,-250.1374,-118.4580
492.0000,0.4744,-0.0588,-0.0459,14.2366,-250.1374,-117.2824
496.0000,0.5132,-0.0137,-0.1003,5.0534,-250.1374,-114.9313
438.0000,0.5591,0.0466,-0.1543,-3.7939,-249.4198,-111.8626
491.0000,0.5977,0.0654,-0.2109,-12.6031,-238.0916,-108.4428
447.0000,0.6035,0.0344,-0.2451,-14.6718,-229.3206,-104.3893
501.0000,0.6650,-0.0024,-0.3027,-6.7634,-216.3664,-97.6641
453.0000,0.7554,0.0559,-0.3896,11.2672,-201.4427,-89.2290
492.0000,0.8093,0.0911,-0.4907,32.7786,-186.8321,-80.1145
501.0000,0.8560,0.1201,-0.5632,57.3206,-174.0840,-72.5802
478.0000,0.8867,0.1616,-0.6416,78.5267,-161.0992,-63.5802
489.0000,0.9304,0.1477,-0.7683,99.3130,-145.1450,-53.8244
438.0000,0.9375,0.1707,-0.7822,107.3283,-126.8550,-44.6336
484.0000,0.9548,0.2080,-0.8022,108.6565,-103.4886,-36.2977
497.0000,0.9910,0.2314,-0.8669,102.6641,-82.9924,-29.3435
445.0000,1.0518,0.2698,-0.8965,63.4427,-56.4733,-23.0153
531.0000,1.0310,0.2781,-0.8149,46.1679,-36.7405,-16.8931
469.0000,1.0408,0.2129,-0.7402,37.1679,-14.1985,-9.5954
476.0000,1.0098,0.2422,-0.6831,22.1603,3.3282,-3.7634
459.0000,1.0452,0.1912,-0.6450,26.3206,20.2977,1.8397
508.0000,1.0527,0.2063,-0.5818,20.1679,47.3664,8.1603
484.0000,1.0317,0.1646,-0.5068,15.8244,65.5878,13.3664
474.0000,0.9687,0.1780,-0.4468,7.0153,71.3893,16.8855
466.0000,0.9631,0.1511,-0.3735,4.0458,75.9084,21.1298
489.0000,0.9885,0.0938,-0.3167,1.6031,86.9924,26.1679
478.0000,0.9656,0.0845,-0.2478,-9.2519,106.5344,30.6870
478.0000,0.9434,0.0811,-0.1487,-20.2290,122.9313,34.4809
493.0000,0.8875,0.0715,-0.0920,-18.9618,123.6718,38.3740
476.0000,0.8875,0.0229,-0.0535,-14.2061,129.7405,42.0305
464.0000,0.8293,-0.0374,0.0945,-4.8779,128.1527,44.8550
467.0000,0.7991,-0.0764,0.2371,20.6031,129.6336,49.0763
473.0000,0.8948,-0.0500,0.1416,11.0916,144.1985,50.6183
508.0000,0.8752,-0.0566,0.1172,12.1832,156.0458,51.7710
476.0000,0.8137,-0.0745,0.1160,7.8015,155.8244,52.3282
480.0000,0.7874,-0.0935,0.1797,14.6870,152.4809,52.8626
477.0000,0.7849,-0.0625,0.2173,17.1298,150.3588,50.1145
524.0000,0.7744,-0.0830,0.2373,12.6718,144.7786,46.7405
469.0000,0.7617,-0.1267,0.2781,15.6870,137.7023,45.0382
487.0000,0.7712,-0.1482,0.2979,20.0840,139.3817,45.0763
493.0000,0.7683,-0.1492,0.3682,16.8550,145.0076,44.0916
474.0000,0.7659,-0.1387,0.4429,6.7023,154.2672,42.4275
485.0000,0.7766,-0.1411,0.4119,1.6794,162.2214,42.5802
474.0000,0.7402,-0.1670,0.3916,-0.5649,166.9466,42.1450
521.0000,0.7234,-0.1479,0.3738,-4.3969,170.0000,40.9924
472.0000,0.6953,-0.1543,0.3804,-6.9160,166.4351,39.1298
486.0000,0.6785,-0.1951,0.4297,-5.4504,162.3206,37.2519
478.0000,0.6655,-0.2051,0.4722,-0.1603,161.1145,35.2519
492.0000,0.6646,-0.2158,0.3997,7.7252,159.2977,34.7863
495.0000,0.6387,-0.2415,0.4277,13.6947,156.7557,34.9237
483.0000,0.6328,-0.2292,0.4939,13.9924,157.9313,35.2595
483.0000,0.6628,-0.1982,0.5054,8.6641,164.0687,35.2672
491.0000,0.6360,-0.1794,0.4814,5.4198,169.2977,34.9389
489.0000,0.5979,-0.1450,0.4502,5.7634,167.5725,34.5191
499.0000,0.5771,-0.1428,0.4785,-0.4351,164.2595,33.3511
476.0000,0.5479,-0.1819,0.5693,-9.2748,161.4809,30.7405
513.0000,0.5264,-0.2256,0.6428,-11.3282,161.0992,28.7252
479.0000,0.5317,-0.2576,0.6333,-6.9466,162.1069,30.4580
493.0000,0.5144,-0.2637,0.6113,-0.8702,161.0229,32.9847
483.0000,0.5020,-0.2588,0.6677,3.9008,159.9695,35.2901
486.0000,0.4849,-0.2622,0.7227,3.3435,162.0687,35.2595
488.0000,0.5161,-0.2319,0.6177,3.1374,168.0763,36.2366
470.0000,0.4597,-0.2236,0.5996,9.8168,165.2748,37.5191
513.0000,0.4268,-0.1699,0.6099,8.3359,159.6947,36.9237
485.0000,0.4351,-0.1213,0.6235,1.1756,155.9313,34.5573
486.0000,0.4167,-0.1455,0.6855,-7.0382,154.5496,31.2061
489.0000,0.3950,-0.1626,0.6782,-12.6947,153.7939,30.0076
484.0000,0.3772,-0.1665,0.7095,-13.5649,153.1908,32.3511
481.0000,0.3645,-0.1743,0.8088,-15.3130,155.2137,35.3511
482.0000,0.3206,-0.2134,0.8928,-15.5496,157.5038,35.8168
494.0000,0.2947,-0.2588,0.9329,-7.5420,160.8473,36.9008
486.0000,0.2825,-0.3064,0.9119,2.7481,165.7099,40.3435
478.0000,0.2717,-0.3110,0.8821,14.8397,171.3359,44.3664
507.0000,0.2678,-0.2993,0.8372,25.9924,176.3053,46.7023
483.0000,0.2566,-0.2632,0.7632,33.5878,177.3206,47.7634
481.0000,0.2087,-0.2168,0.6978,40.8015,171.7710,45.8015
501.0000,0.1975,-0.1721,0.6846,41.3817,164.6183,41.9084
486.0000,0.1987,-0.1316,0.7214,34.4733,159.7863,37.4733
476.0000,0.1738,-0.1248,0.7698,22.3511,154.8626,33.1756
508.0000,0.1660,-0.1467,0.8240,9.0687,152.5420,31.0916
481.0000,0.1392,-0.1440,0.9590,-2.3664,152.2824,31.5802
485.0000,0.0986,-0.1504,1.0737,-13.6565,153.4046,30.4656
495.0000,0.0945,-0.1982,1.0703,-20.9924,157.5114,29.0992
477.0000,0.0916,-0.2698,1.0334,-19.0992,162.6031,30.1298
505.0000,0.0630,-0.3354,1.0356,-9.9466,164.8626,32.9618
484.0000,0.0205,-0.3491,1.0430,-4.5420,164.4656,33.8626
484.0000,0.0559,-0.3467,1.0027,10.8702,169.1679,34.9542
492.0000,0.0391,-0.3081,0.8730,29.6031,168.3206,37.3969
480.0000,0.0359,-0.2698,0.7847,41.5649,162.3053,37.4656
490.0000,0.0085,-0.2405,0.7783,43.1145,156.0229,35.4656
483.0000,0.0154,-0.1990,0.8064,35.4122,152.8473,32.0992
488.0000,-0.0249,-0.1416,0.8801,17.5802,149.2672,28.7099
477.0000,-0.1089,-0.0750,1.0149,-9.8244,142.9237,24.2290
523.0000,-0.1316,-0.1316,1.1160,-36.7939,141.8931,19.4885
488.0000,-0.1453,-0.2439,1.1780,-46.1221,143.1069,18.5038
488.0000,-0.1990,-0.3445,1.2249,-37.1298,139.7328,21.7328
493.0000,-0.2427,-0.3491,1.2292,-25.5802,135.3130,24.7099
475.0000,-0.2815,-0.3416,1.1858,-17.2519,126.3817,24.1603
499.0000,-0.2307,-0.3611,1.1902,4.1527,124.3283,23.8168
477.0000,-0.2312,-0.3594,1.1411,17.2366,122.6183,24.0534
492.0000,-0.2451,-0.3293,1.1807,14.5878,118.4504,23.0611
495.0000,-0.2187,-0.3022,1.0989,13.2824,115.3511,20.7252
479.0000,-0.1846,-0.2483,1.0403,14.1527,110.2519,18.2366
494.0000,-0.2068,-0.2283,1.0979,10.0763,99.9771,15.9008
489.0000,-0.2600,-0.2251,1.1538,0.6031,86.5115,12.3969
493.0000,-0.2485,-0.2405,1.1729,-12.3588,82.0458,9.0992
495.0000,-0.2534,-0.2632,1.1821,-21.4656,76.3588,8.0076
491.0000,-0.2581,-0.2449,1.2454,-29.9389,68.3130,7.8779
492.0000,-0.2607,-0.2307,1.3093,-39.0458,59.7023,6.1756
491.0000,-0.2351,-0.2749,1.3142,-41.0305,56.5267,5.3053
491.0000,-0.2192,-0.3333,1.3174,-35.5115,54.2519,4.8397
495.0000,-0.2187,-0.3413,1.2598,-26.7328,49.6031,6.0611
491.0000,-0.2212,-0.3384,1.2012,-20.1145,46.1756,7.6107
491.0000,-0.1780,-0.3521,1.1462,-12.5038,42.2214,10.0000
484.0000,-0.1318,-0.3430,1.0916,-8.0458,44.8779,10.5649
490.0000,-0.1335,-0.3232,1.0571,-0.2901,44.4733,11.5420
493.0000,-0.1440,-0.2976,0.9775,4.1603,40.8473,12.4656
491.0000,-0.1382,-0.2590,0.9099,6.5115,38.2672,12.8702
500.0000,-0.1360,-0.2385,0.8750,5.4046,36.6336,12.6031
484.0000,-0.1392,-0.2246,0.8325,5.1908,36.6336,11.1298
502.0000,-0.1360,-0.2288,0.8059,4.3282,37.1145,9.5267
480.0000,-0.1899,-0.2249,0.8120,1.6794,33.0992,8.1679
497.0000,-0.2048,-0.2302,0.8071,-0.5496,32.0153,7.6870
497.0000,-0.2131,-0.2397,0.8098,-1.8015,32.7863,7.7786
453.0000,-0.2539,-0.2288,0.8250,0.6031,31.1679,8.1145
516.0000,-0.2571,-0.2170,0.8201,4.2137,30.1908,7.7939
493.0000,-0.2783,-0.2417,0.8306,7.3206,28.4427,6.5191
473.0000,-0.2949,-0.2805,0.8667,10.7252,27.4275,4.7176
538.0000,-0.3208,-0.3040,0.8865,11.0305,25.3893,3.0076
496.0000,-0.3186,-0.3005,0.8818,10.2443,23.1450,1.9618
487.0000,-0.3379,-0.2925,0.8955,8.0000,19.3893,0.4275
481.0000,-0.3406,-0.2644,0.9009,3.0992,14.6336,-1.7099
502.0000,-0.3362,-0.2361,0.8909,-0.0916,9.5420,-3.1908
503.0000,-0.3210,-0.2378,0.9009,-1.4275,3.7481,-4.0992
491.0000,-0.3162,-0.2151,0.9231,-2.2519,-1.1374,-4.0534
458.0000,-0.3062,-0.2048,0.9556,-2.3817,-4.8779,-4.0916
582.0000,-0.2996,-0.2268,0.9524,0.4885,-6.1603,-2.9084
468.0000,-0.2866,-0.2202,0.9724,5.0916,-7.0305,-0.9695
497.0000,-0.2776,-0.2263,0.9790,9.2214,-7.2290,0.6260
478.0000,-0.2651,-0.2073,0.9419,11.1069,-7.5115,2.4427
540.0000,-0.2502,-0.1953,0.9075,12.8702,-8.1985,3.6336
510.0000,-0.2642,-0.1997,0.9180,14.6794,-11.4580,3.4580
464.0000,-0.2673,-0.2058,0.9324,10.3511,-15.6870,1.1908
520.0000,-0.2678,-0.1907,0.8877,8.2672,-19.1221,0.5573
506.0000,-0.2830,-0.1851,0.9248,5.8015,-24.6260,-0.3817
548.0000,-0.3074,-0.1707,0.9690,-0.7405,-31.2137,-2.9389
435.0000,-0.3198,-0.1868,1.0564,-8.4580,-38.6794,-4.5267
490.0000,-0.3481,-0.2168,1.1570,-15.0992,-44.9084,-5.8015
491.0000,-0.3621,-0.2502,1.2034,-17.9389,-49.7023,-6.8321
513.0000,-0.3672,-0.2678,1.2471,-17.0840,-55.1985,-6.5191
492.0000,-0.3765,-0.2769,1.2913,-15.8397,-61.5725,-7.1298
365.0000,-0.3794,-0.2900,1.2900,-13.1832,-69.3970,-8.5191
584.0000,-0.3730,-0.2585,1.2583,-9.7634,-78.1908,-10.0000
518.0000,-0.3733,-0.2334,1.2681,-9.2290,-87.6947,-12.2061
475.0000,-0.3562,-0.1963,1.2598,-13.6031,-97.0916,-15.2519
446.0000,-0.3369,-0.1965,1.2627,-22.0840,-105.9542,-19.1603
500.0000,-0.3364,-0.2114,1.2788,-32.5267,-114.8855,-22.0611
527.0000,-0.3467,-0.2546,1.3391,-44.4656,-123.3511,-23.5573
409.0000,-0.3562,-0.2681,1.3818,-55.5802,-129.1145,-25.1450
574.0000,-0.3726,-0.3013,1.3896,-61.8550,-134.3740,-27.6794
532.0000,-0.3887,-0.3386,1.3774,-60.5573,-140.9771,-31.0076
489.0000,-0.3938,-0.4102,1.3826,-52.6183,-148.8779,-34.7099
510.0000,-0.3860,-0.4329,1.4243,-44.5573,-158.8321,-37.8855
567.0000,-0.3701,-0.3972,1.4070,-40.0458,-168.4351,-38.6947
508.0000,-0.3713,-0.3855,1.4089,-40.5420,-178.4886,-40.7939
135.0000,-0.3835,-0.3896,1.3442,-40.2595,-188.5267,-44.7710
704.0000,-0.3835,-0.4053,1.3245,-41.5344,-196.9924,-48.5496
343.0000,-0.3721,-0.4009,1.3232,-43.0000,-207.4886,-53.5954
600.0000,-0.3486,-0.4053,1.3330,-47.0229,-217.6717,-57.1603
461.0000,-0.3167,-0.4290,1.2869,-47.0611,-228.1374,-60.4656
17.0000,-0.3054,-0.4678,1.2683,-47.8702,-238.9542,-65.6412
819.0000,-0.2827,-0.4424,1.2246,-48.1069,-250.1374,-70.6718
507.0000,-0.2373,-0.4373,1.2622,-49.9466,-250.1374,-75.1298
383.0000,-0.2297,-0.4927,1.2729,-51.7634,-250.1374,-81.6031
512.0000,-0.1956,-0.5239,1.1614,-47.5725,-250.1374,-84.6565
512.0000,-0.1331,-0.5273,1.0862,-37.8321,-250.1374,-83.6336
441.0000,-0.1418,-0.5010,1.0769,-28.0687,-250.1374,-84.2443
500.0000,-0.0908,-0.4417,0.9661,-16.5420,-250.1374,-87.1145
476.0000,-0.0188,-0.4001,0.8662,-4.0305,-250.1374,-88.1069
461.0000,0.0171,-0.3652,0.8271,1.6641,-250.1374,-91.0611
548.0000,0.0327,-0.3013,0.7844,-1.8092,-250.1374,-94.7939
481.0000,0.1018,-0.2700,0.7065,-10.4733,-250.1374,-97.4962
453.0000,0.1516,-0.2341,0.6140,-23.7023,-250.1374,-98.7710
546.0000,0.2158,-0.2278,0.5420,-36.3893,-250.1374,-100.6260
485.0000,0.2290,-0.2617,0.5354,-41.1908,-250.1374,-101.1985
473.0000,0.2397,-0.2505,0.5498,-40.5344,-250.1374,-101.1069
510.0000,0.3062,-0.2117,0.4709,-27.3053,-250.1374,-97.9771
455.0000,0.3000,-0.2246,0.4121,-7.5267,-250.1374,-95.9313
525.0000,0.3027,-0.2646,0.3816,4.1527,-250.1374,-93.8168
383.0000,0.3276,-0.2659,0.3306,18.0000,-250.1374,-91.3740
512.0000,0.3552,-0.2581,0.2444,27.6107,-250.1374,-86.2824
484.0000,0.3547,-0.1912,0.0962,37.0916,-250.1374,-84.8779
477.0000,0.3308,-0.1985,0.0718,38.3740,-250.1374,-85.3206
480.0000,0.3950,-0.1548,0.0256,38.0305,-250.1374,-86.3206
452.0000,0.4448,-0.1721,0.0281,33.6565,-250.1374,-86.4886
518.0000,0.4856,-0.1453,0.0134,24.7252,-248.0458,-87.7023
470.0000,0.5313,-0.1487,0.0266,18.0611,-240.0840,-88.5191
470.0000,0.5598,-0.1697,0.0393,9.7405,-229.8626,-89.3283
510.0000,0.5935,-0.1289,-0.0039,8.4733,-219.2214,-88.8397
531.0000,0.6299,-0.1079,-0.0652,5.4733,-210.0534,-89.3053
550.0000,0.6494,-0.0891,-0.1162,5.6718,-200.8626,-89.4122
454.0000,0.6790,-0.0884,-0.1741,6.0916,-192.6641,-87.6183
434.0000,0.7202,-0.0444,-0.2664,10.7176,-182.6107,-84.6260
600.0000,0.7810,0.0203,-0.3975,16.8550,-171.6794,-79.8550
334.0000,0.8174,0.0532,-0.4490,18.5802,-162.0687,-75.8550
521.0000,0.8540,0.0984,-0.4883,16.5344,-149.0534,-71.3817
529.0000,0.8862,0.1372,-0.5696,25.3893,-136.2519,-65.0458
570.0000,0.9114,0.1580,-0.6240,37.1145,-123.5573,-56.3588
424.0000,0.9297,0.1929,-0.6443,49.5802,-112.0000,-48.1450
518.0000,0.9470,0.2471,-0.6777,55.5115,-102.0611,-40.5878
489.0000,1.0500,0.3376,-0.7148,33.9313,-77.5038,-33.6947
446.0000,1.0469,0.3049,-0.6790,22.3588,-61.7176,-27.4046
463.0000,1.0669,0.2820,-0.6318,15.5878,-40.0000,-19.4885
486.0000,1.0742,0.2180,-0.6589,12.9084,-17.9160,-12.1374
513.0000,1.0481,0.2180,-0.5974,16.2443,-2.7099,-4.3206
486.0000,1.0483,0.2112,-0.5457,27.2672,13.8931,2.8702
486.0000,1.0625,0.2056,-0.4807,44.7099,35.6794,9.9695
439.0000,1.0786,0.1619,-0.4980,51.7557,59.5725,14.7023
541.0000,0.9626,0.2112,-0.4402,36.3282,60.4733,16.5267
466.0000,0.9568,0.2292,-0.3083,25.4427,64.0840,20.0458
512.0000,0.9705,0.1448,-0.2559,29.3588,68.5573,23.6183
463.0000,0.9670,0.1467,-0.1934,18.5496,82.5344,27.1450
489.0000,0.9773,0.1035,-0.1399,12.1298,99.8550,32.1298
491.0000,0.9890,0.1365,-0.0840,-9.2366,121.8092,36.4046
467.0000,0.9194,0.1113,-0.0505,-16.6565,127.2290,38.1374
473.0000,0.8984,0.0925,-0.0127,-13.8473,128.3435,40.8626
525.0000,0.8618,0.0554,-0.0029,2.5267,122.9771,42.5191
482.0000,0.8599,0.0271,0.0332,17.9084,117.0992,43.7023
485.0000,0.8540,0.0107,0.0525,24.1985,116.9466,44.4962
476.0000,0.8623,0.0010,0.1453,16.4427,124.3970,44.3664
463.0000,0.8469,0.0110,0.1311,4.7252,132.0840,44.1908
540.0000,0.8550,0.0159,0.1162,-3.7481,138.9466,44.7557
486.0000,0.8196,0.0020,0.1316,-13.0153,141.4962,45.2366
504.0000,0.7993,-0.0037,0.1443,-18.3893,140.9847,44.7328
494.0000,0.8181,-0.0188,0.1594,-23.4351,144.2214,44.5649
502.0000,0.7991,-0.0522,0.1929,-29.6183,147.0992,44.6718
480.0000,0.7847,-0.1008,0.2290,-30.9924,151.6107,45.2519
481.0000,0.7664,-0.1189,0.2612,-30.0458,157.2824,46.8931
475.0000,0.7532,-0.1101,0.2390,-27.6870,162.6794,48.4809
499.0000,0.7373,-0.1135,0.2427,-25.9313,165.0611,50.0000
492.0000,0.7114,-0.1025,0.2744,-19.1756,165.6870,49.9466
491.0000,0.7173,-0.1204,0.2939,-19.5954,167.5420,49.9695
488.0000,0.6838,-0.1177,0.2927,-16.8931,166.4275,49.2519
505.0000,0.6592,-0.1299,0.2710,-10.0229,163.7481,49.5802
477.0000,0.6550,-0.1135,0.2817,-12.1298,163.0763,49.7328
470.0000,0.6340,-0.1621,0.3726,-20.9466,163.4580,49.2137
511.0000,0.6135,-0.1731,0.4287,-26.8473,166.8244,47.9618
495.0000,0.6128,-0.1919,0.4185,-27.4962,169.7099,48.9924
488.0000,0.6047,-0.2368,0.4817,-24.3740,173.9695,51.6947
474.0000,0.5750,-0.2642,0.5603,-15.9084,177.6565,53.5038
520.0000,0.5762,-0.2429,0.5974,-8.6947,182.7786,56.1374
503.0000,0.5798,-0.2268,0.5071,4.1603,185.1374,58.4275
487.0000,0.5269,-0.2390,0.4954,17.5496,181.0076,58.3206
492.0000,0.4541,-0.2520,0.5417,21.1908,171.4122,55.7176
494.0000,0.4839,-0.2175,0.5613,15.5191,169.3053,51.9237
482.0000,0.5054,-0.2341,0.5378,5.5725,170.3053,48.7023
542.0000,0.4634,-0.2153,0.5640,-3.9924,167.7328,47.0305
495.0000,0.4355,-0.1965,0.6294,-17.3893,165.4198,45.9466
489.0000,0.4231,-0.2212,0.7280,-31.5344,164.1756,43.6641
498.0000,0.4124,-0.2446,0.7766,-35.5191,164.7176,41.9695
534.0000,0.4033,-0.2793,0.7866,-31.4122,165.8321,43.1985
491.0000,0.3821,-0.3093,0.8462,-28.3359,170.6870,44.9084
488.0000,0.3613,-0.3262,0.8879,-19.0534,175.1145,46.1679
504.0000,0.3770,-0.3611,0.8921,-5.3435,181.6794,49.0153
491.0000,0.3840,-0.3411,0.8032,3.9237,189.8855,53.3817
494.0000,0.3684,-0.2942,0.6609,21.3740,191.5114,55.7023
506.0000,0.3152,-0.2385,0.6104,33.5649,183.8244,53.5802
491.0000,0.2810,-0.1816,0.6516,27.5420,173.2977,47.8779
494.0000,0.2769,-0.1511,0.6843,13.3588,165.1527,40.4809
497.0000,0.2876,-0.1685,0.7224,-3.9084,160.8931,35.6260
495.0000,0.2461,-0.2161,0.8162,-21.8244,158.2595,33.6107
490.0000,0.2046,-0.2612,0.9292,-37.7939,158.3588,32.4656
506.0000,0.2051,-0.2922,0.9692,-43.9008,161.4046,32.6107
497.0000,0.1782,-0.3223,0.9980,-41.9847,163.6336,35.2901
489.0000,0.1494,-0.3838,1.0781,-42.5115,170.6641,37.2901
494.0000,0.1130,-0.4109,1.0667,-32.1985,176.4046,38.1527
479.0000,0.0999,-0.4084,0.9617,-10.6107,177.4504,40.5802
529.0000,0.0535,-0.3569,0.8921,5.3359,166.4580,41.9237
487.0000,0.0659,-0.3389,0.8889,17.1832,161.7481,40.0458
490.0000,0.0637,-0.3088,0.8958,21.7710,157.2595,37.1298
501.0000,0.0718,-0.2878,0.8696,25.8473,150.4733,34.7405
493.0000,0.0505,-0.2556,0.8962,22.8779,144.7176,33.7557
485.0000,0.0183,-0.2278,1.0088,10.3359,139.7328,32.3053
511.0000,0.0051,-0.2598,1.0544,-1.0305,138.2366,28.7481
506.0000,-0.0051,-0.3076,1.0330,-4.3206,137.8855,27.1832
505.0000,-0.0557,-0.3496,1.0588,-3.7786,136.3206,27.7099
490.0000,-0.0715,-0.3428,1.1526,-3.9542,137.6336,27.9618
485.0000,-0.0732,-0.3533,1.1338,-7.0611,144.8092,28.5496
531.0000,-0.0837,-0.3530,1.0557,0.1145,147.5267,29.2443
497.0000,-0.1294,-0.3879,0.9817,15.5038,141.9466,31.4351
491.0000,-0.1716,-0.3220,1.0256,12.8702,134.5496,30.5573
500.0000,-0.1604,-0.3337,1.0186,18.5191,128.4122,25.0305
495.0000,-0.1843,-0.3330,1.0229,22.4733,123.9313,23.7252
491.0000,-0.2383,-0.3040,1.0408,18.8931,113.7252,22.6031
504.0000,-0.2444,-0.2959,1.1121,16.0000,106.1450,21.6947
492.0000,-0.2434,-0.2769,1.1675,11.5496,102.6412,20.9618
489.0000,-0.2629,-0.2651,1.1648,9.9771,98.2595,19.9237
499.0000,-0.2761,-0.2871,1.1602,11.4656,93.5267,18.1756
507.0000,-0.2717,-0.3013,1.1555,16.2519,89.7863,16.9008
496.0000,-0.2734,-0.3113,1.1519,20.8015,86.8397,16.5191
499.0000,-0.2617,-0.2935,1.1399,24.3893,86.5878,16.6718
507.0000,-0.2427,-0.2915,1.1311,26.1908,82.3970,14.9313
498.0000,-0.2031,-0.2874,1.1003,21.4885,82.4733,13.1679
486.0000,-0.1663,-0.2678,1.0281,20.9466,82.9695,13.8015
499.0000,-0.1902,-0.2615,1.0103,19.9695,82.1527,14.6870
491.0000,-0.2295,-0.2412,1.0051,7.9695,77.5496,12.8092
502.0000,-0.2153,-0.2363,0.9492,-1.0076,70.9695,10.2824
510.0000,-0.2068,-0.2534,0.9639,-6.3053,63.9313,7.8397
488.0000,-0.2107,-0.2627,0.9968,-11.5954,56.9160,5.6412
502.0000,-0.2290,-0.2722,1.0659,-17.2748,50.8779,3.8550
495.0000,-0.2200,-0.3132,1.1055,-19.4351,46.9008,3.2977
496.0000,-0.2229,-0.3306,1.1396,-17.2748,43.6947,4.1985
497.0000,-0.2217,-0.3315,1.1533,-13.5344,40.0229,6.3130
491.0000,-0.2170,-0.3315,1.1433,-8.3359,37.8321,8.2443
494.0000,-0.2048,-0.3447,1.1135,-0.4122,35.9389,9.1450
482.0000,-0.1958,-0.3242,1.0940,8.7557,34.7863,9.9618
522.0000,-0.1880,-0.3223,1.0754,13.9389,32.0687,10.3817
501.0000,-0.1816,-0.3159,1.0425,12.5802,32.6183,11.2290
481.0000,-0.1792,-0.2874,0.9832,10.7176,33.8092,11.7481
473.0000,-0.1975,-0.2495,0.9067,9.6794,32.9695,12.4656
510.0000,-0.2058,-0.2153,0.8640,6.2595,28.0458,11.7252
454.0000,-0.2185,-0.1973,0.8401,2.7176,21.4580,9.3359
540.0000,-0.2224,-0.2097,0.8525,-1.9847,17.5573,6.4275
473.0000,-0.2168,-0.2144,0.8735,-6.3664,13.2672,4.3664
456.0000,-0.2341,-0.2322,0.9165,-9.5344,8.5573,3.3969
534.0000,-0.2498,-0.2859,0.9539,-11.0382,4.1679,3.0382
516.0000,-0.2524,-0.2795,0.9866,-10.4198,1.0229,3.9695
453.0000,-0.2463,-0.3018,1.0420,-9.3664,-1.3282,3.6794
510.0000,-0.2615,-0.2817,1.0557,-9.9695,-4.1832,2.2214
510.0000,-0.2668,-0.2637,1.0615,-9.8321,-6.5954,1.8473
490.0000,-0.2476,-0.2690,1.0120,-10.1145,-9.5038,1.9160
479.0000,-0.2654,-0.2683,0.9771,-7.8015,-12.2901,1.8779
462.0000,-0.2703,-0.2578,0.9631,-5.7405,-15.6565,0.8397
578.0000,-0.2607,-0.2505,0.9397,-5.6260,-20.2061,-0.4656
469.0000,-0.2676,-0.2595,0.9675,-5.3435,-25.1221,-1.1527
517.0000,-0.2708,-0.2517,1.0034,-6.8779,-30.4275,-2.6947
541.0000,-0.2729,-0.2222,1.0371,-8.0916,-35.7328,-3.8779
450.0000,-0.2888,-0.2290,1.0942,-12.9695,-41.3435,-5.8092
457.0000,-0.3035,-0.2373,1.1355,-17.5114,-46.5267,-7.8244
514.0000,-0.3157,-0.2700,1.1819,-21.0000,-50.9160,-9.0000
544.0000,-0.3196,-0.2878,1.2051,-23.7634,-55.6183,-9.3053
417.0000,-0.3474,-0.3081,1.2590,-26.2290,-61.5649,-10.1985
528.0000,-0.3870,-0.3206,1.2808,-27.5038,-70.0382,-12.4275
554.0000,-0.4260,-0.3425,1.3213,-26.1908,-80.5802,-14.9466
443.0000,-0.4465,-0.3318,1.3440,-26.4351,-91.5115,-17.8702
517.0000,-0.4539,-0.3154,1.3647,-29.1069,-103.2824,-20.4885
481.0000,-0.4519,-0.3062,1.3569,-35.2290,-114.0916,-22.5954
542.0000,-0.4485,-0.3096,1.3555,-44.9924,-125.0153,-25.7252
513.0000,-0.4429,-0.3291,1.3420,-54.0534,-134.8931,-29.0992
344.0000,-0.4429,-0.3574,1.3721,-58.1221,-145.7939,-34.1603
615.0000,-0.4260,-0.3684,1.4072,-58.8779,-156.7939,-39.1298
523.0000,-0.3899,-0.3755,1.4231,-59.4046,-166.0763,-42.0458
470.0000,-0.3872,-0.4197,1.3975,-57.9695,-175.1985,-44.3359
462.0000,-0.3887,-0.4441,1.3528,-56.2748,-185.2137,-47.1298
502.0000,-0.3809,-0.4390,1.3640,-56.6260,-195.7252,-50.1603
478.0000,-0.3547,-0.4414,1.3308,-55.9924,-203.9847,-55.4046
675.0000,-0.3274,-0.5017,1.2947,-52.7328,-211.4504,-59.7939
485.0000,-0.3220,-0.5410,1.3250,-47.1221,-221.3817,-62.9924
488.0000,-0.3303,-0.5325,1.2993,-41.1679,-229.2977,-65.6794
463.0000,-0.2732,-0.5022,1.2244,-34.8015,-236.2366,-69.2595
537.0000,-0.2393,-0.4380,1.1230,-28.9084,-244.0840,-72.7328
579.0000,-0.1897,-0.4250,1.0374,-29.7939,-250.1374,-77.7405
409.0000,-0.1733,-0.4456,1.0491,-36.6794,-250.1374,-83.4580
485.0000,-0.1643,-0.4316,1.0803,-47.4504,-250.1374,-89.7939
557.0000,-0.1323,-0.3716,1.0757,-57.3435,-250.1374,-94.3588
393.0000,-0.1006,-0.4194,1.0583,-64.6412,-250.1374,-99.2214
541.0000,-0.0823,-0.4490,0.9939,-63.2443,-250.1374,-102.3740
436.0000,-0.0281,-0.4355,0.8958,-55.2748,-250.1374,-103.0992
564.0000,0.0154,-0.4553,0.8335,-44.1679,-250.1374,-104.0458
472.0000,0.0400,-0.4702,0.8013,-33.5649,-250.1374,-106.4046
442.0000,0.0847,-0.3977,0.6021,-16.9389,-250.1374,-105.3970
562.0000,0.1033,-0.3752,0.5315,-6.3282,-250.1374,-103.9237
454.0000,0.1062,-0.3394,0.6270,-9.1832,-250.1374,-105.4962
507.0000,0.1355,-0.2788,0.5188,-17.1603,-250.1374,-108.5038
447.0000,0.1794,-0.2983,0.5054,-20.7863,-250.1374,-108.0840
593.0000,0.1536,-0.3118,0.5559,-31.1374,-250.1374,-109.7481
507.0000,0.1860,-0.2498,0.5410,-36.4504,-250.1374,-109.7176
492.0000,0.2852,-0.2551,0.4268,-33.2137,-250.1374,-107.7252
551.0000,0.2786,-0.3220,0.3606,-30.9237,-250.1374,-105.8015
458.0000,0.2864,-0.3198,0.3242,-23.0000,-250.1374,-104.1450
488.0000,0.3303,-0.2351,0.1992,-5.8244,-250.1374,-103.1298
439.0000,0.3835,-0.1714,0.1079,11.7710,-250.1374,-102.5573
524.0000,0.4128,-0.2029,0.0955,18.7252,-250.1374,-103.4580
437.0000,0.3987,-0.2187,0.1323,20.5573,-250.1374,-104.6260
480.0000,0.4612,-0.1597,0.0688,25.5420,-248.3969,-103.2824
496.0000,0.5393,-0.1384,-0.0620,30.5496,-239.7252,-98.9008
526.0000,0.5420,-0.1143,-0.0625,26.5344,-230.7481,-97.2366
552.0000,0.5608,-0.0713,-0.0938,26.3053,-226.1756,-96.4886
433.0000,0.6326,-0.0537,-0.0728,21.5878,-218.4580,-94.8626
505.0000,0.6689,-0.0173,-0.1289,17.9847,-209.9924,-93.7252
531.0000,0.7297,-0.0012,-0.1934,17.7481,-196.7176,-90.4809
486.0000,0.7729,0.0151,-0.2644,19.6565,-184.0687,-87.5878
520.0000,0.7917,0.0081,-0.3352,25.1985,-170.9924,-83.2137
630.0000,0.8210,0.0403,-0.3992,36.1908,-159.3664,-77.9771
531.0000,0.8953,0.0769,-0.4702,46.7557,-147.3817,-71.8015
559.0000,0.9280,0.1143,-0.5837,57.7405,-136.6565,-66.2137
480.0000,0.9497,0.1042,-0.6436,67.1985,-125.2977,-58.5496
520.0000,0.9468,0.1240,-0.6680,70.7557,-115.8244,-52.1908
524.0000,1.0122,0.2932,-0.7910,42.1145,-101.5267,-46.2901
483.0000,1.0286,0.3188,-0.7700,0.1908,-87.4275,-43.9389
487.0000,1.1511,0.2805,-0.7144,-6.8015,-53.2214,-37.7252
492.0000,1.0520,0.2749,-0.6833,-5.2824,-43.1603,-28.9924
497.0000,1.0642,0.2854,-0.7339,0.5496,-25.1832,-18.4046
536.0000,1.0759,0.3022,-0.6968,14.1832,-10.9847,-9.7176
483.0000,1.0598,0.3027,-0.6577,24.3282,5.4809,-1.0916
448.0000,1.0708,0.2864,-0.6118,30.5267,31.2901,7.7557
558.0000,1.0364,0.3086,-0.6116,30.3969,45.9237,14.3282
463.0000,1.0300,0.2676,-0.5320,22.6870,59.5420,21.6031
516.0000,1.0005,0.2322,-0.4380,4.2061,72.7099,27.7481
483.0000,0.9934,0.1797,-0.3352,-10.3511,90.9160,33.9695
500.0000,0.9138,0.0913,-0.2146,-12.7786,96.5115,38.3817
504.0000,0.9143,0.0151,-0.1304,-2.3969,102.2901,44.9695
478.0000,0.9473,0.0149,-0.0947,-5.0000,116.6794,49.9542
495.0000,0.9365,0.0334,-0.0547,-15.2672,130.4656,51.9313
485.0000,0.8650,-0.0154,0.0188,-17.1298,129.8855,53.8015
484.0000,0.8882,-0.0422,0.0981,-22.3130,134.7939,55.2137
454.0000,0.8809,-0.0400,0.0647,-19.8626,135.3282,54.4427
473.0000,0.8528,-0.0715,0.0417,-8.9008,131.2977,53.9847
504.0000,0.8325,-0.0691,0.0691,-5.3130,129.3740,54.1756
485.0000,0.8333,-0.0415,0.0996,-6.8702,129.3588,54.0153
481.0000,0.8464,-0.0540,0.1353,-13.3206,133.9695,53.1069
496.0000,0.8372,-0.0745,0.1709,-17.9847,137.6717,53.0382
496.0000,0.8254,-0.0952,0.2085,-19.2290,141.6870,54.4351
494.0000,0.8054,-0.1309,0.2971,-14.0611,144.7633,56.3588
480.0000,0.8086,-0.1724,0.3762,-9.0687,152.9542,58.0000
536.0000,0.8352,-0.1453,0.2839,-3.0992,163.1374,59.8397
495.0000,0.8403,-0.1582,0.2383,6.5649,170.7099,61.5191
495.0000,0.7659,-0.2136,0.3037,6.1374,172.8779,61.0153
492.0000,0.7358,-0.1868,0.2979,2.1374,172.9008,59.0840
496.0000,0.7424,-0.1799,0.2712,2.6565,171.3740,56.7863
494.0000,0.7056,-0.1970,0.2690,0.6107,166.3588,53.9542
489.0000,0.6711,-0.2061,0.2788,-0.3969,158.4886,52.4885
492.0000,0.6848,-0.2124,0.3276,-0.7634,154.5267,51.1679
497.0000,0.6829,-0.1975,0.3416,-1.0382,153.6336,50.0840
509.0000,0.6711,-0.2058,0.4097,2.2519,151.8015,49.4733
484.0000,0.6672,-0.2322,0.4883,9.7481,152.9542,50.2824
534.0000,0.6807,-0.2190,0.4805,19.3435,157.7481,52.0534
480.0000,0.6804,-0.2446,0.5554,25.0458,165.8550,54.4427
499.0000,0.6743,-0.2769,0.6599,14.9542,182.7405,56.8473
499.0000,0.6587,-0.2437,0.5486,18.8168,194.8397,58.8702
502.0000,0.5811,-0.2815,0.4753,26.3206,193.9084,59.2443
496.0000,0.5403,-0.2563,0.4561,23.5496,189.5878,57.1985
492.0000,0.5056,-0.2646,0.5137,17.0076,183.9008,53.4504
480.0000,0.4941,-0.2646,0.5029,13.9466,178.4275,48.8168
539.0000,0.4783,-0.2754,0.4751,8.6412,172.7023,45.6412
503.0000,0.4343,-0.2732,0.5112,2.5573,165.2748,44.4351
472.0000,0.4446,-0.2148,0.5637,-8.4504,161.6870,42.9160
557.0000,0.4619,-0.2092,0.5957,-21.7710,165.0076,41.1221
487.0000,0.4407,-0.2505,0.6201,-28.6107,168.4962,41.1908
489.0000,0.3997,-0.2861,0.6738,-28.6489,169.9389,42.6107
477.0000,0.3743,-0.2998,0.7180,-25.5191,172.8702,45.2519
534.0000,0.3784,-0.3025,0.6885,-17.4198,178.3969,49.1450
493.0000,0.3442,-0.3376,0.7158,-1.6412,182.8168,52.8779
489.0000,0.2805,-0.3433,0.7485,11.3969,184.4122,54.9695
498.0000,0.2688,-0.3274,0.7139,24.9160,183.4122,56.5725
490.0000,0.2410,-0.3296,0.7109,35.2977,181.9618,56.8244
488.0000,0.2129,-0.3040,0.7327,37.5191,180.0916,54.8168
513.0000,0.1824,-0.2659,0.7295,32.5267,175.8473,51.2290
488.0000,0.1624,-0.2275,0.7266,20.3664,170.2519,46.8626
500.0000,0.1458,-0.1694,0.7805,1.0840,166.2595,43.3053
477.0000,0.1343,-0.1931,0.8372,-21.6031,164.2977,39.2366
528.0000,0.1326,-0.2402,0.8828,-38.5802,165.7481,36.4962
498.0000,0.1257,-0.3398,0.9692,-43.3511,171.1450,37.1527
490.0000,0.1008,-0.4221,1.0574,-38.3359,178.6336,41.7710
498.0000,0.0825,-0.4177,1.0417,-18.7710,182.4733,48.5802
497.0000,0.0264,-0.4114,1.0349,9.9695,180.7633,52.6489
499.0000,-0.0371,-0.3706,0.9346,32.0687,171.7099,53.5649
497.0000,0.0007,-0.3445,0.9255,49.4198,165.1374,50.0992
464.0000,-0.0183,-0.3206,0.9263,53.7863,161.4656,46.3740
538.0000,-0.0369,-0.2778,0.8960,44.6031,158.0992,41.9466
487.0000,-0.0457,-0.2769,0.9165,28.9618,153.9313,37.5191
480.0000,-0.0942,-0.3052,1.0068,12.8397,150.0916,35.0763
506.0000,-0.1038,-0.3140,1.0874,1.5878,147.8779,33.7405
507.0000,-0.1250,-0.3284,1.1475,-2.1908,145.7405,32.7939
503.0000,-0.1611,-0.3621,1.2185,1.0458,142.3893,32.9084
496.0000,-0.2012,-0.3618,1.3560,7.4580,140.5191,34.1603
487.0000,-0.2170,-0.3049,1.3396,9.1069,143.4351,33.6107
499.0000,-0.1890,-0.2168,1.1665,20.2748,140.9160,36.5115
518.0000,-0.2065,-0.2026,1.0305,23.1450,131.4275,35.9924
492.0000,-0.2161,-0.2668,1.0110,29.4504,119.5802,32.0840
490.0000,-0.1914,-0.3108,1.0225,28.4351,115.0687,28.2672
497.0000,-0.1951,-0.3157,1.0210,26.3969,105.9618,22.6183
500.0000,-0.1968,-0.3362,1.0034,29.1756,97.7481,21.0534
508.0000,-0.2048,-0.3420,1.0425,29.9695,92.3206,20.9847
490.0000,-0.2161,-0.3354,1.1038,26.0611,86.3206,20.1603
503.0000,-0.2175,-0.3142,1.1428,20.0687,83.4428,18.1145
500.0000,-0.2231,-0.2874,1.1587,15.6489,82.1527,16.8244
497.0000,-0.2375,-0.2893,1.2466,10.4198,79.4122,14.3969
500.0000,-0.2012,-0.2605,1.3132,5.1145,77.9466,10.7939
498.0000,-0.1599,-0.2463,1.2354,-0.2137,76.0229,9.6565
510.0000,-0.1633,-0.2566,1.1804,-2.5573,75.1450,10.7634
493.0000,-0.1758,-0.2732,1.1038,-8.5573,73.4198,11.0534
496.0000,-0.1533,-0.2642,1.0427,-17.8702,69.1069,8.7939
505.0000,-0.1187,-0.2573,1.0107,-24.9542,64.5267,6.8779
496.0000,-0.1106,-0.2769,1.0142,-28.7176,59.8855,6.6489
506.0000,-0.1113,-0.3015,1.0391,-29.6260,57.8550,6.0916
501.0000,-0.1331,-0.3508,1.0603,-25.2366,56.5115,6.1985
505.0000,-0.1519,-0.3472,1.0747,-19.4198,56.3740,8.8244
504.0000,-0.1892,-0.3315,1.0659,-11.7557,52.0229,11.5496
497.0000,-0.1831,-0.3215,1.0715,-7.8626,51.2061,12.9695
475.0000,-0.1848,-0.3079,1.0864,-5.7557,52.4962,13.5344
490.0000,-0.1968,-0.2883,1.0686,-4.9771,53.5496,13.3359
498.0000,-0.2104,-0.2791,1.0474,-5.4962,53.6565,12.9847
514.0000,-0.2175,-0.2925,0.9910,-9.1832,53.0000,13.1603
485.0000,-0.2256,-0.2803,0.9360,-14.5954,51.8321,13.0229
493.0000,-0.2319,-0.2825,0.9014,-18.5267,50.8779,12.2290
509.0000,-0.2747,-0.2766,0.8018,-22.9771,40.9847,9.8473
527.0000,-0.2493,-0.2427,0.7444,-23.8626,39.1679,9.0076
509.0000,-0.2947,-0.2539,0.6973,-20.6794,32.2672,6.6641
412.0000,-0.3564,-0.2725,0.7378,-22.5573,21.0076,3.1374
532.0000,-0.3574,-0.2939,0.8115,-24.8779,10.6641,-0.3969
530.0000,-0.3545,-0.3218,0.9326,-24.5725,2.1679,-2.4046
470.0000,-0.3604,-0.3491,1.0317,-22.0992,-6.1450,-2.1374
328.0000,-0.3704,-0.3640,1.1162,-17.4275,-11.4351,-0.7634
601.0000,-0.3469,-0.3555,1.1602,-10.3740,-13.9771,0.8473
460.0000,-0.3259,-0.3635,1.1475,-2.2519,-13.8168,2.1908
502.0000,-0.3064,-0.3848,1.1243,2.2901,-14.0534,2.3740
489.0000,-0.2900,-0.3833,1.0627,6.6718,-13.1450,2.6870
520.0000,-0.2695,-0.3577,0.9548,13.0534,-12.6107,3.8626
469.0000,-0.2576,-0.3250,0.8896,19.6183,-14.9389,4.3435
496.0000,-0.2542,-0.2769,0.8584,22.0687,-20.0611,3.2977
517.0000,-0.2358,-0.2505,0.8350,20.6489,-25.6107,1.1145
480.0000,-0.2209,-0.2322,0.8311,13.6489,-31.2672,-1.1298
543.0000,-0.2190,-0.2095,0.8687,9.7176,-37.8550,-1.7557
510.0000,-0.2341,-0.2056,0.9219,3.3359,-43.6641,-3.7710
495.0000,-0.2463,-0.2100,1.0149,-7.4504,-48.7328,-6.5954
452.0000,-0.2561,-0.2322,1.0767,-16.1679,-53.1603,-9.1603
563.0000,-0.2822,-0.2649,1.1948,-21.6183,-60.1908,-10.8168
470.0000,-0.2891,-0.2986,1.2732,-26.9084,-63.2366,-11.5496
487.0000,-0.3040,-0.3345,1.3137,-31.0916,-65.6336,-13.0534
624.0000,-0.3225,-0.3574,1.2910,-31.1145,-69.1450,-14.6336
441.0000,-0.3457,-0.3896,1.2578,-26.5649,-74.5954,-16.4122
477.0000,-0.3599,-0.4006,1.2317,-22.8855,-81.3511,-19.8702
511.0000,-0.3616,-0.3984,1.2297,-21.7099,-90.7405,-23.3511
436.0000,-0.3518,-0.3779,1.2588,-23.9847,-101.4733,-24.8550
531.0000,-0.3914,-0.3755,1.2788,-29.1145,-111.5344,-26.5649
476.0000,-0.4373,-0.3867,1.3157,-34.1908,-122.1527,-29.4275
511.0000,-0.4417,-0.3809,1.3687,-37.4275,-134.3969,-34.0992
494.0000,-0.4287,-0.3706,1.4067,-43.6107,-146.5114,-38.2748
432.0000,-0.4124,-0.3828,1.4436,-51.5878,-157.9160,-43.2824
700.0000,-0.4109,-0.4199,1.4241,-57.5496,-167.8779,-48.7176
417.0000,-0.4087,-0.4629,1.4353,-59.9618,-178.4275,-52.0763
458.0000,-0.3914,-0.5066,1.4553,-60.8702,-188.1374,-56.7405
580.0000,-0.3918,-0.5547,1.4080,-59.3359,-196.3740,-62.0000
519.0000,-0.3682,-0.5667,1.3613,-53.2366,-204.5802,-65.9695
457.0000,-0.3486,-0.5603,1.2563,-46.3511,-214.5649,-69.0305
499.0000,-0.3154,-0.4995,1.1699,-40.3588,-226.6031,-72.3359
425.0000,-0.2542,-0.4731,1.1648,-37.1679,-240.0382,-77.0229
565.0000,-0.2334,-0.4805,1.2471,-36.5954,-250.1374,-84.1527
545.0000,-0.1863,-0.4963,1.3208,-41.6641,-250.1374,-91.6641
483.0000,-0.1553,-0.5386,1.3459,-42.9924,-250.1374,-95.4580
485.0000,-0.1433,-0.5842,1.3025,-42.5802,-250.1374,-98.7176
474.0000,-0.1228,-0.5962,1.1445,-35.2595,-250.1374,-99.5115
584.0000,-0.1042,-0.6016,1.1001,-32.1298,-250.1374,-100.1221
429.0000,-0.0989,-0.5510,0.9839,-33.3664,-250.1374,-103.6336
512.0000,-0.0415,-0.4431,0.8367,-23.5954,-250.1374,-106.3130
464.0000,0.0081,-0.4006,0.7205,-20.1603,-250.1374,-109.0076
682.0000,0.0227,-0.3438,0.7788,-25.2672,-250.1374,-114.6107
445.0000,0.0498,-0.3079,0.7976,-37.3435,-250.1374,-120.7252
478.0000,0.1228,-0.3333,0.7378,-39.1374,-250.1374,-122.4275
547.0000,0.1436,-0.3916,0.7278,-35.7405,-250.1374,-120.5115
488.0000,0.1328,-0.3994,0.7078,-27.8855,-250.1374,-118.3359
495.0000,0.1450,-0.3494,0.5503,-12.7863,-250.1374,-115.7634
471.0000,0.1680,-0.3728,0.4946,9.2824,-250.1374,-112.2901
510.0000,0.1956,-0.3069,0.4666,18.9924,-250.1374,-110.7252
495.0000,0.1833,-0.2266,0.3174,30.0763,-250.1374,-110.7328
544.0000,0.2444,-0.1843,0.2607,33.3817,-250.1374,-111.5878
501.0000,0.2446,-0.1877,0.2610,20.2748,-250.1374,-112.0840
490.0000,0.2915,-0.1716,0.2349,9.2061,-250.1374,-113.0382
500.0000,0.3538,-0.1548,0.1970,6.6107,-250.1374,-111.0992
580.0000,0.3389,-0.1360,0.2063,3.6183,-250.1374,-107.7939
423.0000,0.3472,-0.1255,0.1880,-0.0611,-250.1374,-107.7710
453.0000,0.4053,-0.1619,0.1257,3.4885,-250.1374,-107.7557
509.0000,0.4707,-0.1235,0.0393,12.8244,-250.1374,-104.8092
470.0000,0.4834,-0.1409,-0.0178,19.7176,-250.1374,-101.0153
511.0000,0.5061,-0.0847,-0.0806,18.5267,-246.1298,-99.9008
440.0000,0.5923,-0.0620,-0.1667,24.9389,-234.0687,-95.7939
507.0000,0.6104,-0.0671,-0.2603,32.5191,-225.5420,-92.4580
481.0000,0.6521,-0.0115,-0.3269,41.0840,-219.0305,-88.3130
520.0000,0.7031,0.0540,-0.4255,49.8550,-210.7099,-84.6031
553.0000,0.7703,0.0691,-0.5242,56.1374,-201.2672,-81.4198
576.0000,0.8118,0.1267,-0.6252,57.9313,-193.1145,-77.7405
454.0000,0.8694,0.1743,-0.7100,50.2061,-179.8931,-73.3283
442.0000,0.9207,0.2263,-0.7952,39.2366,-164.2748,-68.2290
578.0000,0.9717,0.2961,-1.0300,-11.3817,-145.2748,-64.6489
528.0000,1.1016,0.3938,-1.0112,-66.1527,-106.5191,-58.3740
384.0000,0.9744,0.3110,-0.9687,-79.0763,-94.6870,-54.1985
542.0000,0.9946,0.2888,-0.9761,-70.0611,-66.8397,-39.7099
540.0000,0.9934,0.2915,-0.9238,-45.7634,-43.3817,-26.8779
509.0000,0.9939,0.3076,-0.8882,-8.2748,-25.0611,-16.4275
526.0000,0.9885,0.2803,-0.7813,28.0229,-11.8092,-5.8397
493.0000,1.0537,0.2795,-0.7522,50.3130,14.2901,4.9084
501.0000,1.0615,0.2751,-0.6626,54.4580,41.1603,13.0992
498.0000,1.0151,0.2424,-0.5608,49.2366,62.4656,19.7863
470.0000,0.9438,0.2278,-0.4700,39.0534,70.3435,24.6260
527.0000,0.9778,0.1936,-0.3953,22.7176,83.0763,29.3206
454.0000,0.9570,0.1072,-0.3044,17.2977,90.4351,33.1221
490.0000,0.9460,0.0530,-0.1794,12.5649,103.9389,37.3206
473.0000,0.8865,0.0220,-0.0779,10.0000,104.7634,39.2748
511.0000,0.9060,0.0293,-0.0225,1.4885,108.9847,41.5802
520.0000,0.9541,0.0037,0.0137,-6.9313,119.6336,43.2748
477.0000,0.9531,-0.0581,0.0491,-8.2443,131.3206,45.8702
482.0000,0.8882,-0.0796,0.1091,-0.6794,128.5802,46.9695
498.0000,0.8748,-0.0913,0.1216,18.4275,122.3283,47.6947
455.0000,0.8826,-0.0977,0.1460,42.2901,113.6260,47.3817
323.0000,0.8845,-0.1025,0.1848,65.5878,105.8397,46.1603
421.0000,0.8892,-0.0781,0.2217,76.9771,105.6489,43.4122
469.0000,0.9170,-0.0696,0.2256,71.2824,112.3206,41.5725
472.0000,0.9285,-0.0496,0.1904,58.7252,121.5038,41.2214
482.0000,0.9114,-0.0471,0.1831,42.7863,128.5420,40.7252
497.0000,0.8887,-0.0261,0.1833,30.4580,130.1221,39.2901
479.0000,0.8796,-0.0234,0.1770,23.3282,130.4962,37.4046
482.0000,0.8691,-0.0510,0.2080,16.9771,129.8473,35.7176
517.0000,0.8667,-0.0759,0.1938,12.8092,131.7023,34.8626
462.0000,0.8909,-0.0732,0.2168,4.4122,142.0840,35.6794
500.0000,0.8647,-0.0642,0.2034,-5.3893,149.2366,36.1069
470.0000,0.8240,-0.0378,0.1526,-11.8168,152.6412,37.2519
514.0000,0.7961,-0.0479,0.1555,-15.1450,151.6412,37.8779
489.0000,0.8010,-0.0889,0.1868,-12.6794,150.8473,38.0076
495.0000,0.7651,-0.1057,0.2683,-9.1221,151.1756,36.9618
495.0000,0.7395,-0.1282,0.2793,0.4962,145.7252,37.0229
490.0000,0.7498,-0.1348,0.2766,7.9695,146.6260,38.9084
503.0000,0.7532,-0.1299,0.2837,15.9847,148.4656,40.8550
496.0000,0.7375,-0.1299,0.3301,23.5802,150.2290,42.3282
498.0000,0.7170,-0.1514,0.4241,15.5649,157.5954,41.7481
517.0000,0.7324,-0.1284,0.4023,-1.2214,170.1221,42.3130
530.0000,0.7422,-0.1150,0.3132,-10.2061,181.7710,44.0153
486.0000,0.6965,-0.1165,0.2456,-23.1298,187.3588,45.1908
527.0000,0.6260,-0.1284,0.2722,-29.9618,184.9313,44.6718
489.0000,0.5840,-0.1736,0.3184,-34.6031,179.2443,43.5267
491.0000,0.5747,-0.2109,0.3743,-32.3206,173.5496,44.0916
504.0000,0.5598,-0.2310,0.4302,-23.7176,172.3740,46.2061
511.0000,0.5327,-0.2478,0.4702,-8.9542,168.6870,48.4504
486.0000,0.5266,-0.2295,0.5283,6.0458,164.8702,50.6183
489.0000,0.5220,-0.2295,0.6162,11.1145,165.7939,50.8626
498.0000,0.5334,-0.2085,0.5891,11.0992,170.6947,50.7863
512.0000,0.5374,-0.2046,0.5522,6.2672,177.1450,50.8244
498.0000,0.4785,-0.2310,0.5952,-5.7481,180.8321,50.2672
476.0000,0.4207,-0.2214,0.6013,-16.9466,180.7633,48.6489
516.0000,0.4043,-0.2415,0.5720,-20.6031,177.5114,48.2672
486.0000,0.3928,-0.2512,0.5869,-24.7786,172.6031,47.7557
470.0000,0.3530,-0.2625,0.6619,-27.7786,167.0305,46.0458
553.0000,0.3513,-0.2593,0.7158,-28.6718,163.2443,44.3053
484.0000,0.3508,-0.2617,0.7310,-30.3359,160.7939,44.5038
494.0000,0.3389,-0.2666,0.7654,-32.8550,160.9084,45.2748
490.0000,0.3354,-0.2632,0.7764,-30.9542,161.9466,45.4198
495.0000,0.3491,-0.2683,0.7769,-25.3435,162.9847,46.4351
498.0000,0.3362,-0.2595,0.8276,-19.4962,162.9542,47.6336
487.0000,0.2910,-0.2703,0.9089,-19.8397,164.1374,46.5420
500.0000,0.2834,-0.2537,0.8767,-19.9618,167.7252,46.1374
515.0000,0.2695,-0.2744,0.8101,-17.2290,168.3893,46.4427
485.0000,0.2361,-0.3120,0.7942,-19.6336,168.2137,46.3740
506.0000,0.2234,-0.3057,0.7781,-25.0687,166.5114,45.4198
493.0000,0.2297,-0.3123,0.7532,-26.9695,166.2290,44.0000
489.0000,0.2197,-0.3081,0.7375,-26.7634,163.8168,42.9313
503.0000,0.2139,-0.2964,0.7083,-26.8931,161.7557,41.9008
509.0000,0.2209,-0.2886,0.7312,-30.3664,161.9618,41.9389
479.0000,0.1504,-0.2966,0.8157,-36.5191,159.7557,40.8550
519.0000,0.1213,-0.2942,0.8870,-39.4351,162.6260,40.4046
502.0000,0.0920,-0.2876,0.9790,-42.0229,164.0382,41.8931
509.0000,0.0520,-0.3682,1.0266,-38.8244,171.3664,42.5115
482.0000,-0.0195,-0.4077,1.0642,-23.8168,171.7405,45.2137
514.0000,-0.0708,-0.4258,1.0891,-9.3206,166.7786,46.7481
484.0000,-0.0835,-0.4285,1.0769,0.7405,162.9542,46.8931
499.0000,-0.1040,-0.4661,1.0789,6.1908,161.3893,45.3740
492.0000,-0.1042,-0.4724,1.0142,14.3817,158.1679,43.2672
502.0000,-0.1177,-0.4399,0.9470,17.7939,151.5954,41.1679
510.0000,-0.1157,-0.3894,0.9250,11.2137,143.5114,37.7710
486.0000,-0.1450,-0.3943,0.9971,-1.5573,136.9084,32.7863
494.0000,-0.1799,-0.4133,1.0793,-7.9466,131.8397,28.6031
502.0000,-0.2017,-0.4395,1.1084,-6.1603,125.5802,26.7634
509.0000,-0.1938,-0.3899,1.1162,-11.8855,121.3970,27.5267
495.0000,-0.1851,-0.4446,1.1670,5.0458,119.7023,29.0611
499.0000,-0.2256,-0.4297,1.2168,13.3664,117.3588,28.8321
496.0000,-0.2324,-0.4045,1.2234,11.7252,110.9389,28.0229
494.0000,-0.2061,-0.4036,1.1909,17.2519,108.9771,27.2137
501.0000,-0.1982,-0.3909,1.1924,19.9847,107.3053,24.7863
498.0000,-0.2229,-0.3843,1.1572,15.3817,104.9771,23.1298
499.0000,-0.2166,-0.3779,1.0920,10.4351,99.7252,21.8855
496.0000,-0.2114,-0.3542,1.0232,7.7557,94.1832,19.9695
493.0000,-0.1912,-0.3328,0.9919,0.1298,87.8931,16.5496
502.0000,-0.1787,-0.3484,1.0193,-8.6260,85.1985,11.7786
501.0000,-0.1396,-0.3469,1.0417,-15.8092,78.6031,7.7023
484.0000,-0.1243,-0.3398,1.0593,-24.7557,74.9542,6.3664
502.0000,-0.1543,-0.3738,1.0869,-36.3282,74.3283,7.0305
510.0000,-0.1694,-0.3948,1.0945,-42.4504,74.2901,7.1985
493.0000,-0.1702,-0.4133,1.1052,-45.5878,74.7023,7.8092
500.0000,-0.1868,-0.4258,1.1311,-41.6107,71.6794,8.9542
496.0000,-0.1731,-0.4678,1.1594,-32.5725,71.8015,12.0153
499.0000,-0.1802,-0.4438,1.1750,-22.1908,72.6107,15.7099
499.0000,-0.1667,-0.4253,1.1804,-10.1145,75.8550,17.8626
493.0000,-0.1968,-0.4446,1.1379,3.2901,73.8931,18.7481
485.0000,-0.2051,-0.4243,1.0964,13.2137,70.9542,20.0305
502.0000,-0.2112,-0.3887,1.0488,13.2977,67.1756,20.8168
518.0000,-0.2070,-0.3389,0.9487,1.4656,64.7557,19.7710
431.0000,-0.2019,-0.3042,0.8372,-8.7176,60.4656,17.7634
561.0000,-0.2402,-0.2764,0.7842,-17.3359,49.8550,14.3969
499.0000,-0.2573,-0.2664,0.7625,-28.4580,45.5802,10.6183
513.0000,-0.3083,-0.2993,0.7776,-37.2824,35.4504,5.9847
515.0000,-0.3254,-0.3987,0.8508,-37.6183,27.6870,2.9542
493.0000,-0.3611,-0.4353,0.9082,-38.7405,19.1221,1.1679
532.0000,-0.4075,-0.4839,1.0183,-36.5802,4.8321,-0.5344
492.0000,-0.4060,-0.5144,1.1030,-31.7252,-8.2519,-1.5115
486.0000,-0.3726,-0.5071,1.1584,-27.1145,-16.0916,-2.3664
524.0000,-0.3381,-0.4990,1.1292,-22.7634,-18.4351,-2.4046
513.0000,-0.3374,-0.4954,1.1055,-15.8092,-21.0000,-1.9618
494.0000,-0.3318,-0.5017,1.0784,-7.4122,-24.7557,-1.3969
422.0000,-0.3098,-0.4607,1.0120,-0.8626,-26.7634,-0.9618
580.0000,-0.2813,-0.3982,0.9316,5.7481,-29.3817,-2.1374
540.0000,-0.2759,-0.3691,0.9067,6.9237,-34.2977,-5.1679
475.0000,-0.2754,-0.3525,0.8953,4.1298,-41.7634,-8.2977
480.0000,-0.2937,-0.3608,0.9487,-4.1221,-50.0382,-12.0687
515.0000,-0.2988,-0.3354,0.9695,-12.9084,-56.1756,-14.8779
489.0000,-0.3176,-0.3589,1.0044,-19.1527,-61.6794,-17.9847
473.0000,-0.3367,-0.3923,1.0774,-23.2366,-68.7099,-21.3359
542.0000,-0.3472,-0.4446,1.1477,-26.8779,-75.0916,-24.2214
491.0000,-0.3435,-0.4771,1.2024,-26.6031,-80.2137,-25.9542
441.0000,-0.3679,-0.5142,1.2441,-23.7405,-87.3664,-27.3664
519.0000,-0.3496,-0.5317,1.2698,-19.6412,-91.1069,-27.6031
430.0000,-0.3669,-0.5527,1.3105,-14.8015,-97.3435,-29.0153
572.0000,-0.3706,-0.5396,1.2976,-10.3817,-103.7252,-30.6565
489.0000,-0.3533,-0.5281,1.2600,-4.6718,-110.2824,-32.9008
529.0000,-0.3445,-0.5386,1.2236,-0.7710,-117.0763,-35.0992
471.0000,-0.3381,-0.5420,1.1980,0.8931,-125.0611,-36.2977
448.0000,-0.3301,-0.5374,1.1758,4.2977,-134.1298,-37.4351
466.0000,-0.3096,-0.4958,1.1726,8.0534,-144.2672,-40.1069
580.0000,-0.2830,-0.4812,1.1958,8.6718,-154.0382,-43.5420
552.0000,-0.2515,-0.4915,1.2380,6.0916,-162.2137,-47.6412
472.0000,-0.2446,-0.5288,1.2830,2.5267,-169.1908,-51.0229
610.0000,-0.2603,-0.5327,1.2947,-0.2901,-177.9389,-53.0382
497.0000,-0.2600,-0.5149,1.3191,-3.3130,-183.1069,-53.9160
392.0000,-0.2622,-0.4612,1.3420,-8.4427,-190.6488,-55.2748
622.0000,-0.2646,-0.4583,1.2808,-10.8015,-197.0992,-59.0229
536.0000,-0.2446,-0.5281,1.2168,-6.6565,-203.7328,-64.0229
506.0000,-0.2471,-0.5979,1.1672,2.2366,-212.7252,-68.2366
395.0000,-0.2375,-0.6243,1.0691,8.9008,-222.5572,-70.1145
588.0000,-0.1672,-0.5806,0.9578,16.5878,-234.2061,-71.1756
464.0000,-0.1108,-0.5615,0.9697,20.7176,-244.7710,-73.5344
380.0000,-0.0847,-0.5139,0.9929,19.0687,-250.1374,-78.8626
621.0000,-0.0449,-0.4426,0.9541,13.2061,-250.1374,-82.4122
566.0000,0.0020,-0.4092,0.9895,3.0229,-250.1374,-83.6412
426.0000,-0.0051,-0.4390,1.0681,-16.8321,-250.1374,-88.5115
609.0000,0.0115,-0.4124,1.0198,-29.2137,-250.1374,-91.9313
436.0000,0.0303,-0.4656,0.9966,-33.1145,-250.1374,-91.5038
611.0000,0.0159,-0.4707,0.9534,-32.6260,-250.1374,-93.0534
502.0000,0.0068,-0.4534,0.8750,-23.5191,-250.1374,-94.8855
492.0000,0.0093,-0.4663,0.8250,-12.9771,-250.1374,-95.6947
551.0000,0.0610,-0.4746,0.7886,-0.5420,-250.1374,-98.7939
467.0000,0.0852,-0.4307,0.7456,8.5115,-250.1374,-101.1298
609.0000,0.1196,-0.3894,0.7087,16.4504,-250.1374,-100.8931
475.0000,0.1174,-0.3945,0.6958,9.0916,-250.1374,-102.9695
466.0000,0.1248,-0.3386,0.6157,2.6260,-250.1374,-106.1374
534.0000,0.1721,-0.3057,0.5356,-2.9466,-250.1374,-107.0840
412.0000,0.2244,-0.2566,0.5056,-11.7328,-250.1374,-110.0534
586.0000,0.2341,-0.2649,0.5305,-29.0534,-250.1374,-113.7939
415.0000,0.2603,-0.2637,0.4502,-33.2672,-250.1374,-116.7405
683.0000,0.3347,-0.2302,0.3997,-26.0992,-250.1374,-113.5725
588.0000,0.3669,-0.2097,0.3838,-22.9847,-250.1374,-109.5573
487.0000,0.3633,-0.1885,0.2930,-15.1450,-250.1374,-108.8779
491.0000,0.3892,-0.1738,0.1758,5.9695,-250.1374,-107.8168
481.0000,0.4270,-0.1392,0.1013,24.3359,-250.1374,-105.2824
511.0000,0.4507,-0.1077,0.0754,31.6489,-250.1374,-104.0000
452.0000,0.4917,-0.1001,0.0381,36.6031,-250.1374,-103.9084
545.0000,0.5198,-0.0906,-0.0344,35.3206,-250.1374,-102.9771
513.0000,0.5808,-0.0151,-0.1238,23.7023,-250.1374,-100.9237
488.0000,0.6323,0.0327,-0.2141,5.5725,-250.1374,-98.9008
515.0000,0.6685,0.0903,-0.3206,-18.7328,-243.2824,-98.6260
466.0000,0.7080,0.0857,-0.4822,-35.2137,-235.2595,-97.1450
523.0000,0.7454,0.0789,-0.5889,-36.0534,-228.7023,-91.9618
447.0000,0.8071,0.1699,-0.6824,-28.3053,-216.6717,-85.3893
550.0000,0.8660,0.2285,-0.7957,-12.1069,-200.4122,-78.8626
470.0000,0.8350,0.2717,-0.9646,-0.8321,-189.2366,-72.9466
467.0000,0.8450,0.4163,-1.1604,-38.0305,-168.5420,-67.6183
475.0000,0.9397,0.3979,-1.1484,-39.8092,-124.7405,-57.2366
475.0000,1.0706,0.3430,-1.1194,8.1145,-93.4428,-39.5344
481.0000,1.0149,0.2998,-1.1467,45.6870,-73.9924,-25.3206
502.0000,0.9382,0.3928,-1.1025,58.7634,-47.8473,-11.9924
519.0000,0.9990,0.3042,-1.0869,91.1450,-16.6489,-2.2137
469.0000,1.0132,0.3181,-0.9497,92.0611,9.7710,5.7099
549.0000,1.0127,0.2798,-0.8667,93.2061,38.0458,14.2366
474.0000,1.0425,0.2705,-0.7488,70.7099,76.6260,22.6260
526.0000,0.9111,0.2180,-0.6563,51.9160,84.7939,27.0534
484.0000,0.9043,0.1787,-0.5715,20.2214,89.0382,30.1221
469.0000,0.9348,0.1152,-0.3892,-0.0611,104.6718,34.2443
557.0000,0.9456,0.0564,-0.3162,-16.1679,127.0840,36.9389
474.0000,0.9097,0.0396,-0.2024,-13.5573,138.1450,41.2366
519.0000,0.8923,0.0083,-0.1580,-16.1908,130.8626,44.9695
500.0000,0.9875,0.0286,-0.1294,-35.1527,148.8779,49.2901
481.0000,0.9348,-0.0024,-0.0471,-38.8779,164.2901,53.8626
498.0000,0.9106,-0.0242,-0.0286,-36.4656,172.1374,56.2977
478.0000,0.8474,-0.0295,-0.0012,-25.3130,167.0153,57.1450
463.0000,0.8157,-0.0730,0.0359,-2.2595,158.8855,56.5115
480.0000,0.8186,-0.1401,0.1033,39.4885,153.1679,57.3435
497.0000,0.8010,-0.1721,0.1528,72.5115,150.0687,58.4885
486.0000,0.8330,-0.1011,0.1460,79.2748,156.0840,58.3130
506.0000,0.9202,-0.0933,0.1536,83.8779,171.8244,58.3664
485.0000,0.8914,-0.0696,0.1414,71.2901,178.7099,56.5344
482.0000,0.7791,-0.0696,0.1416,40.0076,176.3206,50.3206
487.0000,0.8081,-0.0483,0.2415,19.1832,186.6717,47.3664
503.0000,0.7798,-0.1587,0.2832,17.5573,187.3893,45.2061
468.0000,0.7749,-0.1555,0.2773,13.5496,185.5802,44.9160
474.0000,0.7642,-0.1589,0.2830,13.9389,181.3053,44.9466
545.0000,0.7747,-0.1694,0.3064,16.9160,182.2061,44.9542
485.0000,0.7732,-0.1777,0.3987,14.9008,186.3740,43.7405
505.0000,0.7678,-0.1580,0.3845,9.2443,190.9389,42.9313
509.0000,0.8096,-0.1086,0.3162,0.5725,200.2214,42.9084
498.0000,0.7512,-0.1470,0.3428,-0.6336,203.2214,42.7252
498.0000,0.7021,-0.1580,0.3838,-4.6641,202.1603,41.3588
514.0000,0.7034,-0.1211,0.3296,-5.7023,199.7481,40.4275
476.0000,0.7124,-0.1396,0.2993,1.6031,195.6412,40.6336
499.0000,0.6614,-0.1909,0.3472,8.5038,190.4275,40.7634
491.0000,0.6260,-0.2053,0.4553,11.3969,185.4809,39.2366
488.0000,0.6055,-0.2136,0.4954,16.8397,182.6107,38.1756
515.0000,0.6101,-0.2007,0.4990,18.2137,183.7557,38.0153
489.0000,0.5920,-0.2141,0.5586,17.1985,185.2824,39.0534
498.0000,0.5615,-0.2207,0.6082,12.0305,188.1145,40.0840
496.0000,0.5557,-0.1948,0.6377,5.1679,193.3969,40.4733
494.0000,0.5571,-0.2024,0.7112,-11.5267,203.7099,41.3206
506.0000,0.5244,-0.1816,0.6138,-19.9008,209.5954,41.8168
524.0000,0.4700,-0.1836,0.5281,-13.6870,208.1069,42.4351
482.0000,0.3845,-0.1831,0.4990,-13.1450,197.2672,41.6336
501.0000,0.3218,-0.2180,0.6311,-12.9847,185.3969,39.1145
491.0000,0.2964,-0.2542,0.7292,-8.9695,180.6412,35.0840
499.0000,0.2986,-0.2476,0.7175,-2.8702,179.0305,34.4656
490.0000,0.2734,-0.2512,0.6953,4.2672,174.9695,37.2443
494.0000,0.2410,-0.2695,0.7417,3.7176,170.2824,39.6336
508.0000,0.2341,-0.2666,0.8093,-1.7634,168.9237,38.3893
487.0000,0.2349,-0.2629,0.8657,-2.9466,171.9237,37.8092
494.0000,0.1978,-0.2844,0.8945,-2.2977,174.6565,37.9924
509.0000,0.1709,-0.2734,0.8687,3.9160,174.9542,38.9160
482.0000,0.1462,-0.2861,0.9062,11.5649,176.7176,39.9084
491.0000,0.1055,-0.3120,1.0112,5.4046,181.7023,38.6107
518.0000,0.1133,-0.2380,0.9038,3.4962,185.7252,38.6336
504.0000,0.0918,-0.2187,0.8196,10.6183,184.0916,40.0611
510.0000,0.0168,-0.2090,0.8413,11.0305,175.8321,37.8473
492.0000,-0.0249,-0.2222,0.9082,4.2061,166.7863,32.7939
498.0000,-0.0310,-0.2593,0.9556,-1.1908,161.9008,28.6794
485.0000,-0.0452,-0.2786,0.9519,-1.6870,157.6794,27.9389
521.0000,-0.0583,-0.2864,0.9236,2.2366,153.0229,29.1069
490.0000,-0.0525,-0.2791,0.9680,4.3130,148.1832,29.7863
495.0000,-0.0623,-0.2720,1.0374,1.8244,143.7939,27.3664
466.0000,-0.0513,-0.2766,1.0242,2.2824,139.7099,23.9160
529.0000,-0.0317,-0.2686,0.9888,1.4427,138.2901,23.7023
489.0000,-0.0630,-0.2119,1.0776,-12.7252,137.2901,23.6260
510.0000,-0.0623,-0.2175,1.0845,-31.9542,139.1756,19.8397
516.0000,-0.0266,-0.3396,1.0496,-29.2672,146.4962,21.6336
501.0000,-0.0820,-0.3845,1.0481,-8.3130,143.1221,27.2137
491.0000,-0.1716,-0.3230,1.1104,-2.4504,135.1069,27.5114
488.0000,-0.1594,-0.2542,1.0691,-2.5573,129.6947,25.8473
498.0000,-0.1282,-0.2666,1.0442,15.4122,125.0076,26.3817
492.0000,-0.1726,-0.2568,1.0125,26.2366,112.9160,26.6641
498.0000,-0.1838,-0.1946,1.0745,17.7634,102.4122,24.7328
497.0000,-0.1611,-0.1648,1.0952,1.3893,94.8931,20.5725
496.0000,-0.1414,-0.1821,1.1101,-14.5191,89.0000,16.4046
503.0000,-0.1228,-0.2227,1.0750,-28.9542,85.9389,14.4046
492.0000,-0.1104,-0.2817,1.0874,-40.9771,80.4198,13.5649
496.0000,-0.1021,-0.3206,1.1008,-51.4580,78.7634,12.3130
495.0000,-0.1006,-0.3511,1.0950,-56.7786,76.7939,11.3740
508.0000,-0.0896,-0.3503,1.0503,-57.4351,75.5649,11.2977
520.0000,-0.0840,-0.3506,1.0300,-54.3893,75.4657,12.4885
498.0000,-0.0801,-0.3601,1.0825,-50.6031,76.3130,12.9771
498.0000,-0.1060,-0.3718,1.1045,-43.9389,75.5038,14.3588
496.0000,-0.1218,-0.3801,1.0779,-33.9771,75.7863,16.1908
503.0000,-0.1106,-0.3884,1.0547,-20.2824,77.7634,19.0916
496.0000,-0.1191,-0.3806,0.9856,-10.0458,77.9466,21.3969
500.0000,-0.1428,-0.3430,0.9631,-0.7786,74.3588,21.0687
494.0000,-0.1267,-0.3267,0.9558,1.3130,67.6489,18.1603
500.0000,-0.0798,-0.3000,0.9578,-1.4733,63.9084,14.1527
497.0000,-0.0874,-0.3176,0.9863,-8.9237,64.0229,13.4809
498.0000,-0.1294,-0.3462,1.0283,-18.2137,64.7405,14.2595
496.0000,-0.1565,-0.3674,1.0532,-28.6794,62.0763,12.9084
501.0000,-0.1428,-0.3879,1.0784,-28.7023,59.1908,11.9084
498.0000,-0.1484,-0.3948,1.0803,-23.0611,57.1603,12.1908
510.0000,-0.1677,-0.4331,1.1406,-19.4504,54.2977,10.5420
500.0000,-0.1753,-0.4548,1.1553,-16.4580,53.5725,9.3359
500.0000,-0.1736,-0.4380,1.1189,-9.9771,52.5496,9.5878
500.0000,-0.1887,-0.4141,1.0647,-4.8855,48.7023,9.7328
501.0000,-0.2146,-0.3960,1.0420,-4.6412,43.3435,8.4122
498.0000,-0.2051,-0.3843,0.9971,-4.7863,37.2519,6.6947
495.0000,-0.1858,-0.3586,0.9468,-5.3817,32.1908,4.7328
514.0000,-0.1951,-0.3601,0.9226,-4.2748,27.1832,2.5725
492.0000,-0.2141,-0.3804,0.9509,-2.5802,20.5420,0.1908
496.0000,-0.2344,-0.3889,0.9978,-0.2214,14.9771,-0.8244
496.0000,-0.2341,-0.3787,1.0181,3.5725,11.3511,-1.1069
494.0000,-0.2458,-0.3806,1.0249,7.9771,7.9160,-1.2748
494.0000,-0.2427,-0.3743,1.0002,12.1298,5.2672,-1.8702
506.0000,-0.2378,-0.3606,0.9780,12.1985,2.1450,-2.2595
495.0000,-0.2310,-0.3296,0.9373,10.3435,0.5496,-3.0076
502.0000,-0.2390,-0.3228,0.8916,8.1908,-0.1221,-4.2595
487.0000,-0.2412,-0.3079,0.8667,5.9008,-0.7481,-5.0229
503.0000,-0.2366,-0.2808,0.8511,3.1832,-1.8473,-5.7481
504.0000,-0.2268,-0.2722,0.8293,0.7557,-3.2061,-6.2061
501.0000,-0.2161,-0.2761,0.8096,0.4809,-3.7328,-5.6107
496.0000,-0.2195,-0.2683,0.7954,1.4275,-4.7405,-4.6794
496.0000,-0.2148,-0.2632,0.7751,2.5573,-5.8855,-4.5191
501.0000,-0.2178,-0.2444,0.7737,3.2137,-6.2672,-4.7099
498.0000,-0.2161,-0.2400,0.7710,1.0153,-6.1145,-4.9695
484.0000,-0.2158,-0.2478,0.7754,-1.7023,-5.3206,-5.3282
508.0000,-0.2136,-0.2578,0.7822,-3.1450,-4.7634,-5.3053
489.0000,-0.2178,-0.2659,0.7810,-4.2061,-4.2901,-5.0916
504.0000,-0.2134,-0.2600,0.7773,-3.9466,-3.8092,-4.5573
495.0000,-0.2053,-0.2671,0.7639,-2.4580,-3.0611,-4.1908
511.0000,-0.2141,-0.2869,0.7776,-0.2366,-2.3588,-3.8397
489.0000,-0.2170,-0.2800,0.7839,3.4046,-1.5802,-3.1603
493.0000,-0.2126,-0.2644,0.7751,6.5802,-0.4198,-2.2977
497.0000,-0.1997,-0.2544,0.7776,7.7176,0.4885,-2.0992
499.0000,-0.2021,-0.2527,0.7817,7.6565,0.9542,-2.1145
496.0000,-0.1997,-0.2651,0.7844,7.6107,1.1450,-2.4427
491.0000,-0.1990,-0.2515,0.7886,6.1908,1.2443,-2.5649
508.0000,-0.1975,-0.2505,0.8074,2.8779,1.9847,-2.6794
490.0000,-0.1968,-0.2466,0.8118,0.3511,2.5191,-2.9847
489.0000,-0.1892,-0.2532,0.8235,-1.5878,3.0000,-2.9618
501.0000,-0.1887,-0.2700,0.8376,-2.0076,2.7710,-3.3969
502.0000,-0.1953,-0.2751,0.8462,-1.0000,2.6031,-3.2824
498.0000,-0.1821,-0.2778,0.8625,1.2214,3.1603,-2.7710
499.0000,-0.1963,-0.2759,0.8713,2.5496,3.4351,-2.6260
494.0000,-0.1877,-0.2688,0.8779,2.0458,4.2901,-2.4427