raw_emg,raw_ax,raw_ay,raw_az,raw_gx,raw_gy,raw_gz
5.0000,-0.0884,-0.3613,0.8494,5.5420,3.1374,1.0763
5.0000,-0.0869,-0.3645,0.8501,5.8168,3.8626,1.3359
6.0000,-0.0913,-0.3745,0.8647,6.4351,4.0153,1.2214
5.0000,-0.0879,-0.3994,0.8955,6.7557,4.1221,0.8321
5.0000,-0.0881,-0.4116,0.9136,7.0687,3.8626,0.6947
5.0000,-0.0911,-0.4326,0.9216,6.9695,4.4809,1.5496
5.0000,-0.1006,-0.4529,0.9067,7.3817,3.6718,2.8015
5.0000,-0.0891,-0.4026,0.9434,5.1145,4.4733,3.6947
6.0000,-0.0679,-0.4004,0.9329,8.2061,2.9084,3.4275
5.0000,-0.0608,-0.3943,0.9629,10.3130,1.2366,3.6718
5.0000,-0.0505,-0.3928,1.0034,12.7634,-0.8397,3.9695
5.0000,-0.0530,-0.4211,1.0308,14.2061,-3.7023,4.1603
5.0000,-0.0601,-0.4324,1.0608,13.6489,-6.5420,5.4656
5.0000,-0.0588,-0.4197,1.0212,12.1908,-9.4504,7.5496
5.0000,-0.0784,-0.3835,0.9915,13.6336,-13.8015,8.3053
5.0000,-0.1394,-0.3328,1.0007,8.4198,-21.3588,6.4046
5.0000,-0.1851,-0.3123,1.0427,-1.8550,-30.9618,2.5725
6.0000,-0.2524,-0.3237,1.1521,-13.9008,-40.4351,-1.6336
5.0000,-0.3022,-0.3118,1.2434,-28.8397,-50.0458,-5.6641
5.0000,-0.3542,-0.3213,1.3708,-46.4351,-60.9542,-10.1908
5.0000,-0.3806,-0.3577,1.4817,-60.3969,-72.0611,-13.8931
5.0000,-0.4258,-0.4255,1.5691,-70.1221,-84.3283,-17.4656
5.0000,-0.4705,-0.5054,1.6001,-75.6870,-96.0916,-21.4122
5.0000,-0.5110,-0.5427,1.5803,-77.4504,-108.3283,-25.0763
5.0000,-0.5173,-0.5867,1.5571,-77.3283,-121.2595,-30.3740
5.0000,-0.5139,-0.6128,1.5076,-81.3511,-136.3053,-36.1145
5.0000,-0.4563,-0.5991,1.4456,-85.7405,-149.5267,-40.0916
115.0000,-0.4131,-0.5623,1.4265,-94.0229,-160.6641,-43.2366
108.0000,-0.4033,-0.5686,1.4434,-98.9695,-173.3206,-48.8473
26.0000,-0.3716,-0.5979,1.4290,-99.7786,-186.2290,-54.6260
203.0000,-0.3464,-0.6113,1.3867,-90.7939,-197.0229,-59.2672
81.0000,-0.3340,-0.6101,1.3782,-87.2824,-209.9313,-62.6107
76.0000,-0.2632,-0.5964,1.4067,-87.1527,-216.3511,-68.7252
169.0000,-0.2532,-0.6484,1.3657,-80.8015,-222.0153,-73.9389
151.0000,-0.2632,-0.7136,1.3357,-69.9542,-233.7786,-79.3435
131.0000,-0.2798,-0.7607,1.4260,-56.9160,-241.2137,-84.5725
105.0000,-0.3022,-0.7263,1.2983,-48.6031,-250.1374,-88.4580
227.0000,-0.2686,-0.6350,1.1367,-45.9389,-250.1374,-90.7405
143.0000,-0.2715,-0.6226,1.0562,-39.4809,-250.1374,-97.4657
148.0000,-0.1550,-0.5422,1.0027,-41.2901,-250.1374,-105.8244
177.0000,-0.1301,-0.5449,0.8826,-30.7634,-250.1374,-111.5420
175.0000,-0.0645,-0.5203,0.9092,-42.6794,-250.1374,-117.0611
162.0000,-0.0325,-0.5120,0.9070,-55.0840,-250.1374,-122.7710
233.0000,0.0120,-0.4585,0.8904,-63.5496,-250.1374,-124.5420
328.0000,0.0159,-0.5376,0.8572,-61.4046,-250.1374,-124.4046
180.0000,0.0271,-0.4585,0.8142,-57.3206,-250.1374,-125.7328
237.0000,0.0361,-0.5137,0.6858,-36.5573,-250.1374,-124.0916
222.0000,0.0200,-0.4653,0.7178,-16.3588,-250.1374,-123.8626
208.0000,0.0581,-0.4675,0.5796,-9.6031,-250.1374,-120.0611
198.0000,0.0889,-0.3977,0.4338,16.2519,-250.1374,-117.3893
239.0000,0.1021,-0.3269,0.2627,24.2595,-250.1374,-113.7405
244.0000,0.1091,-0.2563,0.1699,29.2214,-250.1374,-112.4198
235.0000,0.1428,-0.1482,0.1060,22.5344,-250.1374,-112.9695
203.0000,0.1882,-0.1257,0.0901,2.5725,-250.1374,-114.8931
250.0000,0.2366,-0.0813,0.0593,-1.2290,-250.1374,-114.4962
223.0000,0.2595,-0.0955,0.0796,-17.6412,-250.1374,-112.9237
237.0000,0.3323,-0.0713,0.1445,-46.9466,-250.1374,-113.2595
241.0000,0.3599,-0.1094,0.0867,-47.2748,-250.1374,-112.6718
192.0000,0.4185,-0.1331,0.0642,-49.1298,-250.1374,-110.6489
313.0000,0.3833,-0.0710,-0.0657,-53.5954,-250.1374,-106.2137
210.0000,0.4504,-0.1323,-0.1274,-48.6870,-250.1374,-103.7557
300.0000,0.5002,-0.1638,-0.2031,-46.1756,-250.1374,-99.9542
266.0000,0.5667,-0.1167,-0.3257,-29.0840,-247.1069,-95.1374
307.0000,0.6150,-0.1130,-0.4219,-5.7710,-237.6947,-89.8931
214.0000,0.6462,-0.0566,-0.5422,18.7328,-234.7481,-83.5954
303.0000,0.6843,-0.0295,-0.6641,37.9160,-227.4656,-77.6183
313.0000,0.7510,0.0457,-0.8081,49.0992,-212.7939,-71.2290
368.0000,0.8108,0.0957,-0.9016,67.3970,-201.4198,-64.5878
382.0000,0.8386,0.1169,-0.9331,66.6107,-186.2824,-58.1298
393.0000,0.8977,0.1343,-0.9978,57.6107,-166.3435,-50.4580
371.0000,1.0649,0.1953,-1.0308,-15.6565,-130.5267,-39.6870
396.0000,0.9641,0.1814,-1.0132,-29.9237,-87.6183,-31.7634
313.0000,1.1582,0.3105,-0.8833,-90.3435,-18.8092,-21.5878
317.0000,0.8738,0.0432,-0.8625,-40.8015,-22.8473,-12.1298
335.0000,0.8806,0.0540,-0.7788,-17.6412,-20.2443,-2.4275
301.0000,1.0312,0.0474,-0.7256,9.6641,11.0840,8.6260
315.0000,1.0056,0.0498,-0.7144,21.7939,36.5725,15.1832
333.0000,0.9712,0.0696,-0.6257,29.0382,53.8779,20.0382
333.0000,0.8857,-0.0183,-0.5825,35.7176,52.5267,24.2824
337.0000,0.8630,-0.0811,-0.5066,42.1145,44.9618,28.1527
320.0000,0.9138,-0.1462,-0.4492,51.2061,49.0840,32.7634
335.0000,0.8855,-0.1948,-0.3835,52.1145,66.0916,36.6947
348.0000,0.9465,-0.1956,-0.2695,17.3359,101.3893,38.8779
329.0000,0.9583,-0.1836,-0.2346,-17.1832,136.0611,40.1069
348.0000,0.9648,-0.1577,-0.1753,-45.7939,158.7252,41.0763
356.0000,0.8745,-0.1816,-0.1770,-68.2443,159.2443,42.7252
337.0000,0.8640,-0.2144,-0.1440,-59.2290,154.2595,43.6870
338.0000,0.8718,-0.2434,-0.1230,-33.0458,148.3740,43.8244
359.0000,0.8484,-0.2405,-0.1367,-9.5878,140.3969,44.2748
337.0000,0.8320,-0.2183,-0.1475,4.0534,134.1145,44.4962
343.0000,0.8545,-0.2305,-0.1045,0.1603,138.9084,44.4427
344.0000,0.8540,-0.2373,-0.0334,-7.8473,148.1985,43.6260
334.0000,0.8425,-0.2314,-0.0046,-10.4427,156.4504,44.5878
205.0000,0.8181,-0.2336,-0.0129,-11.8931,162.4733,48.1298
229.0000,0.8062,-0.2388,-0.0103,-8.4656,167.0840,51.1450
245.0000,0.7971,-0.2485,0.0686,-4.5115,171.7176,52.4122
247.0000,0.7595,-0.2451,0.0925,4.6336,170.5420,53.0076
238.0000,0.7830,-0.1970,0.0774,7.0458,172.9466,54.6031
250.0000,0.7925,-0.1843,0.0796,4.5420,178.7099,56.2901
251.0000,0.8037,-0.1926,0.1011,2.5115,188.7328,57.7481
268.0000,0.7751,-0.1841,0.1018,0.1221,194.1450,59.1527
281.0000,0.7424,-0.1753,0.0840,-1.0687,197.3817,61.5038
283.0000,0.7295,-0.2024,0.1023,-8.9008,205.9084,63.6107
289.0000,0.6833,-0.1885,0.1143,-12.7252,209.1908,65.2366
298.0000,0.6497,-0.1929,0.1394,-9.7939,212.4580,67.4122
297.0000,0.6313,-0.2317,0.1660,-8.7405,215.0992,70.1450
301.0000,0.5747,-0.2859,0.3005,-7.8626,217.6947,71.5344
309.0000,0.5339,-0.3125,0.4067,-1.2977,220.6336,71.7939
307.0000,0.5315,-0.3188,0.4307,15.6412,218.7023,74.0992
319.0000,0.5518,-0.3054,0.4316,25.6107,224.4351,77.9160
327.0000,0.5459,-0.3074,0.3611,32.1527,228.0305,82.3053
317.0000,0.5466,-0.3040,0.2754,31.6718,235.8244,84.9084
319.0000,0.4978,-0.2312,0.2317,27.9237,237.4122,85.1832
333.0000,0.4478,-0.2239,0.1968,17.6183,234.1374,88.8931
327.0000,0.4727,-0.2380,0.1926,13.5191,229.8473,85.6641
336.0000,0.3625,-0.2373,0.2869,0.0687,224.8168,85.3206
338.0000,0.3574,-0.2520,0.4321,-3.1679,227.0687,85.1298
341.0000,0.2849,-0.3298,0.5742,-7.2901,224.2443,84.8550
335.0000,0.2048,-0.3596,0.7771,-11.5496,225.7176,85.2748
347.0000,0.2217,-0.4397,0.8984,-12.1145,234.1985,86.6870
358.0000,0.2046,-0.4707,0.8467,-1.5649,238.8473,90.3206
341.0000,0.1841,-0.5103,0.8057,13.1756,240.6565,92.9618
356.0000,0.1096,-0.5229,0.7375,22.6260,232.5496,95.3588
348.0000,0.0989,-0.4934,0.6729,30.7634,222.9313,95.5802
348.0000,0.1182,-0.4575,0.5935,35.1069,217.0076,94.7405
370.0000,0.1150,-0.4727,0.5940,29.7786,213.9084,91.6107
353.0000,0.0715,-0.4380,0.6692,19.6412,210.2519,88.6336
351.0000,0.0691,-0.4177,0.6936,19.7328,204.5343,86.2901
367.0000,0.0366,-0.4458,0.7957,18.0992,200.7863,85.4962
350.0000,-0.0569,-0.4385,1.0708,7.6870,197.4198,82.6718
355.0000,-0.0913,-0.4751,1.1489,4.9542,194.6183,78.9466
375.0000,-0.1143,-0.5325,1.1443,11.8473,191.2061,76.4428
351.0000,-0.1411,-0.5439,1.1255,12.1527,187.9466,75.9313
371.0000,-0.1667,-0.5745,1.1646,12.1450,183.4275,72.9313
379.0000,-0.1982,-0.6216,1.2000,12.5344,178.5038,68.0916
363.0000,-0.1743,-0.6563,1.1182,9.2901,177.3282,64.6794
379.0000,-0.2336,-0.6851,1.0908,14.6412,169.9618,62.5496
386.0000,-0.2664,-0.6675,1.1396,13.2824,161.7252,59.8244
366.0000,-0.2476,-0.6453,1.1936,21.5878,154.8473,56.1374
375.0000,-0.2424,-0.6287,1.1584,31.3969,150.4809,53.9313
380.0000,-0.2952,-0.6316,1.1797,44.6412,140.3282,52.2214
369.0000,-0.3606,-0.6003,1.2612,48.8244,127.4809,48.6031
371.0000,-0.3569,-0.5671,1.3127,50.5573,116.6107,43.4351
383.0000,-0.3865,-0.5791,1.2974,52.5649,106.7710,38.0458
378.0000,-0.3511,-0.6179,1.2859,52.1756,101.6641,31.6489
378.0000,-0.3496,-0.6431,1.2913,53.8321,89.1450,24.3969
389.0000,-0.2947,-0.6624,1.3286,56.5038,82.2595,21.4885
380.0000,-0.2874,-0.6631,1.3379,59.0763,79.8931,22.2824
369.0000,-0.2629,-0.6682,1.3098,59.8626,79.1603,21.8702
390.0000,-0.2813,-0.6482,1.2737,59.1985,67.6336,18.5114
384.0000,-0.2183,-0.6025,1.2639,61.0611,56.1145,14.3817
364.0000,-0.1572,-0.5869,1.2524,68.6565,52.1527,11.6947
410.0000,-0.1016,-0.5642,1.2122,71.2137,55.9389,10.6031
376.0000,-0.1208,-0.5122,1.1548,70.7405,51.6565,9.7328
379.0000,-0.1140,-0.5012,1.0759,69.5954,46.3359,8.5725
388.0000,-0.1135,-0.5427,1.0664,61.3817,43.2290,7.6107
387.0000,-0.1624,-0.5081,1.0957,48.8168,30.7786,7.4504
370.0000,-0.1772,-0.4653,1.1189,39.4122,15.6489,5.3206
402.0000,-0.1313,-0.4294,1.1482,36.3206,2.3740,1.5725
381.0000,-0.0889,-0.3896,1.1260,40.7786,-8.5573,-1.2290
387.0000,-0.0881,-0.3569,1.0505,39.2595,-14.7557,-1.8244
415.0000,-0.0835,-0.3162,0.9885,36.9008,-15.5725,-2.0076
387.0000,-0.0776,-0.3066,0.9299,25.4656,-11.5954,-0.9237
423.0000,-0.0864,-0.2852,0.8850,11.3664,-3.5573,1.5573
391.0000,-0.0718,-0.2595,0.8521,2.0534,5.3588,3.3511
395.0000,-0.0876,-0.2300,0.7976,0.8550,8.7481,4.2901
388.0000,-0.0891,-0.2253,0.7417,-2.8626,11.2290,5.8931
426.0000,-0.0857,-0.2249,0.6704,-0.1756,12.6489,6.3282
401.0000,-0.0928,-0.2310,0.6489,1.9160,11.4122,7.1985
379.0000,-0.1201,-0.2371,0.6726,-1.1298,7.4046,7.6107
431.0000,-0.1431,-0.2500,0.7334,-5.6718,3.0840,6.6641
389.0000,-0.1548,-0.2659,0.7683,-9.1298,1.2901,5.5115
436.0000,-0.1865,-0.2959,0.8196,-8.5573,-2.5344,5.1527
401.0000,-0.2256,-0.3071,0.8713,-10.1603,-9.1374,4.9542
417.0000,-0.2329,-0.3115,0.9009,-14.0916,-15.1908,4.6336
392.0000,-0.2432,-0.3171,0.9487,-20.2290,-19.1450,4.1450
402.0000,-0.2605,-0.3481,1.0200,-29.0153,-22.4198,3.0763
473.0000,-0.2991,-0.3508,1.0725,-34.0305,-27.9008,1.4580
411.0000,-0.3306,-0.3645,1.1636,-34.7557,-34.7939,0.3053
391.0000,-0.3469,-0.3760,1.2078,-33.7405,-42.9084,-1.9084
407.0000,-0.3386,-0.3743,1.2241,-30.1679,-50.4733,-5.1603
443.0000,-0.3555,-0.3806,1.2314,-29.2901,-59.0763,-9.5802
437.0000,-0.3625,-0.3784,1.2444,-37.0000,-66.2366,-13.8855
438.0000,-0.3625,-0.3918,1.2446,-49.2519,-72.6489,-17.3206
399.0000,-0.4260,-0.4229,1.2461,-62.8626,-89.9237,-21.8015
406.0000,-0.3784,-0.4565,1.3142,-73.1679,-93.0687,-27.3511
415.0000,-0.3884,-0.4819,1.3181,-84.5115,-99.5038,-31.1679
442.0000,-0.3904,-0.5237,1.3550,-91.5649,-108.8168,-35.4885
408.0000,-0.3848,-0.6052,1.4348,-91.1069,-119.6412,-41.8092
434.0000,-0.3799,-0.6482,1.4897,-79.9695,-130.6488,-47.2672
429.0000,-0.3364,-0.6055,1.5120,-79.7710,-137.0153,-49.6107
422.0000,-0.3560,-0.6316,1.5059,-74.6794,-148.4198,-53.7176
414.0000,-0.3472,-0.6038,1.4316,-71.4428,-159.9313,-59.4427
435.0000,-0.3044,-0.6150,1.2900,-70.7786,-170.6717,-64.5649
410.0000,-0.3154,-0.6506,1.2505,-72.8015,-184.6336,-69.8702
444.0000,-0.2576,-0.6665,1.2739,-75.9924,-200.3893,-73.4351
385.0000,-0.1760,-0.6423,1.3281,-69.2519,-214.5496,-78.1527
421.0000,-0.1277,-0.6560,1.3491,-48.3359,-230.9389,-81.7481
449.0000,-0.0581,-0.6301,1.3811,-32.4809,-239.6412,-85.8321
380.0000,-0.0166,-0.6404,1.3074,-14.7099,-250.1374,-89.1374
471.0000,0.0261,-0.6467,1.1179,-18.0076,-250.1374,-89.9008
471.0000,0.0056,-0.5994,1.1309,-20.7405,-250.1374,-91.6336
356.0000,0.0598,-0.5642,1.0632,-43.6565,-250.1374,-93.7786
495.0000,0.0659,-0.5261,1.0312,-51.5496,-250.1374,-96.2824
412.0000,0.0449,-0.5496,0.9736,-73.5802,-250.1374,-95.3740
402.0000,0.0322,-0.4880,1.0098,-89.3511,-250.1374,-97.4886
444.0000,0.0217,-0.4722,0.9170,-76.0611,-250.1374,-101.1832
423.0000,0.0288,-0.5576,0.8750,-70.2137,-250.1374,-102.4809
397.0000,0.0105,-0.5356,0.8064,-59.0840,-250.1374,-104.2443
409.0000,0.0671,-0.5027,0.6609,-30.0000,-250.1374,-103.7634
510.0000,0.0696,-0.4607,0.6167,-18.2824,-250.1374,-103.3511
409.0000,0.0598,-0.3679,0.6394,-4.6565,-250.1374,-106.0840
423.0000,0.0657,-0.3198,0.5618,8.8779,-250.1374,-109.6947
426.0000,0.0913,-0.3264,0.5591,-9.7710,-250.1374,-111.9542
425.0000,0.0542,-0.3076,0.5742,-24.4656,-250.1374,-113.2901
499.0000,0.1128,-0.2825,0.5022,-45.3588,-250.1374,-112.6947
447.0000,0.1577,-0.2615,0.4531,-52.3206,-250.1374,-110.3893
423.0000,0.2009,-0.2876,0.4778,-56.2977,-250.1374,-110.7939
460.0000,0.2131,-0.2805,0.4131,-52.2366,-250.1374,-111.7939
466.0000,0.2100,-0.2197,0.2681,-37.7863,-250.1374,-112.9313
417.0000,0.2429,-0.2122,0.1853,-24.6336,-250.1374,-113.4351
464.0000,0.3074,-0.2017,0.0657,-23.0000,-250.1374,-114.2595
402.0000,0.3906,-0.1636,-0.0952,-23.4198,-250.1374,-112.0763
466.0000,0.4236,-0.0735,-0.1169,-24.6260,-250.1374,-109.5267
453.0000,0.4905,-0.0518,-0.1853,-31.4198,-250.1374,-107.5496
430.0000,0.5452,-0.0305,-0.3118,-41.1145,-250.1374,-105.4504
415.0000,0.6252,-0.0071,-0.4385,-39.5496,-250.1374,-100.3283
478.0000,0.6792,-0.0242,-0.5181,-32.7863,-243.0763,-91.4046
400.0000,0.7466,0.0471,-0.7131,-7.9008,-229.0382,-80.1450
506.0000,0.8484,0.0808,-0.8462,21.3435,-206.1679,-68.1221
460.0000,0.8767,0.1619,-1.0105,52.1756,-186.2366,-55.2214
452.0000,0.8684,0.2349,-1.0879,77.1221,-171.2748,-42.4351
464.0000,1.2319,0.4165,-1.1165,29.0916,-113.8779,-28.7481
447.0000,0.6885,0.1274,-1.5220,-43.4962,-76.7481,-14.5725
480.0000,0.9731,0.5105,-0.9727,3.7176,-12.5649,-3.4046
426.0000,0.7993,0.2300,-1.2063,15.6260,-25.0840,7.8321
426.0000,1.0574,0.2336,-1.0356,49.2824,-0.6565,17.7710
510.0000,1.0259,0.1279,-0.9614,70.8244,28.4580,26.6260
430.0000,1.0103,0.1257,-0.8784,72.9847,59.9389,31.7634
459.0000,0.9297,-0.0278,-0.8210,86.4733,71.0000,36.5115
466.0000,0.8633,-0.1042,-0.7532,80.8015,66.9237,41.3053
433.0000,0.8083,-0.2095,-0.5815,75.2824,61.8092,46.0458
464.0000,0.8711,-0.2583,-0.4736,39.2443,76.2672,49.6031
460.0000,1.0354,-0.2493,-0.3564,-15.1679,139.6031,48.9618
442.0000,1.0295,-0.1997,-0.2412,-70.1145,188.2443,49.0000
482.0000,0.8586,-0.2070,-0.2263,-115.5725,197.6717,49.1908
453.0000,0.7983,-0.2957,-0.1589,-96.5878,182.8244,51.1145
474.0000,0.8416,-0.2996,-0.0757,-64.0534,173.2748,52.1221
457.0000,0.8323,-0.4387,-0.0986,-14.6565,160.1450,51.9389
454.0000,0.8335,-0.4363,-0.0276,9.7557,158.2137,51.1374
455.0000,0.7661,-0.3701,0.0327,11.9695,156.4962,48.9389
468.0000,0.7825,-0.3625,0.1106,-0.9466,160.8702,47.1069
479.0000,0.7976,-0.3738,0.1558,-2.2519,168.7786,46.6412
383.0000,0.7458,-0.4197,0.2625,-1.3893,171.3206,46.9924
414.0000,0.7539,-0.4126,0.3284,2.9924,174.9389,46.7786
423.0000,0.7993,-0.3625,0.3455,12.8015,178.8397,45.7634
437.0000,0.7424,-0.3711,0.2471,9.6718,178.2061,46.6565
438.0000,0.7561,-0.3164,0.2209,0.8473,181.4656,45.8397
433.0000,0.7241,-0.3062,0.2090,-5.4809,179.1756,44.9847
432.0000,0.7437,-0.2720,0.1924,-16.3511,180.4580,44.8168
450.0000,0.7148,-0.2512,0.2100,-15.5954,179.4198,44.8015
442.0000,0.6543,-0.2991,0.1978,-20.0229,173.7710,46.2443
431.0000,0.6541,-0.3154,0.2947,-13.9313,174.2824,46.9237
443.0000,0.6174,-0.3689,0.3608,-0.3969,176.9771,48.9618
445.0000,0.6060,-0.3076,0.3865,5.5573,179.6260,51.9389
443.0000,0.5676,-0.3435,0.4172,13.2290,179.1069,55.2061
442.0000,0.5623,-0.3655,0.4934,16.2366,185.7786,57.6870
457.0000,0.5574,-0.3584,0.5486,16.7023,195.2290,59.1450
440.0000,0.5234,-0.3801,0.5481,15.8702,200.2443,60.9771
452.0000,0.4790,-0.3835,0.5144,12.1527,200.0458,63.3817
463.0000,0.4543,-0.3662,0.4656,3.4198,197.2443,64.7328
441.0000,0.4253,-0.3523,0.4749,1.1679,194.3511,64.6412
450.0000,0.3992,-0.3608,0.4895,0.2595,193.9695,63.4122
464.0000,0.3525,-0.3618,0.5049,-7.2748,189.5114,63.8779
454.0000,0.3286,-0.3591,0.5510,-4.4809,186.3282,62.7176
448.0000,0.3044,-0.4050,0.6001,-0.2061,186.0763,62.8321
470.0000,0.2888,-0.4070,0.6443,4.6412,184.7557,62.7710
451.0000,0.2678,-0.4414,0.6882,13.3511,181.4580,62.3053
456.0000,0.2373,-0.4714,0.8437,15.7710,186.2137,64.5038
465.0000,0.2744,-0.4741,0.8457,20.7405,196.6794,66.2977
453.0000,0.2429,-0.5107,0.7070,30.3664,200.3359,68.3740
460.0000,0.1638,-0.4756,0.7148,32.6183,197.9847,70.5344
443.0000,0.1238,-0.4626,0.7083,32.5420,189.6947,70.8244
455.0000,0.1060,-0.4146,0.5996,28.8092,183.4122,70.9847
458.0000,0.1191,-0.4138,0.6348,32.0687,181.6717,67.3359
459.0000,0.0444,-0.4292,0.7202,25.2366,172.3664,63.2443
448.0000,0.0242,-0.4678,0.8643,8.4427,167.7786,60.0305
464.0000,0.0002,-0.5085,0.9797,1.4733,164.0076,57.8015
459.0000,-0.0190,-0.5159,1.0679,4.7710,160.0153,57.6412
447.0000,0.0200,-0.5042,1.0942,16.4504,159.8550,58.2977
461.0000,-0.0027,-0.5193,1.1396,33.6870,153.6336,56.6412
453.0000,0.0210,-0.5588,1.2180,35.8092,155.0229,55.4198
459.0000,0.0720,-0.5972,1.0688,46.6260,159.6488,54.8321
458.0000,0.0198,-0.5823,0.9363,60.5649,156.1450,56.1221
461.0000,-0.0327,-0.5029,0.8521,51.6336,149.3588,55.0611
453.0000,-0.0183,-0.4402,0.8694,41.3817,142.0000,48.7023
462.0000,-0.0227,-0.4326,0.8330,29.5114,138.5725,43.4122
455.0000,-0.0613,-0.4968,0.8552,23.3435,131.8626,39.2748
454.0000,-0.1021,-0.5168,0.9465,11.0382,125.3206,37.1374
461.0000,-0.0806,-0.4727,1.0471,6.7557,122.8931,35.1985
469.0000,-0.0613,-0.4707,1.0222,1.6794,120.9008,36.2290
446.0000,-0.0706,-0.4590,1.0815,0.9084,120.2061,36.9924
465.0000,-0.1233,-0.5510,1.1406,12.4962,113.1603,34.5038
456.0000,-0.1467,-0.5723,1.2065,18.1450,108.5954,32.5878
452.0000,-0.1401,-0.5994,1.2178,33.2061,107.5802,31.6183
463.0000,-0.1575,-0.6155,1.2422,47.0534,106.0840,31.9771
461.0000,-0.1460,-0.5598,1.1948,50.2137,105.0153,33.1145
460.0000,-0.1355,-0.4956,1.0681,64.4733,96.8473,33.8015
461.0000,-0.1167,-0.4495,0.9644,67.9466,96.3588,35.4504
461.0000,-0.1523,-0.3926,0.8159,59.6641,96.0840,35.1374
456.0000,-0.1892,-0.3738,0.7942,49.5344,83.7939,31.4198
464.0000,-0.1697,-0.3691,0.8049,41.0534,75.6489,26.5878
464.0000,-0.1699,-0.3721,0.8501,32.5878,69.4657,23.8015
451.0000,-0.1750,-0.3811,0.9226,22.7481,64.7710,22.7710
450.0000,-0.2007,-0.4285,1.0010,14.4046,58.2824,21.5496
452.0000,-0.1782,-0.4397,1.0884,9.3206,54.2977,20.7557
468.0000,-0.1750,-0.4700,1.1562,10.0382,51.7023,20.6718
457.0000,-0.1790,-0.5024,1.2231,16.0076,49.2290,21.0840
465.0000,-0.1797,-0.5178,1.2354,23.7786,46.7939,21.3969
442.0000,-0.1680,-0.5144,1.2163,31.0458,45.7023,22.0229
454.0000,-0.1672,-0.5198,1.1389,34.5267,43.2595,21.7481
547.0000,-0.1934,-0.5632,1.0952,33.2214,37.8779,19.6870
437.0000,-0.2395,-0.5801,1.0906,24.7481,26.9160,16.6718
466.0000,-0.2559,-0.5715,1.1372,22.1069,12.3053,12.1069
458.0000,-0.2085,-0.5649,1.2061,25.0611,-2.3817,5.7481
446.0000,-0.1580,-0.4875,1.2217,31.4962,-16.6947,0.6107
458.0000,-0.1135,-0.4417,1.1565,35.7099,-26.5802,-1.9160
460.0000,-0.0691,-0.3938,1.1028,34.5573,-26.7557,-3.2137
444.0000,-0.0652,-0.3550,1.0349,26.6336,-23.4351,-2.3282
464.0000,-0.0481,-0.3069,0.9587,9.4427,-18.1069,0.0611
467.0000,-0.0242,-0.2617,0.8835,-4.9466,-9.9313,1.2443
422.0000,-0.0388,-0.2485,0.8699,-7.4046,-5.0840,0.0687
468.0000,-0.0569,-0.2620,0.8120,-9.1832,-5.1908,-1.2214
469.0000,-0.0486,-0.2478,0.7693,-6.3435,-7.9313,-2.1450
467.0000,-0.0488,-0.2419,0.7502,-2.4122,-10.6565,-2.4046
433.0000,-0.0774,-0.2571,0.7813,-6.6260,-14.6565,-3.2519
490.0000,-0.1125,-0.2822,0.8352,-17.4580,-16.6183,-3.9924
483.0000,-0.1082,-0.2964,0.9114,-29.4656,-16.1527,-3.8779
436.0000,-0.1462,-0.3291,0.9170,-37.9695,-16.4351,-3.2901
462.0000,-0.1873,-0.3271,0.9304,-41.7099,-20.9160,-1.6489
481.0000,-0.2256,-0.3027,0.9436,-45.4275,-26.6641,-1.5267
476.0000,-0.2444,-0.2764,0.9883,-50.9466,-32.5725,-4.4351
479.0000,-0.2749,-0.3179,1.0818,-60.0534,-40.9160,-10.0992
422.0000,-0.2813,-0.3596,1.1970,-69.1832,-47.1298,-13.8550
487.0000,-0.2991,-0.4089,1.2512,-68.7023,-58.2061,-15.0534
446.0000,-0.2737,-0.4622,1.3167,-64.8702,-59.9542,-14.0763
453.0000,-0.3228,-0.5083,1.3130,-60.0382,-68.9160,-13.1145
455.0000,-0.3169,-0.5146,1.2729,-49.2748,-78.8092,-13.4198
499.0000,-0.3140,-0.5396,1.2769,-29.7634,-88.8550,-15.4504
360.0000,-0.3228,-0.5244,1.2705,-22.9695,-99.4198,-17.5878
565.0000,-0.2942,-0.4854,1.2917,-24.3053,-111.3053,-20.6260
460.0000,-0.2625,-0.4802,1.3196,-28.4733,-116.7939,-25.5420
426.0000,-0.2783,-0.5225,1.3328,-32.3588,-127.2748,-29.7099
529.0000,-0.2886,-0.5293,1.3645,-44.2214,-138.0916,-33.1985
382.0000,-0.2402,-0.5281,1.4224,-53.0992,-143.2519,-36.1450
499.0000,-0.2407,-0.5256,1.3933,-57.7634,-151.8779,-39.2137
494.0000,-0.2288,-0.5767,1.3845,-59.2519,-160.1985,-43.9542
432.0000,-0.2351,-0.6702,1.3640,-55.8015,-168.1374,-49.0000
470.0000,-0.2297,-0.7114,1.3516,-41.3359,-177.7557,-52.9466
511.0000,-0.2107,-0.7051,1.2742,-33.2443,-185.8397,-51.4885
424.0000,-0.1973,-0.6318,1.1885,-23.5420,-196.5114,-50.1908
504.0000,-0.1545,-0.6035,1.1606,-16.7405,-206.0229,-51.8626
438.0000,-0.1067,-0.5535,1.0771,-12.0992,-217.8855,-52.5344
460.0000,-0.0623,-0.4546,1.0950,-17.3740,-225.0076,-53.5573
504.0000,-0.0654,-0.4214,1.1460,-7.3817,-237.0153,-56.9847
441.0000,-0.0645,-0.4634,1.1128,-6.3511,-246.7023,-58.2519
468.0000,-0.0081,-0.4561,0.9934,-9.1756,-250.1374,-59.7863
449.0000,-0.0237,-0.4468,0.9897,-0.9618,-250.1374,-61.9084
445.0000,0.0034,-0.4128,0.9417,-3.5649,-250.1374,-63.2977
578.0000,0.0488,-0.4539,0.8608,-20.2214,-250.1374,-64.1069
429.0000,0.0532,-0.5337,0.8867,-23.9237,-250.1374,-68.1985
474.0000,0.0940,-0.5181,0.7756,-27.6336,-250.1374,-67.3435
465.0000,0.0339,-0.4521,0.8772,-17.4885,-250.1374,-65.9847
462.0000,0.0481,-0.3892,0.8044,-16.6107,-250.1374,-67.7786
464.0000,0.0891,-0.3420,0.6418,-18.1679,-250.1374,-73.1298
524.0000,0.1130,-0.4185,0.5569,-12.9313,-250.1374,-76.2061
453.0000,0.1062,-0.3972,0.5544,-22.0305,-250.1374,-77.9924
459.0000,0.1650,-0.3669,0.4800,-32.0916,-250.1374,-80.4046
462.0000,0.1746,-0.3250,0.5679,-37.8702,-250.1374,-81.1069
486.0000,0.2844,-0.2920,0.5042,-45.1450,-250.1374,-81.9237
457.0000,0.2485,-0.3589,0.5876,-36.0840,-250.1374,-82.3283
456.0000,0.2324,-0.3298,0.5107,-28.8779,-250.1374,-80.8397
451.0000,0.3154,-0.3440,0.3589,-9.1221,-250.1374,-77.8855
569.0000,0.2910,-0.3738,0.3611,-3.0076,-250.1374,-75.3893
416.0000,0.3665,-0.3125,0.3018,1.5267,-250.1374,-74.6794
463.0000,0.3701,-0.3335,0.3115,4.2672,-250.1374,-75.5649
450.0000,0.4417,-0.2368,0.1462,4.9008,-250.1374,-76.1908
560.0000,0.4973,-0.2102,-0.0398,2.8931,-250.1374,-77.2824
473.0000,0.6201,-0.2815,-0.1919,-22.5878,-250.1374,-77.4351
472.0000,0.5569,-0.1975,-0.2595,-35.4962,-250.1374,-78.1527
479.0000,0.6912,-0.2112,-0.4084,-38.0076,-250.1374,-76.1298
453.0000,0.8032,-0.1509,-0.5481,-41.2977,-248.6183,-72.8626
467.0000,0.8137,-0.1101,-0.6331,-46.0153,-236.4046,-71.2748
455.0000,0.8066,-0.0850,-0.7703,-27.4962,-230.5954,-68.4275
448.0000,0.8894,-0.1201,-0.8923,-16.6718,-212.9847,-60.9389
453.0000,0.9644,-0.0715,-0.9236,11.7252,-194.3206,-52.0916
454.0000,0.6995,-0.1929,-1.2319,-19.4504,-181.3359,-39.4427
477.0000,0.7554,-0.0623,-1.2197,-39.6870,-127.1985,-28.5954
460.0000,1.2896,0.2175,-1.1663,-127.4886,-21.0153,-22.5802
478.0000,0.9209,0.0615,-1.0310,-51.5038,-27.4275,-15.4504
461.0000,0.9368,0.1157,-0.9731,-33.2443,-23.8244,-7.9466
465.0000,1.0466,0.1060,-0.8550,15.3664,11.5344,0.7939
511.0000,0.9651,0.1113,-0.8472,28.2977,37.0076,7.6870
460.0000,0.9285,0.0654,-0.7769,49.1603,40.8931,14.1756
480.0000,0.8618,-0.0144,-0.7112,73.5649,37.5725,20.4885
503.0000,0.8721,-0.0610,-0.6479,91.0534,41.4198,27.8015
477.0000,0.9182,-0.0923,-0.6104,78.0916,74.9695,33.3053
476.0000,0.9438,-0.1240,-0.5107,29.5344,127.6412,36.3206
477.0000,0.9426,-0.0444,-0.4163,-35.9618,179.7099,37.7405
479.0000,0.8889,-0.0447,-0.3728,-86.2214,205.5572,39.1069
479.0000,0.7959,-0.1597,-0.2949,-96.4733,208.9389,42.1603
478.0000,0.7754,-0.2849,-0.1912,-73.0229,208.1985,45.0153
470.0000,0.7405,-0.3208,-0.1069,-23.9008,199.8855,46.8779
513.0000,0.6843,-0.3457,-0.1350,2.4656,187.3893,48.8626
476.0000,0.7476,-0.2964,-0.1001,4.8397,189.2137,49.5878
468.0000,0.7493,-0.2888,0.0105,-2.9008,201.7710,48.3588
483.0000,0.7390,-0.2864,0.1045,-21.0305,215.9313,49.1756
495.0000,0.7310,-0.2617,0.1345,-30.7786,226.8473,50.4656
493.0000,0.7070,-0.2920,0.1458,-24.9008,230.9618,51.6870
471.0000,0.6521,-0.3328,0.1250,-16.4351,229.5572,53.2824
473.0000,0.5825,-0.3137,0.1592,-5.6794,220.6641,53.0687
476.0000,0.5769,-0.3101,0.1826,-1.2748,212.5496,52.7863
487.0000,0.5762,-0.3201,0.2043,-2.7328,209.7557,52.9389
481.0000,0.5779,-0.3079,0.2563,-8.0382,209.7176,53.7099
487.0000,0.5635,-0.2964,0.3298,-12.5954,211.1374,53.0229
479.0000,0.5137,-0.3174,0.4014,-13.1679,209.3588,52.5649
479.0000,0.4761,-0.3594,0.5271,-14.7863,209.5802,52.1679
476.0000,0.5010,-0.4197,0.6956,-18.7557,223.1145,53.3130
472.0000,0.5120,-0.4053,0.6475,-20.0153,239.8397,55.3130
496.0000,0.4590,-0.4358,0.5232,-16.4656,245.8321,57.6183
479.0000,0.3328,-0.4219,0.5093,-20.9008,236.2443,58.9542
478.0000,0.3069,-0.4470,0.5767,-25.2290,226.8779,58.2137
484.0000,0.3164,-0.4238,0.6660,-25.8397,220.0382,55.1756
474.0000,0.2922,-0.4558,0.6577,-17.2137,210.7481,54.7710
491.0000,0.2527,-0.4360,0.6682,-8.5191,199.5343,56.4046
475.0000,0.2742,-0.4539,0.7517,5.1450,194.6565,57.5420
478.0000,0.2278,-0.4814,0.8345,16.5496,193.0840,56.8244
477.0000,0.1792,-0.4927,0.9421,34.7557,187.6107,57.2519
490.0000,0.1826,-0.5281,1.0750,47.3206,190.0687,58.5878
482.0000,0.2339,-0.5547,1.1890,49.0382,199.3817,62.0076
470.0000,0.2991,-0.5073,1.0127,65.6489,210.7786,63.2824
482.0000,0.1965,-0.5010,0.8760,84.5344,209.3588,66.7405
481.0000,0.1035,-0.4297,0.7703,81.4809,198.6183,66.5573
480.0000,0.1152,-0.3262,0.6926,76.4046,187.4275,62.7557
489.0000,0.1528,-0.2881,0.6394,66.8702,184.5572,57.2214
480.0000,0.1111,-0.2566,0.6721,44.7939,179.2595,53.2214
484.0000,0.0625,-0.2554,0.6956,16.8015,173.2137,49.8931
487.0000,0.0522,-0.2515,0.7834,2.8473,168.1756,46.4809
485.0000,0.0205,-0.3613,0.8872,-15.7557,164.8931,46.1527
481.0000,-0.0403,-0.4668,1.0471,-22.8855,161.0382,44.8321
496.0000,-0.1016,-0.5774,1.1807,-8.7863,153.3130,44.0534
486.0000,-0.0781,-0.5779,1.2717,7.2595,149.3664,45.6183
479.0000,-0.0623,-0.5642,1.2979,34.9237,145.5343,47.2443
493.0000,-0.0615,-0.6055,1.2673,41.4962,139.2290,50.4885
486.0000,0.0115,-0.5950,1.0845,36.6641,141.4962,53.7328
480.0000,0.0022,-0.5317,0.9167,47.9008,146.7481,56.0992
491.0000,-0.0811,-0.4329,0.7903,47.7176,136.8015,53.6489
490.0000,-0.1108,-0.3596,0.7813,30.3740,125.3970,46.1221
480.0000,-0.1182,-0.3472,0.8562,17.5344,114.4580,37.4046
507.0000,-0.1260,-0.3987,0.9153,1.0992,107.7405,31.3511
492.0000,-0.1431,-0.4097,0.9902,-11.6641,102.0916,29.5573
467.0000,-0.1514,-0.4063,1.0247,-24.3740,97.8855,28.8015
504.0000,-0.1843,-0.4617,1.1196,-30.2214,93.2519,26.6565
486.0000,-0.2004,-0.5330,1.1990,-28.2748,89.4886,25.1374
490.0000,-0.1970,-0.5693,1.2393,-17.6183,86.5802,25.8244
494.0000,-0.1978,-0.5823,1.2532,1.3130,85.0534,26.6412
489.0000,-0.1838,-0.5969,1.2429,22.5038,82.1603,26.9084
483.0000,-0.1479,-0.6025,1.2310,45.5725,79.7176,26.8244
491.0000,-0.1047,-0.5908,1.2068,69.1298,74.2366,28.4504
497.0000,-0.0471,-0.5581,1.1760,87.3130,78.9466,32.0916
481.0000,-0.0527,-0.5410,1.1223,96.9695,80.8397,34.7634
494.0000,-0.0608,-0.5168,1.0486,97.2748,80.5420,35.8550
498.0000,-0.0664,-0.4866,0.9390,97.1832,78.4046,36.6718
478.0000,-0.0762,-0.4109,0.8486,91.4504,76.6870,36.9160
493.0000,-0.1135,-0.3552,0.8176,81.0534,72.4657,34.3206
497.0000,-0.1477,-0.3372,0.8235,69.2748,65.8702,29.5954
483.0000,-0.1646,-0.3254,0.8269,56.9618,60.2824,25.4962
468.0000,-0.0410,-0.3181,0.9429,43.1298,57.8702,23.2366
533.0000,-0.1633,-0.3201,0.9333,40.8168,64.8473,17.1221
473.0000,-0.3386,-0.3743,0.9946,10.7099,38.4427,13.9924
488.0000,-0.3359,-0.3530,1.1619,-10.6489,21.6565,6.9313
497.0000,-0.3137,-0.3865,1.3174,-21.5420,5.3817,-2.2061
480.0000,-0.2600,-0.4133,1.3774,-23.7023,-9.5344,-8.9084
494.0000,-0.2151,-0.4229,1.3579,-19.5954,-25.7099,-12.1908
499.0000,-0.1392,-0.4326,1.2981,-14.0229,-32.0611,-12.1908
481.0000,-0.0916,-0.4216,1.2085,-9.6641,-27.3511,-10.9466
491.0000,-0.0901,-0.4072,1.0732,-10.1221,-20.5420,-7.9237
503.0000,-0.0720,-0.3899,0.9619,-13.4351,-12.5344,-3.6718
468.0000,-0.0593,-0.3364,0.8577,-15.2443,-4.6718,0.2443
494.0000,-0.0381,-0.2820,0.7715,-13.5496,1.2824,2.4962
500.0000,-0.0239,-0.2588,0.7148,-9.5344,3.1603,3.5038
469.0000,-0.0366,-0.2456,0.6675,-6.1221,2.0229,3.6260
480.0000,-0.0361,-0.2583,0.6636,-2.8702,0.4962,3.2901
493.0000,-0.0364,-0.2559,0.6836,-2.3740,0.2977,3.5115
469.0000,-0.0515,-0.2551,0.6921,-3.1298,1.5496,3.3893
487.0000,-0.0815,-0.2551,0.6921,-5.9847,2.4962,2.9313
497.0000,-0.0872,-0.2588,0.7156,-10.5878,2.3282,1.5038
468.0000,-0.1057,-0.2747,0.7363,-17.0458,0.5802,0.1985
483.0000,-0.1240,-0.2859,0.7786,-22.1908,-1.0153,-0.9924
489.0000,-0.1511,-0.2949,0.8176,-26.8092,-2.4198,-2.6031
457.0000,-0.1565,-0.3303,0.8555,-30.3664,-3.5420,-4.7786
495.0000,-0.1760,-0.3745,0.9011,-29.5725,-5.9542,-6.4275
488.0000,-0.1733,-0.4038,0.9302,-26.9313,-8.3511,-6.7176
492.0000,-0.1780,-0.4241,0.9436,-22.3893,-9.7634,-6.1221
471.0000,-0.1760,-0.4238,0.9636,-17.5878,-11.2748,-6.1679
518.0000,-0.1685,-0.4214,0.9888,-12.8168,-13.0840,-6.1908
475.0000,-0.1565,-0.4392,1.0005,-8.9771,-14.6183,-6.2443
471.0000,-0.1721,-0.4414,1.0149,-3.1603,-17.5573,-5.6947
469.0000,-0.1628,-0.4250,1.0105,0.3969,-20.4275,-4.9466
473.0000,-0.1772,-0.3955,1.0391,0.7023,-24.1145,-6.0840
440.0000,-0.1653,-0.3420,1.0317,-2.4656,-27.4427,-8.0687
527.0000,-0.1707,-0.3083,1.0195,-11.6947,-29.8321,-10.2595
464.0000,-0.1794,-0.3096,1.0300,-29.2977,-32.3206,-14.4427
502.0000,-0.2302,-0.3491,1.0520,-46.5038,-42.0076,-18.8473
444.0000,-0.2546,-0.3740,1.1013,-66.3664,-49.3206,-23.5802
494.0000,-0.2600,-0.4038,1.1409,-80.7939,-53.4656,-27.5267
514.0000,-0.2905,-0.4895,1.1907,-84.3206,-60.2519,-29.7710
437.0000,-0.3098,-0.5354,1.2146,-82.6412,-67.4580,-29.8931
514.0000,-0.2893,-0.5542,1.2505,-71.1450,-75.0153,-29.2977
496.0000,-0.3054,-0.5579,1.2644,-58.6183,-83.1527,-28.4885
483.0000,-0.3113,-0.5308,1.2253,-49.1069,-93.7023,-29.3435
464.0000,-0.3142,-0.4966,1.2085,-42.6718,-101.9542,-31.9237
510.0000,-0.3098,-0.4946,1.2014,-39.7405,-114.1374,-35.6107
416.0000,-0.2380,-0.4746,1.2627,-46.7023,-115.9542,-40.5038
537.0000,-0.2546,-0.5283,1.2766,-48.8321,-126.1908,-45.1450
525.0000,-0.2749,-0.5720,1.3052,-55.3130,-137.8855,-47.6718
509.0000,-0.2463,-0.5916,1.3726,-53.9695,-146.9237,-49.9542
490.0000,-0.2180,-0.6233,1.3464,-51.4733,-151.3664,-51.1603
481.0000,-0.2109,-0.6855,1.3042,-49.1603,-160.5878,-52.0153
454.0000,-0.2239,-0.7361,1.3191,-44.3969,-169.9618,-55.5496
496.0000,-0.1924,-0.7393,1.2856,-27.6336,-180.3206,-58.5038
475.0000,-0.1860,-0.6733,1.2351,-17.5802,-190.6794,-59.8931
444.0000,-0.1599,-0.6182,1.1926,-17.1832,-201.1221,-62.5802
505.0000,-0.1340,-0.5574,1.1353,-20.4962,-212.2061,-67.5802
431.0000,-0.1274,-0.5461,1.0852,-34.5420,-227.7633,-73.3283
527.0000,0.0110,-0.4858,1.1138,-56.2290,-230.2137,-80.2290
463.0000,-0.0745,-0.4888,1.0708,-79.9008,-246.2748,-87.9008
466.0000,0.0454,-0.5483,1.0315,-108.8626,-247.9466,-94.3664
438.0000,0.0854,-0.5898,1.0491,-107.6794,-250.1374,-100.9924
556.0000,0.0908,-0.6382,0.9604,-100.3435,-250.1374,-103.4275
461.0000,0.0967,-0.6272,0.9463,-91.8473,-250.1374,-105.7023
482.0000,0.1252,-0.6411,0.9302,-82.2824,-250.1374,-110.2901
555.0000,0.1396,-0.6033,0.8640,-67.6336,-250.1374,-112.8397
455.0000,0.1011,-0.6074,0.7485,-48.0840,-250.1374,-113.1603
476.0000,0.1145,-0.4958,0.6399,-49.9237,-250.1374,-113.0153
504.0000,0.1821,-0.4585,0.6101,-44.9618,-250.1374,-116.7405
456.0000,0.1536,-0.3787,0.5198,-45.0458,-250.1374,-120.1908
447.0000,0.1973,-0.3384,0.4773,-48.8168,-250.1374,-123.8015
482.0000,0.1753,-0.3035,0.4346,-40.2366,-250.1374,-126.3283
433.0000,0.2532,-0.2942,0.3479,-49.4351,-250.1374,-129.1985
516.0000,0.2590,-0.2803,0.3438,-55.1450,-250.1374,-132.7633
484.0000,0.2935,-0.3452,0.2405,-56.7099,-250.1374,-133.5038
469.0000,0.3315,-0.3291,0.2095,-52.6565,-250.1374,-132.8626
479.0000,0.3989,-0.2703,0.0918,-48.1374,-250.1374,-130.7176
440.0000,0.4229,-0.2498,0.1165,-47.2519,-250.1374,-128.5649
506.0000,0.4441,-0.2166,0.0071,-46.2519,-250.1374,-125.2901
479.0000,0.4968,-0.2280,0.0183,-46.7939,-250.1374,-122.0305
492.0000,0.4832,-0.1611,0.0081,-39.1145,-247.6260,-118.3970
506.0000,0.5798,-0.1213,-0.1670,-31.3359,-243.5725,-114.0840
462.0000,0.6794,-0.1272,-0.2358,-29.7481,-225.8931,-109.9771
460.0000,0.6157,-0.1155,-0.1846,-24.1985,-222.5038,-106.2824
469.0000,0.7485,-0.0813,-0.3826,-12.4580,-202.7863,-98.6718
480.0000,0.8005,-0.0032,-0.5608,1.7252,-188.3740,-90.5267
473.0000,0.8213,0.0500,-0.6743,19.5725,-175.9771,-82.0687
445.0000,0.8103,0.1094,-0.7961,32.6947,-171.0687,-70.8092
469.0000,0.8909,0.1511,-0.9060,38.8244,-157.1985,-59.0305
518.0000,0.8835,0.2036,-0.9773,42.3893,-135.4656,-47.3817
489.0000,0.8267,0.1907,-1.0859,26.4275,-129.1069,-31.8397
494.0000,1.0190,0.3438,-1.0371,-6.9771,-58.7023,-23.3206
475.0000,0.9524,0.3818,-0.9924,-39.7481,-28.2824,-14.3359
488.0000,0.9431,0.2900,-0.8767,-12.7099,-5.5115,-2.6107
466.0000,0.9783,0.1523,-0.8286,25.9847,10.4351,9.2137
491.0000,0.9524,0.1067,-0.7913,51.1527,23.1298,19.8855
485.0000,0.9368,0.1045,-0.7446,51.9389,23.4885,27.7939
488.0000,0.9377,0.0557,-0.6680,58.0000,38.1145,34.4809
463.0000,1.0000,0.0095,-0.5840,47.2290,73.5573,39.9084
528.0000,0.9890,-0.0227,-0.5508,20.1298,110.5420,44.3817
484.0000,0.9673,-0.0159,-0.4739,-14.1374,143.6947,47.0382
468.0000,0.9451,-0.0376,-0.3770,-38.9466,166.4733,49.0305
502.0000,0.8367,-0.1284,-0.3293,-41.1679,165.4198,53.9084
497.0000,0.9060,-0.1208,-0.2786,-26.2290,176.1756,56.3130
487.0000,0.8486,-0.2734,-0.2563,3.4962,175.8397,59.2214
469.0000,0.8008,-0.2253,-0.1541,7.9008,175.3282,61.0534
489.0000,0.8013,-0.2239,-0.0466,11.3359,179.9924,62.8550
464.0000,0.8267,-0.2815,-0.0256,10.7481,194.6031,64.8397
470.0000,0.7896,-0.2646,0.0056,6.6641,204.4198,65.3588
481.0000,0.7708,-0.2917,0.0850,11.6947,210.6794,65.7099
481.0000,0.7180,-0.3259,0.1206,10.8473,210.1527,67.2366
473.0000,0.7317,-0.2939,0.1577,20.0992,212.2672,66.7252
479.0000,0.7202,-0.2952,0.1616,27.9542,210.3969,66.2366
507.0000,0.6448,-0.3027,0.1313,17.1450,203.5954,66.4198
468.0000,0.6499,-0.2842,0.1956,20.3664,200.8550,65.4046
473.0000,0.6438,-0.3835,0.1482,17.6489,201.4046,65.6565
474.0000,0.5881,-0.2708,0.3035,13.7634,200.3053,64.0153
473.0000,0.5605,-0.3035,0.3665,13.0763,196.2137,63.7481
477.0000,0.5808,-0.3704,0.3955,9.4809,197.1374,66.0458
504.0000,0.5715,-0.3564,0.4678,15.8779,203.3588,67.3130
465.0000,0.5215,-0.3767,0.5737,21.7939,208.8550,68.3970
481.0000,0.5205,-0.4294,0.5977,29.7023,213.0763,70.1679
475.0000,0.5247,-0.4146,0.5854,28.4275,219.6488,71.8321
470.0000,0.4854,-0.4963,0.4971,40.7557,223.6947,73.9542
485.0000,0.3982,-0.4297,0.5115,35.4275,215.9695,75.5420
475.0000,0.3901,-0.3950,0.5520,39.9084,206.9618,74.5496
460.0000,0.3647,-0.3918,0.5571,40.8626,197.8473,72.5725
481.0000,0.2954,-0.3904,0.6060,31.0840,189.0763,69.5878
491.0000,0.3022,-0.4014,0.7053,18.6641,185.3130,66.4657
484.0000,0.3120,-0.3933,0.7627,7.5496,182.4198,63.1603
491.0000,0.2883,-0.4060,0.7673,-1.3435,178.6488,62.0534
488.0000,0.2507,-0.4341,0.8240,-14.9389,180.4656,61.9008
470.0000,0.1938,-0.4905,0.9592,-6.5038,176.8931,60.9466
493.0000,0.2542,-0.4980,1.0718,-12.0840,184.0611,63.4962
484.0000,0.2917,-0.4834,1.0613,6.7405,190.7023,65.6794
474.0000,0.2695,-0.4905,0.8752,32.2748,189.6565,70.4809
500.0000,0.2302,-0.4763,0.7888,43.1527,183.5572,74.9389
479.0000,0.1909,-0.4465,0.7910,55.6870,176.2061,76.2519
486.0000,0.1843,-0.4895,0.8230,65.3893,172.5038,74.9237
487.0000,0.1934,-0.4756,0.8853,70.6565,172.7405,73.3664
505.0000,0.1580,-0.5000,0.8938,82.1221,168.4046,73.9084
476.0000,0.1646,-0.4731,0.9153,82.8931,172.0687,74.6718
510.0000,0.1077,-0.5320,1.0220,101.3130,168.0305,71.3970
481.0000,0.0513,-0.5320,1.0867,87.9008,165.3053,69.0687
487.0000,0.0969,-0.4661,1.2231,96.0687,166.5114,64.8473
493.0000,0.0889,-0.4521,1.1130,90.3740,166.0763,63.5573
486.0000,0.0664,-0.3958,1.0017,83.0076,155.9847,61.1832
487.0000,0.0962,-0.3586,0.9846,79.5115,172.7939,55.0305
490.0000,0.0002,-0.3394,0.9338,65.6870,158.9542,49.5420
482.0000,0.0203,-0.3167,0.8760,50.9313,147.9771,45.9847
496.0000,0.0361,-0.3530,0.7085,43.9847,151.6412,43.5649
486.0000,-0.0684,-0.3530,0.6296,34.8702,142.3511,39.9924
488.0000,-0.1465,-0.3286,0.6035,16.0229,126.3588,34.2519
489.0000,-0.1812,-0.3411,0.7136,-5.8931,110.7252,27.5649
501.0000,-0.1926,-0.3887,0.8809,-21.9084,100.8397,21.5267
478.0000,-0.2224,-0.4282,1.0657,-32.0153,95.4428,17.6870
515.0000,-0.2317,-0.4822,1.1975,-29.1145,89.7710,16.3359
486.0000,-0.2405,-0.4988,1.2505,-19.4122,86.1221,18.4427
482.0000,-0.2341,-0.5313,1.3115,-1.3740,82.3664,20.6489
490.0000,-0.2251,-0.5405,1.3083,19.0763,79.6489,22.6489
485.0000,-0.2102,-0.5125,1.2488,35.7557,75.7481,24.1985
486.0000,-0.1748,-0.4810,1.1887,47.0458,74.7557,24.0840
489.0000,-0.1624,-0.4536,1.1199,56.2519,72.4580,22.5954
495.0000,-0.1394,-0.4241,1.0603,57.9847,69.7786,21.2977
484.0000,-0.1206,-0.3979,1.0049,56.0534,67.7099,20.4122
490.0000,-0.0916,-0.3708,0.9585,53.0611,65.8550,19.9389
492.0000,-0.0679,-0.3535,0.9006,50.4504,64.5649,19.0229
486.0000,-0.0527,-0.3398,0.8828,47.6183,62.0076,18.3969
489.0000,-0.0486,-0.3164,0.8787,43.2366,59.2366,18.1450
516.0000,-0.0298,-0.3086,0.8684,37.2748,59.4656,18.5878
487.0000,-0.0496,-0.3164,0.8923,31.7023,59.3206,18.1221
489.0000,-0.0881,-0.3457,0.9312,26.4733,56.3130,17.5725
492.0000,-0.0957,-0.3433,0.9617,25.7710,55.7252,17.8015
501.0000,-0.0989,-0.3391,0.9678,26.6565,58.0534,18.5267
486.0000,-0.1335,-0.3469,0.9956,28.3130,59.3130,18.5802
493.0000,-0.1609,-0.3506,1.0010,31.3664,58.7710,18.2214
492.0000,-0.1814,-0.3376,0.9846,31.7252,57.1756,18.6718
483.0000,-0.2002,-0.3130,0.9526,29.3664,57.4656,18.1756
489.0000,-0.2283,-0.3259,0.9177,23.7786,57.1679,15.6565
492.0000,-0.3174,-0.3464,0.9141,9.6641,49.9084,12.6183
476.0000,-0.3809,-0.3308,0.9871,-7.3359,33.1603,8.3511
508.0000,-0.3623,-0.3232,1.0742,-18.4809,10.9542,1.1374
513.0000,-0.3083,-0.3230,1.1807,-21.7939,-7.9008,-6.6718
476.0000,-0.2659,-0.3428,1.2207,-17.7099,-23.8855,-13.3435
479.0000,-0.2085,-0.3860,1.2297,-14.2214,-31.1756,-14.8550
517.0000,-0.1560,-0.3696,1.1956,-7.5573,-28.0687,-12.5802
479.0000,-0.1394,-0.3469,1.0889,-9.2672,-23.2595,-7.2748
501.0000,-0.1050,-0.3049,1.0312,-10.2061,-13.9542,-3.8855
507.0000,-0.0928,-0.2961,0.9758,-7.4046,-5.4962,-1.1908
499.0000,-0.0696,-0.2617,0.9048,-3.2443,-1.4198,1.2824
482.0000,-0.0747,-0.2468,0.8499,3.8550,-0.3969,2.2061
526.0000,-0.0540,-0.2295,0.8208,7.3206,1.4809,3.1145
486.0000,-0.0430,-0.2085,0.7886,7.7786,2.6107,3.3435
496.0000,-0.0486,-0.1992,0.7783,1.8092,3.0229,3.3435
473.0000,-0.0691,-0.1953,0.7424,-8.0534,2.0687,2.9618
501.0000,-0.1038,-0.2114,0.7112,-15.7939,0.2519,2.3130
494.0000,-0.1199,-0.1912,0.7417,-23.5954,-4.8015,0.6870
460.0000,-0.1484,-0.1704,0.8167,-35.7557,-10.3359,-1.6183
498.0000,-0.1479,-0.1702,0.8630,-49.1145,-13.0992,-4.6489
472.0000,-0.1860,-0.1851,0.8943,-63.8244,-16.3435,-6.7252
538.0000,-0.2134,-0.2024,0.9338,-80.2061,-21.1450,-8.0382
494.0000,-0.2561,-0.2405,1.0222,-96.4886,-29.3435,-11.9313
477.0000,-0.2825,-0.3145,1.1250,-111.2519,-36.7863,-17.3893
467.0000,-0.2930,-0.3975,1.2261,-118.6641,-43.3206,-21.6718
493.0000,-0.2913,-0.4922,1.2505,-117.0305,-44.9695,-22.5114
508.0000,-0.2734,-0.5159,1.2908,-109.4733,-47.9160,-21.1985
490.0000,-0.2969,-0.5828,1.2390,-87.2901,-57.9924,-21.3359
514.0000,-0.3169,-0.6216,1.2239,-74.8092,-71.8015,-20.1756
473.0000,-0.2922,-0.5981,1.2292,-61.5344,-82.1603,-22.6718
531.0000,-0.2800,-0.5618,1.2327,-50.5420,-89.9847,-26.5573
452.0000,-0.2832,-0.5164,1.2644,-53.5038,-97.2977,-31.3588
555.0000,-0.2976,-0.5112,1.3335,-61.2977,-106.5115,-38.2214
444.0000,-0.3145,-0.5623,1.3916,-66.3359,-124.4198,-44.5573
518.0000,-0.2493,-0.6160,1.4324,-78.3511,-120.8931,-48.7176
453.0000,-0.3386,-0.6592,1.4185,-76.9924,-135.4733,-50.4885
515.0000,-0.3032,-0.6663,1.4248,-82.4351,-140.9313,-51.0458
510.0000,-0.2891,-0.7002,1.3984,-68.1832,-149.6565,-54.2748
482.0000,-0.2976,-0.7419,1.3442,-52.3511,-161.3969,-57.7557
470.0000,-0.2839,-0.7268,1.3386,-40.8397,-174.7099,-60.9084
507.0000,-0.2422,-0.6575,1.2957,-30.6260,-184.2519,-63.1221
534.0000,-0.2134,-0.6714,1.2131,-8.9542,-197.8397,-65.6565
489.0000,-0.2271,-0.6523,1.1580,-9.3511,-213.2290,-67.7939
551.0000,-0.1658,-0.6272,1.1985,-17.3359,-223.9084,-70.9313
444.0000,-0.1428,-0.6179,1.2202,-23.3282,-233.1221,-75.6641
461.0000,-0.0913,-0.5549,1.2041,-37.6565,-242.1069,-78.5573
530.0000,-0.0481,-0.5437,1.1548,-48.8397,-246.8702,-82.2366
520.0000,-0.0659,-0.6155,1.2361,-50.2137,-250.1374,-87.7023
446.0000,-0.0488,-0.6606,1.1387,-62.9618,-250.1374,-88.6260
513.0000,0.0046,-0.6492,1.1135,-50.0000,-250.1374,-90.3970
555.0000,-0.0193,-0.6716,0.9939,-52.6565,-250.1374,-89.7557
468.0000,0.0579,-0.5991,1.0076,-42.3664,-250.1374,-96.0611
472.0000,-0.0183,-0.5869,0.8779,-24.0992,-250.1374,-98.1069
471.0000,0.0437,-0.5076,0.8164,-14.4809,-250.1374,-98.8702
543.0000,0.0288,-0.5205,0.7341,-21.3282,-250.1374,-101.4886
482.0000,0.0920,-0.4934,0.7146,-16.2595,-250.1374,-107.5038
467.0000,0.0913,-0.5071,0.6538,-4.7710,-250.1374,-108.5496
504.0000,0.1362,-0.4238,0.6331,-17.0611,-250.1374,-108.8702
462.0000,0.1086,-0.3845,0.5796,-14.4885,-250.1374,-112.7405
514.0000,0.2070,-0.3896,0.5166,-19.1069,-250.1374,-114.8779
475.0000,0.1899,-0.3386,0.4084,-8.4809,-250.1374,-114.7252
491.0000,0.2605,-0.3457,0.3276,-22.1221,-250.1374,-114.0305
484.0000,0.2727,-0.2708,0.3589,-21.7252,-250.1374,-116.1069
471.0000,0.3796,-0.1936,0.1890,-12.7023,-250.1374,-117.1679
509.0000,0.3428,-0.1897,0.1099,-14.0840,-250.1374,-116.8626
468.0000,0.3538,-0.1313,0.0618,-22.1832,-250.1374,-116.1985
515.0000,0.4294,-0.0881,-0.0396,-21.9924,-250.1374,-114.7023
497.0000,0.4871,-0.1252,-0.0872,-23.6641,-250.1374,-111.0458
482.0000,0.5305,-0.0652,-0.1421,-27.8473,-250.1374,-106.7405
549.0000,0.6108,-0.1077,-0.2180,-21.5420,-250.1374,-102.3511
541.0000,0.6265,-0.1252,-0.4236,-16.6260,-250.1374,-93.0458
529.0000,0.6809,-0.0112,-0.5088,6.1603,-230.9542,-84.0687
531.0000,0.6912,0.0183,-0.6350,21.7557,-225.5878,-75.4046
530.0000,0.7363,0.0837,-0.7375,32.1603,-213.4351,-67.6412
527.0000,0.8022,0.0994,-0.8579,33.6031,-189.6947,-61.1603
536.0000,0.7769,0.1113,-0.9138,45.2061,-169.3359,-52.0305
546.0000,0.9160,0.1177,-1.0110,39.3588,-141.8244,-41.0687
528.0000,0.8701,0.1313,-1.0791,46.5344,-118.1069,-30.8779
537.0000,0.8706,0.0991,-1.1453,30.4275,-101.5954,-20.1069
508.0000,1.0090,0.2583,-1.0039,16.7328,-47.6031,-13.4504
537.0000,0.9395,0.1104,-1.0813,-0.5267,-28.5344,-4.9313
538.0000,0.9539,0.1685,-0.8948,11.0000,4.0534,1.9618
510.0000,0.9460,0.0530,-0.8706,13.1374,29.7023,9.1450
513.0000,0.8711,0.0359,-0.8140,24.5114,36.2366,17.0611
533.0000,0.9114,-0.0012,-0.7668,20.4122,50.1908,24.8473
496.0000,0.9868,-0.0071,-0.6809,18.9695,82.4809,29.0840
550.0000,0.9365,-0.0264,-0.5750,8.3511,114.0000,33.3740
511.0000,0.9072,-0.0371,-0.5610,-31.8015,140.4656,36.3740
507.0000,0.9102,-0.0979,-0.4941,-46.4275,162.6641,41.0458
503.0000,0.8186,-0.1692,-0.4106,-43.7099,169.1221,46.2748
508.0000,0.8818,-0.1448,-0.3425,-35.6183,182.4733,51.3740
511.0000,0.8372,-0.1736,-0.2908,-20.2061,188.4504,52.9313
511.0000,0.8213,-0.2217,-0.2556,-9.6412,193.5878,55.3969
491.0000,0.8013,-0.1865,-0.1895,-10.3664,195.9084,57.1756
509.0000,0.7910,-0.1814,-0.1377,-8.5496,199.4886,58.2443
405.0000,0.7834,-0.2305,-0.0718,-7.5573,205.5878,58.6565
436.0000,0.7549,-0.2268,0.0122,-4.2977,211.1374,60.8473
433.0000,0.7053,-0.2510,0.0325,-0.0992,212.6717,62.8397
450.0000,0.6917,-0.2478,0.1353,5.9924,216.2824,65.0611
440.0000,0.6838,-0.2163,0.1897,10.8397,219.4733,65.7405
473.0000,0.6582,-0.2290,0.2151,17.4198,221.2061,64.8779
446.0000,0.6223,-0.2817,0.3013,13.8702,225.1069,64.4886
459.0000,0.6104,-0.3191,0.4072,1.4504,236.1298,65.1985
455.0000,0.6160,-0.3113,0.4543,5.8702,247.0000,64.5954
490.0000,0.5525,-0.3684,0.3718,8.0458,246.8702,65.4351
466.0000,0.5305,-0.3132,0.3777,1.1374,241.8015,65.6565
465.0000,0.5002,-0.3540,0.4448,7.3969,235.7557,63.6031
468.0000,0.5015,-0.3794,0.4883,11.9237,232.0763,63.1832
472.0000,0.4758,-0.3860,0.4929,12.5802,232.1298,64.1908
470.0000,0.4397,-0.3943,0.4717,15.4198,232.7481,64.7939
483.0000,0.3562,-0.3794,0.4924,17.3588,226.3206,64.6641
480.0000,0.3164,-0.3662,0.5869,4.0611,225.1985,63.1908
467.0000,0.3318,-0.3557,0.7346,0.7176,230.9542,60.5878
473.0000,0.3357,-0.3228,0.6841,-5.4427,230.5191,59.7634
473.0000,0.3037,-0.3911,0.6074,-7.6031,228.7405,61.4656
471.0000,0.1726,-0.4077,0.7339,-19.5191,217.8092,59.6794
485.0000,0.1663,-0.4456,0.8062,-14.6336,206.7710,57.3359
487.0000,0.1960,-0.4263,0.7910,-3.4885,198.3664,57.1832
473.0000,0.2244,-0.4512,0.7410,5.6489,197.7786,58.9084
476.0000,0.1599,-0.4644,0.8254,22.4275,191.4656,60.2290
480.0000,0.1670,-0.4531,0.8630,20.4198,186.6107,63.0687
508.0000,0.2031,-0.4414,0.9189,21.1679,190.7023,65.9466
476.0000,0.2058,-0.4736,0.8220,33.3817,196.4198,69.8702
477.0000,0.1230,-0.4629,0.8818,30.9237,196.1527,71.7328
496.0000,0.0454,-0.3882,0.9902,36.8702,185.9618,69.3511
477.0000,0.0457,-0.3503,1.0308,34.2366,180.7099,66.6565
502.0000,0.0364,-0.3799,1.0947,39.9924,179.9771,62.9313
468.0000,0.0229,-0.4514,0.9866,37.2824,175.5572,62.8397
495.0000,0.0110,-0.4468,0.9292,37.1832,173.2748,63.1908
480.0000,-0.0645,-0.4819,0.8655,38.9313,164.7939,63.9771
495.0000,-0.0737,-0.4519,0.8535,27.6947,158.8473,62.8855
476.0000,-0.0156,-0.4824,0.8152,25.5649,158.1527,60.6183
494.0000,-0.0662,-0.4780,0.8054,18.3511,152.8397,61.2443
483.0000,-0.0398,-0.4895,0.9036,34.0229,150.5343,58.7939
473.0000,-0.0908,-0.5867,0.9526,48.0840,139.4580,58.5115
489.0000,-0.0886,-0.5940,1.1123,64.1145,132.9313,59.0000
491.0000,-0.0891,-0.6003,1.2766,88.2672,128.7710,57.9695
482.0000,-0.1208,-0.5486,1.3762,108.6107,123.8321,58.0611
493.0000,-0.1099,-0.4561,1.4136,127.7634,120.3893,56.8931
485.0000,-0.1487,-0.4373,1.3896,133.6260,117.0992,52.9389
485.0000,-0.1631,-0.4214,1.3621,119.7481,116.1832,47.4122
490.0000,-0.1489,-0.3801,1.1233,110.3817,115.1069,42.5420
482.0000,-0.2361,-0.2922,0.8943,90.0916,102.6718,37.0153
483.0000,-0.2009,-0.2136,0.8196,56.3893,99.7710,26.4427
481.0000,-0.1809,-0.1860,0.7786,24.1832,96.6336,14.1832
483.0000,-0.1660,-0.2039,0.7612,-12.9160,87.3511,4.7252
470.0000,-0.1128,-0.3066,0.8206,-32.3740,82.8015,-2.0000
495.0000,-0.0886,-0.4451,0.9890,-40.5649,80.0000,-4.3817
482.0000,-0.1106,-0.5398,1.1504,-37.7481,75.8244,-1.8092
480.0000,-0.1338,-0.5791,1.2888,-18.9466,73.8244,4.0916
489.0000,-0.1636,-0.5864,1.3503,10.6260,74.2901,12.0763
482.0000,-0.1770,-0.5520,1.3262,44.6412,70.0229,20.1374
479.0000,-0.1724,-0.4800,1.3120,71.0687,66.6412,24.5649
493.0000,-0.1421,-0.4216,1.2727,88.2595,66.2443,23.8626
484.0000,-0.1133,-0.3862,1.2075,95.5038,68.1985,21.6031
481.0000,-0.1335,-0.3579,1.1479,95.7252,66.5191,19.3282
492.0000,-0.1375,-0.3467,1.0850,82.5115,65.1221,17.7710
480.0000,-0.1150,-0.2957,1.0059,67.3664,64.9160,15.6794
475.0000,-0.1848,-0.2725,0.7888,55.9389,55.1756,15.9771
501.0000,-0.1833,-0.2905,0.7354,39.7481,50.6565,13.4733
467.0000,-0.2617,-0.2881,0.7979,11.7481,37.1679,7.9237
497.0000,-0.3220,-0.2776,0.9814,-9.0000,11.0076,0.2061
484.0000,-0.2446,-0.3176,1.1445,-15.3817,-5.3969,-8.0076
509.0000,-0.1868,-0.3398,1.2783,-3.3893,-16.3969,-12.7023
477.0000,-0.1631,-0.3901,1.2834,13.8397,-24.2977,-10.4733
488.0000,-0.1382,-0.3855,1.2566,24.7481,-22.6565,-4.7405
498.0000,-0.1272,-0.3296,1.1799,32.1603,-16.3053,0.9008
467.0000,-0.0952,-0.2461,1.0791,26.9542,-3.5725,5.1908
464.0000,-0.0864,-0.1509,0.9504,21.5191,5.4122,6.0458
551.0000,-0.0808,-0.1133,0.8379,11.0763,11.1756,5.3435
494.0000,-0.0771,-0.1113,0.7720,5.4733,10.8015,3.7328
461.0000,-0.0786,-0.1218,0.6873,2.6489,7.0229,3.9389
508.0000,-0.0706,-0.0962,0.6392,-1.7939,5.2824,3.6336
448.0000,-0.1040,-0.0908,0.6392,-1.7557,-0.5267,1.8855
530.0000,-0.1218,-0.0996,0.6980,-10.9847,-5.9924,-0.5038
441.0000,-0.1367,-0.1250,0.7703,-22.4122,-7.2901,-2.9313
591.0000,-0.1409,-0.1699,0.8386,-31.6489,-5.9160,-2.4427
475.0000,-0.1616,-0.1858,0.9229,-36.6565,-6.6641,0.2672
496.0000,-0.1897,-0.2039,0.9980,-36.1832,-10.4427,2.3435
470.0000,-0.2217,-0.2202,1.0781,-33.1221,-14.8855,2.7481
489.0000,-0.2559,-0.2375,1.1838,-29.1527,-20.6031,2.4122
498.0000,-0.2634,-0.2488,1.2083,-24.6794,-24.5114,2.3053
519.0000,-0.2849,-0.2551,1.1948,-16.7405,-30.6183,1.8473
500.0000,-0.3196,-0.2642,1.1904,-16.8702,-41.0382,0.4809
468.0000,-0.3286,-0.2625,1.2161,-20.0458,-51.0840,-2.3817
475.0000,-0.3237,-0.2791,1.2642,-26.4962,-59.6870,-6.0382
555.0000,-0.3052,-0.2905,1.2866,-34.4885,-65.4962,-9.1908
397.0000,-0.3164,-0.3042,1.3120,-41.7099,-73.3970,-11.3359
566.0000,-0.3284,-0.3206,1.3748,-49.6260,-82.3053,-13.2519
488.0000,-0.3445,-0.3350,1.4106,-53.0534,-92.3588,-15.3740
466.0000,-0.3381,-0.3635,1.4902,-51.8321,-100.3130,-18.4962
493.0000,-0.3503,-0.3811,1.5164,-47.6641,-108.1450,-20.3817
517.0000,-0.3643,-0.3994,1.4907,-39.8092,-117.5344,-21.9389
490.0000,-0.3835,-0.4368,1.5061,-33.8855,-128.7176,-24.1985
477.0000,-0.3853,-0.4495,1.5144,-28.0916,-139.4886,-26.4733
548.0000,-0.3679,-0.4392,1.4690,-22.0992,-149.9084,-28.2672
465.0000,-0.3411,-0.4441,1.4236,-20.7252,-160.7633,-31.2901
580.0000,-0.2754,-0.4417,1.3784,-17.2672,-171.0076,-35.7710
479.0000,-0.2976,-0.4395,1.3535,-20.2061,-185.3893,-38.2214
523.0000,-0.2561,-0.4243,1.2935,-34.6107,-192.8092,-39.6794
534.0000,-0.2239,-0.3823,1.2791,-34.9542,-204.2443,-42.7481
493.0000,-0.1877,-0.3982,1.2874,-41.7786,-212.6183,-46.9008
439.0000,-0.1169,-0.3777,1.2571,-41.7786,-223.9771,-51.7328
539.0000,-0.1323,-0.4380,1.1846,-41.4656,-239.5343,-52.4122
495.0000,-0.0537,-0.4099,1.3027,-47.8626,-241.4351,-55.7099
490.0000,-0.0276,-0.4829,1.2764,-51.7405,-242.5496,-57.9618
434.0000,-0.0503,-0.4375,1.1765,-43.1374,-249.4809,-58.7939
632.0000,-0.0288,-0.4700,1.0864,-44.5878,-250.1374,-56.1374
468.0000,-0.0562,-0.4636,1.1858,-45.9389,-250.1374,-60.1221
455.0000,-0.0669,-0.4802,1.0991,-37.9924,-250.1374,-61.8244
582.0000,-0.0161,-0.4023,0.9785,-30.9237,-250.1374,-59.5191
480.0000,-0.0437,-0.3479,0.9966,-25.6489,-250.1374,-61.6183
466.0000,-0.0654,-0.2791,0.8787,-13.6489,-250.1374,-66.6107
531.0000,0.0503,-0.2905,0.7332,-14.5878,-250.1374,-67.4122
472.0000,0.0081,-0.3035,0.7222,-27.0992,-250.1374,-67.6412
479.0000,0.0818,-0.1726,0.7695,-37.1450,-250.1374,-72.0229
463.0000,0.1626,-0.1885,0.6653,-35.5420,-250.1374,-72.6183
486.0000,0.1709,-0.2222,0.7341,-46.5649,-250.1374,-73.0916
458.0000,0.1675,-0.1997,0.6899,-49.3588,-250.1374,-76.1679
507.0000,0.2102,-0.2173,0.5300,-40.2061,-250.1374,-74.1527
418.0000,0.2554,-0.1819,0.5173,-44.3511,-250.1374,-70.8168
482.0000,0.2119,-0.2136,0.5225,-61.6641,-250.1374,-73.7634
470.0000,0.2922,-0.1340,0.2693,-53.9771,-250.1374,-78.3740
512.0000,0.2703,-0.0996,0.1741,-51.7405,-250.1374,-77.1603
476.0000,0.3130,-0.0566,0.0605,-74.4886,-250.1374,-78.8397
494.0000,0.4097,-0.1208,-0.0071,-63.7710,-250.1374,-87.8015
492.0000,0.4314,-0.2163,-0.1826,-59.5802,-250.1374,-87.9084
509.0000,0.4495,-0.1936,-0.2632,-61.6489,-250.1374,-82.6565
493.0000,0.5278,-0.2217,-0.2021,-61.6794,-246.2824,-80.7328
497.0000,0.5942,-0.1484,-0.2756,-43.2748,-235.3206,-77.7710
500.0000,0.6362,-0.1226,-0.3987,-19.5649,-228.2748,-70.8779
505.0000,0.6960,-0.0869,-0.4631,2.2443,-220.1069,-64.0763
494.0000,0.7258,-0.0706,-0.5315,36.5573,-212.9695,-58.8397
499.0000,0.8389,-0.0869,-0.6941,50.5115,-195.2672,-50.3969
509.0000,0.8940,-0.0068,-0.7993,61.7405,-174.9237,-41.6565
522.0000,0.9062,-0.0129,-0.9448,60.9542,-155.9466,-32.0000
516.0000,0.9888,0.0950,-0.9690,60.8931,-128.9466,-23.8473
522.0000,1.0020,0.0640,-1.0330,65.0534,-105.8626,-15.9695
507.0000,1.0171,0.0547,-1.0884,62.8626,-78.6870,-7.0305
529.0000,1.0667,0.0925,-1.0930,53.7328,-51.7405,-4.0229
522.0000,1.0625,0.0786,-1.0652,39.9084,-22.4809,1.8473
507.0000,1.0813,0.0732,-1.0256,26.0382,8.2901,6.5191
502.0000,1.0549,0.0476,-0.9609,8.7252,36.1832,10.5191
493.0000,1.0337,0.0396,-0.8938,-15.4275,62.3969,15.1145
516.0000,1.0295,0.0115,-0.7910,-29.0611,88.5573,18.0000
468.0000,0.9822,-0.0203,-0.7285,-35.0534,109.3435,22.6412
533.0000,0.9275,-0.0410,-0.6167,-43.2901,129.4656,28.7863
495.0000,0.9207,-0.0632,-0.4971,-49.1145,145.6107,34.5573
499.0000,0.9260,-0.0688,-0.4419,-48.8779,168.2977,38.8855
507.0000,0.8511,-0.0417,-0.3801,-43.7939,180.7710,43.8397
513.0000,0.8081,-0.1230,-0.3994,-46.5878,186.7863,45.6336
483.0000,0.7556,-0.1760,-0.2744,-33.3588,185.9389,49.1908
490.0000,0.7161,-0.2114,-0.1887,-33.4885,194.0763,53.0992
444.0000,0.7080,-0.1721,-0.1355,-38.1832,201.5649,55.1603
452.0000,0.6660,-0.1606,-0.0444,-35.5191,203.3282,57.7939
462.0000,0.6382,-0.1653,0.0393,-33.8015,202.7633,60.7557
469.0000,0.6506,-0.1570,0.1555,-33.2214,209.3893,61.0305
467.0000,0.6274,-0.1926,0.1829,-26.1756,216.0840,60.4046
473.0000,0.5698,-0.2161,0.1843,-24.9084,217.2672,62.0611
491.0000,0.5354,-0.1948,0.2639,-23.7786,216.1450,64.2061
463.0000,0.5515,-0.2214,0.3340,-23.5649,220.5725,64.8702
491.0000,0.5454,-0.2346,0.3743,-21.3740,225.7252,65.0611
490.0000,0.4778,-0.2529,0.3577,-17.8015,223.1450,66.5802
489.0000,0.4695,-0.2781,0.3921,-16.8779,221.7710,68.7023
514.0000,0.4482,-0.2952,0.4529,-16.3740,221.4656,70.0382
489.0000,0.4192,-0.3550,0.5776,-16.6107,225.3435,70.2519
484.0000,0.3987,-0.3870,0.7627,-12.9466,231.4427,70.9771
501.0000,0.4119,-0.3936,0.6980,0.6870,238.0076,72.4351
501.0000,0.3250,-0.3977,0.6360,16.7710,233.8626,73.3053
487.0000,0.2832,-0.3738,0.5964,20.2443,223.9695,71.9695
493.0000,0.2634,-0.3318,0.6118,12.1679,213.0840,68.1298
501.0000,0.2505,-0.3459,0.6975,-3.1069,206.9389,62.9008
485.0000,0.2122,-0.3584,0.6631,-25.6107,200.9618,58.1985
493.0000,0.2666,-0.3345,0.7112,-33.3130,202.0840,54.1374
516.0000,0.1646,-0.3872,0.7505,-49.2519,195.7252,54.9313
476.0000,0.1523,-0.4500,0.8923,-61.1145,191.4275,56.0687
508.0000,0.1768,-0.4966,1.0510,-46.5496,192.4122,57.3664
511.0000,0.1162,-0.5864,1.1184,-36.2366,193.6641,61.5344
485.0000,0.1401,-0.5852,1.1218,-7.6794,198.7710,65.8473
492.0000,0.0950,-0.6143,1.0488,28.6260,196.4122,70.3511
505.0000,0.1108,-0.5984,1.0950,47.6412,192.6107,72.4504
490.0000,0.0908,-0.5354,0.9998,73.1374,191.8931,76.2443
498.0000,0.1194,-0.4753,0.8005,93.4198,185.5878,77.0611
498.0000,0.0679,-0.3689,0.7253,100.6107,176.7099,71.4351
490.0000,0.0125,-0.3091,0.7166,71.3435,165.0153,65.2290
494.0000,0.0266,-0.2996,0.8030,40.8015,157.9160,57.2443
505.0000,0.0374,-0.3206,0.8601,13.2290,158.1679,51.1603
493.0000,-0.0125,-0.3838,0.8682,-7.0840,158.7176,49.3130
499.0000,-0.0889,-0.4668,0.9893,-22.8626,153.8168,48.2519
485.0000,-0.1362,-0.4807,1.1443,-29.0840,146.5954,47.7863
525.0000,-0.1184,-0.4995,1.2112,-21.4656,144.2061,48.8168
488.0000,-0.1160,-0.5146,1.2437,-9.1908,146.4504,49.6412
503.0000,-0.1389,-0.5391,1.3176,-5.7786,144.4275,50.2366
491.0000,-0.1208,-0.5525,1.2275,10.2824,142.1298,52.0458
494.0000,-0.1375,-0.5273,1.0818,31.8779,136.9695,54.4733
506.0000,-0.1548,-0.4722,0.9861,38.6641,128.8168,53.4656
502.0000,-0.1680,-0.4382,0.9717,39.3664,116.3283,48.3893
497.0000,-0.1687,-0.4583,0.9651,34.7405,105.3206,43.3053
508.0000,-0.1133,-0.4690,0.9709,30.1908,100.3435,39.6412
483.0000,-0.0913,-0.5071,1.0215,32.7557,95.8092,37.6031
502.0000,-0.1233,-0.5613,1.1216,36.3435,91.5878,37.5954
505.0000,-0.1545,-0.5957,1.2759,44.8321,86.4580,37.7863
490.0000,-0.1790,-0.6045,1.3418,61.0000,82.9084,38.4198
497.0000,-0.1802,-0.6023,1.3584,72.7786,78.8702,38.4504
514.0000,-0.1707,-0.5535,1.3845,78.0458,74.6565,36.4275
492.0000,-0.1536,-0.5305,1.4004,79.0687,73.9466,32.8015
495.0000,-0.1360,-0.5198,1.3628,76.3283,74.9389,30.1298
505.0000,-0.1318,-0.5237,1.3242,73.9771,75.4962,27.6565
486.0000,-0.1062,-0.4880,1.2683,72.8473,73.4809,25.0076
506.0000,-0.0825,-0.4475,1.2046,67.8550,74.3817,22.7328
480.0000,-0.0679,-0.4143,1.1201,69.0840,73.0229,21.0763
485.0000,-0.0842,-0.3999,1.0361,74.9084,69.0076,19.7176
515.0000,-0.1179,-0.3325,0.9573,67.4428,62.8397,19.2443
465.0000,-0.1323,-0.2861,0.9290,59.2214,56.7557,18.3893
490.0000,-0.0876,-0.3020,0.8906,53.6641,55.7710,18.0763
484.0000,-0.1177,-0.3196,0.8540,45.7863,66.3283,17.7786
507.0000,-0.2131,-0.3630,0.8547,35.6641,56.8702,18.3664
490.0000,-0.2703,-0.3381,0.9314,29.6565,40.2748,16.1985
487.0000,-0.2695,-0.3403,1.0117,28.3206,22.5802,11.0992
497.0000,-0.2629,-0.3264,1.0889,34.3893,1.9008,5.0382
475.0000,-0.2407,-0.3306,1.1033,44.6489,-16.9771,0.3359
507.0000,-0.2104,-0.3271,1.0784,47.2137,-23.6183,-1.2824
497.0000,-0.1814,-0.2949,1.0366,43.3969,-18.6107,-1.9542
484.0000,-0.2187,-0.2534,0.9502,36.5267,-15.3893,-0.9237
501.0000,-0.1853,-0.2026,0.9041,21.2519,-5.5573,1.2595
459.0000,-0.1494,-0.1475,0.8452,12.9542,4.8779,2.7863
479.0000,-0.1531,-0.1294,0.7756,15.6260,9.4427,3.3740
519.0000,-0.1689,-0.1221,0.6892,19.5191,7.0305,4.1221
506.0000,-0.1597,-0.1130,0.6731,17.3664,6.3893,4.0305
459.0000,-0.1641,-0.1316,0.6809,16.9237,4.7939,3.3664
479.0000,-0.1758,-0.1384,0.6675,9.7405,2.9389,4.2901
493.0000,-0.1873,-0.1377,0.6616,2.0687,0.2061,4.5496
480.0000,-0.2036,-0.1299,0.7188,-8.8931,-3.4046,3.8168
478.0000,-0.2175,-0.1255,0.7483,-18.3664,-9.0000,1.1985
514.0000,-0.2056,-0.1318,0.8352,-29.9084,-12.3130,-1.2137
465.0000,-0.2163,-0.1543,0.9241,-39.9542,-14.8168,-2.7252
543.0000,-0.2366,-0.2085,1.0061,-47.6260,-16.7099,-3.3588
462.0000,-0.2434,-0.2515,1.0947,-51.2977,-18.4733,-3.0687
486.0000,-0.2449,-0.2839,1.1223,-50.7863,-19.1069,-1.6870
450.0000,-0.2434,-0.2959,1.1089,-42.1450,-22.7557,0.7634
478.0000,-0.2410,-0.2854,1.0798,-38.4580,-26.6947,2.3664
501.0000,-0.2546,-0.2627,1.0818,-32.9008,-34.5115,1.3053
509.0000,-0.2632,-0.2786,1.0876,-32.9160,-42.1374,-1.6031
419.0000,-0.2532,-0.2756,1.1035,-34.3664,-49.7557,-4.9695
546.0000,-0.2441,-0.2939,1.1396,-39.4580,-55.1603,-7.0611
478.0000,-0.2549,-0.3347,1.2087,-46.4962,-61.1221,-8.9084
469.0000,-0.3215,-0.3708,1.2681,-48.3817,-74.5496,-12.1527
548.0000,-0.2595,-0.4038,1.3179,-42.1374,-79.9389,-14.2519
458.0000,-0.2673,-0.4080,1.3281,-39.9695,-84.4886,-14.9618
439.0000,-0.3198,-0.3904,1.3896,-42.5038,-94.3588,-17.0611
598.0000,-0.3062,-0.3650,1.4326,-42.1985,-102.5267,-21.2061
460.0000,-0.2949,-0.3792,1.4041,-41.5038,-108.8931,-24.7099
529.0000,-0.2974,-0.3979,1.4221,-44.8931,-116.1679,-28.0763
437.0000,-0.3022,-0.4246,1.4211,-45.5954,-123.8321,-32.5191
512.0000,-0.3086,-0.4536,1.3784,-43.0382,-132.6947,-34.7863
510.0000,-0.3174,-0.4883,1.3608,-38.3588,-142.1374,-36.0382
444.0000,-0.3250,-0.5310,1.4062,-31.4427,-154.4656,-38.8473
497.0000,-0.2673,-0.5249,1.4128,-15.3969,-166.3969,-40.5038
472.0000,-0.2190,-0.4749,1.4211,-3.6489,-179.1679,-40.5115
509.0000,-0.1812,-0.4038,1.4353,4.4962,-192.9924,-41.7557
495.0000,-0.1719,-0.3743,1.4429,6.2366,-209.3740,-43.9542
412.0000,-0.1157,-0.3342,1.4009,-17.7176,-214.8702,-47.7176
672.0000,-0.1201,-0.3569,1.3176,-25.0687,-227.4886,-50.4198
424.0000,-0.1047,-0.4238,1.3259,-45.2824,-231.0992,-54.6794
472.0000,-0.1294,-0.4673,1.3416,-46.0382,-242.2672,-59.6412
484.0000,-0.0674,-0.5625,1.3484,-53.3282,-244.8397,-59.8015
434.0000,-0.0959,-0.6023,1.3911,-51.2214,-248.7405,-61.4046
552.0000,-0.1084,-0.5874,1.3003,-35.0153,-250.1374,-60.6870
475.0000,-0.0723,-0.5283,1.2095,-27.7176,-250.1374,-58.8015
436.0000,-0.0681,-0.4646,1.0825,-12.5496,-250.1374,-61.0916
553.0000,-0.0393,-0.4023,0.9092,-10.3130,-250.1374,-63.2519
464.0000,0.0833,-0.3538,0.8552,-32.3664,-250.1374,-69.0153
441.0000,0.1067,-0.3259,0.7773,-43.4427,-250.1374,-75.1527
532.0000,0.1350,-0.3201,0.6328,-62.4504,-250.1374,-77.1450
489.0000,0.1604,-0.3088,0.6887,-74.2672,-250.1374,-79.7176
425.0000,0.2141,-0.3064,0.7036,-76.9466,-250.1374,-85.1450
513.0000,0.2139,-0.2935,0.5652,-66.4504,-250.1374,-85.2137
485.0000,0.1841,-0.3057,0.6006,-60.2824,-250.1374,-83.2977
467.0000,0.1987,-0.2585,0.6177,-49.9542,-250.1374,-86.1832
446.0000,0.2690,-0.2283,0.4307,-37.7863,-250.1374,-87.1756
570.0000,0.2959,-0.2336,0.2839,-25.0611,-250.1374,-84.1679
452.0000,0.3213,-0.1965,0.2205,-23.6641,-250.1374,-81.9847
477.0000,0.3245,-0.1936,0.1870,-23.9084,-250.1374,-82.9695
516.0000,0.3933,-0.1589,0.0383,-21.4504,-250.1374,-82.4962
468.0000,0.4060,-0.1265,-0.0291,-19.4580,-250.1374,-79.9237
473.0000,0.4092,-0.0989,-0.0859,-20.9542,-250.1374,-80.0687
512.0000,0.4307,-0.0552,-0.2061,-9.4198,-250.1374,-79.4275
471.0000,0.4885,-0.0977,-0.3535,-1.5649,-250.1374,-76.8244
515.0000,0.4995,-0.0432,-0.3911,1.9313,-250.1374,-73.6107
524.0000,0.5718,-0.0210,-0.4453,9.1679,-250.1374,-71.5725
445.0000,0.6145,-0.0017,-0.5481,6.9695,-250.1374,-69.8626
498.0000,0.6848,-0.0652,-0.5420,10.8855,-226.6870,-65.1679
486.0000,0.7410,-0.0300,-0.6367,18.9847,-200.4351,-58.8168
475.0000,0.7522,-0.0134,-0.7727,33.5878,-178.2824,-51.7328
510.0000,0.7095,0.0249,-0.8596,42.1145,-163.3893,-44.4046
544.0000,0.8357,0.0481,-0.9373,43.3359,-137.8931,-39.6031
589.0000,0.8372,0.0476,-0.9465,47.1527,-114.8702,-33.3282
561.0000,0.9226,0.0515,-1.0073,33.5038,-78.3283,-27.0687
548.0000,0.8877,0.0637,-1.0369,25.6641,-46.5191,-20.0000
498.0000,0.8994,0.0671,-1.0698,-4.7328,-16.9618,-12.0611
600.0000,0.9714,0.1487,-0.9402,-9.9008,25.8855,-8.1374
521.0000,0.8599,-0.1619,-1.0361,34.7939,27.9389,-1.0382
529.0000,0.9551,0.0522,-0.8640,8.5725,56.7099,6.3817
529.0000,0.9341,0.1072,-0.7759,-3.7405,79.6107,11.2366
524.0000,0.9607,0.0151,-0.7126,-1.1527,110.1069,18.9695
535.0000,0.9392,0.0276,-0.6750,-21.4351,146.8321,24.2672
520.0000,0.8633,0.0444,-0.6194,-40.6260,167.1679,29.5649
482.0000,0.8611,-0.0095,-0.5630,-39.4198,184.5878,35.4122
537.0000,0.8679,-0.0752,-0.5669,-36.3740,201.7710,41.3511
418.0000,0.8215,-0.0872,-0.5386,-30.6489,211.9466,47.2443
395.0000,0.8037,-0.0647,-0.4690,-33.0000,224.3435,51.8397
456.0000,0.7942,-0.0767,-0.4446,-41.8397,237.1832,54.6565
444.0000,0.7815,-0.0674,-0.3069,-39.3817,248.6794,57.3588
440.0000,0.7068,-0.0928,-0.2659,-52.3053,250.1298,61.3664
469.0000,0.6924,-0.1394,-0.1846,-54.5573,250.1298,63.6641
447.0000,0.6777,-0.1741,-0.0654,-47.9008,250.1298,66.6260
524.0000,0.6484,-0.1980,0.0430,-49.6260,250.1298,69.7405
458.0000,0.5981,-0.2219,0.1265,-39.9466,250.1298,71.5649
451.0000,0.5552,-0.2561,0.2131,-29.7634,250.1298,72.7557
457.0000,0.5115,-0.2363,0.2517,-18.2443,250.1298,72.7328
446.0000,0.4797,-0.2246,0.2542,-15.6718,250.1298,71.5649
466.0000,0.4485,-0.2725,0.3215,-14.5420,250.1298,69.9466
432.0000,0.4170,-0.2808,0.4197,-6.9160,250.1298,68.0305
471.0000,0.3848,-0.2883,0.4512,2.0916,250.1298,67.1985
464.0000,0.3525,-0.2971,0.5266,2.9847,250.1298,66.2977
459.0000,0.3286,-0.3220,0.6960,1.1832,250.1298,64.7252
499.0000,0.3140,-0.3555,0.8481,6.2137,250.1298,64.5954
499.0000,0.2664,-0.3975,0.8198,7.3969,250.1298,67.6489
473.0000,0.2085,-0.4255,0.9253,8.3740,250.1298,69.4122
479.0000,0.1116,-0.3750,1.0034,20.1145,250.1298,68.4886
483.0000,0.1084,-0.3501,0.9124,19.0000,247.4962,66.1908
495.0000,0.1116,-0.3191,0.8904,21.7328,230.8397,60.8168
479.0000,0.0601,-0.3267,0.8743,10.6870,214.2748,54.5649
486.0000,0.0767,-0.2937,0.9170,-5.4122,203.2595,48.3206
477.0000,0.0925,-0.3242,0.9302,-25.0687,198.6794,45.8931
480.0000,0.0901,-0.3672,0.9507,-38.0000,198.0840,46.5725
481.0000,0.0315,-0.3743,1.0015,-38.9542,193.5343,48.7252
492.0000,0.0571,-0.3938,1.0818,-43.5115,194.1374,51.1527
463.0000,0.0537,-0.4460,1.2417,-41.0840,195.7786,53.4580
521.0000,0.0417,-0.4661,1.3240,-19.7786,201.6947,56.1756
477.0000,0.0786,-0.5339,1.1858,7.2595,206.8092,59.6183
484.0000,-0.0864,-0.5620,1.1753,35.7023,199.7176,66.3588
498.0000,-0.1052,-0.5039,1.1616,56.5267,180.4046,68.4886
490.0000,-0.0725,-0.4077,1.0947,67.0687,168.3893,65.0687
489.0000,-0.0869,-0.3821,1.0134,82.7557,156.5572,60.3969
484.0000,-0.0715,-0.3511,0.9509,74.5420,150.5267,55.9389
499.0000,-0.0913,-0.3037,0.9756,50.1908,141.5420,50.1603
478.0000,-0.0640,-0.3389,0.9050,20.5114,139.3206,46.0229
494.0000,-0.0859,-0.3264,0.9453,-9.4733,137.4122,42.9924
508.0000,-0.1016,-0.3577,1.0491,-35.5344,134.6641,39.3664
490.0000,-0.1182,-0.4116,1.1641,-49.3740,131.4046,35.8397
491.0000,-0.1519,-0.4827,1.2122,-54.9237,128.3359,33.9237
489.0000,-0.2412,-0.5720,1.2151,-41.9237,119.6183,34.8626
521.0000,-0.2358,-0.5935,1.2080,-29.7939,112.7328,36.8473
490.0000,-0.2524,-0.6150,1.1362,-2.7863,99.9084,39.2595
486.0000,-0.2434,-0.5916,1.1079,11.6336,90.6260,40.3359
493.0000,-0.1750,-0.5342,1.1033,19.4885,82.0534,36.9466
476.0000,-0.1528,-0.5256,1.0894,25.2137,71.7634,33.0916
510.0000,-0.1196,-0.5078,1.1165,21.3969,67.0916,31.4733
526.0000,-0.1199,-0.5352,1.1555,19.3511,63.8702,30.0992
426.0000,-0.1257,-0.5493,1.1895,14.6489,59.8550,28.5649
589.0000,-0.1130,-0.5581,1.2280,16.7176,53.3511,26.7176
484.0000,-0.0847,-0.5491,1.2651,22.7481,48.1527,25.5114
491.0000,-0.0757,-0.5518,1.2961,31.8702,44.3511,25.3282
489.0000,-0.0811,-0.5618,1.3020,39.6260,40.6031,26.0763
489.0000,-0.0686,-0.5190,1.2576,43.6489,38.2137,26.5649
499.0000,-0.0603,-0.4883,1.1609,46.9237,35.3206,25.9618
482.0000,-0.0764,-0.4585,1.0876,43.7023,30.5114,24.2137
521.0000,-0.0708,-0.4407,1.0537,35.9237,25.4733,21.1527
501.0000,-0.0605,-0.4204,0.9993,26.1908,22.6870,17.2290
501.0000,-0.0735,-0.4155,0.9482,15.8702,18.9695,14.4122
495.0000,-0.0806,-0.3892,0.9111,6.6031,15.0611,12.0992
492.0000,-0.0923,-0.3733,0.8857,1.8702,9.3893,10.2061
494.0000,-0.1150,-0.3896,0.8862,-4.4580,5.1374,9.0687
503.0000,-0.0947,-0.3662,0.9065,-6.9084,4.4046,6.6870
501.0000,-0.1177,-0.4060,0.8965,-2.5573,0.5420,5.1298
506.0000,-0.1355,-0.3835,0.9004,-3.4656,-3.2366,4.6031
490.0000,-0.1038,-0.3640,0.8916,-4.2901,-1.7557,4.4122
508.0000,-0.0989,-0.3562,0.8701,-1.8702,0.1603,3.7176
480.0000,-0.1101,-0.3472,0.8416,-2.2824,-0.7481,3.0992
476.0000,-0.0969,-0.3269,0.8120,-4.1069,-0.7481,2.3740
527.0000,-0.0823,-0.3162,0.8103,-4.5573,1.1145,0.8626
476.0000,-0.0840,-0.3118,0.8096,-3.9618,1.4046,-0.3664
495.0000,-0.0991,-0.3062,0.7842,-4.1603,0.9542,-0.7099
494.0000,-0.0933,-0.3005,0.7771,-4.4046,1.1298,-0.4275
492.0000,-0.0938,-0.3005,0.7688,-3.7481,2.5038,-0.6794
485.0000,-0.0994,-0.2927,0.7654,-2.8168,2.2366,-0.9466
480.0000,-0.0876,-0.2910,0.7737,-3.5802,1.6183,-1.4962
495.0000,-0.0894,-0.2810,0.7896,-4.1450,1.9466,-1.8779
489.0000,-0.0957,-0.2900,0.7944,-5.6260,3.1908,-1.9008
483.0000,-0.0920,-0.3005,0.8135,-6.4046,4.0992,-1.3588
482.0000,-0.0977,-0.3081,0.8389,-5.8244,4.6031,-0.4885
504.0000,-0.0894,-0.3062,0.8452,-4.2061,5.4809,0.3206
463.0000,-0.0911,-0.3125,0.8601,-2.1908,6.2443,1.5115
521.0000,-0.0996,-0.3223,0.8599,-0.3588,6.7557,1.3130
466.0000,-0.1091,-0.3281,0.8555,-0.2824,7.2137,1.1679
490.0000,-0.1072,-0.3274,0.8560,-1.3435,7.0458,1.0992
493.0000,-0.1035,-0.3250,0.8638,-2.7863,6.7481,1.0000
483.0000,-0.1013,-0.3240,0.8735,-3.4504,6.8092,0.6641
487.0000,-0.1069,-0.3367,0.8689,-3.6947,6.0458,0.3969
517.0000,-0.1104,-0.3396,0.8569,-4.5038,4.5649,0.3282