raw_emg,raw_ax,raw_ay,raw_az,raw_gx,raw_gy,raw_gz
176.0000,-0.1470,-0.3005,0.8469,-0.9160,0.2901,-0.7405
167.0000,-0.1406,-0.2964,0.8420,0.0611,-0.2137,-0.5878
192.0000,-0.1387,-0.2966,0.8455,0.5802,0.2137,-0.3435
137.0000,-0.1423,-0.2903,0.8442,1.1603,0.0916,-0.4885
184.0000,-0.1414,-0.2927,0.8506,0.8244,0.0611,-0.2443
196.0000,-0.1409,-0.2917,0.8413,0.4733,0.3053,-0.0153
172.0000,-0.1372,-0.2854,0.8528,-0.5344,0.7481,0.2214
186.0000,-0.1421,-0.2878,0.8416,-2.0229,1.9237,0.5496
205.0000,-0.1406,-0.2759,0.8281,-2.2519,1.9237,0.1069
172.0000,-0.1521,-0.2817,0.8257,-1.7405,0.8397,0.0305
173.0000,-0.1506,-0.2729,0.8330,-1.0916,-0.1603,-0.0840
209.0000,-0.1450,-0.2805,0.8406,-0.8702,-0.5649,-0.1374
179.0000,-0.1440,-0.2803,0.8411,-0.5344,0.0305,-0.1908
186.0000,-0.1482,-0.2942,0.8435,0.0534,0.3053,-0.2748
201.0000,-0.1475,-0.2859,0.8435,-0.6489,0.4198,0.0534
199.0000,-0.1426,-0.2837,0.8474,-1.3740,0.8397,0.3969
180.0000,-0.1477,-0.2703,0.8447,-1.0687,2.0763,0.2290
203.0000,-0.1394,-0.2600,0.8372,-1.2214,2.6260,0.3511
215.0000,-0.1367,-0.2654,0.8362,-1.2977,3.0916,0.6107
198.0000,-0.1416,-0.2649,0.8210,-0.5420,3.7557,0.4198
200.0000,-0.1372,-0.2585,0.8171,0.4885,3.8779,0.6565
198.0000,-0.1428,-0.2483,0.8125,1.5573,1.9008,0.6183
221.0000,-0.1531,-0.2676,0.8074,4.0000,-0.2595,0.2977
204.0000,-0.1572,-0.2976,0.8218,8.0534,-1.3130,0.2443
208.0000,-0.1497,-0.3088,0.8281,11.6718,-2.9466,-0.3206
206.0000,-0.1550,-0.3152,0.8384,15.7786,-3.9924,-0.4885
241.0000,-0.1606,-0.3333,0.8584,17.5954,-4.6260,0.0153
217.0000,-0.1504,-0.3276,0.8645,17.0000,-3.9771,0.8702
203.0000,-0.1506,-0.3079,0.8584,16.1221,-2.0229,1.3740
237.0000,-0.1379,-0.2957,0.8555,14.3969,-0.9466,1.7557
239.0000,-0.1309,-0.2776,0.8635,11.7863,-0.6260,1.6565
222.0000,-0.1235,-0.2617,0.8528,9.2366,-0.3130,0.8321
236.0000,-0.1357,-0.2654,0.8511,8.1298,0.0611,0.3969
225.0000,-0.1323,-0.2566,0.8547,7.5115,0.0458,0.6183
226.0000,-0.1213,-0.2583,0.8545,6.2443,-0.1603,1.2137
226.0000,-0.1211,-0.2419,0.8604,5.1450,-0.6947,1.6718
239.0000,-0.1204,-0.2505,0.8518,4.6107,-0.5038,1.8092
238.0000,-0.1184,-0.2512,0.8662,1.9084,-0.1679,1.7863
246.0000,-0.1343,-0.2537,0.8574,-0.4580,0.7710,1.4580
226.0000,-0.1375,-0.2432,0.8584,-1.7481,0.6489,1.5420
242.0000,-0.1255,-0.2488,0.8494,-2.2290,0.2061,1.7023
228.0000,-0.1292,-0.2593,0.8542,-2.7328,-0.4198,2.0992
251.0000,-0.1252,-0.2539,0.8464,-1.9008,-0.5725,1.8779
246.0000,-0.1299,-0.2715,0.8721,-2.5267,-0.4275,1.8321
242.0000,-0.1323,-0.2524,0.8762,-2.9237,-0.7481,2.8931
219.0000,-0.1316,-0.2715,0.8857,-3.3588,-0.0687,3.4733
280.0000,-0.1189,-0.2585,0.8777,-3.6260,0.8244,4.0992
218.0000,-0.1199,-0.2661,0.8748,-3.5115,2.4046,4.4046
251.0000,-0.1282,-0.2593,0.8586,-1.9924,2.1756,5.4504
245.0000,-0.1213,-0.2590,0.8391,-3.1374,2.1069,6.5267
296.0000,-0.1174,-0.2498,0.8450,-3.7328,0.8702,6.6947
244.0000,-0.1213,-0.2698,0.8630,-4.8015,-0.1908,6.7939
274.0000,-0.1272,-0.2705,0.8730,-4.1145,-1.8092,7.8015
237.0000,-0.1094,-0.2537,0.9031,-4.1908,-1.9695,7.9160
311.0000,-0.0999,-0.2546,0.9368,-7.1221,-3.3893,7.0153
224.0000,-0.1084,-0.2671,0.9578,-13.2595,-4.8321,5.9008
265.0000,-0.0974,-0.2839,0.9756,-19.0305,-5.2595,5.7328
226.0000,-0.1052,-0.3064,0.9739,-23.2519,-5.4809,5.6870
347.0000,-0.0928,-0.3040,0.9788,-26.5802,-7.2824,4.1374
267.0000,-0.0950,-0.3064,0.9722,-29.1145,-10.9008,1.6870
182.0000,-0.1248,-0.3149,0.9885,-31.4885,-14.1145,0.0305
353.0000,-0.1577,-0.3289,1.0088,-29.9237,-18.3435,-1.2443
241.0000,-0.1960,-0.3223,1.0615,-27.0916,-25.6947,-2.7634
327.0000,-0.2063,-0.3572,1.1360,-26.7176,-33.0840,-5.3740
254.0000,-0.2722,-0.3713,1.1882,-22.6107,-40.0229,-6.3206
224.0000,-0.2932,-0.3491,1.2568,-16.8702,-46.3282,-6.9466
307.0000,-0.3293,-0.3335,1.2876,-14.1603,-53.8702,-8.2595
235.0000,-0.3572,-0.3518,1.3022,-12.4351,-60.3588,-11.2748
288.0000,-0.3967,-0.3599,1.3137,-12.9695,-68.2137,-14.3969
309.0000,-0.4153,-0.3645,1.3274,-18.6260,-78.4657,-17.6718
290.0000,-0.4231,-0.3625,1.3882,-24.2443,-89.3817,-20.7710
255.0000,-0.4197,-0.3716,1.4556,-30.7863,-99.4046,-24.3664
226.0000,-0.4583,-0.4224,1.5325,-35.4275,-108.9084,-27.5954
315.0000,-0.4668,-0.4495,1.5503,-37.6718,-119.1832,-29.6947
366.0000,-0.4773,-0.4680,1.5676,-37.3740,-131.5725,-33.0534
15.0000,-0.5034,-0.4673,1.5806,-34.4580,-146.4504,-36.4656
560.0000,-0.4976,-0.4272,1.5193,-28.8244,-159.7176,-39.4351
192.0000,-0.4746,-0.4141,1.5767,-28.4122,-175.3588,-41.9542
260.0000,-0.4468,-0.4053,1.6169,-29.8015,-189.1985,-45.5954
230.0000,-0.4089,-0.3928,1.5779,-27.3359,-200.8702,-47.4504
386.0000,-0.3667,-0.4241,1.5137,-23.6412,-211.6031,-49.6260
254.0000,-0.3352,-0.4658,1.4941,-20.5344,-225.0763,-52.3893
248.0000,-0.2825,-0.4424,1.4106,-17.8931,-236.8168,-52.4351
350.0000,-0.2092,-0.3777,1.3059,-18.3817,-246.6947,-51.1145
291.0000,-0.1531,-0.3354,1.3123,-25.4046,-250.1374,-52.3511
274.0000,-0.1475,-0.3362,1.2971,-30.3206,-250.1374,-55.0534
309.0000,-0.1028,-0.3406,1.2209,-36.3359,-250.1374,-54.9084
352.0000,-0.0503,-0.3325,1.1592,-40.7252,-250.1374,-54.4656
298.0000,-0.0313,-0.3391,1.1438,-45.6870,-250.1374,-54.2977
291.0000,-0.0190,-0.3406,0.9758,-42.7099,-250.1374,-53.2672
300.0000,-0.0339,-0.3420,0.8892,-44.4275,-250.1374,-51.3817
391.0000,0.0095,-0.3267,0.8540,-43.9695,-250.1374,-54.1374
267.0000,0.0164,-0.3230,0.7756,-49.0916,-250.1374,-53.8779
344.0000,0.0366,-0.1987,0.6611,-55.6412,-250.1374,-52.7099
335.0000,0.0774,-0.1890,0.6013,-61.5649,-250.1374,-54.5191
292.0000,0.0935,-0.2212,0.6292,-71.1145,-250.1374,-59.3817
271.0000,0.1326,-0.2280,0.5728,-70.7023,-250.1374,-59.9618
307.0000,0.1519,-0.2505,0.4963,-72.8855,-250.1374,-60.1221
445.0000,0.1584,-0.2871,0.4814,-75.8473,-250.1374,-62.2977
312.0000,0.1724,-0.2683,0.3706,-69.7176,-250.1374,-61.7176
220.0000,0.2068,-0.1853,0.2134,-59.9313,-250.1374,-60.6260
433.0000,0.2441,-0.1475,0.1028,-55.5496,-250.1374,-62.5725
301.0000,0.2390,-0.1792,0.0327,-47.6947,-250.1374,-67.6336
323.0000,0.2834,-0.1873,0.0105,-39.8473,-250.1374,-70.6336
348.0000,0.3391,-0.1936,-0.0957,-28.2366,-250.1374,-71.3435
270.0000,0.3521,-0.2378,-0.1311,-20.7023,-250.1374,-73.4198
311.0000,0.3979,-0.2642,-0.1567,-16.1985,-250.1374,-72.6641
313.0000,0.4536,-0.2405,-0.2966,-7.1298,-239.8855,-69.0916
386.0000,0.4897,-0.2356,-0.4639,4.4427,-226.9008,-65.8321
311.0000,0.5391,-0.2422,-0.5444,7.6794,-217.4122,-62.2366
371.0000,0.6489,-0.1829,-0.6565,17.6107,-201.6107,-58.9008
354.0000,0.6963,-0.1458,-0.7144,26.3893,-185.8473,-56.8550
312.0000,0.7607,-0.0774,-0.7988,28.1756,-169.2443,-53.7405
339.0000,0.8071,-0.0591,-0.8584,33.8473,-153.3206,-51.3969
334.0000,0.8801,-0.0088,-0.9448,29.9466,-130.2977,-46.9847
338.0000,0.9231,0.0007,-1.0349,24.2824,-108.5038,-41.4504
345.0000,0.9697,-0.0059,-1.0825,12.2595,-83.0382,-35.7328
339.0000,0.9976,0.0044,-1.0635,1.2137,-57.7710,-30.9160
343.0000,1.0071,-0.0029,-1.0510,-14.8092,-30.1908,-24.1527
310.0000,1.0200,0.0225,-1.0039,-30.3359,-0.5954,-15.9847
366.0000,1.0278,0.0498,-0.9553,-40.6183,24.8015,-8.3282
336.0000,1.0334,0.0415,-0.8950,-46.3053,49.4962,-1.6641
346.0000,1.0149,0.0425,-0.8159,-49.8321,71.9924,5.0611
333.0000,1.0010,0.0349,-0.7629,-54.2214,93.8626,13.0763
354.0000,0.9775,0.0203,-0.6946,-58.2672,113.4962,21.5649
356.0000,0.9434,-0.0029,-0.6372,-62.7634,132.6565,29.2214
324.0000,0.9119,0.0073,-0.6123,-64.8321,150.4886,37.0763
379.0000,0.8687,-0.0085,-0.5808,-64.1221,163.0000,44.2748
346.0000,0.8203,-0.0254,-0.5061,-63.2214,174.0000,51.8550
334.0000,0.8054,-0.0112,-0.4377,-64.6336,185.3664,59.3588
375.0000,0.7673,-0.0403,-0.3821,-63.5954,194.7863,65.5191
344.0000,0.7087,-0.0952,-0.3127,-63.8626,202.1985,71.2137
347.0000,0.6563,-0.1328,-0.1985,-65.7786,207.7252,75.5878
342.0000,0.6187,-0.1309,-0.1208,-65.9618,215.2519,80.5649
338.0000,0.5969,-0.1235,-0.0940,-67.8626,223.7939,85.7939
392.0000,0.5649,-0.1272,-0.0596,-71.2214,229.5802,90.7786
338.0000,0.5200,-0.1733,0.0090,-71.2137,234.0611,94.2977
369.0000,0.4453,-0.2556,0.1206,-65.5802,235.8168,97.7252
384.0000,0.4202,-0.3069,0.1897,-53.4656,239.2519,102.2595
341.0000,0.3748,-0.3545,0.2871,-31.6794,237.2901,105.4809
356.0000,0.3589,-0.3477,0.4224,-11.0458,237.8092,108.3435
361.0000,0.3445,-0.3826,0.4888,11.1221,239.5878,108.9618
363.0000,0.3198,-0.4026,0.4595,31.7328,239.9466,109.7786
360.0000,0.2849,-0.3779,0.4395,41.1298,240.7405,109.5496
373.0000,0.2402,-0.3142,0.4246,37.3359,240.1374,108.3588
360.0000,0.2039,-0.2935,0.5056,22.5420,238.8931,103.9847
364.0000,0.1877,-0.3491,0.7083,0.1298,242.8626,97.8931
348.0000,0.0891,-0.4121,0.8042,-16.8550,235.2214,94.8015
365.0000,0.0764,-0.4810,0.7871,-24.5267,240.4580,94.8015
365.0000,0.0137,-0.5251,0.7366,-25.1908,239.4198,95.5954
357.0000,-0.0605,-0.6672,0.8489,-14.9313,229.4733,93.5573
374.0000,-0.0625,-0.7266,0.9014,7.9160,217.4886,92.1908
377.0000,-0.0127,-0.7402,0.9351,41.6489,208.8397,91.0763
373.0000,0.0242,-0.6672,0.8770,75.0840,203.9924,91.1756
373.0000,0.0408,-0.5645,0.8489,97.9618,193.9160,88.6489
380.0000,0.0740,-0.4985,0.9849,92.4122,189.5038,83.8092
368.0000,0.0732,-0.4526,1.0144,80.7786,187.2443,78.1221
377.0000,0.0510,-0.4639,0.9968,72.7634,189.6412,75.0916
411.0000,-0.0054,-0.3696,0.9663,45.1832,188.6107,75.4733
377.0000,-0.0637,-0.3723,1.0049,18.9313,182.2214,70.9771
381.0000,-0.0588,-0.4314,1.0977,-1.3511,174.4351,64.6947
368.0000,-0.1086,-0.5408,1.1682,-8.2214,166.6717,62.7710
366.0000,-0.0977,-0.5566,1.1365,-8.6336,159.5649,66.8092
417.0000,-0.0928,-0.5740,1.1680,-1.9084,151.1145,68.0916
371.0000,-0.0781,-0.6560,1.1956,7.6031,144.3893,67.3817
382.0000,-0.1018,-0.6567,1.2622,24.2443,136.4504,67.5115
365.0000,-0.0718,-0.6338,1.1946,45.8244,130.6260,68.5038
393.0000,-0.0903,-0.6157,1.1792,56.0611,127.9542,66.2595
377.0000,-0.1387,-0.5938,1.2505,56.6260,115.2595,61.9542
385.0000,-0.1038,-0.5359,1.2549,43.2137,111.1298,60.2519
382.0000,-0.1116,-0.5339,1.1628,43.4351,107.8092,56.5496
394.0000,-0.1350,-0.4836,1.0957,34.1756,100.7099,53.9237
383.0000,-0.1394,-0.4480,1.0706,16.3435,91.9084,48.5802
384.0000,-0.1052,-0.4683,1.0781,1.1145,86.5038,42.6870
377.0000,-0.0566,-0.4980,1.0625,-6.7481,87.1832,39.9771
419.0000,-0.0586,-0.5222,1.0442,-12.3969,84.1603,38.9924
372.0000,-0.0750,-0.5513,1.0344,-14.7863,81.4275,37.8779
377.0000,-0.0706,-0.5657,0.9990,-7.5725,79.1756,37.6412
419.0000,-0.0610,-0.5767,0.9705,4.5878,75.7099,36.9924
385.0000,-0.0686,-0.6008,1.0293,18.1527,70.0840,33.7863
384.0000,-0.0366,-0.6243,1.0647,35.7328,63.2366,28.6412
379.0000,-0.0488,-0.6250,1.1147,52.9847,60.6412,27.3359
410.0000,-0.0557,-0.6233,1.1121,64.9924,60.7099,29.1603
399.0000,-0.0559,-0.6062,1.0940,73.4351,60.5878,28.5191
385.0000,-0.0483,-0.5803,1.0459,77.1450,59.9618,27.1832
391.0000,-0.0508,-0.5403,0.9880,82.2137,59.5267,25.1450
389.0000,-0.0574,-0.4932,0.9390,76.6947,59.3435,22.6565
371.0000,-0.0818,-0.4531,0.9097,61.0534,55.5038,19.4809
381.0000,-0.1021,-0.4001,0.9055,45.5954,50.2137,13.5725
482.0000,-0.1287,-0.4380,1.0049,27.3206,43.2748,7.4427
376.0000,-0.1560,-0.5132,1.1553,13.5115,37.4427,2.6107
323.0000,-0.2314,-0.6279,1.3335,11.3817,34.7099,1.1908
363.0000,-0.2705,-0.6680,1.3789,17.2366,34.5649,3.9695
511.0000,-0.2842,-0.6499,1.3684,28.8397,27.8931,6.1603
364.0000,-0.2886,-0.6279,1.3262,39.4046,14.9924,5.0076
347.0000,-0.2815,-0.6140,1.3638,46.9466,-1.2748,1.2901
519.0000,-0.2974,-0.5894,1.4207,52.8473,-15.3359,-3.5496
503.0000,-0.3516,-0.5596,1.5100,53.0916,-27.4427,-7.2977
373.0000,-0.3770,-0.5486,1.5867,53.8092,-40.9466,-8.7328
401.0000,-0.3621,-0.5339,1.6248,56.7328,-56.5725,-8.6489
402.0000,-0.3567,-0.5049,1.6709,62.1069,-73.7557,-8.2595
367.0000,-0.3286,-0.4446,1.6699,69.5115,-92.2137,-7.2901
373.0000,-0.2949,-0.3787,1.6533,73.9771,-110.0687,-7.0382
384.0000,-0.2761,-0.2571,1.6646,67.2061,-127.6336,-8.3588
545.0000,-0.2161,-0.2168,1.6965,49.1221,-144.9771,-11.8397
351.0000,-0.2231,-0.2273,1.7234,27.0916,-158.0840,-15.2443
409.0000,-0.2593,-0.2461,1.7295,0.2595,-166.5114,-14.2977
414.0000,-0.2659,-0.2622,1.7307,-24.6641,-174.5572,-13.5038
296.0000,-0.2788,-0.2964,1.7158,-43.6947,-187.3893,-16.6183
431.0000,-0.2593,-0.2876,1.6458,-57.8626,-200.1527,-20.5267
423.0000,-0.2664,-0.3164,1.6052,-66.8168,-213.2901,-25.7099
362.0000,-0.2825,-0.3318,1.5774,-77.1298,-227.9695,-30.5420
353.0000,-0.2671,-0.3167,1.5144,-88.5267,-239.9618,-34.0229
488.0000,-0.2158,-0.2754,1.4260,-100.3970,-248.4580,-37.1679
417.0000,-0.2021,-0.2969,1.3645,-112.8779,-250.1374,-42.2366
388.0000,-0.1895,-0.3401,1.2927,-118.4809,-250.1374,-46.6107
408.0000,-0.1846,-0.3743,1.2551,-118.3206,-250.1374,-49.6718
457.0000,-0.1675,-0.4146,1.1841,-111.8473,-250.1374,-52.5267
315.0000,-0.1699,-0.4304,1.0825,-101.6031,-250.1374,-54.4504
448.0000,-0.1482,-0.3994,1.0010,-89.8321,-250.1374,-54.9084
420.0000,-0.1414,-0.4087,0.9832,-81.3664,-250.1374,-58.3893
368.0000,-0.1479,-0.4041,0.9414,-80.4351,-250.1374,-62.0840
449.0000,-0.1355,-0.3379,0.7720,-73.8244,-250.1374,-63.0611
402.0000,-0.1377,-0.3333,0.6768,-76.9466,-250.1374,-64.8550
374.0000,-0.1086,-0.3250,0.6062,-84.8473,-250.1374,-68.8779
533.0000,-0.0894,-0.3110,0.5276,-86.8397,-250.1374,-72.6718
358.0000,-0.0679,-0.3367,0.5017,-96.0687,-250.1374,-76.0229
517.0000,-0.0608,-0.3459,0.4814,-101.1450,-250.1374,-80.1679
407.0000,-0.0308,-0.3354,0.4397,-101.1908,-250.1374,-83.8550
393.0000,-0.0190,-0.3752,0.4229,-102.3664,-250.1374,-88.4733
446.0000,-0.0078,-0.3718,0.3833,-100.5344,-250.1374,-92.3740
352.0000,-0.0198,-0.4321,0.3469,-91.6107,-250.1374,-97.5038
388.0000,-0.0171,-0.4912,0.3345,-87.7023,-250.1374,-100.8321
464.0000,0.0317,-0.4153,0.1658,-72.8397,-250.1374,-99.9771
485.0000,0.0854,-0.3938,0.0149,-56.9695,-250.1374,-99.6947
410.0000,0.1248,-0.3682,-0.0718,-45.9847,-250.1374,-101.6412
436.0000,0.1760,-0.3904,-0.0818,-43.6336,-250.1374,-105.6794
391.0000,0.2534,-0.3374,-0.1218,-37.9389,-250.1374,-106.1832
432.0000,0.3154,-0.2617,-0.1948,-40.6641,-250.1374,-104.9618
393.0000,0.3706,-0.1902,-0.2251,-48.0305,-249.9160,-105.3970
401.0000,0.4211,-0.2249,-0.2322,-52.1985,-239.3511,-108.4198
373.0000,0.4377,-0.2390,-0.2605,-54.6641,-225.9542,-109.3817
374.0000,0.5005,-0.2083,-0.3679,-53.7557,-210.0076,-108.2672
474.0000,0.5381,-0.2166,-0.4871,-45.4504,-197.3740,-105.3359
437.0000,0.5759,-0.2275,-0.5903,-30.6870,-189.5649,-99.5878
430.0000,0.6514,-0.2312,-0.6455,-9.6794,-179.2901,-92.1985
428.0000,0.7246,-0.1570,-0.7625,20.5420,-169.1221,-84.0763
445.0000,0.7981,-0.0955,-0.8865,45.5191,-158.2672,-75.7481
456.0000,0.8472,-0.0195,-0.9885,66.2519,-150.0611,-68.9771
425.0000,0.9275,0.0659,-1.0923,74.2672,-134.9084,-61.5267
436.0000,0.9687,0.1541,-1.1116,64.5573,-113.5725,-53.2901
431.0000,1.0334,0.2405,-1.1660,41.3740,-84.4580,-43.3969
417.0000,1.0659,0.2517,-1.1846,14.6794,-49.6412,-33.5649
397.0000,1.1025,0.2354,-1.1357,-20.7863,-10.4885,-22.0229
413.0000,1.1064,0.2527,-1.1187,-50.5267,24.8702,-9.4122
397.0000,1.0942,0.2139,-1.0513,-71.4504,58.8550,1.2519
475.0000,1.0522,0.1545,-0.9316,-81.6183,85.4580,10.0763
404.0000,1.0400,0.1423,-0.8914,-86.2366,107.8168,21.5038
421.0000,1.0071,0.1006,-0.8193,-82.9160,129.3359,31.9847
426.0000,0.9668,0.0686,-0.7444,-77.5878,146.8244,41.2901
422.0000,0.9246,0.0354,-0.6670,-74.0916,159.1756,49.5496
430.0000,0.9097,-0.0015,-0.5808,-69.9008,171.7633,58.4656
424.0000,0.8965,-0.0061,-0.5466,-64.8626,185.4809,66.5344
424.0000,0.8440,-0.0093,-0.5034,-57.5878,193.9160,72.4809
435.0000,0.8032,-0.0081,-0.4377,-54.0534,198.5496,77.7099
426.0000,0.7634,-0.0586,-0.3425,-57.0382,204.2519,82.0458
400.0000,0.7329,-0.0947,-0.2644,-56.7710,210.2672,85.1832
477.0000,0.7085,-0.1311,-0.1863,-57.1832,217.1603,89.7939
410.0000,0.6614,-0.1553,-0.1287,-58.7328,223.1069,93.9008
420.0000,0.6162,-0.2190,-0.0410,-59.9008,227.2519,96.7176
439.0000,0.5869,-0.2305,-0.0308,-54.3740,232.5267,100.9771
424.0000,0.5381,-0.2817,-0.0007,-41.2748,232.5802,105.2214
449.0000,0.5210,-0.3049,0.0098,-32.2214,233.4198,109.1756
434.0000,0.5066,-0.3086,0.0671,-16.3511,230.9466,110.9542
438.0000,0.4675,-0.3335,0.1067,0.4962,229.8321,112.5191
433.0000,0.4524,-0.3394,0.1560,12.0840,230.2443,113.6565
436.0000,0.4363,-0.3320,0.1992,18.7176,230.5191,113.5878
429.0000,0.4119,-0.3135,0.2542,22.9466,230.1450,113.2214
450.0000,0.4001,-0.2920,0.3267,18.5649,233.7405,113.2443
434.0000,0.3635,-0.3069,0.4172,8.5191,234.8321,109.8855
435.0000,0.3103,-0.4326,0.5313,0.6641,238.5725,105.6260
421.0000,0.2964,-0.5107,0.5151,1.3053,243.7023,106.2595
453.0000,0.2805,-0.5237,0.4436,9.0611,250.1298,110.0076
426.0000,0.2019,-0.5288,0.4338,19.5496,249.3969,109.1756
443.0000,0.1345,-0.5596,0.5278,31.0992,240.6412,104.9618
449.0000,0.1194,-0.5894,0.5510,44.2366,231.1145,99.9618
433.0000,0.1255,-0.5881,0.6074,53.8244,227.4122,98.6031
444.0000,0.1414,-0.5120,0.6282,60.6794,226.9924,98.0458
426.0000,0.1274,-0.4131,0.7261,55.1756,224.6183,95.8931
441.0000,0.1589,-0.3608,0.7744,40.3359,223.5725,91.1756
445.0000,0.1562,-0.4302,0.7546,32.3588,222.9847,86.8550
473.0000,0.1614,-0.5271,0.7405,24.0687,228.0840,86.8244
440.0000,0.0635,-0.6460,0.8774,17.5878,229.8626,86.5038
446.0000,-0.0378,-0.6873,0.9775,28.5344,221.8550,85.9618
444.0000,-0.0913,-0.6733,0.9709,40.9466,216.3282,86.2137
450.0000,-0.1609,-0.6992,0.9687,59.4733,203.3130,84.8244
454.0000,-0.1868,-0.7124,1.0718,74.9084,193.7099,80.5420
446.0000,-0.1838,-0.6487,1.1548,80.4733,181.3817,75.7863
452.0000,-0.1624,-0.5903,1.1504,78.4733,167.5114,71.8931
452.0000,-0.1160,-0.5298,1.1418,58.3130,155.6031,69.3588
450.0000,0.0251,-0.5415,1.1951,47.7939,159.2901,64.6107
453.0000,0.0332,-0.4983,1.1426,28.6870,155.1221,62.7099
438.0000,-0.0156,-0.5356,1.0981,9.9084,143.6717,62.2137
455.0000,0.0078,-0.5862,1.1453,-0.8626,140.2977,62.4885
444.0000,0.0217,-0.6641,1.1904,0.0382,142.8015,60.3893
488.0000,-0.0659,-0.6765,1.2058,4.4885,136.4504,61.7557
445.0000,-0.1294,-0.6602,1.2200,10.5878,126.3435,64.0992
452.0000,-0.1580,-0.6448,1.1448,20.3664,121.3206,63.4580
452.0000,-0.1931,-0.6433,1.1296,29.3206,115.5649,60.5649
451.0000,-0.2048,-0.6294,1.1274,40.5878,105.4504,56.3893
450.0000,-0.1804,-0.5920,1.1013,48.6718,95.2977,53.9237
460.0000,-0.1287,-0.5393,1.0669,48.0153,89.4733,52.1221
457.0000,-0.1040,-0.5137,1.1052,37.1374,86.4198,48.5420
453.0000,-0.0999,-0.5366,1.0996,29.4885,85.4733,44.7634
447.0000,-0.1213,-0.5554,1.0676,26.9313,85.7786,43.6870
466.0000,-0.1213,-0.5354,1.0247,24.5496,82.6412,43.2901
462.0000,-0.1443,-0.5784,1.0630,27.0382,78.9389,38.9618
452.0000,-0.1331,-0.6172,1.1130,33.1603,73.2519,33.4122
455.0000,-0.1531,-0.6331,1.0732,49.7176,67.8626,30.0534
456.0000,-0.1726,-0.6152,1.0664,60.6412,67.3893,31.1450
447.0000,-0.1848,-0.5667,1.0212,60.9160,64.9466,31.4962
476.0000,-0.1626,-0.5022,0.9775,60.0687,59.9618,28.0153
429.0000,-0.1533,-0.4834,0.9976,57.2214,53.4275,22.5649
485.0000,-0.1526,-0.4834,1.0854,49.8779,47.4275,17.1985
455.0000,-0.1545,-0.5103,1.1606,40.5725,43.0611,12.9771
482.0000,-0.1619,-0.5730,1.2207,35.3817,39.7481,8.5191
462.0000,-0.1914,-0.6052,1.2529,31.9695,35.2519,7.6336
454.0000,-0.1995,-0.6213,1.2534,31.8626,32.6718,8.7634
455.0000,-0.2000,-0.6125,1.2129,36.7863,29.5878,7.5802
465.0000,-0.1980,-0.6064,1.1604,38.3740,23.0000,5.8092
497.0000,-0.2161,-0.5784,1.1384,40.0458,12.1908,3.0229
397.0000,-0.2024,-0.5398,1.1545,37.4427,3.1374,-0.7863
472.0000,-0.1921,-0.5164,1.1714,29.2290,-3.7863,-4.2901
431.0000,-0.1704,-0.5422,1.2217,18.5344,-13.1145,-6.7176
502.0000,-0.1223,-0.5540,1.2622,12.0763,-22.0153,-7.8244
461.0000,-0.0757,-0.5613,1.2942,6.5420,-31.3893,-9.7557
457.0000,-0.1292,-0.5684,1.3386,3.5573,-38.7863,-11.1450
468.0000,-0.1270,-0.5740,1.3784,5.5267,-47.0763,-11.9695
459.0000,-0.1165,-0.5654,1.4158,3.9389,-55.2824,-12.8092
478.0000,-0.1045,-0.5869,1.4531,5.7939,-66.0916,-15.6489
507.0000,-0.1152,-0.6147,1.5166,8.1069,-77.4809,-20.1298
494.0000,-0.1262,-0.6052,1.5469,9.8015,-92.9924,-28.4122
453.0000,-0.1738,-0.6062,1.5840,11.4046,-108.3283,-36.5878
487.0000,-0.2671,-0.5708,1.5889,8.1756,-121.2519,-39.0153
425.0000,-0.2952,-0.5298,1.5955,-4.3740,-130.3130,-39.1756
580.0000,-0.2898,-0.5286,1.6001,-18.8321,-140.7405,-42.4809
440.0000,-0.2834,-0.5010,1.6357,-35.4046,-153.5038,-47.7710
473.0000,-0.2551,-0.4878,1.6250,-48.4885,-163.2595,-54.0534
407.0000,-0.2634,-0.4678,1.6023,-57.9466,-174.9771,-58.8702
536.0000,-0.2720,-0.4719,1.5583,-65.1985,-187.7099,-61.1832
467.0000,-0.2832,-0.5029,1.5828,-67.7252,-199.2519,-63.9008
455.0000,-0.3037,-0.5364,1.5811,-63.7328,-208.2748,-66.4351
344.0000,-0.3040,-0.5466,1.4785,-49.3740,-218.0763,-65.4351
639.0000,-0.2952,-0.4941,1.3569,-36.0687,-229.6031,-63.6565
450.0000,-0.3064,-0.4395,1.3926,-30.8702,-243.3206,-65.5725
410.0000,-0.2861,-0.3994,1.3918,-34.1603,-250.1374,-67.3206
481.0000,-0.2627,-0.3679,1.2683,-35.4962,-250.1374,-67.9160
471.0000,-0.2913,-0.3745,1.2119,-38.7863,-250.1374,-69.0000
365.0000,-0.2942,-0.3677,1.1926,-53.1679,-250.1374,-69.8779
502.0000,-0.2705,-0.3223,1.0559,-58.1679,-250.1374,-71.0000
431.0000,-0.2866,-0.3281,1.0342,-66.6565,-250.1374,-74.4428
429.0000,-0.3130,-0.3188,1.0828,-79.8550,-250.1374,-78.2290
444.0000,-0.2754,-0.2996,0.9580,-79.3664,-250.1374,-79.7557
569.0000,-0.2896,-0.3572,0.9087,-78.6794,-250.1374,-83.3664
447.0000,-0.3208,-0.4265,0.9468,-81.1679,-250.1374,-88.5420
455.0000,-0.2854,-0.4314,0.7964,-65.8321,-250.1374,-88.3511
469.0000,-0.2510,-0.3511,0.6155,-53.3435,-250.1374,-87.0305
451.0000,-0.2183,-0.2913,0.5012,-49.6641,-250.1374,-89.5420
449.0000,-0.1804,-0.2896,0.4871,-53.9237,-250.1374,-94.0763
506.0000,-0.1003,-0.2473,0.3577,-52.5191,-250.1374,-95.6031
515.0000,-0.0732,-0.2256,0.3472,-61.3206,-250.1374,-98.3435
478.0000,-0.0356,-0.1958,0.3372,-80.0687,-250.1374,-100.9695
453.0000,-0.0344,-0.2183,0.2947,-87.8779,-250.1374,-104.0611
414.0000,0.0261,-0.2078,0.2075,-89.7939,-250.1374,-103.4275
540.0000,0.0864,-0.2078,0.0781,-80.2290,-250.1374,-103.0687
446.0000,0.0959,-0.3086,0.1011,-74.0229,-250.1374,-106.3817
468.0000,0.1404,-0.3457,0.0693,-67.2824,-250.1374,-105.0305
460.0000,0.1814,-0.3057,-0.0999,-35.6412,-250.1374,-101.4962
459.0000,0.2642,-0.2449,-0.2600,-14.9160,-250.1374,-97.4198
472.0000,0.2986,-0.1980,-0.3640,-4.9618,-250.1374,-96.2595
465.0000,0.3860,-0.1709,-0.4146,10.0763,-250.1374,-94.5267
492.0000,0.4897,-0.1265,-0.5222,11.2748,-250.1374,-91.8473
454.0000,0.5664,-0.0674,-0.6084,2.9466,-238.0000,-90.7176
469.0000,0.6292,-0.1042,-0.7207,-8.0000,-220.0076,-89.0687
415.0000,0.6831,-0.1074,-0.8152,-16.3664,-197.6183,-83.4657
451.0000,0.7400,-0.1199,-0.8867,-21.1756,-169.7710,-76.3817
459.0000,0.7844,-0.0764,-1.0579,-14.3130,-144.7557,-69.7863
463.0000,0.8101,-0.0869,-1.2095,14.4656,-129.0840,-64.8092
458.0000,0.8772,-0.0537,-1.3057,37.4504,-117.2519,-58.6870
466.0000,0.9663,-0.0151,-1.3657,55.5649,-100.5802,-50.4733
459.0000,1.0625,0.0288,-1.4177,65.4886,-71.0840,-38.6947
458.0000,1.0605,0.0796,-1.4929,71.4428,-46.1450,-26.6947
461.0000,1.0723,0.2000,-1.5469,58.1908,-17.3206,-14.7786
464.0000,1.1006,0.2739,-1.5220,33.6031,16.6183,-5.9313
468.0000,1.1453,0.3354,-1.4897,2.1679,55.7252,3.4351
480.0000,1.1384,0.3301,-1.3667,-28.9389,92.0763,13.8473
460.0000,1.1147,0.3328,-1.2910,-63.5115,125.3970,25.4504
484.0000,1.0645,0.2734,-1.1685,-81.8702,154.2519,35.4046
482.0000,0.9890,0.2056,-1.0647,-91.8473,179.0229,45.8092
512.0000,0.9285,0.1628,-0.9800,-101.5191,202.9924,57.2977
465.0000,0.8379,0.1118,-0.9248,-105.2214,223.7252,66.3740
464.0000,0.7483,0.0718,-0.8691,-99.7176,237.4275,75.2977
453.0000,0.7041,0.0339,-0.7852,-93.7252,246.5649,82.8397
473.0000,0.6580,-0.0325,-0.6350,-85.8244,250.1298,89.2061
467.0000,0.6243,-0.0913,-0.4634,-79.5802,250.1298,96.1603
467.0000,0.6052,-0.1064,-0.3315,-71.7176,250.1298,104.0992
468.0000,0.5859,-0.0996,-0.2798,-66.2061,250.1298,110.4580
460.0000,0.5330,-0.0647,-0.1746,-66.6183,250.1298,115.9847
467.0000,0.4653,-0.1238,-0.0671,-70.5191,250.1298,118.9542
456.0000,0.3887,-0.1772,0.0024,-68.9924,250.1298,122.0840
487.0000,0.3232,-0.2366,0.0461,-56.5191,250.1298,127.0076
473.0000,0.2410,-0.2932,0.1055,-43.6336,250.1298,131.0763
467.0000,0.1628,-0.3174,0.3818,-21.5802,250.1298,131.7786
472.0000,0.2292,-0.3796,0.4580,-19.6718,250.1298,133.1298
461.0000,0.1580,-0.3826,0.4749,-3.0000,250.1298,134.4656
463.0000,0.1255,-0.4167,0.4888,8.6641,250.1298,134.5649
501.0000,0.0762,-0.4231,0.5337,13.0458,250.1298,135.2290
464.0000,0.0696,-0.4199,0.5359,10.1985,250.1298,133.7405
477.0000,-0.0132,-0.4631,0.6453,10.0305,250.1298,129.4198
470.0000,-0.0479,-0.4956,0.7727,3.0229,250.1298,126.5878
462.0000,-0.0701,-0.5325,0.9653,-7.2214,250.1298,123.8015
461.0000,-0.0825,-0.6162,1.0007,-7.3282,250.1298,122.1145
474.0000,-0.1536,-0.7766,1.0513,-2.7023,250.1298,120.3130
467.0000,-0.2026,-0.8379,1.0820,15.9542,244.9771,119.6412
479.0000,-0.2014,-0.8381,1.0664,48.7481,228.9237,119.9008
474.0000,-0.1213,-0.6992,1.0908,71.4733,218.7863,118.2443
474.0000,-0.0806,-0.6206,0.9995,85.3130,208.8015,109.9771
479.0000,-0.0647,-0.5750,0.8904,80.3970,203.1527,103.8855
471.0000,-0.0437,-0.4854,0.9707,63.5802,194.2519,100.2977
484.0000,-0.0122,-0.4714,1.0361,33.5573,187.7023,96.7252
473.0000,-0.0059,-0.5288,1.0176,2.0229,188.0305,93.8702
484.0000,-0.0208,-0.6328,1.0547,-7.5420,191.9084,93.8550
494.0000,-0.1057,-0.6816,1.0542,-8.4275,180.9313,96.4275
479.0000,-0.1729,-0.7708,1.0784,-6.1603,173.7863,96.5115
475.0000,-0.1479,-0.8401,1.1116,21.3359,176.6031,94.2443
479.0000,-0.2136,-0.8550,1.1082,56.4962,167.3893,92.8321
478.0000,-0.2722,-0.7942,1.0881,77.7023,151.3817,92.6489
475.0000,-0.2422,-0.6914,1.1873,90.0305,142.6870,86.2672
477.0000,-0.1941,-0.7896,1.3149,104.7023,134.9008,79.9542
468.0000,-0.2341,-0.7009,1.2686,105.0611,138.7099,73.7176
483.0000,-0.2639,-0.6143,1.1431,81.7405,124.2672,73.3435
483.0000,-0.2532,-0.6350,1.1509,66.1298,111.4046,69.2214
478.0000,-0.2053,-0.6638,1.2249,46.4198,112.3740,62.3282
469.0000,-0.1841,-0.6614,1.1182,42.6336,112.2901,59.0153
477.0000,-0.2151,-0.6111,0.9939,44.8855,103.9389,55.4656
464.0000,-0.2178,-0.5715,1.0186,27.6183,96.4657,50.1908
467.0000,-0.2524,-0.6191,1.1367,17.3588,86.3359,42.7863
501.0000,-0.2722,-0.6941,1.1650,14.0687,80.6565,41.5573
486.0000,-0.2920,-0.6865,1.2048,15.7481,75.3206,42.3740
471.0000,-0.2717,-0.6726,1.2380,23.5954,68.4122,39.5573
479.0000,-0.2158,-0.7117,1.2500,35.6183,55.8244,31.0076
479.0000,-0.2036,-0.7227,1.2500,50.7023,45.6031,26.0687
481.0000,-0.1970,-0.7334,1.2356,63.3664,41.8855,25.8244
472.0000,-0.1641,-0.7031,1.1726,63.3969,37.0229,25.0840
470.0000,-0.1255,-0.6477,1.1392,59.1527,32.1603,22.5038
503.0000,-0.0657,-0.6013,1.0664,54.1450,27.3511,20.4962
444.0000,-0.0491,-0.5583,1.0166,45.5496,25.5649,17.8931
546.0000,-0.0498,-0.5410,0.9863,36.4504,23.5344,13.5496
437.0000,-0.0688,-0.5571,1.0364,21.9924,17.8321,9.0229
453.0000,-0.0691,-0.5742,1.1289,12.7710,11.4962,6.6412
536.0000,-0.0706,-0.6047,1.1392,11.7405,8.8702,5.1908
437.0000,-0.0933,-0.6343,1.1472,14.0840,6.3740,3.8397
518.0000,-0.1147,-0.6277,1.1704,15.5802,3.3053,3.1145
456.0000,-0.1260,-0.6145,1.1453,17.9160,-2.2137,1.1374
438.0000,-0.1262,-0.6157,1.1113,19.8931,-7.4504,-1.2595
558.0000,-0.1438,-0.5999,1.1179,21.3740,-13.0305,-3.5344
478.0000,-0.1560,-0.5776,1.1238,21.5496,-19.2366,-6.4198
469.0000,-0.1868,-0.5632,1.1428,19.5878,-25.1832,-9.5267
475.0000,-0.2119,-0.5562,1.1536,17.3969,-32.0611,-12.7939
448.0000,-0.2307,-0.5374,1.1819,12.7176,-40.0382,-15.0153
528.0000,-0.2456,-0.5234,1.2439,7.3664,-47.6641,-17.8321
492.0000,-0.2600,-0.5493,1.2773,4.3511,-53.9160,-21.5649
435.0000,-0.2749,-0.5715,1.2979,5.8931,-60.8015,-24.9313
496.0000,-0.2971,-0.5713,1.2981,10.0763,-70.2901,-27.2061
510.0000,-0.2954,-0.5547,1.3223,15.5954,-81.4351,-29.6641
462.0000,-0.2795,-0.5667,1.3691,18.4198,-91.0611,-34.2137
456.0000,-0.2979,-0.5828,1.3889,23.2519,-98.9771,-36.9160
547.0000,-0.3318,-0.5454,1.3982,27.3588,-108.2672,-37.9847
521.0000,-0.3359,-0.4973,1.3774,25.1985,-119.5420,-39.3511
450.0000,-0.3572,-0.4802,1.4426,17.4198,-131.1679,-42.6565
489.0000,-0.3391,-0.4507,1.4155,10.7634,-141.3206,-44.8473
581.0000,-0.3306,-0.4172,1.3823,0.9466,-150.3130,-46.8168
631.0000,-0.3198,-0.4067,1.4221,-16.5420,-162.4580,-50.5344
450.0000,-0.3010,-0.4185,1.4297,-34.8473,-174.8015,-54.4427
542.0000,-0.2625,-0.4309,1.3713,-45.6565,-184.0763,-56.5878
611.0000,-0.2329,-0.4514,1.2903,-52.3664,-192.3893,-57.4809
533.0000,-0.2002,-0.4612,1.3015,-56.5267,-203.9771,-57.5496
404.0000,-0.1348,-0.4495,1.3098,-50.7405,-214.2595,-57.4504
611.0000,-0.1003,-0.4673,1.3242,-39.9618,-221.4962,-58.1985
502.0000,-0.1289,-0.4658,1.3777,-29.5344,-230.5878,-59.6031
371.0000,-0.1262,-0.4133,1.2549,-17.9695,-238.2901,-57.4046
586.0000,-0.1223,-0.3723,1.0894,-10.7099,-244.2214,-56.0611
538.0000,-0.1523,-0.3599,1.1150,-18.8015,-250.1374,-57.9160
425.0000,-0.1531,-0.3298,1.0911,-27.7405,-250.1374,-58.6260
548.0000,-0.1208,-0.3176,1.0000,-36.1527,-250.1374,-56.7023
454.0000,-0.0996,-0.3147,1.0034,-47.0000,-250.1374,-58.1450
459.0000,-0.1023,-0.3271,0.9905,-57.9237,-250.1374,-62.9847
509.0000,-0.0649,-0.3328,0.8501,-61.0687,-250.1374,-63.7710
534.0000,-0.0552,-0.3696,0.7458,-63.3969,-250.1374,-64.8779
436.0000,-0.0457,-0.3875,0.7222,-70.5038,-250.1374,-67.7710
462.0000,0.0142,-0.3345,0.5803,-68.3359,-250.1374,-69.5496
630.0000,0.0493,-0.2769,0.4783,-70.1832,-250.1374,-72.2214
465.0000,0.0596,-0.3005,0.5229,-79.7328,-250.1374,-76.9389
476.0000,0.0981,-0.3403,0.4592,-78.1298,-250.1374,-80.2366
494.0000,0.1355,-0.3296,0.3396,-74.4198,-250.1374,-79.6947
557.0000,0.1460,-0.3423,0.3113,-69.8550,-250.1374,-79.7099
460.0000,0.1599,-0.3479,0.2893,-65.0534,-250.1374,-81.2519
581.0000,0.2253,-0.3367,0.2078,-52.9313,-250.1374,-81.3970
492.0000,0.2776,-0.3191,0.1494,-44.6641,-250.1374,-81.8779
503.0000,0.2651,-0.3369,0.0874,-35.4427,-250.1374,-81.1450
464.0000,0.3037,-0.2856,0.0547,-32.7099,-250.1374,-78.0000
500.0000,0.3540,-0.2170,-0.1152,-21.9542,-250.1374,-75.3283
564.0000,0.4072,-0.2095,-0.2065,-22.9237,-250.1374,-71.9847
443.0000,0.4421,-0.2261,-0.2585,-29.3664,-245.7328,-69.5267
490.0000,0.5356,-0.1755,-0.4124,-28.8244,-238.3435,-65.2901
560.0000,0.6482,-0.0571,-0.5496,-32.4885,-222.2595,-62.2519
430.0000,0.7085,-0.0051,-0.6592,-40.5649,-208.9695,-60.9771
480.0000,0.7249,-0.1150,-0.7163,-44.4656,-199.3893,-59.0534
480.0000,0.8247,-0.1228,-0.8396,-37.0229,-180.4962,-52.0458
480.0000,0.9077,-0.0808,-0.9622,-23.3893,-153.9695,-43.3817
476.0000,0.9622,-0.0222,-1.1199,-9.3969,-130.9924,-35.4046
477.0000,1.0117,0.0139,-1.2168,2.2901,-108.4198,-29.1450
482.0000,1.0391,-0.0239,-1.2458,13.9237,-86.9847,-23.4733
479.0000,1.0701,-0.0173,-1.2698,23.2901,-59.2290,-15.3511
481.0000,1.0791,0.0461,-1.2661,25.6641,-29.0687,-5.5496
460.0000,1.1084,0.1113,-1.2559,23.5649,2.5267,3.1145
492.0000,1.0991,0.1631,-1.2729,5.9771,33.0840,10.4733
510.0000,1.0857,0.1360,-1.2358,-14.1450,67.8244,17.4351
485.0000,1.0315,0.0518,-1.1235,-33.4656,101.9771,26.4275
471.0000,0.9685,0.0413,-1.0107,-55.3664,137.6260,36.2137
456.0000,0.8904,0.0486,-0.9595,-64.8015,166.0153,42.3282
486.0000,0.7700,-0.0166,-0.8774,-62.9695,180.8015,48.1679
461.0000,0.7102,-0.0417,-0.7505,-62.4275,195.4427,54.5344
468.0000,0.6672,-0.0796,-0.6479,-53.4427,206.8626,61.0229
471.0000,0.6309,-0.1094,-0.5518,-49.6947,221.0305,68.3053
481.0000,0.5732,-0.1047,-0.4678,-44.7481,230.2061,74.2061
471.0000,0.5640,-0.0986,-0.3799,-43.5191,239.7405,80.4198
501.0000,0.5510,-0.0667,-0.3174,-45.9542,250.1298,86.6565
465.0000,0.4990,-0.0530,-0.2478,-48.6870,250.1298,92.1908
498.0000,0.4448,-0.0681,-0.2075,-51.2824,250.1298,97.3130
470.0000,0.3633,-0.1641,-0.1191,-49.6947,250.1298,100.9618
486.0000,0.2888,-0.2498,0.0171,-43.5038,250.1298,107.0992
473.0000,0.2385,-0.2837,0.0605,-26.7176,250.1298,113.4122
460.0000,0.2117,-0.2961,0.1233,-11.0534,250.1298,119.4504
500.0000,0.1655,-0.2908,0.1631,3.1221,250.1298,123.6183
480.0000,0.1362,-0.3230,0.3118,12.5420,250.1298,124.7099
472.0000,0.1160,-0.3657,0.4634,17.0305,250.1298,125.9389
483.0000,0.0486,-0.3994,0.4690,30.7939,250.1298,127.3817
482.0000,0.0281,-0.3894,0.4546,45.2748,250.1298,128.5878
520.0000,0.0178,-0.3081,0.4250,39.5573,250.1298,129.6870
465.0000,-0.0225,-0.2708,0.4639,31.5649,250.1298,127.3053
481.0000,-0.0190,-0.2905,0.5710,21.7939,250.1298,124.3740
476.0000,-0.0156,-0.3696,0.6667,8.7099,250.1298,124.9160
515.0000,-0.0471,-0.4868,0.6956,8.7481,250.1298,128.2824
462.0000,-0.1211,-0.6035,0.7566,17.4275,250.1298,132.6641
476.0000,-0.1917,-0.6638,0.8611,34.5496,250.1298,138.2595
502.0000,-0.2166,-0.6628,0.8247,67.5344,250.1298,139.8473
466.0000,-0.3350,-0.7288,0.8977,104.1527,250.1298,133.3359
499.0000,-0.3792,-0.5972,0.9614,116.5878,250.1298,127.2595
467.0000,-0.4202,-0.5669,1.0750,116.4275,237.8397,116.4733
492.0000,-0.4170,-0.5234,1.1724,83.7328,231.4886,106.9389
495.0000,-0.4060,-0.5127,1.3040,56.3740,228.4886,98.2901
489.0000,-0.4575,-0.6401,1.3032,30.8779,223.8931,92.5344
482.0000,-0.5544,-0.8284,1.4973,19.1145,215.2137,86.8855
500.0000,-0.6216,-0.9358,1.6003,38.7634,200.7023,84.5878
542.0000,-0.6287,-0.9995,1.6782,57.7634,195.2366,85.3130
494.0000,-0.6609,-0.9390,1.4541,111.0687,183.4427,79.4657
477.0000,-0.6528,-0.7546,1.3142,150.5878,164.3206,69.4351
481.0000,-0.6221,-0.5347,1.2329,140.2061,138.0611,56.2366
497.0000,-0.5684,-0.4790,1.3853,97.4198,120.9771,42.0992
475.0000,-0.4824,-0.5229,1.4377,67.8244,113.6031,34.9618
506.0000,-0.3701,-0.5618,1.5522,35.8702,107.7252,32.0687
475.0000,-0.2119,-0.4797,1.6523,17.8550,98.1832,24.2977
473.0000,-0.2080,-0.5981,1.6729,10.1374,91.8168,24.4809
498.0000,-0.1807,-0.7083,1.6262,9.6183,89.5649,26.0763
506.0000,-0.1182,-0.6174,1.6743,23.9847,72.1298,20.7405
484.0000,-0.0339,-0.6853,1.6824,30.9924,42.7634,16.3282
483.0000,-0.1050,-0.7241,1.7017,34.4809,38.0916,16.2748
495.0000,-0.1375,-0.8098,1.6543,53.8779,42.8321,18.3206
479.0000,-0.1768,-0.8157,1.5376,50.1298,32.6565,21.2061
489.0000,-0.1384,-0.7251,1.3352,42.2290,22.4733,20.3740
466.0000,-0.1018,-0.7080,1.1929,42.6489,6.3282,15.2672
444.0000,-0.0591,-0.6328,1.1362,25.2214,1.2519,10.1374
528.0000,-0.0786,-0.5737,1.1028,-1.5878,-10.1069,6.6260
473.0000,-0.0940,-0.5825,1.0703,-22.6336,-15.2824,7.2977
544.0000,-0.0662,-0.5874,1.0232,-33.5420,-7.1985,10.7710
455.0000,-0.0532,-0.5532,0.9907,-30.6794,-0.7099,12.9466
523.0000,-0.0874,-0.5457,0.9480,-16.6794,1.2901,11.6489
473.0000,-0.1145,-0.5713,0.8945,1.3206,-3.8015,8.9237
528.0000,-0.0957,-0.5352,0.8801,13.3969,-12.4580,3.4656
468.0000,-0.1331,-0.4807,0.8220,22.7176,-20.3282,-0.9313
459.0000,-0.2195,-0.4602,0.7959,23.3969,-19.9466,-3.6947
505.0000,-0.2620,-0.4321,0.8079,22.3817,-21.2672,-6.3053
487.0000,-0.2744,-0.4077,0.8459,15.7557,-23.2748,-8.9542
387.0000,-0.2800,-0.4133,0.8965,8.9771,-22.9771,-13.0687
600.0000,-0.3206,-0.4688,0.9277,9.2214,-26.0534,-17.6565
498.0000,-0.3579,-0.4773,0.9944,7.8550,-31.9313,-21.0076
484.0000,-0.3794,-0.4519,1.0669,10.0153,-40.6565,-24.9389
482.0000,-0.3594,-0.4348,1.1113,14.6412,-45.9924,-29.3588
447.0000,-0.3486,-0.4333,1.1570,17.5878,-53.5725,-33.0076
537.0000,-0.3606,-0.4912,1.2058,17.0687,-63.4733,-35.2519
453.0000,-0.3616,-0.4790,1.2305,18.4885,-71.2290,-35.4962
526.0000,-0.3613,-0.4707,1.2505,23.4504,-78.6641,-37.7634
495.0000,-0.3506,-0.4302,1.2922,25.7786,-87.6412,-40.2366
428.0000,-0.3413,-0.3931,1.3262,23.6947,-98.7405,-43.8626
429.0000,-0.3408,-0.3750,1.3633,16.7786,-110.4198,-46.7405
588.0000,-0.3352,-0.3792,1.3699,2.3664,-119.4198,-48.4504
451.0000,-0.3472,-0.4106,1.3796,-7.9695,-126.6794,-49.8779
473.0000,-0.3440,-0.4299,1.4214,-18.8397,-136.5343,-50.2519
469.0000,-0.3169,-0.4202,1.4338,-23.0305,-148.2214,-51.5878
482.0000,-0.2773,-0.4180,1.4106,-24.0000,-157.0687,-53.0611
386.0000,-0.2505,-0.4197,1.3757,-27.6107,-166.5649,-55.6107
603.0000,-0.2295,-0.4165,1.3259,-31.0916,-179.2595,-56.8855
360.0000,-0.1985,-0.4468,1.3232,-40.3588,-187.4427,-57.6870
443.0000,-0.1584,-0.4888,1.3247,-42.0458,-193.2824,-59.4427
623.0000,-0.1472,-0.4888,1.3252,-43.5038,-201.8931,-60.0153
392.0000,-0.1438,-0.4619,1.3149,-46.0840,-211.1679,-61.5573
442.0000,-0.1150,-0.4802,1.2849,-42.7328,-220.3511,-63.5878
637.0000,-0.1018,-0.5310,1.2722,-38.8779,-229.4580,-65.6031
425.0000,-0.1301,-0.6121,1.3203,-37.0534,-238.0840,-68.6260
385.0000,-0.1157,-0.5935,1.2402,-25.1603,-246.1374,-67.6336
534.0000,-0.0840,-0.5225,1.1550,-10.2748,-250.1374,-65.9313
448.0000,-0.0994,-0.4719,1.1868,-11.4885,-250.1374,-68.6107
462.0000,-0.0811,-0.4265,1.1606,-13.8473,-250.1374,-70.8855
504.0000,-0.0464,-0.3853,1.0286,-14.7710,-250.1374,-69.8855
464.0000,0.0010,-0.3032,0.9551,-30.9924,-250.1374,-70.1298
454.0000,-0.0024,-0.2766,0.9155,-56.0992,-250.1374,-71.5420
477.0000,0.0503,-0.2351,0.8096,-71.3664,-250.1374,-71.7023
491.0000,0.0552,-0.2573,0.7361,-87.1145,-250.1374,-73.9542
442.0000,0.0388,-0.2917,0.7939,-105.7634,-250.1374,-77.6031
444.0000,0.0779,-0.2834,0.6538,-106.2595,-250.1374,-75.8321
537.0000,0.1082,-0.3081,0.4878,-101.5267,-250.1374,-74.1145
452.0000,0.0952,-0.3655,0.4819,-98.7328,-250.1374,-78.1298
479.0000,0.1099,-0.3718,0.3521,-90.1145,-250.1374,-79.3130
513.0000,0.1353,-0.3491,0.2283,-67.1450,-250.1374,-79.5267
524.0000,0.1650,-0.3228,0.1816,-55.3969,-250.1374,-81.7557
477.0000,0.1985,-0.3000,0.1665,-52.4504,-250.1374,-84.1756
447.0000,0.2407,-0.2952,0.0500,-37.2137,-250.1374,-84.5115
487.0000,0.2896,-0.2546,-0.0686,-36.3893,-250.1374,-82.0763
468.0000,0.2720,-0.2510,-0.0564,-40.7176,-250.1374,-82.4580
475.0000,0.2966,-0.2512,-0.1318,-38.7023,-250.1374,-79.6260
503.0000,0.3989,-0.2158,-0.2544,-32.3817,-250.1374,-75.1756
520.0000,0.4067,-0.1685,-0.3416,-24.6641,-250.1374,-72.8092
459.0000,0.4158,-0.1790,-0.4482,-14.8473,-250.1374,-71.5420
492.0000,0.4832,-0.1975,-0.4663,-5.2137,-238.9237,-69.0000
478.0000,0.5403,-0.1907,-0.5457,14.8092,-225.0534,-66.0763
480.0000,0.6072,-0.1611,-0.6787,25.9924,-212.5878,-60.7328
479.0000,0.6667,-0.1394,-0.7515,36.2748,-198.8931,-56.8855
479.0000,0.7478,-0.1287,-0.8379,39.8015,-179.7099,-52.3817
480.0000,0.7908,-0.1221,-0.9534,42.1756,-159.1069,-47.0382
483.0000,0.8137,-0.0872,-1.0044,42.6336,-136.4656,-42.1374
492.0000,0.8713,-0.0642,-1.0989,34.3817,-113.3053,-36.6794
454.0000,0.8992,-0.0378,-1.1309,26.6412,-89.4886,-32.6260
543.0000,0.9417,-0.0278,-1.1714,13.6489,-61.7328,-27.9237
468.0000,0.9727,-0.0369,-1.1738,-2.1527,-32.8702,-23.0305
480.0000,0.9856,-0.0127,-1.1582,-21.1145,-3.0000,-17.1985
481.0000,0.9907,-0.0107,-1.1638,-35.0763,23.5725,-11.7863
468.0000,1.0120,0.0042,-1.0881,-50.2290,50.3435,-6.0611
492.0000,1.0176,0.0112,-1.0105,-64.0076,78.0534,-0.5649
477.0000,1.0037,-0.0188,-0.9250,-73.1832,102.7405,5.2443
481.0000,1.0027,-0.0261,-0.8486,-81.2137,127.9695,13.2824
478.0000,0.9673,-0.0093,-0.8167,-83.4886,149.4733,20.6870
526.0000,0.9429,-0.0020,-0.7524,-82.3970,166.3740,26.4885
520.0000,0.9053,-0.0151,-0.6721,-80.0458,179.4504,31.9160
472.0000,0.8782,-0.0344,-0.6262,-80.9237,192.9389,38.8397
484.0000,0.8325,-0.0583,-0.5474,-83.3206,207.2290,45.7786
471.0000,0.7969,-0.0825,-0.5042,-83.7252,218.8397,51.6641
495.0000,0.7473,-0.0891,-0.4753,-81.5496,225.5343,56.6336
483.0000,0.7146,-0.1091,-0.3955,-79.6489,231.0611,61.4198
482.0000,0.7041,-0.1165,-0.3438,-83.5115,241.1603,67.0305
491.0000,0.6648,-0.1345,-0.2949,-81.5420,247.0763,70.8855
494.0000,0.6160,-0.1531,-0.2197,-82.6794,250.1298,76.6260
483.0000,0.5784,-0.1848,-0.1357,-81.6947,250.1298,80.9084
487.0000,0.5552,-0.2202,-0.0569,-75.6641,250.1298,85.4580
481.0000,0.5251,-0.2495,-0.0186,-65.6260,250.1298,91.2748
499.0000,0.4895,-0.2424,0.0398,-53.7634,250.1298,97.5878
485.0000,0.4521,-0.2527,0.1028,-43.6718,250.1298,102.0687
485.0000,0.4368,-0.2737,0.1641,-36.4046,250.1298,107.1374
497.0000,0.3867,-0.2883,0.1470,-22.0229,250.1298,111.3435
487.0000,0.3123,-0.2883,0.1868,-10.6870,250.1298,114.3511
483.0000,0.2505,-0.2930,0.2444,-0.7481,250.1298,116.0305
469.0000,0.2471,-0.2605,0.2959,-1.4122,250.1298,117.8321
535.0000,0.2009,-0.2883,0.3440,1.0076,250.1298,117.7863
477.0000,0.1555,-0.3542,0.4324,3.8626,250.1298,117.9771
483.0000,0.1130,-0.4307,0.6323,-3.0763,250.1298,119.5954
484.0000,0.0828,-0.5042,0.6675,-3.0305,250.1298,122.7099
496.0000,0.0076,-0.5264,0.6643,7.0153,250.1298,125.5649
493.0000,-0.0244,-0.5601,0.6907,22.2366,250.1298,126.7405
487.0000,-0.0857,-0.6042,0.7759,30.6870,250.1298,124.0611
488.0000,-0.1077,-0.6321,0.7971,50.8321,250.1298,118.9389
473.0000,-0.1194,-0.6418,0.7852,71.3053,245.5572,114.7099
507.0000,-0.1614,-0.6162,0.8196,73.1374,239.0992,110.9237
496.0000,-0.1904,-0.5798,0.9233,69.5878,229.9237,105.5573
471.0000,-0.1768,-0.5388,1.0410,55.9771,224.0458,103.0229
510.0000,-0.1724,-0.5867,1.0991,49.0153,220.2519,97.1069
482.0000,-0.2078,-0.6851,1.1904,48.9237,214.5267,92.6794
487.0000,-0.2410,-0.7292,1.2598,56.5191,206.5267,90.4122
488.0000,-0.2380,-0.7502,1.2539,66.9847,195.9466,89.7939
478.0000,-0.1973,-0.7405,1.1929,82.0153,195.0229,88.5496
482.0000,-0.2024,-0.7249,1.1350,96.3817,192.3359,85.9618
490.0000,-0.2432,-0.6528,1.0342,111.1603,185.2061,80.4580
497.0000,-0.2988,-0.5632,1.0098,113.0687,172.0305,72.4657
482.0000,-0.2776,-0.4800,1.1011,93.4657,166.9771,63.8473
481.0000,-0.3250,-0.4778,1.1682,63.1145,153.3969,56.6412
493.0000,-0.3262,-0.5151,1.2769,37.9771,146.9771,52.5954
488.0000,-0.3625,-0.5513,1.2859,15.9924,139.2748,51.5573
495.0000,-0.3289,-0.5850,1.2986,12.8702,136.1985,50.0229
495.0000,-0.3013,-0.6580,1.2976,10.6489,131.5802,49.2519
495.0000,-0.3213,-0.6333,1.3103,12.4733,118.7634,46.9466
488.0000,-0.2952,-0.6543,1.2683,23.7176,107.2977,45.1756
490.0000,-0.2517,-0.6604,1.2012,38.1374,100.1069,44.8321
499.0000,-0.2161,-0.6436,1.1426,52.8626,95.0305,44.5496
493.0000,-0.2112,-0.6072,1.1309,63.7023,90.4733,43.8473
492.0000,-0.1726,-0.6057,1.1189,62.2977,85.4580,44.3359
475.0000,-0.1406,-0.6113,1.0381,70.7023,85.9237,42.2977
509.0000,-0.1089,-0.5535,1.0376,79.6947,78.3588,35.2061
484.0000,-0.1460,-0.4875,1.0703,73.1221,68.3664,31.1756
465.0000,-0.1792,-0.5317,1.1785,60.9847,61.6336,28.2901
508.0000,-0.1873,-0.5920,1.2375,48.6870,61.0840,26.2366
524.0000,-0.2126,-0.6289,1.2766,41.6336,55.7405,23.5954
414.0000,-0.1780,-0.6392,1.3630,42.6336,47.4046,17.6947
546.0000,-0.2258,-0.6555,1.3967,42.4351,39.3817,15.7557
427.0000,-0.2656,-0.7217,1.4014,49.9847,33.3206,15.7786
491.0000,-0.2849,-0.7158,1.3950,52.4427,23.2290,12.3435
516.0000,-0.2820,-0.6953,1.3481,48.9084,10.0763,10.0458
506.0000,-0.2502,-0.6494,1.3037,47.1679,-2.4427,7.0687
378.0000,-0.2354,-0.5808,1.2314,42.3588,-9.8168,3.8473
649.0000,-0.2241,-0.4927,1.2422,26.9084,-20.8015,-0.0916
312.0000,-0.2485,-0.4875,1.2739,11.8931,-28.8397,-4.3511
722.0000,-0.2583,-0.5032,1.3308,2.0992,-35.0992,-4.3588
452.0000,-0.2568,-0.5110,1.3801,1.0840,-42.0992,-3.9160
441.0000,-0.2104,-0.5217,1.4031,7.3206,-52.6641,-4.6794
562.0000,-0.2322,-0.5369,1.3972,22.0153,-62.2443,-3.5725
480.0000,-0.2603,-0.5083,1.3499,42.8168,-70.5573,-2.5649
482.0000,-0.2549,-0.4382,1.2876,57.9160,-79.4122,-0.4198
403.0000,-0.2295,-0.3618,1.2263,60.7634,-89.9389,1.0382
583.0000,-0.2102,-0.2969,1.2043,55.5191,-96.0992,-0.9847
485.0000,-0.2048,-0.2766,1.2283,41.5649,-102.1145,-5.1756
466.0000,-0.2070,-0.2593,1.2544,21.8626,-109.8550,-10.7176
481.0000,-0.2187,-0.2947,1.2820,-1.2214,-116.9237,-15.6641
579.0000,-0.2710,-0.3425,1.3035,-15.6565,-123.8855,-17.4885
401.0000,-0.3174,-0.3711,1.3298,-26.1985,-131.0611,-20.2366
575.0000,-0.3203,-0.3745,1.3569,-29.9160,-140.3359,-23.4733
478.0000,-0.3281,-0.4036,1.3713,-30.5649,-151.3664,-26.3893
587.0000,-0.3081,-0.4338,1.4045,-29.3969,-159.4733,-30.5725
405.0000,-0.3135,-0.4563,1.4338,-25.6260,-167.5572,-33.2824
531.0000,-0.3167,-0.4500,1.4038,-20.2061,-177.1756,-34.0840
428.0000,-0.3037,-0.4370,1.3848,-14.8015,-185.9847,-34.4962
564.0000,-0.2905,-0.3965,1.3477,-11.3893,-194.8626,-37.3817
447.0000,-0.2830,-0.3655,1.2661,-13.8931,-205.0840,-39.8550
440.0000,-0.2524,-0.3250,1.1956,-21.4580,-215.4122,-41.8702
563.0000,-0.2078,-0.2778,1.1611,-35.2443,-225.1221,-44.2137
472.0000,-0.1526,-0.2217,1.1770,-56.2443,-232.8473,-47.4122
433.0000,-0.0864,-0.2378,1.1453,-79.1527,-237.5038,-50.9084
549.0000,-0.0552,-0.2581,1.1101,-97.4962,-239.1298,-53.5573
483.0000,-0.0522,-0.3179,1.0867,-111.0076,-241.1756,-55.7557
507.0000,-0.0432,-0.3743,1.0261,-112.7786,-244.2672,-56.1908
537.0000,-0.0432,-0.4250,0.9763,-103.3053,-248.8855,-56.8550
443.0000,-0.0383,-0.4333,0.9395,-90.1221,-250.1374,-57.9389
568.0000,-0.0156,-0.4087,0.8984,-71.7786,-250.1374,-57.5725
440.0000,-0.0173,-0.4238,0.8386,-57.1450,-250.1374,-56.6107
512.0000,0.0347,-0.3433,0.7859,-53.4504,-250.1374,-56.0687
478.0000,0.0627,-0.3254,0.6951,-46.8244,-250.1374,-56.4962
454.0000,0.0730,-0.3267,0.6602,-52.9924,-250.1374,-55.7099
555.0000,0.0908,-0.3005,0.6155,-55.8779,-250.1374,-55.2443
487.0000,0.1033,-0.3147,0.6174,-63.2901,-250.1374,-56.4962
552.0000,0.1431,-0.2932,0.5591,-77.2901,-250.1374,-57.8168
492.0000,0.1375,-0.3645,0.5610,-82.2137,-250.1374,-62.7252
522.0000,0.1628,-0.3882,0.5342,-90.0916,-250.1374,-66.3893
392.0000,0.1758,-0.3918,0.3899,-90.9542,-250.1374,-69.0076
506.0000,0.1775,-0.4104,0.2949,-85.0916,-250.1374,-72.0840
451.0000,0.1936,-0.4136,0.2563,-75.4809,-250.1374,-75.4428
505.0000,0.2412,-0.4160,0.2205,-66.4046,-250.1374,-78.7557
489.0000,0.3174,-0.3931,0.1799,-62.0687,-250.1374,-81.4733
487.0000,0.3374,-0.3491,0.1606,-56.0382,-250.1374,-83.6870
532.0000,0.3901,-0.2998,0.0662,-56.7328,-250.1374,-83.9924
489.0000,0.4031,-0.3093,0.0447,-56.5802,-250.1374,-85.7023
454.0000,0.4585,-0.3032,0.0066,-60.5267,-249.0534,-84.2214
562.0000,0.4775,-0.2773,-0.0933,-51.7252,-239.6717,-83.4657
478.0000,0.5063,-0.2754,-0.1689,-43.0611,-230.3511,-82.2137
470.0000,0.5242,-0.3154,-0.2085,-30.0992,-224.3206,-81.9389
485.0000,0.5476,-0.3032,-0.2969,-13.3130,-218.9466,-78.5878
492.0000,0.5964,-0.2656,-0.3813,7.0687,-210.3969,-76.8321
485.0000,0.6436,-0.2603,-0.4565,16.7863,-202.0840,-72.7634
478.0000,0.7024,-0.1897,-0.5696,25.2366,-189.6717,-68.0153
529.0000,0.7454,-0.1580,-0.6738,35.2977,-176.5191,-65.0534
470.0000,0.7915,-0.1328,-0.7283,32.8626,-162.4122,-61.4885
482.0000,0.8223,-0.1016,-0.7197,27.5267,-147.6794,-58.1832
468.0000,0.8784,-0.0791,-0.7813,24.9924,-128.2061,-53.2061
485.0000,0.9226,-0.0627,-0.8550,24.3206,-108.8244,-47.2977
495.0000,0.9194,-0.0574,-0.8755,24.1374,-90.1298,-42.5878
461.0000,0.9521,-0.0283,-0.9062,22.3588,-71.6718,-36.7328
520.0000,0.9785,-0.0193,-0.9341,19.2366,-50.7557,-30.5878
492.0000,1.0242,-0.0210,-0.9287,12.1069,-26.7557,-23.5267
478.0000,1.0461,0.0159,-0.9258,-1.9771,-0.4351,-16.3588
504.0000,1.0417,0.0161,-0.9119,-9.1832,22.5038,-10.6489
484.0000,1.0417,0.0403,-0.8909,-21.9160,45.6183,-2.8931
447.0000,1.0342,0.0408,-0.8215,-33.2443,68.0153,3.7405
524.0000,1.0244,0.0415,-0.7737,-42.0458,89.4046,9.7710
473.0000,1.0054,0.0281,-0.7261,-51.5496,107.9618,15.5802
481.0000,0.9797,0.0049,-0.6238,-61.8550,126.3893,22.5114
488.0000,0.9661,0.0220,-0.5674,-68.4504,144.2824,29.5496
485.0000,0.9243,0.0073,-0.5208,-69.7099,157.3893,34.4809
484.0000,0.8889,-0.0332,-0.4705,-67.6718,167.2443,39.1527
498.0000,0.8569,-0.0698,-0.4014,-64.6947,175.0458,44.5191
487.0000,0.8284,-0.1069,-0.3440,-60.1908,181.4504,50.9466
485.0000,0.8262,-0.1040,-0.2869,-62.8168,192.3740,57.6870
474.0000,0.7856,-0.1008,-0.2588,-57.3435,198.7863,61.4885
486.0000,0.7441,-0.1160,-0.2439,-53.0000,202.0611,64.8550
482.0000,0.7180,-0.1345,-0.1997,-52.0992,204.1756,67.1756
477.0000,0.6895,-0.1558,-0.1333,-53.0763,207.7710,69.5954
492.0000,0.6650,-0.1536,-0.0808,-56.6260,214.6717,73.4428
490.0000,0.6367,-0.1836,-0.0515,-58.4733,220.6031,76.7557
515.0000,0.6104,-0.2092,-0.0229,-59.1603,225.2748,80.5267
477.0000,0.5911,-0.2300,0.0269,-61.8092,232.8626,84.1908
490.0000,0.5537,-0.2568,0.0771,-58.4580,238.1069,87.7328
489.0000,0.5156,-0.2644,0.0906,-48.5573,240.2824,91.4351
492.0000,0.4775,-0.2925,0.0901,-35.2519,238.6107,94.9542
501.0000,0.4524,-0.2969,0.1082,-23.4962,237.1527,98.1374
484.0000,0.4099,-0.3374,0.2041,-14.1603,234.4656,98.1832
496.0000,0.3860,-0.3477,0.3193,-10.3969,235.6183,100.0229
469.0000,0.3591,-0.3533,0.3108,-6.1679,238.6565,100.9008
517.0000,0.3203,-0.3701,0.3276,-3.5038,240.7252,102.3435
485.0000,0.2944,-0.3735,0.4512,-7.4580,242.0840,101.3435
497.0000,0.2627,-0.5015,0.6216,-13.3969,242.8779,99.6336
495.0000,0.2227,-0.5461,0.6333,-6.7252,247.1374,100.0916
474.0000,0.1787,-0.5859,0.5864,11.1527,249.7633,101.0458
509.0000,0.1255,-0.5696,0.5298,22.8702,245.4962,102.6412
489.0000,0.0742,-0.5339,0.5740,38.5802,234.3130,101.0382
493.0000,0.0703,-0.5566,0.6433,47.3664,226.9466,96.4428
496.0000,0.0740,-0.5562,0.7029,53.0076,223.7252,92.9618
492.0000,0.0796,-0.5488,0.7241,60.2443,220.9466,91.9466
473.0000,0.0745,-0.4934,0.8096,59.5496,216.4427,92.1832
487.0000,0.0789,-0.4885,0.9502,55.5878,213.3435,88.8702
499.0000,0.0613,-0.5801,1.0029,46.6565,213.9084,85.2977
489.0000,0.0449,-0.6204,0.9248,45.1374,219.2443,84.6412
486.0000,-0.0278,-0.6309,0.8992,55.5649,216.8168,83.2672
484.0000,-0.1069,-0.5942,0.8679,54.6565,205.1069,82.0534
483.0000,-0.0286,-0.5588,0.8582,59.4122,207.0687,77.8397
496.0000,-0.0994,-0.5461,0.8550,59.8168,190.8015,73.8397
480.0000,-0.1069,-0.5188,0.9426,45.6183,179.3511,71.5267
516.0000,-0.0586,-0.5825,0.9788,47.4122,184.8015,67.6107
450.0000,-0.1211,-0.6067,1.0601,50.9771,186.1756,64.9008
528.0000,-0.1968,-0.6113,1.1462,50.3664,173.8168,64.7634
475.0000,-0.1880,-0.6184,1.1616,53.8321,162.1069,64.7176
485.0000,-0.1721,-0.6594,1.2134,76.0382,160.6488,61.9084
491.0000,-0.1792,-0.6670,1.1924,97.9237,159.7481,59.8473
489.0000,-0.2075,-0.6467,1.1995,117.0382,151.3511,58.8626
492.0000,-0.1929,-0.6016,1.1931,112.1985,141.8473,59.3130
486.0000,-0.1716,-0.5298,1.0781,110.8779,139.4656,57.2672
489.0000,-0.1760,-0.4187,0.9709,109.9771,138.1069,52.7023
488.0000,-0.2046,-0.3325,0.9678,86.5802,131.1374,46.9237
518.0000,-0.2366,-0.2920,1.0405,54.0611,119.9695,40.0458
463.0000,-0.2380,-0.3386,1.1248,23.1832,114.4733,34.7176
503.0000,-0.2358,-0.3921,1.1736,3.5420,114.3206,33.5496
498.0000,-0.2573,-0.4539,1.2000,-1.3511,111.3664,35.5038
490.0000,-0.2637,-0.5015,1.2305,1.1298,106.8321,36.8931
472.0000,-0.2683,-0.5371,1.2471,11.9847,100.6489,35.6031
496.0000,-0.2585,-0.5850,1.2686,32.2672,91.5878,34.2290
510.0000,-0.1812,-0.6218,1.2786,56.7710,78.8321,30.1145
473.0000,-0.1946,-0.6238,1.2925,75.8931,69.9847,28.6412
458.0000,-0.2109,-0.6069,1.2842,83.3817,68.8626,32.1832
504.0000,-0.2488,-0.5632,1.2495,83.0687,62.7328,31.8626
516.0000,-0.2488,-0.4927,1.2405,72.0840,53.9695,27.9084
480.0000,-0.2463,-0.4407,1.2986,59.3511,40.9389,19.2061
410.0000,-0.2483,-0.4824,1.3889,42.0840,28.2595,9.3053
484.0000,-0.2749,-0.5352,1.4763,25.9008,17.6947,3.3435
533.0000,-0.3022,-0.5911,1.5159,17.5267,8.8931,0.4504
524.0000,-0.3232,-0.6028,1.5159,13.0916,-1.4733,-0.9313
510.0000,-0.3486,-0.6021,1.5054,10.7176,-11.2824,-2.9313
396.0000,-0.3689,-0.6050,1.4907,13.4504,-20.6565,-5.1069
662.0000,-0.3669,-0.5691,1.4888,18.6260,-30.9542,-6.3664
473.0000,-0.3359,-0.5547,1.5166,21.1908,-46.9084,-11.2519
424.0000,-0.3208,-0.5569,1.5334,22.5420,-62.0458,-15.6412
477.0000,-0.3486,-0.5303,1.5227,26.1069,-73.6412,-18.2061
622.0000,-0.3835,-0.4922,1.4888,26.7863,-85.4962,-19.3740
438.0000,-0.3899,-0.4556,1.4854,24.1527,-99.7557,-21.0611
481.0000,-0.3833,-0.4070,1.4746,16.0153,-114.3435,-22.7634
482.0000,-0.3687,-0.3682,1.4441,2.7252,-124.9542,-24.8397
451.0000,-0.3672,-0.3623,1.4353,-11.3588,-133.8321,-27.3435
547.0000,-0.3367,-0.3760,1.4446,-25.4427,-146.2061,-31.0763
271.0000,-0.2842,-0.4248,1.4658,-36.9924,-158.5496,-37.5954
728.0000,-0.2629,-0.4431,1.4910,-44.6183,-168.1908,-41.3664
428.0000,-0.2610,-0.4363,1.4932,-49.0534,-178.5114,-42.6718
526.0000,-0.2761,-0.4485,1.4890,-50.2824,-191.2443,-44.6489
369.0000,-0.2561,-0.4468,1.4687,-45.6641,-203.7786,-46.8779
565.0000,-0.2163,-0.4194,1.4778,-44.0916,-213.5878,-49.0992
526.0000,-0.2095,-0.4321,1.5061,-45.7176,-224.0229,-53.8168
439.0000,-0.2256,-0.4773,1.5288,-47.0229,-235.4886,-57.1527
590.0000,-0.2166,-0.4756,1.4314,-46.7863,-244.7710,-56.1374
461.0000,-0.2200,-0.4666,1.3713,-47.4809,-250.1374,-55.5802
481.0000,-0.2166,-0.4233,1.3391,-48.7405,-250.1374,-56.9466
483.0000,-0.1914,-0.3738,1.2830,-52.2443,-250.1374,-58.6718
489.0000,-0.1379,-0.3318,1.2041,-58.3282,-250.1374,-62.4427
527.0000,-0.1179,-0.3635,1.1816,-72.5420,-250.1374,-67.5344
477.0000,-0.0813,-0.3552,1.1211,-90.2595,-250.1374,-70.5878
538.0000,-0.0603,-0.3772,1.0227,-103.3359,-250.1374,-73.4046
437.0000,-0.0547,-0.3943,0.9919,-122.9695,-250.1374,-77.7481
493.0000,-0.0337,-0.3918,0.9619,-137.0153,-250.1374,-83.6718
459.0000,-0.0056,-0.3784,0.8064,-140.0687,-250.1374,-88.2977
419.0000,0.0305,-0.3455,0.6812,-140.1603,-250.1374,-92.3817
571.0000,0.0344,-0.3711,0.6375,-138.1832,-250.1374,-97.6870
440.0000,0.0320,-0.4492,0.6345,-132.8168,-250.1374,-105.7786
478.0000,0.0557,-0.4412,0.5601,-112.2214,-250.1374,-107.1679
442.0000,0.0696,-0.3879,0.4424,-83.1221,-250.1374,-104.5573
516.0000,0.0898,-0.3196,0.3887,-60.4885,-250.1374,-102.5420
487.0000,0.1355,-0.2598,0.2773,-35.9695,-250.1374,-101.7099
502.0000,0.1624,-0.2056,0.1677,-7.9542,-250.1374,-101.5573
508.0000,0.1975,-0.1606,0.0581,3.1374,-250.1374,-99.8244
508.0000,0.2180,-0.1506,-0.0183,1.8397,-250.1374,-98.1069
489.0000,0.2415,-0.1287,-0.0698,4.5267,-250.1374,-94.6794
502.0000,0.3323,-0.0938,-0.2209,1.1145,-250.1374,-87.6489
515.0000,0.3176,-0.0774,-0.3208,-0.1603,-250.1374,-83.1069
463.0000,0.3193,-0.0901,-0.4077,-1.0305,-250.1374,-80.0840
565.0000,0.3855,-0.0962,-0.4836,4.2748,-250.1374,-77.9389
460.0000,0.4153,-0.1145,-0.6113,14.4656,-250.1374,-73.6412
475.0000,0.4333,-0.1221,-0.7129,25.3511,-250.1374,-69.7405
494.0000,0.5193,-0.0645,-0.7869,35.3359,-240.3969,-64.5420
489.0000,0.5869,-0.0286,-0.8335,40.7176,-225.6031,-59.9924
487.0000,0.6375,-0.0352,-0.9028,45.9084,-206.8550,-56.0611
456.0000,0.6807,-0.0359,-0.9761,49.3664,-186.2137,-50.9924
474.0000,0.7297,-0.0364,-1.0605,49.7252,-165.1603,-45.2137
486.0000,0.7646,-0.0400,-1.0937,42.4046,-140.0382,-40.2443
486.0000,0.8079,-0.0203,-1.0925,32.4504,-111.3511,-34.5878
493.0000,0.8540,0.0132,-1.1677,10.2748,-77.5420,-25.8244
484.0000,0.8701,0.0198,-1.1802,-0.5573,-46.1832,-19.7405
483.0000,0.8928,0.0247,-1.1821,-23.1374,-17.1145,-13.7252
478.0000,0.9304,0.0496,-1.1238,-37.6947,12.3969,-8.7023
508.0000,0.9653,0.0474,-1.1077,-56.2519,46.1374,-2.5267
484.0000,0.9343,0.0366,-1.0198,-68.3053,76.9237,3.5725
494.0000,0.9036,0.0269,-0.9600,-72.3283,100.8015,10.0763
489.0000,0.8884,-0.0012,-0.8777,-71.0992,121.3511,18.2137
495.0000,0.8877,-0.0066,-0.8052,-66.0992,142.9618,26.0611
495.0000,0.8767,-0.0007,-0.7483,-61.9008,163.7939,34.0840
493.0000,0.8528,0.0171,-0.7324,-60.8626,182.8931,41.8779
491.0000,0.8425,0.0244,-0.6868,-62.7099,201.1298,49.4046
522.0000,0.8230,0.0281,-0.6777,-68.6183,216.3359,56.3969
483.0000,0.7805,0.0244,-0.6265,-76.4657,231.6641,62.1221
485.0000,0.7295,-0.0142,-0.5515,-79.3970,243.0840,67.3511
479.0000,0.6824,-0.0254,-0.4858,-79.4351,250.1298,73.0305
490.0000,0.6462,-0.0603,-0.4285,-76.0534,250.1298,78.3664
504.0000,0.6174,-0.0659,-0.3640,-71.6565,250.1298,84.4351
496.0000,0.5894,-0.0696,-0.2954,-67.2290,250.1298,89.9771
493.0000,0.5830,-0.0603,-0.2166,-68.0000,250.1298,96.0229
491.0000,0.5557,-0.0833,-0.1450,-67.2824,250.1298,101.3511
488.0000,0.5220,-0.1082,-0.1035,-66.9924,250.1298,107.0229
492.0000,0.4871,-0.1304,-0.0981,-63.5954,250.1298,113.2061
490.0000,0.4272,-0.1533,-0.0525,-56.8931,250.1298,118.0305
485.0000,0.3696,-0.1750,-0.0261,-45.5878,250.1298,122.2061
506.0000,0.3323,-0.1907,-0.0247,-35.8626,250.1298,126.6641
490.0000,0.2854,-0.2354,0.0547,-24.9084,250.1298,130.8473
489.0000,0.2402,-0.2754,0.1787,-13.8931,250.1298,133.7710
