raw_emg,raw_ax,raw_ay,raw_az,raw_gx,raw_gy,raw_gz
4.0000,-0.2346,-0.2690,0.8318,-1.6641,27.3206,-47.9084
4.0000,-0.2466,-0.2595,0.8540,-0.4580,6.8092,-51.0916
4.0000,-0.2468,-0.2639,0.8435,-1.9695,0.9847,0.4656
4.0000,-0.2341,-0.2622,0.8433,-1.4046,0.9618,-0.7328
5.0000,-0.2407,-0.2622,0.8518,-0.2595,1.0840,-0.9237
91.0000,-0.2466,-0.2610,0.8472,0.6641,1.4580,-0.8855
151.0000,-0.2412,-0.2610,0.8308,0.3435,1.6641,-1.3130
118.0000,-0.2371,-0.2537,0.8303,-0.1527,1.8397,-1.6489
155.0000,-0.2251,-0.2522,0.8335,-0.9160,2.1450,-1.7710
152.0000,-0.2363,-0.2505,0.8369,-1.5878,2.0840,-1.7481
156.0000,-0.2354,-0.2471,0.8318,-1.3817,2.2672,-2.3130
167.0000,-0.2434,-0.2515,0.8345,-0.2214,2.3588,-2.2595
168.0000,-0.2458,-0.2534,0.8289,0.2901,2.1069,-2.2366
166.0000,-0.2534,-0.2483,0.8359,1.0382,2.2137,-1.8702
173.0000,-0.2498,-0.2473,0.8411,1.0611,2.2672,-1.9008
177.0000,-0.2563,-0.2510,0.8323,0.4122,2.6489,-2.2977
189.0000,-0.2434,-0.2507,0.8291,-0.2290,2.9237,-2.2443
178.0000,-0.2488,-0.2527,0.8252,-0.2901,3.2748,-1.9466
180.0000,-0.2571,-0.2490,0.8262,-0.3206,3.1221,-1.8855
216.0000,-0.2517,-0.2456,0.8179,0.1832,2.2366,-2.0305
183.0000,-0.2566,-0.2549,0.8098,0.2137,2.1298,-2.0000
195.0000,-0.2610,-0.2446,0.8232,-0.1679,1.8168,-1.8168
202.0000,-0.2495,-0.2507,0.8240,-1.4275,1.4275,-1.3359
204.0000,-0.2524,-0.2556,0.8210,-2.6260,1.6336,-0.8626
204.0000,-0.2539,-0.2522,0.8218,-3.3206,1.7710,-0.7405
193.0000,-0.2534,-0.2549,0.8276,-3.3359,1.7481,-0.0229
221.0000,-0.2505,-0.2539,0.8328,-3.0153,1.3053,0.0840
211.0000,-0.2529,-0.2632,0.8367,-2.7023,1.4656,0.3053
228.0000,-0.2468,-0.2534,0.8313,-3.1374,1.2366,-0.0916
211.0000,-0.2517,-0.2634,0.8469,-4.1450,1.1069,0.0687
224.0000,-0.2502,-0.2666,0.8389,-4.8473,1.3206,-0.0687
218.0000,-0.2537,-0.2693,0.8320,-4.9160,1.5573,-0.2214
221.0000,-0.2485,-0.2683,0.8345,-5.0534,1.6870,-0.4427
201.0000,-0.2495,-0.2612,0.8347,-4.6489,1.4809,-0.1756
239.0000,-0.2502,-0.2583,0.8196,-4.0687,0.9618,-0.5344
202.0000,-0.2500,-0.2507,0.8225,-4.3740,0.6794,-0.6489
226.0000,-0.2556,-0.2500,0.8367,-4.3817,0.5191,-0.7481
239.0000,-0.2512,-0.2478,0.8503,-3.9847,0.6794,-0.7863
236.0000,-0.2461,-0.2473,0.8457,-3.8779,0.3817,-0.5878
230.0000,-0.2390,-0.2485,0.8477,-3.5878,0.9466,-0.3969
241.0000,-0.2449,-0.2400,0.8394,-3.2595,1.6565,-0.0840
235.0000,-0.2358,-0.2368,0.8259,-2.8855,1.6870,-0.1603
251.0000,-0.2437,-0.2354,0.8491,-3.0229,1.1069,-0.1450
245.0000,-0.2429,-0.2393,0.8499,-4.0611,1.2977,-0.1298
211.0000,-0.2476,-0.2415,0.8523,-5.2366,1.0687,0.0992
237.0000,-0.2583,-0.2478,0.8496,-5.4427,0.7863,-0.1145
267.0000,-0.2625,-0.2439,0.8699,-5.7328,0.0229,0.0916
176.0000,-0.2590,-0.2385,0.8833,-5.6565,-0.0534,-0.0458
305.0000,-0.2522,-0.2441,0.8901,-5.8244,-0.8702,-0.1908
302.0000,-0.2632,-0.2471,0.9060,-6.8397,-1.0534,0.2214
224.0000,-0.2576,-0.2485,0.9177,-7.2443,-1.5725,0.5725
234.0000,-0.2490,-0.2397,0.9192,-6.3740,-2.4198,1.1069
235.0000,-0.2637,-0.2415,0.9536,-4.8092,-3.6794,1.7481
307.0000,-0.2493,-0.2468,0.9609,-2.9771,-4.9771,2.4580
181.0000,-0.2568,-0.2600,0.9639,-1.5802,-6.5878,2.8931
325.0000,-0.2773,-0.2737,0.9595,-2.8626,-8.2290,3.7481
257.0000,-0.2825,-0.2769,0.9661,-0.8092,-10.7863,4.4733
282.0000,-0.2896,-0.2585,0.9937,-0.0992,-14.8397,4.8473
256.0000,-0.3113,-0.2676,1.0425,-2.9008,-18.1145,3.3435
215.0000,-0.3091,-0.2705,1.0762,-4.2137,-21.2137,2.9313
332.0000,-0.3101,-0.2920,1.0854,-4.5649,-25.1527,3.3511
275.0000,-0.3213,-0.2771,1.0986,-5.9466,-31.3969,2.7252
270.0000,-0.3386,-0.2766,1.1267,-10.4656,-38.0382,1.3435
261.0000,-0.3616,-0.2979,1.1711,-14.1679,-46.1679,-1.1069
279.0000,-0.3625,-0.3254,1.2002,-16.5267,-53.2519,-3.3664
280.0000,-0.3589,-0.3438,1.2156,-18.4504,-59.2748,-5.2824
240.0000,-0.3613,-0.3567,1.2397,-19.1069,-66.5802,-7.5573
206.0000,-0.3577,-0.3784,1.2629,-19.8855,-73.8015,-9.8092
372.0000,-0.3447,-0.3762,1.2534,-20.1756,-80.3130,-11.8855
276.0000,-0.3306,-0.3711,1.2466,-19.8168,-86.5344,-14.2901
236.0000,-0.3325,-0.3931,1.2576,-19.2672,-94.0611,-17.1527
251.0000,-0.3279,-0.4065,1.2668,-19.2137,-101.4428,-19.6336
301.0000,-0.3210,-0.4089,1.2673,-18.4351,-108.0000,-21.6412
297.0000,-0.3137,-0.4019,1.2451,-17.6718,-115.2672,-24.1298
263.0000,-0.3008,-0.3857,1.1992,-19.4198,-123.2901,-26.5725
346.0000,-0.3008,-0.3882,1.1970,-24.6412,-131.3740,-29.8397
289.0000,-0.2896,-0.3828,1.2346,-33.2366,-138.9237,-34.0611
317.0000,-0.2925,-0.4004,1.2520,-41.7405,-145.5191,-37.9618
288.0000,-0.2935,-0.4177,1.2256,-46.2977,-152.0687,-40.7634
334.0000,-0.2920,-0.4524,1.2041,-47.1374,-159.3969,-43.4733
236.0000,-0.3057,-0.4727,1.2339,-44.8092,-168.1756,-46.1985
210.0000,-0.3064,-0.4819,1.2434,-41.0611,-176.2366,-48.7557
350.0000,-0.2776,-0.4558,1.2195,-37.2137,-183.9847,-50.2672
227.0000,-0.2483,-0.4375,1.1787,-32.8015,-190.9695,-51.8779
342.0000,-0.2305,-0.4202,1.1230,-32.6183,-198.1145,-54.3893
250.0000,-0.2048,-0.3955,1.1023,-35.4733,-204.4275,-56.3588
353.0000,-0.1931,-0.4097,1.0967,-40.3359,-209.5649,-59.2595
321.0000,-0.1716,-0.4243,1.0774,-42.4962,-213.0305,-61.5267
314.0000,-0.1609,-0.4561,1.0581,-40.2977,-216.4122,-62.7557
307.0000,-0.1675,-0.4656,1.0515,-35.8092,-220.9618,-63.3664
281.0000,-0.1677,-0.4502,1.0566,-31.2290,-227.2901,-65.3053
265.0000,-0.1472,-0.4377,1.0630,-29.2290,-232.1603,-68.3970
335.0000,-0.1082,-0.4045,1.0037,-28.7710,-234.6717,-70.3893
333.0000,-0.0691,-0.3772,0.9312,-31.4198,-236.0916,-73.0305
281.0000,-0.0420,-0.3684,0.8452,-38.2519,-237.4046,-78.1298
347.0000,0.0015,-0.3381,0.7222,-46.7176,-239.5954,-82.5038
314.0000,0.0757,-0.3601,0.6418,-51.5344,-241.7405,-85.6260
313.0000,0.1313,-0.3955,0.7412,-55.6336,-241.2977,-91.2748
307.0000,0.0806,-0.4204,0.7585,-46.3893,-250.1374,-95.0000
342.0000,0.2065,-0.3679,0.7883,-33.1527,-248.2443,-94.1908
322.0000,0.2483,-0.3503,0.7813,-29.9771,-246.6260,-96.3817
280.0000,0.2478,-0.3757,0.7830,-19.6489,-242.1985,-97.1832
295.0000,0.2710,-0.3276,0.6697,-17.1527,-238.7405,-96.3970
313.0000,0.3118,-0.2979,0.5425,-11.0840,-237.3511,-94.5267
312.0000,0.3196,-0.2776,0.5305,-7.3664,-233.7176,-93.8702
293.0000,0.3403,-0.2231,0.4395,-4.2748,-231.2595,-94.6718
327.0000,0.3708,-0.1677,0.3552,0.7328,-232.8779,-94.9389
300.0000,0.4229,-0.1687,0.3362,3.4427,-230.5802,-94.0763
327.0000,0.3989,-0.2107,0.3955,0.0153,-228.2519,-95.7328
324.0000,0.4189,-0.1377,0.3030,0.8244,-226.8321,-93.6260
339.0000,0.4607,-0.1340,0.2559,-3.0840,-223.7176,-90.4198
307.0000,0.4758,-0.1289,0.3059,-12.0687,-220.3740,-88.5038
253.0000,0.4958,-0.1113,0.3044,-17.6183,-214.9008,-88.8244
386.0000,0.5227,-0.1069,0.2546,-16.8855,-211.5572,-89.4046
351.0000,0.5427,-0.1030,0.2229,-16.1145,-207.9237,-88.5878
294.0000,0.5627,-0.1111,0.2156,-21.2214,-200.3053,-88.4733
380.0000,0.5769,-0.1028,0.1270,-23.0305,-192.6947,-87.9847
345.0000,0.6045,-0.1306,0.0864,-20.7328,-186.6412,-85.3283
336.0000,0.6208,-0.1299,0.0447,-18.9389,-182.0229,-82.0229
371.0000,0.6523,-0.1023,0.0193,-11.5496,-175.5267,-78.6794
332.0000,0.6855,-0.1321,0.0217,1.0382,-168.1603,-76.6336
366.0000,0.6912,-0.1357,0.0171,15.8015,-164.5114,-73.5878
299.0000,0.7158,-0.1067,0.0288,29.4656,-158.9542,-68.8626
370.0000,0.7629,-0.0237,-0.0146,41.1832,-151.4351,-65.3435
340.0000,0.7861,0.0188,-0.0525,43.0916,-145.4886,-61.8321
327.0000,0.7905,0.0928,-0.0537,35.3282,-141.2824,-60.0916
299.0000,0.8362,0.0933,-0.0742,20.4122,-132.7099,-57.9008
353.0000,0.8699,0.0562,-0.0715,7.9542,-122.6107,-54.9160
333.0000,0.9011,0.0581,-0.1147,2.0763,-109.0458,-49.3053
420.0000,0.9512,0.0737,-0.1970,2.0611,-94.3893,-42.6183
361.0000,0.9534,0.0828,-0.2668,8.4580,-84.5191,-36.7634
356.0000,0.9546,0.0859,-0.2896,14.0229,-76.5802,-31.5573
352.0000,0.9692,0.1111,-0.3350,19.7405,-68.4198,-26.1450
363.0000,0.9827,0.1174,-0.3552,26.7099,-57.6947,-20.7023
332.0000,0.9814,0.1296,-0.3325,29.4046,-45.4962,-16.1756
406.0000,0.9905,0.1304,-0.3547,28.4046,-33.7710,-9.6260
333.0000,0.9995,0.1062,-0.3184,25.5725,-23.1985,-3.2977
337.0000,0.9973,0.1296,-0.3115,23.5344,-13.3969,2.7099
365.0000,1.0200,0.1460,-0.3154,15.6107,-1.0840,7.5420
288.0000,1.0110,0.1416,-0.3037,5.1908,10.0000,11.1298
457.0000,1.0215,0.1448,-0.3108,-5.4733,22.7863,15.0305
332.0000,1.0381,0.1360,-0.3391,-16.8473,35.5878,18.9618
350.0000,1.0166,0.1201,-0.3022,-24.3053,46.7863,22.9466
349.0000,1.0105,0.1089,-0.2944,-28.2290,55.5115,26.4504
379.0000,0.9993,0.0806,-0.2620,-29.9389,64.2595,31.0611
357.0000,0.9729,0.0454,-0.2019,-27.6183,71.8550,35.7557
352.0000,0.9446,0.0188,-0.1323,-23.2595,78.1679,39.8244
357.0000,0.9390,0.0100,-0.0679,-19.3740,85.3511,43.9313
332.0000,0.9380,-0.0068,-0.0576,-17.8321,92.5954,47.0153
355.0000,0.9058,-0.0525,-0.0081,-18.0763,99.5649,50.3740
366.0000,0.8884,-0.0813,0.0532,-19.7634,107.3740,52.8931
340.0000,0.8816,-0.0903,0.0496,-19.2595,113.2672,55.0687
405.0000,0.8706,-0.0947,0.0540,-19.7405,117.8855,56.2672
359.0000,0.8494,-0.0894,0.0476,-17.9924,120.3970,56.8626
368.0000,0.8303,-0.0911,0.0330,-18.6794,120.9237,56.9847
362.0000,0.8152,-0.0908,0.0344,-23.7786,120.8626,56.6565
375.0000,0.8171,-0.1072,0.0671,-27.5114,122.3206,57.7405
384.0000,0.8044,-0.1194,0.1025,-26.8702,123.5420,59.4427
373.0000,0.7922,-0.1155,0.1384,-24.2595,126.5802,60.9847
361.0000,0.7959,-0.1230,0.1755,-21.2137,131.5038,62.0840
391.0000,0.7942,-0.1550,0.2024,-16.4275,138.4046,64.3588
376.0000,0.7512,-0.1987,0.2251,-9.1450,142.0000,67.4351
365.0000,0.7559,-0.2119,0.3191,-12.7023,151.2901,69.3740
342.0000,0.7192,-0.2107,0.3247,-15.3435,160.9389,69.7557
409.0000,0.7080,-0.2271,0.2590,-11.8168,167.2214,70.5496
373.0000,0.6650,-0.2634,0.2183,-10.8473,165.9847,70.8931
370.0000,0.6509,-0.2705,0.2778,-13.9389,164.4198,69.7481
380.0000,0.6360,-0.2869,0.3435,-16.3588,164.2061,67.4809
378.0000,0.6250,-0.2954,0.3865,-14.4733,162.3588,66.8626
376.0000,0.6162,-0.2910,0.4160,-9.3969,161.8931,66.8855
386.0000,0.6055,-0.2776,0.4670,-7.1221,164.3206,66.7099
383.0000,0.5869,-0.2786,0.4697,-8.6412,168.4504,65.4504
374.0000,0.5796,-0.3208,0.4060,-10.1145,172.4122,65.0000
373.0000,0.5400,-0.3354,0.3525,-11.9084,172.2290,65.5573
410.0000,0.5154,-0.3069,0.3433,-15.6947,170.9771,65.6794
362.0000,0.4985,-0.2771,0.3923,-18.7557,170.0458,64.4198
432.0000,0.4871,-0.2813,0.4631,-18.8626,169.1374,62.7634
371.0000,0.4690,-0.2827,0.5364,-18.2061,168.4809,62.9084
389.0000,0.4714,-0.2979,0.5435,-15.1374,170.3664,63.9313
380.0000,0.4478,-0.3857,0.5540,-7.9847,175.1756,66.9313
391.0000,0.4297,-0.4121,0.5759,-7.4275,184.7099,71.2748
386.0000,0.4668,-0.4153,0.5432,9.4885,194.1527,75.5038
387.0000,0.3542,-0.3887,0.4739,19.2214,193.6717,76.0611
390.0000,0.3015,-0.3484,0.4111,20.5573,189.9313,74.1374
391.0000,0.2517,-0.3032,0.4702,16.6641,182.9695,70.2748
391.0000,0.2402,-0.2727,0.5503,-0.8321,180.9160,65.1221
398.0000,0.2183,-0.3547,0.5881,-21.4351,181.3664,61.4122
385.0000,0.1790,-0.3896,0.6475,-35.8244,182.2748,61.8092
418.0000,0.1692,-0.3679,0.6807,-42.3817,183.9313,65.1298
381.0000,0.1516,-0.3994,0.7405,-41.5954,184.2061,65.7328
389.0000,0.1248,-0.4565,0.7847,-35.9466,184.3053,64.9618
390.0000,0.1064,-0.5273,0.7876,-22.9313,186.5038,66.5344
402.0000,0.0737,-0.5625,0.8850,-12.3740,190.7710,70.3740
400.0000,0.0334,-0.5164,0.8455,0.5420,194.7023,73.1374
379.0000,-0.0129,-0.4932,0.7703,11.5344,193.0916,73.3053
429.0000,-0.0657,-0.4539,0.7500,10.1527,185.7252,69.7328
402.0000,-0.0659,-0.4109,0.7986,-0.7176,178.6031,64.2137
398.0000,-0.0549,-0.4219,0.8074,-10.5802,173.7939,58.0305
398.0000,-0.0466,-0.4536,0.8428,-20.3206,169.5572,55.2824
400.0000,-0.0249,-0.3904,0.9072,-30.0840,169.7252,54.8244
399.0000,0.0264,-0.3672,0.8804,-35.7557,170.3664,54.7405
399.0000,-0.0039,-0.3811,0.8459,-44.4427,170.8015,51.3740
405.0000,0.0461,-0.4778,0.8184,-39.4656,176.8779,53.4275
384.0000,-0.0090,-0.5264,0.8735,-31.2519,182.8855,57.7023
402.0000,-0.1296,-0.5671,0.8999,-18.5725,183.8626,59.1145
410.0000,-0.2493,-0.6382,0.9355,-3.4962,180.7252,60.1603
413.0000,-0.3245,-0.6545,1.0012,12.0840,175.6031,59.8550
398.0000,-0.3716,-0.6426,1.0171,24.2137,169.0611,56.1069
404.0000,-0.4031,-0.6177,1.0491,31.0153,160.5878,50.2672
403.0000,-0.4109,-0.5369,1.0676,31.0153,150.1756,44.1374
412.0000,-0.3840,-0.5176,1.1462,21.9847,139.7863,37.9160
405.0000,-0.3469,-0.5164,1.1838,7.6794,134.0916,32.4656
398.0000,-0.3215,-0.5518,1.1567,-2.5725,131.2214,30.2214
409.0000,-0.3010,-0.5549,1.0942,-5.6794,128.1145,30.6031
410.0000,-0.2800,-0.5261,1.0466,-7.2748,125.0840,31.7252
409.0000,-0.2903,-0.5059,1.0115,-2.9924,120.1374,31.1908
409.0000,-0.3193,-0.4827,1.0039,2.5649,112.1450,29.0916
416.0000,-0.3313,-0.4436,1.0354,3.1756,104.3511,27.9618
407.0000,-0.3386,-0.4299,1.1116,-1.1221,97.5191,26.6412
400.0000,-0.3494,-0.4500,1.1279,-7.9084,92.3664,26.6412
420.0000,-0.3618,-0.4932,1.1172,-14.1985,89.0076,25.4122
411.0000,-0.3613,-0.5046,1.1116,-13.6794,81.5649,27.6412
433.0000,-0.3486,-0.4827,1.0974,-11.5649,77.4428,27.5114
395.0000,-0.3540,-0.4751,1.0925,-10.6183,69.7863,25.0534
419.0000,-0.3088,-0.4583,1.1030,-15.7939,60.0992,20.6260
414.0000,-0.2817,-0.5178,1.1270,-17.5573,50.5725,18.5878
410.0000,-0.2561,-0.5244,1.1548,-18.1908,47.4962,20.8168
420.0000,-0.2668,-0.5576,1.1865,-17.9313,44.2366,22.6870
406.0000,-0.2480,-0.5234,1.2402,-14.6489,37.2061,22.1756
429.0000,-0.2073,-0.4844,1.2698,-18.5802,29.3817,20.3359
422.0000,-0.1482,-0.5596,1.2832,-21.4962,24.3511,19.9237
402.0000,-0.1814,-0.6033,1.2551,-16.6947,21.1145,18.1069
432.0000,-0.1738,-0.6245,1.2017,-13.5878,16.9389,14.9618
302.0000,-0.1621,-0.6238,1.1758,-14.9924,11.3206,12.0611
491.0000,-0.1504,-0.6340,1.1477,-15.5725,5.6489,8.3511
398.0000,-0.1584,-0.6641,1.1340,-13.9771,2.4351,4.9008
347.0000,-0.1921,-0.6748,1.1052,-7.3893,-1.8779,2.0153
451.0000,-0.1997,-0.6655,1.0881,-1.0840,-7.7328,-0.5115
367.0000,-0.2056,-0.6533,1.0654,3.5496,-13.6870,-2.6565
472.0000,-0.2012,-0.6211,1.0715,6.8015,-18.2061,-5.7023
381.0000,-0.2361,-0.6250,1.0706,12.5573,-22.7634,-7.6641
569.0000,-0.2351,-0.5859,1.0632,19.1527,-27.9542,-8.3893
405.0000,-0.2378,-0.5522,1.0427,19.6260,-30.6718,-10.3511
406.0000,-0.2708,-0.5903,1.0215,20.3511,-32.7176,-10.4809
409.0000,-0.3206,-0.6064,1.0159,25.6260,-36.6489,-11.1603
429.0000,-0.3196,-0.5845,1.0105,34.6947,-41.7481,-11.0611
433.0000,-0.3083,-0.5388,1.0007,38.7481,-48.1298,-12.9771
407.0000,-0.3201,-0.4871,1.0305,37.1527,-55.4580,-14.6870
363.0000,-0.3130,-0.4600,1.0325,30.8473,-61.6489,-17.0229
489.0000,-0.2891,-0.4666,1.0278,23.1298,-66.5878,-18.6336
420.0000,-0.2739,-0.4531,1.0393,16.3817,-71.3511,-17.8168
395.0000,-0.2612,-0.4556,1.0918,7.8244,-75.6794,-18.5496
441.0000,-0.2527,-0.4639,1.1008,1.6489,-80.4733,-20.2443
413.0000,-0.2527,-0.4858,1.0759,1.9847,-86.6031,-20.1221
448.0000,-0.2520,-0.4871,1.0823,0.5725,-91.4504,-20.5802
381.0000,-0.2695,-0.4922,1.1228,-5.1832,-96.5038,-23.2595
341.0000,-0.2966,-0.5144,1.1414,-10.3817,-102.3053,-27.6641
526.0000,-0.2920,-0.5332,1.1033,-12.9084,-106.2595,-30.2901
423.0000,-0.2896,-0.5645,1.1077,-12.2595,-111.0840,-31.9924
429.0000,-0.2891,-0.5603,1.1646,-10.9313,-117.2595,-34.8702
387.0000,-0.3049,-0.5896,1.2146,-4.6641,-124.3435,-39.1908
502.0000,-0.2917,-0.5933,1.2249,5.9542,-131.4427,-41.7252
424.0000,-0.2766,-0.5789,1.1902,14.8397,-137.6947,-42.6031
385.0000,-0.2788,-0.5818,1.1938,17.2901,-144.7252,-44.3588
477.0000,-0.2705,-0.5718,1.2087,15.0382,-151.5954,-47.5115
422.0000,-0.2546,-0.5840,1.2205,10.9466,-158.3359,-49.9313
406.0000,-0.2671,-0.5942,1.2065,9.0916,-165.4046,-52.7634
455.0000,-0.2742,-0.5852,1.1694,7.4656,-172.8550,-55.0916
483.0000,-0.2463,-0.5610,1.1023,7.9924,-179.6794,-55.9160
500.0000,-0.2092,-0.5466,1.0920,9.0153,-187.8550,-56.6336
365.0000,-0.1748,-0.5002,1.1433,8.7634,-196.9389,-57.6107
481.0000,-0.0952,-0.4395,1.0952,9.9924,-204.4275,-58.0382
446.0000,0.0222,-0.3828,1.0217,9.0611,-209.3435,-57.0382
445.0000,0.0964,-0.3403,0.9736,-0.2137,-213.7557,-55.9160
366.0000,0.1389,-0.3257,0.9238,-11.1374,-217.2443,-56.4809
502.0000,0.1799,-0.3315,0.8660,-18.2977,-218.5572,-56.0305
398.0000,0.2112,-0.3347,0.8408,-25.2595,-218.9542,-54.0000
422.0000,0.2078,-0.3389,0.8040,-30.6718,-217.6717,-52.5038
447.0000,0.2058,-0.3589,0.7537,-28.4351,-217.3588,-51.7099
506.0000,0.2019,-0.3828,0.7622,-21.8473,-217.4198,-50.3130
374.0000,0.1594,-0.4009,0.8210,-21.6183,-217.0534,-51.2672
409.0000,0.1404,-0.3521,0.7229,-17.2519,-215.8931,-52.5191
557.0000,0.1699,-0.4087,0.6443,-15.8015,-212.8244,-51.2748
390.0000,0.1348,-0.4285,0.6841,-16.6107,-212.0153,-53.4504
475.0000,0.1243,-0.4055,0.6804,-13.5496,-210.1145,-56.6947
485.0000,0.1445,-0.4084,0.6914,-8.7405,-208.5343,-58.9771
417.0000,0.1147,-0.4502,0.7664,-4.6260,-210.8092,-62.5267
415.0000,0.0864,-0.4580,0.7805,-0.8168,-210.5802,-66.9389
412.0000,0.1064,-0.4961,0.7786,-1.0687,-206.4809,-69.7634
543.0000,0.0676,-0.4810,0.7456,-4.9847,-206.2595,-74.9160
410.0000,0.0356,-0.5691,0.7722,-4.9771,-208.8626,-81.1908
322.0000,0.0549,-0.5354,0.7019,-1.3282,-208.3206,-87.3817
581.0000,0.1082,-0.5215,0.5864,8.7099,-207.3435,-90.9542
400.0000,0.1333,-0.5181,0.6089,19.4046,-209.4580,-94.1603
432.0000,0.1558,-0.4653,0.6052,28.8244,-213.5954,-99.5191
431.0000,0.2485,-0.3545,0.4868,40.8244,-213.8702,-101.0305
475.0000,0.3271,-0.3018,0.4634,39.3664,-212.6336,-101.4198
410.0000,0.3250,-0.2212,0.4551,28.4733,-214.3511,-106.0763
367.0000,0.4092,-0.1399,0.3267,20.2748,-211.5572,-107.9771
570.0000,0.5269,-0.1079,0.1848,7.5802,-205.2672,-106.4962
428.0000,0.5327,-0.1462,0.2249,-3.2137,-199.7481,-104.7023
413.0000,0.5703,-0.0706,0.1111,1.4962,-191.5878,-100.5649
454.0000,0.6394,-0.0676,-0.0098,9.7405,-184.1221,-95.0382
463.0000,0.6223,-0.0354,-0.0093,15.3130,-182.7405,-90.6412
428.0000,0.6270,-0.0330,0.0344,15.8702,-178.5954,-87.6489
401.0000,0.6790,0.0110,-0.0281,21.9466,-171.5420,-83.5649
464.0000,0.7341,0.0303,-0.0767,23.7863,-163.0229,-76.6183
353.0000,0.7339,0.0139,-0.0161,22.1603,-156.9389,-71.5344
484.0000,0.7383,0.0068,-0.0024,21.9160,-150.0458,-68.0840
410.0000,0.7708,-0.0210,-0.0635,24.8779,-139.2443,-61.9771
483.0000,0.7695,-0.0010,-0.1284,24.6718,-131.2137,-55.6794
428.0000,0.7866,0.0112,-0.1624,20.6565,-123.3970,-49.8779
405.0000,0.7959,-0.0190,-0.1904,20.0305,-116.6336,-46.4275
543.0000,0.8142,-0.0195,-0.1997,22.9084,-108.4580,-42.4046
414.0000,0.8389,-0.0193,-0.1667,25.0458,-99.8244,-37.2672
441.0000,0.8423,-0.0122,-0.1304,27.3130,-93.5267,-33.4427
407.0000,0.8711,-0.0017,-0.0913,31.5267,-85.3588,-28.9084
539.0000,0.8850,-0.0002,-0.0955,35.2519,-77.2366,-24.4427
388.0000,0.8992,0.0032,-0.0938,35.0000,-68.2672,-19.8702
498.0000,0.9102,-0.0095,-0.1155,29.4656,-57.7786,-16.9771
482.0000,0.9370,-0.0010,-0.2607,24.9389,-44.8931,-13.1374
461.0000,0.9485,0.0042,-0.3455,20.0000,-33.1756,-8.7328
490.0000,0.9385,0.0569,-0.3884,14.1221,-26.9237,-6.7176
428.0000,0.9451,0.0737,-0.3125,8.2824,-22.1832,-6.0229
367.0000,0.9658,0.0615,-0.2756,4.0305,-14.4122,-4.2901
620.0000,0.9988,0.0442,-0.2363,-3.0305,-2.2061,-0.4198
432.0000,1.0103,0.0635,-0.2175,-7.7252,8.9924,4.3664
462.0000,1.0122,0.0825,-0.2229,-14.8397,18.3664,8.2824
424.0000,1.0054,0.0479,-0.1833,-19.8473,28.8855,9.6336
482.0000,0.9980,-0.0137,-0.1516,-15.4427,41.1145,12.3053
471.0000,0.9956,-0.0469,-0.1611,-5.7939,51.0687,17.5649
470.0000,0.9861,-0.0369,-0.1692,-0.7099,62.8626,22.3130
465.0000,0.9500,-0.0364,-0.1724,12.3053,72.5496,26.2137
445.0000,0.9187,-0.0632,-0.1838,20.8626,78.7252,28.5954
458.0000,0.8975,-0.0464,-0.0891,16.4656,82.7023,29.7405
451.0000,0.8840,-0.0210,-0.0339,7.1069,88.6260,29.8397
460.0000,0.8826,-0.0115,0.0261,-4.1985,92.1374,30.3511
453.0000,0.8828,0.0090,0.0354,-18.7176,96.5802,31.5038
462.0000,0.8870,0.0142,-0.0024,-31.2672,103.0000,33.2214
487.0000,0.8943,-0.0029,-0.0408,-41.1603,111.5878,36.5649
467.0000,0.8594,-0.0486,-0.0068,-42.7328,118.9008,39.8015
442.0000,0.8062,-0.0752,0.0054,-37.5191,125.9084,43.2366
454.0000,0.7903,-0.0759,-0.0244,-33.5725,133.5954,46.6183
479.0000,0.7629,-0.0781,-0.0374,-29.8626,140.1298,49.4962
457.0000,0.7258,-0.1042,-0.0325,-31.0534,144.2748,51.6489
451.0000,0.7185,-0.0957,-0.0205,-37.4122,150.9771,53.5649
460.0000,0.6975,-0.0686,0.0122,-44.1298,158.3664,54.9542
453.0000,0.6851,-0.0645,0.0107,-51.0305,169.1221,57.4733
503.0000,0.6458,-0.0811,-0.0151,-52.5649,177.3664,60.4122
440.0000,0.6318,-0.1294,0.0156,-48.9237,184.6870,64.9466
454.0000,0.5979,-0.1421,0.0974,-38.9771,194.4046,69.1756
431.0000,0.5552,-0.1787,0.0999,-25.5344,202.1145,73.2672
507.0000,0.5349,-0.1929,0.0630,-13.4122,209.9237,77.7481
445.0000,0.4854,-0.1650,0.1387,-8.4885,211.2061,79.8244
445.0000,0.4285,-0.1614,0.2437,-12.7863,209.8931,78.5038
477.0000,0.3936,-0.2141,0.3687,-19.6565,210.0458,78.4504
448.0000,0.3818,-0.2061,0.4473,-22.3511,212.5649,79.3130
466.0000,0.3933,-0.2483,0.4309,-23.1069,215.6947,80.2290
464.0000,0.3728,-0.2798,0.4883,-24.5802,219.5954,80.8473
441.0000,0.3652,-0.2808,0.4419,-22.7634,222.3740,82.2366
468.0000,0.3369,-0.2910,0.3821,-20.0229,221.8168,82.8397
478.0000,0.3118,-0.2710,0.4407,-25.2901,220.2595,82.6947
469.0000,0.2922,-0.3511,0.5854,-31.8473,218.9008,82.4428
472.0000,0.1790,-0.4954,0.8198,-27.2824,217.5802,83.8321
469.0000,0.1519,-0.4553,0.9534,-7.6718,220.0153,88.4504
464.0000,0.1069,-0.4521,0.9368,4.2672,216.4351,89.7176
460.0000,0.1045,-0.4368,0.8818,10.7939,210.8779,85.3130
496.0000,0.1260,-0.4282,0.8740,19.9008,206.4504,79.0153
458.0000,0.1274,-0.4312,0.9080,19.1679,202.6412,73.0840
463.0000,0.1377,-0.4199,0.8625,10.3893,198.7939,69.0534
470.0000,0.1743,-0.4336,0.8501,-6.7939,200.7633,65.9237
446.0000,0.2061,-0.3723,0.7915,-14.9695,206.1450,64.2672
460.0000,0.2095,-0.3662,0.6396,-11.7099,206.6107,63.3817
482.0000,0.1887,-0.2639,0.7334,-12.4427,203.6412,62.8092
468.0000,0.1152,-0.2920,1.0195,-23.2443,197.6412,59.6260
461.0000,-0.0073,-0.5203,1.2734,-19.2748,194.3588,57.4809
468.0000,-0.0593,-0.6763,1.2554,8.7328,198.5267,63.2595
469.0000,-0.0967,-0.6257,1.1536,31.7786,201.7405,67.0153
465.0000,-0.1538,-0.5261,1.1414,28.6718,195.2366,61.6336
467.0000,-0.1409,-0.5142,0.9812,38.2061,185.8321,52.5649
460.0000,-0.0706,-0.4912,0.8831,45.0458,177.0305,46.9160
467.0000,-0.0098,-0.3796,0.8718,26.8550,168.1679,38.5038
447.0000,0.0256,-0.3933,0.9456,2.8473,167.9847,33.2290
417.0000,0.0686,-0.3853,0.9397,-3.1985,176.2366,38.6565
521.0000,0.0017,-0.2734,0.9741,-15.2519,177.9695,39.6794
472.0000,-0.1150,-0.3296,1.1091,-38.7252,170.0458,38.3359
455.0000,-0.2637,-0.5532,1.2698,-44.1832,157.9237,37.6947
464.0000,-0.2925,-0.6641,1.2898,-25.0763,155.3435,40.3664
465.0000,-0.3191,-0.6804,1.2329,-0.9237,153.8092,41.2824
466.0000,-0.3635,-0.6470,1.2532,15.2901,142.5572,39.7481
460.0000,-0.3298,-0.5742,1.2891,37.1603,131.5267,35.2214
473.0000,-0.2380,-0.5535,1.1565,65.8473,126.7634,33.4504
467.0000,-0.1714,-0.4873,0.9954,74.4122,126.4122,32.2137
467.0000,-0.2014,-0.4009,0.9226,57.7786,118.4122,27.2443
452.0000,-0.2451,-0.3362,0.9722,23.2443,105.5802,19.3740
502.0000,-0.2422,-0.3252,1.0557,-11.9389,96.9695,15.9008
445.0000,-0.2473,-0.3760,1.2361,-32.9771,92.8015,15.0229
499.0000,-0.3279,-0.4810,1.3611,-37.6641,85.7786,15.1221
472.0000,-0.3347,-0.5667,1.3235,-23.2595,80.0840,18.5725
460.0000,-0.3298,-0.5754,1.2175,-2.1527,74.0153,20.7939
472.0000,-0.3152,-0.5132,1.1179,15.6947,66.1679,20.8397
470.0000,-0.2759,-0.4600,1.1055,27.0458,58.2595,16.5038
474.0000,-0.2161,-0.4304,1.0920,22.6183,53.2824,13.7557
473.0000,-0.1694,-0.4050,1.0020,16.7710,50.2748,13.0763
466.0000,-0.0991,-0.3569,0.9863,6.7405,47.3740,11.7557
465.0000,-0.0864,-0.3511,1.0022,-12.0382,44.4122,11.5802
437.0000,-0.1040,-0.3835,1.0386,-25.4198,41.3053,12.2901
525.0000,-0.1340,-0.4165,1.0681,-26.9924,37.7328,12.9008
415.0000,-0.1584,-0.4365,1.1165,-22.1832,33.9847,13.4962
530.0000,-0.1721,-0.4609,1.1741,-16.3740,30.3969,12.3740
472.0000,-0.2117,-0.4961,1.2112,-9.6031,27.2748,11.3206
461.0000,-0.2368,-0.5005,1.2195,-3.9237,23.3053,9.6641
476.0000,-0.2546,-0.5244,1.1704,-1.6641,18.6794,7.9237
458.0000,-0.2632,-0.4878,1.1487,2.7023,12.1145,4.4046
419.0000,-0.2390,-0.4583,1.1311,3.6412,4.2977,1.3893
565.0000,-0.2092,-0.4460,1.1506,1.7786,-2.2214,-2.3817
408.0000,-0.1863,-0.4353,1.1721,1.1527,-5.5496,-4.8473
484.0000,-0.1697,-0.4260,1.1816,3.7099,-10.5191,-5.6031
421.0000,-0.1577,-0.3938,1.1318,1.5344,-14.7328,-6.4504
460.0000,-0.1501,-0.3835,1.1111,-6.7176,-16.6718,-8.2443
502.0000,-0.1580,-0.3850,1.1091,-11.7634,-20.0840,-8.9237
455.0000,-0.1716,-0.3755,1.0825,-14.1298,-24.5802,-9.7557
491.0000,-0.1785,-0.3633,1.0608,-15.2977,-29.8779,-10.5878
424.0000,-0.1921,-0.3699,1.0725,-17.9618,-34.3740,-11.0992
525.0000,-0.2246,-0.4038,1.1208,-17.0763,-39.2748,-12.0763
464.0000,-0.2209,-0.4092,1.1494,-15.2137,-44.3817,-12.3817
506.0000,-0.2478,-0.4102,1.1543,-13.8168,-49.2290,-13.0000
410.0000,-0.2656,-0.4343,1.1467,-10.6718,-55.3206,-13.8550
534.0000,-0.2483,-0.4243,1.1387,-8.5649,-61.6641,-14.5344
467.0000,-0.2336,-0.4167,1.1699,-7.8015,-67.0763,-15.9847
409.0000,-0.2036,-0.4241,1.1885,-6.2672,-72.8702,-18.7252
473.0000,-0.1804,-0.4270,1.1782,-4.8244,-80.1603,-20.7252
512.0000,-0.1331,-0.4365,1.1555,-5.0305,-85.8550,-21.7863
499.0000,-0.1458,-0.4539,1.1926,-8.0229,-89.7710,-21.5114
411.0000,-0.1790,-0.4541,1.2424,-8.5496,-93.9924,-22.1679
500.0000,-0.1809,-0.4780,1.2158,-3.1298,-98.9695,-23.1527
411.0000,-0.1772,-0.4976,1.2078,-0.2137,-105.2977,-24.6565
559.0000,-0.1929,-0.4775,1.2544,3.7328,-112.1985,-26.8397
446.0000,-0.1914,-0.4956,1.2986,1.7710,-117.7634,-30.3053
450.0000,-0.2029,-0.5215,1.2734,-1.3740,-124.1603,-33.3893
548.0000,-0.2017,-0.5403,1.2214,-4.2748,-129.8702,-35.9008
447.0000,-0.2256,-0.5200,1.2227,-13.7634,-139.2137,-40.1908
464.0000,-0.2395,-0.5132,1.2913,-27.1221,-149.8779,-46.1985
413.0000,-0.2261,-0.5288,1.3037,-36.5267,-158.8626,-52.2519
545.0000,-0.2185,-0.5566,1.2749,-40.1985,-166.7633,-56.5725
402.0000,-0.2166,-0.5654,1.2852,-44.9389,-175.5038,-59.8092
519.0000,-0.1895,-0.5559,1.2817,-47.1221,-183.4046,-63.2748
521.0000,-0.1479,-0.5574,1.2476,-39.0611,-188.9084,-66.1832
494.0000,-0.1326,-0.5708,1.2241,-28.4580,-194.1450,-68.0305
454.0000,-0.1396,-0.5591,1.1877,-19.5420,-200.4122,-70.2977
486.0000,-0.1265,-0.5774,1.1355,-6.9924,-207.6183,-72.5496
394.0000,-0.1064,-0.5503,1.0742,2.0000,-213.1603,-73.4046
565.0000,-0.0984,-0.5149,1.0662,5.1374,-219.8092,-74.8244
467.0000,-0.0837,-0.4900,1.0776,-0.5115,-226.0992,-77.7023
458.0000,-0.0513,-0.4668,1.0593,-5.4809,-230.5878,-79.8702
445.0000,-0.0188,-0.4568,0.9465,-9.1603,-233.6260,-80.3435
544.0000,-0.0247,-0.4666,0.9580,-16.6260,-239.8931,-81.8244
465.0000,-0.0361,-0.4399,0.9734,-20.4809,-247.4504,-84.8473
497.0000,0.0217,-0.4536,0.9167,-23.2901,-249.9542,-85.9695
487.0000,0.0181,-0.4846,0.8621,-18.0000,-250.1374,-87.4657
533.0000,-0.0161,-0.4758,0.8398,-15.2595,-250.1374,-89.5649
446.0000,0.0212,-0.4653,0.7813,-16.7710,-250.1374,-91.6565
473.0000,0.0530,-0.4905,0.7229,-11.9237,-250.1374,-95.2748
464.0000,0.0635,-0.4709,0.6633,-7.0458,-250.1374,-98.4275
475.0000,0.1013,-0.4414,0.6108,-4.3206,-250.1374,-100.7328
470.0000,0.1218,-0.3701,0.6265,-5.6107,-250.1374,-104.8168
517.0000,0.1707,-0.4001,0.6016,-10.3893,-250.1374,-108.6260
564.0000,0.1787,-0.4277,0.6672,-11.5649,-250.1374,-112.1145
403.0000,0.1809,-0.4084,0.5354,-4.2595,-250.1374,-111.8702
571.0000,0.1990,-0.3936,0.4231,2.5420,-250.1374,-111.0229
465.0000,0.1799,-0.3831,0.3577,2.2748,-250.1374,-112.3588
446.0000,0.2107,-0.3699,0.3147,6.6183,-250.1374,-114.2901
458.0000,0.3037,-0.2915,0.2517,20.5267,-250.1374,-113.8168
482.0000,0.3372,-0.2744,0.2588,27.5496,-250.1374,-112.1298
481.0000,0.3547,-0.2080,0.2686,35.5954,-250.1374,-111.4122
470.0000,0.4121,-0.1033,0.1663,42.9847,-247.2443,-106.8244
514.0000,0.4727,-0.0542,0.0771,41.1145,-241.5954,-103.1679
413.0000,0.4863,-0.0742,0.0471,38.8626,-236.7710,-99.5191
469.0000,0.4937,-0.0015,0.0847,43.4885,-229.8473,-94.3817
465.0000,0.5601,0.0513,-0.0266,52.8931,-219.6107,-87.5038
617.0000,0.5723,0.0417,-0.0925,59.1985,-211.3511,-81.4351
470.0000,0.5825,0.0012,-0.1550,65.9924,-202.0153,-75.3359
453.0000,0.6099,0.0144,-0.2383,77.0763,-192.6336,-68.0840
415.0000,0.6602,0.0244,-0.3137,86.1679,-184.4122,-60.8015
564.0000,0.7004,0.0381,-0.3394,88.4580,-175.0458,-54.8397
478.0000,0.7510,0.0620,-0.4084,88.1145,-166.7023,-50.4046
519.0000,0.8062,0.0688,-0.4287,82.2901,-154.2901,-46.0534
479.0000,0.8499,0.0776,-0.4021,74.6565,-140.6641,-40.8931
517.0000,0.8848,0.1030,-0.4287,67.0000,-125.4733,-35.9084
434.0000,0.9155,0.1101,-0.4348,64.1527,-110.0153,-31.6565
412.0000,0.9370,0.1282,-0.4648,60.8779,-94.6565,-27.2901
557.0000,0.9470,0.1282,-0.5149,57.7786,-81.4122,-22.2595
540.0000,0.9543,0.1367,-0.5088,50.9160,-69.8015,-17.5878
522.0000,0.9673,0.1343,-0.5195,40.8626,-58.0382,-14.5649
489.0000,0.9744,0.1140,-0.4993,30.7176,-47.6718,-11.2595
482.0000,0.9705,0.1306,-0.4084,18.2443,-38.6565,-7.8473
453.0000,1.0063,0.1482,-0.3748,7.9542,-28.2214,-5.2519
464.0000,1.0334,0.1191,-0.3630,0.6794,-16.8015,-2.9237
512.0000,1.0222,0.0852,-0.3489,-3.6947,-6.7863,-0.3206
462.0000,1.0283,0.0635,-0.3228,-4.9618,2.9924,2.8473
475.0000,1.0090,0.0330,-0.2837,-3.1221,12.1603,6.6489
464.0000,1.0203,0.0442,-0.2896,0.5420,23.3053,9.7481
468.0000,1.0042,0.0239,-0.2556,1.0534,32.1679,11.5267
500.0000,0.9919,0.0310,-0.2190,-2.0992,37.2595,13.4122
460.0000,0.9885,0.0603,-0.1899,-10.8931,43.9924,15.5267
488.0000,1.0088,0.0676,-0.1577,-23.9084,52.3053,15.5420
467.0000,0.9814,0.0383,-0.1099,-33.8855,58.4046,17.1221
456.0000,0.9668,0.0081,-0.0513,-36.2290,64.1450,19.4962
497.0000,0.9561,-0.0251,-0.0444,-31.7252,68.2901,21.9389
468.0000,0.9788,-0.0403,-0.0315,-27.4427,75.6489,24.8015
471.0000,0.9744,-0.0303,-0.0061,-22.2595,82.9466,27.6107
453.0000,0.9604,-0.0173,-0.0505,-17.7710,88.3435,30.5344
498.0000,0.9448,-0.0129,-0.0789,-12.7481,93.0916,32.4504
447.0000,0.9094,-0.0120,-0.0605,-14.8015,95.4657,33.8092
525.0000,0.9011,0.0156,-0.0449,-20.7557,99.1985,34.8855
464.0000,0.8943,0.0000,-0.0278,-26.5191,103.9771,37.6031
492.0000,0.8689,-0.0068,0.0176,-34.0611,108.0153,39.8473
476.0000,0.8735,-0.0405,0.0378,-37.2214,113.4198,41.9924
471.0000,0.8892,-0.0654,0.0210,-31.0916,121.1756,45.5573
504.0000,0.8533,-0.0798,0.0220,-25.1832,123.4122,49.1221
472.0000,0.8237,-0.0798,0.0364,-27.3740,127.2137,50.5344
501.0000,0.8137,-0.0979,0.0657,-30.0305,133.5802,51.2519
485.0000,0.7808,-0.0957,0.0554,-32.1069,139.6107,52.8473
486.0000,0.7588,-0.1113,0.0303,-36.1145,144.7710,53.2824
475.0000,0.7170,-0.1404,0.0657,-45.0000,147.8626,53.5344
478.0000,0.6814,-0.1941,0.1440,-53.4046,150.2366,53.2366
473.0000,0.6460,-0.2214,0.2107,-52.1832,152.2214,53.2214
483.0000,0.6567,-0.2622,0.2549,-48.0534,155.0076,54.6260
522.0000,0.6519,-0.2942,0.2737,-42.6336,157.1221,55.5038
473.0000,0.6458,-0.3052,0.3621,-35.3206,158.9389,55.8550
480.0000,0.6445,-0.3018,0.3384,-26.6260,161.9466,55.4809
485.0000,0.6338,-0.3035,0.3152,-17.6947,162.8931,54.7176
473.0000,0.6228,-0.3005,0.3171,-16.4351,162.4733,54.3130
481.0000,0.6128,-0.2539,0.3591,-22.5573,160.6031,52.5725
482.0000,0.6101,-0.2502,0.3894,-28.0763,160.9618,50.9389
501.0000,0.6145,-0.2612,0.3962,-31.4427,162.9847,50.3740
473.0000,0.6001,-0.2646,0.4348,-32.1145,165.2214,51.4275
486.0000,0.5928,-0.2305,0.4514,-33.0229,166.9313,52.7786
497.0000,0.5935,-0.2236,0.4612,-32.4198,168.8092,53.5878
473.0000,0.5894,-0.2544,0.4797,-32.6183,172.5496,54.0840
486.0000,0.5652,-0.2903,0.4587,-29.0916,175.9466,54.8779
473.0000,0.5278,-0.3259,0.3950,-21.8626,176.5114,56.7939
496.0000,0.5378,-0.3044,0.3774,-22.7099,179.7099,57.8321
478.0000,0.5063,-0.2783,0.4202,-19.9389,179.0000,57.3053
485.0000,0.5037,-0.2786,0.4565,-15.2748,177.3664,56.4504
489.0000,0.4966,-0.3025,0.4709,-14.4580,178.5572,56.4427
487.0000,0.4941,-0.3218,0.4446,-8.8779,181.9542,58.1679
485.0000,0.4678,-0.3040,0.4666,-4.6489,184.7557,60.1603
496.0000,0.4397,-0.2102,0.5632,-8.2443,185.0992,60.9695
486.0000,0.4116,-0.2324,0.6741,-17.6794,184.7633,58.8092
487.0000,0.3643,-0.3716,0.7356,-21.6412,186.4351,56.4198
459.0000,0.3301,-0.4902,0.7185,-15.5954,191.2137,59.0000
535.0000,0.2976,-0.4834,0.6909,-11.8473,195.4198,62.4809
477.0000,0.2598,-0.4126,0.6833,-13.4733,195.6031,62.1985
482.0000,0.2026,-0.4492,0.7400,-8.7939,189.5802,58.4351
485.0000,0.1753,-0.4990,0.7480,-2.7863,183.1832,56.1908
501.0000,0.1682,-0.5044,0.7896,1.9466,180.1832,55.0916
483.0000,0.1726,-0.4648,0.8171,7.6031,179.1069,54.0763
478.0000,0.1738,-0.4197,0.8291,11.0687,177.8397,53.4198
487.0000,0.1787,-0.3279,0.9143,9.2061,173.4656,51.0611
487.0000,0.1829,-0.3281,0.9551,2.5267,169.3435,47.4046
497.0000,0.1714,-0.3740,1.0388,-4.1756,168.1527,44.4122
473.0000,0.1770,-0.4531,0.9646,-13.4122,170.9542,43.0534
515.0000,0.1584,-0.4922,0.8738,-19.1756,174.4427,45.0000
474.0000,0.0923,-0.4841,0.9514,-24.6489,174.1069,46.6260
481.0000,0.0125,-0.5005,1.0000,-18.3969,168.4351,44.8473
464.0000,-0.0249,-0.5464,1.0193,-3.0611,161.2519,42.9924
518.0000,-0.0420,-0.5505,1.0293,8.5038,155.7633,42.1985
482.0000,-0.0728,-0.5286,1.0378,12.5115,150.9618,40.0076
481.0000,-0.0969,-0.4968,1.0574,14.8397,144.5267,37.8321
489.0000,-0.0828,-0.3958,1.1377,12.7863,140.0840,35.9542
482.0000,-0.0623,-0.3696,1.1680,6.2748,134.5343,32.4962
490.0000,-0.0840,-0.4211,1.1985,-3.2214,128.2214,29.0305
488.0000,-0.0730,-0.4697,1.1692,-9.4427,125.7252,28.1145
489.0000,-0.0627,-0.5032,1.1277,-9.9542,126.6489,29.4885
487.0000,-0.0752,-0.4963,1.1226,-11.4504,126.4886,31.2519
490.0000,-0.0881,-0.4541,1.0090,3.6641,121.7939,30.9847
483.0000,-0.1128,-0.4619,0.9556,15.9771,112.5573,29.3206
489.0000,-0.1182,-0.4214,0.9463,6.0382,103.2519,25.9466
497.0000,-0.1152,-0.4336,1.0291,-6.7939,96.3053,23.1832
489.0000,-0.1189,-0.4336,1.1133,-13.7863,92.6794,22.8626
487.0000,-0.1223,-0.4414,1.1533,-19.7939,89.4198,24.1450
491.0000,-0.1113,-0.4685,1.1321,-18.9695,87.2519,26.3435
486.0000,-0.1125,-0.4587,1.0676,-16.4122,86.2137,27.5725
498.0000,-0.1050,-0.4438,1.0588,-16.2290,82.5954,27.0534
477.0000,-0.1042,-0.4253,0.9783,-9.4885,77.4733,26.0763
497.0000,-0.0884,-0.4272,0.9390,-2.7328,74.3970,24.3359
505.0000,-0.1155,-0.4167,0.9258,-6.1527,68.8626,22.0458
488.0000,-0.1077,-0.4211,0.9792,-17.0076,66.0229,20.2214
485.0000,-0.1313,-0.4485,1.0315,-22.3588,65.5725,19.1069
490.0000,-0.1304,-0.4763,1.0127,-19.1679,65.3359,20.6107
487.0000,-0.1396,-0.4709,0.9797,-13.6412,64.4198,21.1985
491.0000,-0.1418,-0.4458,0.9631,-7.3130,61.8092,20.7557
491.0000,-0.1294,-0.4375,0.9414,-2.2366,59.4504,18.2901
490.0000,-0.1172,-0.4346,0.9160,3.3511,58.2290,15.9542
489.0000,-0.0969,-0.4324,0.8840,6.5573,58.4580,15.2595
489.0000,-0.0911,-0.4153,0.8689,4.2214,59.5267,14.4580
488.0000,-0.0896,-0.3835,0.8196,1.2443,62.0153,13.5267
485.0000,-0.0891,-0.3911,0.7429,5.3359,63.7481,13.3130
447.0000,-0.1057,-0.3948,0.7156,3.2824,62.6260,12.0382
540.0000,-0.1255,-0.3696,0.7439,-6.1832,59.7405,9.9313
463.0000,-0.1357,-0.3901,0.8120,-12.8168,59.0000,8.0916
488.0000,-0.1826,-0.4341,0.9275,-13.9618,59.3740,8.2443
484.0000,-0.2041,-0.4460,0.9756,-10.5267,59.0992,10.4809
489.0000,-0.2209,-0.4905,0.9641,-4.9389,58.3282,11.9237
503.0000,-0.2375,-0.4871,0.9868,2.6947,55.8473,12.4656
486.0000,-0.2678,-0.4807,1.0085,7.6183,51.8626,11.5878
488.0000,-0.2795,-0.4949,1.0103,12.8550,48.4809,9.8015
480.0000,-0.2788,-0.4871,1.0059,17.4351,42.9237,7.6183
486.0000,-0.2959,-0.4592,1.0632,13.2061,35.4427,5.3206
511.0000,-0.2708,-0.4685,1.0955,6.1527,30.0687,2.7176
512.0000,-0.2644,-0.4895,1.1265,6.0382,26.1679,2.2366
508.0000,-0.2742,-0.4924,1.1482,11.7328,22.5573,2.3130
499.0000,-0.2742,-0.4700,1.1841,14.3053,16.3130,1.1527
454.0000,-0.2732,-0.4561,1.1663,14.9237,10.6947,0.2061
520.0000,-0.2722,-0.4553,1.1389,19.6260,5.3206,-0.6947
461.0000,-0.2700,-0.4480,1.1194,18.0763,-0.9084,-2.2366
558.0000,-0.2925,-0.4302,1.1091,10.2290,-7.8626,-4.4656
419.0000,-0.2886,-0.4250,1.1167,3.3969,-13.8397,-5.9542
535.0000,-0.2830,-0.4348,1.1191,-2.5649,-18.8550,-7.4504
496.0000,-0.2676,-0.4412,1.0933,-5.8702,-22.3817,-8.7481
486.0000,-0.2456,-0.4517,1.0840,-4.5344,-27.0305,-8.6260
450.0000,-0.2458,-0.4485,1.0737,1.0763,-31.4885,-7.4122
482.0000,-0.2283,-0.4443,1.0557,7.3282,-36.2290,-7.6870
538.0000,-0.2415,-0.4180,1.0547,11.9618,-40.3740,-9.0840
515.0000,-0.2319,-0.4304,1.0593,12.8321,-45.9542,-9.8397
449.0000,-0.2371,-0.4185,1.0703,9.6641,-50.6183,-9.9160
441.0000,-0.2239,-0.4246,1.0686,5.3053,-54.6870,-10.4351
564.0000,-0.2212,-0.4297,1.0928,-0.1679,-58.3817,-11.8550
472.0000,-0.2400,-0.4514,1.1316,-4.3893,-64.1145,-14.0076
478.0000,-0.2654,-0.4602,1.1753,-8.1298,-70.5267,-16.6870
508.0000,-0.2793,-0.4846,1.1975,-12.8092,-77.4886,-19.6031
406.0000,-0.2803,-0.4993,1.2205,-17.1145,-84.3435,-22.2977
562.0000,-0.2891,-0.4983,1.2461,-21.4809,-91.3206,-24.4198
460.0000,-0.3145,-0.5186,1.2976,-25.2214,-98.0916,-26.7481
514.0000,-0.3486,-0.5513,1.3606,-25.5802,-105.7863,-30.4733
341.0000,-0.3606,-0.6018,1.4138,-21.8473,-112.8626,-33.4275
578.0000,-0.3645,-0.6138,1.4692,-13.8702,-119.9160,-35.4198
342.0000,-0.4023,-0.6265,1.4834,-6.6870,-128.6412,-38.6183
208.0000,-0.4373,-0.5854,1.4790,-0.6336,-139.8168,-42.7405
843.0000,-0.4468,-0.5671,1.4397,2.2214,-153.5954,-48.4427
390.0000,-0.4382,-0.5935,1.4338,-6.0763,-167.0992,-54.7176
428.0000,-0.4102,-0.5872,1.4646,-15.7634,-178.5191,-61.1374
496.0000,-0.3430,-0.5903,1.4402,-19.0458,-186.0000,-64.9847
507.0000,-0.2715,-0.6086,1.3848,-14.6489,-193.6336,-67.6565
455.0000,-0.2305,-0.5911,1.3376,-6.9084,-203.4656,-71.3283
596.0000,-0.1985,-0.5825,1.2983,0.3511,-214.1527,-74.9389
431.0000,-0.1531,-0.5903,1.2761,6.3206,-222.6412,-78.1298
347.0000,-0.1404,-0.5354,1.1863,8.7252,-230.6183,-80.3130
640.0000,-0.0947,-0.4680,1.0701,4.3282,-237.3206,-82.3893
476.0000,-0.0627,-0.4404,1.0413,-8.9160,-245.1145,-86.0840
366.0000,-0.0342,-0.4185,0.9919,-24.8550,-250.1374,-91.8779
583.0000,0.0166,-0.4109,0.8867,-37.2214,-250.1374,-96.1603
630.0000,0.0471,-0.4531,0.8335,-48.0382,-250.1374,-97.1679
389.0000,0.0396,-0.4695,0.8643,-51.7786,-250.1374,-97.8931
453.0000,0.0488,-0.4497,0.8254,-44.2214,-250.1374,-96.4657
570.0000,0.0518,-0.4351,0.8057,-30.5649,-250.1374,-94.4122
427.0000,0.0112,-0.4512,0.8323,-16.8855,-250.1374,-93.7939
418.0000,-0.0137,-0.4004,0.7695,-0.8779,-250.1374,-92.8855
566.0000,-0.0166,-0.4182,0.7585,4.8931,-250.1374,-92.7176
428.0000,-0.0676,-0.3787,0.7390,-0.6947,-250.1374,-95.4046
559.0000,-0.0408,-0.3501,0.6787,-10.3740,-250.1374,-96.3817
537.0000,-0.0439,-0.3623,0.6167,-33.5267,-250.1374,-99.2443
494.0000,-0.0403,-0.3855,0.6689,-55.4275,-250.1374,-104.4198
486.0000,-0.0142,-0.3843,0.6487,-72.2824,-250.1374,-109.3511
580.0000,0.0596,-0.3982,0.5486,-82.4886,-250.1374,-113.0305
458.0000,0.0762,-0.4497,0.4973,-79.7328,-250.1374,-117.2137
474.0000,0.1106,-0.3657,0.3938,-68.1985,-250.1374,-120.6260
494.0000,0.1975,-0.3315,0.3557,-57.2595,-250.1374,-123.6565
513.0000,0.2517,-0.3018,0.3303,-48.8779,-250.1374,-127.6947
470.0000,0.3230,-0.2981,0.3179,-33.6489,-250.1374,-128.7405
509.0000,0.4070,-0.2515,0.1802,-15.7863,-250.1374,-124.8244
486.0000,0.4578,-0.2131,0.0298,0.0611,-250.1374,-117.8168
504.0000,0.4746,-0.1443,-0.1350,14.6718,-250.1374,-110.9084
523.0000,0.4861,-0.0728,-0.2664,20.0992,-242.0305,-107.0382
467.0000,0.5293,-0.0466,-0.3740,25.2901,-231.9466,-103.8015
499.0000,0.5422,-0.0105,-0.3655,31.8855,-223.9695,-100.5191
482.0000,0.5991,0.0247,-0.3687,40.0305,-215.5343,-95.8550
459.0000,0.6609,0.0623,-0.3860,44.4504,-202.7328,-90.6870
511.0000,0.7231,0.0996,-0.4033,49.5191,-188.2672,-83.7252
416.0000,0.7607,0.1294,-0.4106,50.4656,-175.2824,-77.4504
494.0000,0.8271,0.1575,-0.4443,49.5115,-160.3511,-71.1679
528.0000,0.8481,0.1345,-0.4844,51.4427,-145.6488,-64.0763
491.0000,0.8774,0.1450,-0.5127,54.5878,-129.0076,-56.5649
464.0000,0.9060,0.1746,-0.5745,62.4122,-110.9771,-48.6412
494.0000,0.9180,0.1772,-0.6331,66.1832,-93.6641,-42.0840
482.0000,0.9331,0.2104,-0.6895,61.3359,-80.4428,-37.4656
496.0000,0.9465,0.2031,-0.6423,47.4580,-69.7634,-33.7557
511.0000,0.9587,0.2036,-0.5667,29.6489,-61.1145,-29.8626
500.0000,0.9946,0.1902,-0.5012,12.6947,-49.6260,-25.2824
467.0000,1.0203,0.1716,-0.4106,-4.8550,-35.3817,-21.4885
473.0000,1.0154,0.1541,-0.3530,-15.2672,-23.3282,-18.8931
486.0000,1.0110,0.1191,-0.3120,-21.1374,-14.7710,-15.8015
510.0000,1.0288,0.0962,-0.2954,-24.4809,-3.9160,-11.8092
520.0000,1.0371,0.0452,-0.2515,-24.6718,8.3740,-7.8397
483.0000,0.9980,0.0090,-0.2151,-22.1985,19.2290,-3.4122
477.0000,0.9856,0.0120,-0.2107,-12.9389,24.8321,0.0534
492.0000,0.9790,-0.0161,-0.1626,-8.0305,28.3206,2.2290
478.0000,0.9707,-0.0298,-0.1021,-5.6641,30.2901,4.4580
488.0000,0.9673,-0.0476,-0.0361,-4.6947,33.3206,7.0076
475.0000,0.9790,-0.0393,0.0032,-8.8092,37.7328,8.8015
475.0000,0.9583,-0.0479,0.0427,-15.4962,41.9313,9.4122
476.0000,0.9429,-0.0671,0.0681,-19.8168,43.8779,9.9847
503.0000,0.9451,-0.0896,0.0823,-21.3588,46.4351,11.2901
479.0000,0.9436,-0.1033,0.0764,-20.3511,48.7786,13.5573
493.0000,0.9524,-0.0986,0.0549,-19.6183,53.7710,16.2214
481.0000,0.9451,-0.0820,0.0269,-15.3893,57.7786,18.5496
468.0000,0.9238,-0.0615,-0.0049,-13.1908,58.6260,20.1756
451.0000,0.9209,-0.0305,-0.0120,-12.8168,60.1145,21.9771
542.0000,0.9370,-0.0181,-0.0051,-13.5725,63.5420,24.2290
485.0000,0.9185,-0.0339,0.0437,-17.7099,68.0611,27.1679
488.0000,0.9001,-0.0513,0.1072,-23.3282,73.3511,29.3588
489.0000,0.9084,-0.0808,0.1230,-19.8015,79.8702,31.6565
488.0000,0.8997,-0.1157,0.1133,-13.6565,83.2519,35.5038
493.0000,0.8831,-0.1111,0.1042,-10.5802,87.1985,38.4046
505.0000,0.8838,-0.1292,0.0981,-9.1527,89.7939,39.7557
489.0000,0.8748,-0.1394,0.0713,-5.4046,95.0458,41.6947
488.0000,0.8494,-0.1511,0.0259,-4.0534,96.6412,42.3359
500.0000,0.8337,-0.1309,0.0283,-9.2137,98.4275,41.9389
493.0000,0.8318,-0.1321,0.0366,-16.1527,100.0611,41.0000
519.0000,0.8374,-0.1316,0.0713,-22.7252,103.3206,41.2366
492.0000,0.8193,-0.1660,0.1304,-28.3893,107.2061,42.4275
490.0000,0.8130,-0.1587,0.1453,-29.5802,111.7557,43.5725
475.0000,0.7922,-0.1753,0.1301,-28.9695,113.8626,45.3511
495.0000,0.7969,-0.2034,0.1580,-28.2137,117.6412,46.8473
488.0000,0.7874,-0.2175,0.1802,-24.8779,122.8168,48.6336
490.0000,0.7944,-0.2109,0.1724,-22.8931,130.6260,50.7939
485.0000,0.7795,-0.2241,0.1428,-17.7786,137.3282,52.7710
510.0000,0.7397,-0.2048,0.1128,-14.0305,138.5038,53.4504
486.0000,0.7268,-0.1982,0.1304,-12.3359,139.4351,53.4122
496.0000,0.7224,-0.1970,0.1570,-13.5420,141.9389,53.5191
483.0000,0.6968,-0.2012,0.1960,-16.2672,143.9008,54.2977
496.0000,0.6829,-0.2024,0.2505,-19.9542,146.9466,55.9084
493.0000,0.6646,-0.2354,0.2859,-25.3282,150.7176,57.0000
475.0000,0.6484,-0.2476,0.2605,-27.4809,155.3053,58.5420
518.0000,0.6272,-0.2566,0.2449,-28.6641,157.5343,60.5649
486.0000,0.6140,-0.2480,0.2527,-34.5878,161.5267,62.0229
489.0000,0.5913,-0.2629,0.2424,-37.0992,164.3511,63.0916
481.0000,0.5669,-0.2891,0.2332,-37.9924,165.5343,64.0611
535.0000,0.5422,-0.2852,0.2466,-39.8092,165.6717,65.4275
480.0000,0.5142,-0.2969,0.2993,-39.8626,165.8931,67.7710
490.0000,0.5088,-0.3206,0.3281,-35.7557,167.6336,70.0305
494.0000,0.4861,-0.3489,0.3586,-26.8244,169.7023,73.3817
493.0000,0.4656,-0.3101,0.4363,-14.3206,172.4962,76.7481
499.0000,0.4536,-0.3035,0.4612,-8.0611,174.4427,77.3588
489.0000,0.4507,-0.3298,0.4768,-2.4046,177.6336,77.4733
496.0000,0.4841,-0.3450,0.4604,-9.2366,191.1145,78.7405
493.0000,0.4639,-0.2844,0.3020,-12.3588,202.8550,80.6412
491.0000,0.4102,-0.2849,0.2205,-19.1908,206.3130,80.1298
479.0000,0.3638,-0.2646,0.2131,-34.4122,205.6336,78.3664
522.0000,0.3347,-0.2830,0.2976,-48.1603,203.4962,76.3206
499.0000,0.3079,-0.2908,0.4209,-53.5573,205.6717,77.2443
489.0000,0.2627,-0.3660,0.5029,-55.2137,210.1450,80.0458
495.0000,0.1965,-0.4558,0.5317,-52.3588,215.0000,84.8626
495.0000,0.1694,-0.4827,0.5706,-42.2443,221.2519,90.3588
494.0000,0.1484,-0.4600,0.5581,-26.0916,227.9389,94.5573
496.0000,0.1125,-0.4807,0.5217,-7.0992,228.6870,94.7939
492.0000,0.0632,-0.4929,0.5344,7.0458,225.0763,93.3511
504.0000,0.0522,-0.4424,0.5457,13.1908,223.3740,91.7557
496.0000,0.0579,-0.4438,0.5254,12.2137,224.1450,90.3283
501.0000,0.0234,-0.4214,0.6042,3.9237,225.7252,89.8550
493.0000,-0.0298,-0.4167,0.7014,-11.7023,225.5802,90.4198
484.0000,-0.0969,-0.4185,0.9343,-24.7939,224.4122,90.7557
501.0000,-0.1521,-0.5042,1.1060,-21.8321,224.0153,91.3130
499.0000,-0.1819,-0.6428,1.0842,2.3893,223.5649,94.0687
503.0000,-0.2490,-0.6812,1.0281,26.3435,216.7176,95.9084
489.0000,-0.2229,-0.6304,1.0645,41.0076,214.3969,93.0687
483.0000,-0.2302,-0.6255,1.0322,59.3817,210.3282,90.2672
494.0000,-0.2410,-0.5762,0.9895,73.7099,201.8244,85.1145
504.0000,-0.2092,-0.4746,1.0029,56.4580,195.0534,75.3740
490.0000,-0.2505,-0.4370,1.0637,25.8015,184.3664,69.6336
449.0000,-0.2312,-0.4468,1.0806,-2.1908,180.6488,65.5725
542.0000,-0.2173,-0.4294,1.1174,-25.7252,178.5572,63.8397
483.0000,-0.2422,-0.5002,1.2092,-45.3053,172.0000,64.6794
491.0000,-0.3110,-0.5620,1.3013,-50.0153,163.6107,65.0153
493.0000,-0.3379,-0.6243,1.3433,-37.0916,155.3206,66.3206
490.0000,-0.3208,-0.6985,1.3174,-7.6565,152.3435,71.5420
484.0000,-0.3118,-0.6602,1.2871,14.9847,150.2672,72.7557
496.0000,-0.3403,-0.6179,1.2036,43.0382,141.9160,71.0763
493.0000,-0.3242,-0.5896,1.0994,58.2519,131.5038,67.6489
496.0000,-0.3582,-0.5139,1.1011,50.6336,120.4122,61.4122
497.0000,-0.3540,-0.4614,1.1511,28.9924,110.8702,53.1450
493.0000,-0.3496,-0.4875,1.1978,2.1756,104.6794,47.4351
475.0000,-0.3416,-0.5947,1.2805,-18.3359,98.2290,42.8092
531.0000,-0.3208,-0.5632,1.4490,-33.4580,93.0153,42.7099
475.0000,-0.2593,-0.7302,1.6292,-59.2443,81.1679,28.6641
496.0000,-0.3481,-0.8762,1.6948,-63.0229,75.6412,24.9237
493.0000,-0.4092,-0.9446,1.6584,-34.0763,80.0763,28.9237
517.0000,-0.4243,-1.0134,1.5679,-7.2061,73.8779,24.0000
487.0000,-0.4219,-0.9507,1.5662,6.5420,60.9313,19.9008
361.0000,-0.3958,-1.0322,1.3386,41.6031,42.6489,13.8092
588.0000,-0.3760,-0.9871,1.2136,61.2443,25.2061,7.0000
533.0000,-0.3928,-0.8955,1.1980,51.9695,5.2824,-3.0611
468.0000,-0.4146,-0.8286,1.2600,40.8550,-12.8168,-11.7328
424.0000,-0.3726,-0.7678,1.3000,38.3969,-20.4733,-15.6107
565.0000,-0.3511,-0.7080,1.2676,36.1679,-24.2901,-17.2748
445.0000,-0.3635,-0.6829,1.2163,37.4885,-31.2824,-19.3893
497.0000,-0.3479,-0.6470,1.2075,49.3130,-41.1145,-17.3206
450.0000,-0.3611,-0.5176,1.1907,59.6336,-49.1069,-18.8168
592.0000,-0.3625,-0.4207,1.1697,56.5496,-58.0611,-22.6336
459.0000,-0.4009,-0.4138,1.1104,38.1450,-65.5496,-26.1832
502.0000,-0.3853,-0.4912,1.0981,20.5496,-73.3283,-28.3740
493.0000,-0.3589,-0.5002,1.1130,5.1679,-79.9008,-30.5267
489.0000,-0.3826,-0.5017,1.1431,-11.6107,-86.3893,-31.5573
394.0000,-0.3853,-0.5039,1.1707,-16.3664,-91.8931,-32.1298
585.0000,-0.3909,-0.5281,1.1836,-12.2824,-101.2366,-34.4427
456.0000,-0.3770,-0.5649,1.1951,-7.8092,-110.9466,-38.0305
500.0000,-0.3860,-0.5764,1.2163,-1.1069,-119.6260,-41.0687
438.0000,-0.3691,-0.5627,1.2156,3.7939,-125.8092,-42.9771
528.0000,-0.3301,-0.5420,1.1689,2.8168,-129.3664,-45.4504
432.0000,-0.2986,-0.5466,1.1331,-1.4122,-133.5954,-48.2443
522.0000,-0.2769,-0.5466,1.1462,-4.0840,-137.8550,-50.4504
487.0000,-0.2493,-0.5344,1.1570,-1.7557,-143.4427,-53.1374
532.0000,-0.2112,-0.5435,1.1372,3.6260,-148.5267,-56.2443
482.0000,-0.1865,-0.5459,1.1460,7.8702,-152.5343,-59.2214
535.0000,-0.1592,-0.5413,1.1191,7.8779,-155.9237,-62.6260
437.0000,-0.1431,-0.5522,1.0840,2.1145,-158.7786,-66.0763
568.0000,-0.1323,-0.5559,1.0657,-2.2443,-162.1908,-69.2366
457.0000,-0.1194,-0.5737,1.0857,-5.2061,-165.7786,-72.7252
512.0000,-0.1260,-0.5476,1.1172,-5.8397,-169.7481,-76.4733
469.0000,-0.1233,-0.5544,1.1265,-3.8702,-175.0534,-80.6794
497.0000,-0.1284,-0.5798,1.1128,-1.1298,-179.2595,-83.8168
575.0000,-0.1526,-0.6050,1.0918,0.8092,-183.9084,-85.7863
469.0000,-0.1431,-0.6155,1.0767,4.3664,-186.3511,-87.3435
492.0000,-0.1484,-0.6064,1.0813,7.1527,-191.7328,-88.6794
476.0000,-0.1235,-0.5671,1.0664,16.3435,-197.4886,-89.4886
517.0000,-0.1013,-0.5540,1.0515,27.4733,-203.9084,-90.2290
476.0000,-0.0686,-0.5015,1.0496,34.8244,-210.0763,-91.1679
532.0000,-0.0469,-0.4666,1.0413,36.9618,-216.9160,-93.0000
477.0000,-0.0142,-0.4480,0.9954,35.4122,-220.6641,-94.4962
445.0000,0.0361,-0.4141,0.9414,28.1603,-222.4733,-94.7863
510.0000,0.0208,-0.3665,0.9165,14.4580,-226.0992,-95.5878
467.0000,0.0515,-0.3491,0.8328,0.4122,-229.0840,-97.1298
558.0000,0.0808,-0.3728,0.7744,-9.8397,-230.5954,-97.6031
472.0000,0.0535,-0.3911,0.8604,-15.4809,-235.0687,-99.7176
498.0000,0.0583,-0.3679,0.8440,-8.7634,-239.3053,-100.4580
482.0000,0.0903,-0.3740,0.7947,3.2214,-241.0992,-99.6107
477.0000,0.1116,-0.3630,0.7520,13.6260,-241.4198,-99.0992
488.0000,0.1289,-0.3354,0.6697,22.4656,-242.3817,-98.2595
516.0000,0.1487,-0.3262,0.5918,26.3359,-245.2290,-98.6489
432.0000,0.1494,-0.3203,0.6355,17.9237,-247.3282,-100.1527
523.0000,0.1567,-0.2434,0.6006,9.2901,-247.8321,-100.9618
480.0000,0.2070,-0.2346,0.5769,4.1298,-245.6336,-101.5191
450.0000,0.1978,-0.2158,0.5505,-0.2672,-245.1908,-102.4351
491.0000,0.2109,-0.2471,0.5073,1.2748,-245.0763,-103.0305
392.0000,0.2246,-0.2400,0.4570,4.8473,-244.2672,-102.9084
679.0000,0.2705,-0.2258,0.3945,9.3511,-242.6641,-100.8702
446.0000,0.2686,-0.2852,0.4612,9.3130,-240.3511,-99.8855
474.0000,0.2439,-0.2114,0.4233,16.7252,-239.6336,-98.9160
462.0000,0.2976,-0.1860,0.3201,26.3664,-238.8855,-96.1374
532.0000,0.3237,-0.1675,0.3257,28.2977,-237.7863,-95.5420
486.0000,0.3208,-0.1370,0.3418,30.3511,-239.4656,-97.9084
488.0000,0.3875,-0.0964,0.2656,34.3740,-236.6870,-98.5115
530.0000,0.4497,-0.0640,0.1653,32.0382,-232.3893,-97.8015
482.0000,0.4766,-0.0732,0.1274,21.5802,-226.3664,-97.5344
445.0000,0.4958,-0.0896,0.1128,8.4275,-216.0153,-95.5573
534.0000,0.5457,-0.0376,-0.0005,6.9847,-204.7328,-91.7557
461.0000,0.5681,-0.0361,-0.0916,13.6183,-196.4427,-87.7099
494.0000,0.5615,-0.0010,-0.0874,22.3740,-193.1908,-85.6260
497.0000,0.6079,0.0308,-0.1182,35.5191,-189.2214,-82.8855
497.0000,0.6360,0.0354,-0.1692,48.6947,-185.1298,-80.6336
464.0000,0.6907,0.0652,-0.1423,51.3893,-178.4198,-77.2824
526.0000,0.7178,0.0840,-0.1782,48.1603,-168.5954,-73.2748
450.0000,0.7734,0.1038,-0.2288,44.1603,-156.2824,-68.8015
540.0000,0.8086,0.1428,-0.2874,37.5954,-142.2290,-63.8550
533.0000,0.8452,0.1609,-0.3982,34.7786,-130.0992,-58.1298
484.0000,0.8494,0.1482,-0.4172,33.5573,-121.3664,-52.6031
494.0000,0.8660,0.2112,-0.4641,35.1756,-112.0992,-46.8092
605.0000,0.9199,0.2361,-0.5503,41.0992,-102.2214,-40.7710
494.0000,0.9211,0.2141,-0.5532,38.7023,-92.0534,-35.7634
462.0000,0.9312,0.2427,-0.5483,38.9618,-81.9847,-30.3359
498.0000,0.9705,0.2524,-0.5173,36.0076,-68.1985,-24.5420
497.0000,1.0034,0.3108,-0.4822,28.7099,-54.1832,-18.8550
487.0000,1.0259,0.3154,-0.4998,18.7023,-41.4809,-14.1908
522.0000,1.0286,0.3079,-0.4805,8.4656,-30.6489,-10.1603
459.0000,1.0442,0.2666,-0.4741,-0.4962,-18.2595,-6.0229
588.0000,1.0437,0.2126,-0.4626,-6.4733,-2.9313,0.9695
448.0000,1.0471,0.2219,-0.4712,-9.5038,12.5420,7.0916
476.0000,1.0403,0.2168,-0.4551,-11.4427,25.8779,10.4427
475.0000,0.9873,0.2234,-0.4463,-14.6870,31.8779,16.6260
505.0000,1.0117,0.1799,-0.4011,-10.1298,39.6718,20.9313
533.0000,1.0234,0.1965,-0.3611,-13.6412,48.6183,24.0916
465.0000,0.9983,0.1533,-0.2319,-15.6870,57.0305,28.1832
480.0000,0.9922,0.1226,-0.2048,-16.0153,64.1985,32.9542
487.0000,0.9836,0.0977,-0.1482,-15.9313,71.5344,36.0534
472.0000,0.9780,0.0667,-0.1001,-18.0000,77.0305,37.6870
497.0000,0.9937,0.0386,-0.0596,-19.6336,82.1221,40.0458
509.0000,0.9648,0.0051,-0.0205,-18.5267,84.6336,42.7405
482.0000,0.9832,0.0151,-0.0518,-17.0763,91.3893,44.8550
469.0000,0.9539,0.0320,-0.0701,-17.9847,90.9237,45.1298
590.0000,0.9336,0.0339,-0.0867,-22.2977,89.0229,44.6031
483.0000,0.9402,0.0417,-0.0693,-27.0687,91.1069,45.2748
491.0000,0.9473,0.0654,-0.0322,-31.9466,94.1221,46.5725
475.0000,0.9705,0.0742,-0.0322,-35.4122,100.8779,48.1450
521.0000,0.9609,0.0608,-0.0378,-32.6412,107.1756,51.3664
483.0000,0.9451,0.0432,0.0095,-27.5420,112.3893,55.7481
486.0000,0.9036,0.0261,0.0503,-20.2443,118.1221,59.4656
490.0000,0.8967,0.0093,0.0532,-6.8626,124.9542,62.9313
498.0000,0.8777,-0.0198,0.0693,6.7786,131.8092,66.1908
492.0000,0.8501,-0.0193,0.0747,11.6718,139.9008,68.8779
494.0000,0.8337,-0.0313,0.0532,15.7023,148.1756,71.3664
481.0000,0.8020,-0.0415,-0.0024,14.6031,152.1985,72.0687
530.0000,0.7439,-0.0115,0.0029,0.7786,151.9237,70.9313
495.0000,0.7329,-0.0168,0.0325,-11.7939,154.0458,69.9160
489.0000,0.7051,-0.0217,0.0955,-22.4198,156.6183,68.7328
496.0000,0.6841,-0.0183,0.1353,-32.2214,158.5191,69.2748
482.0000,0.6743,-0.0366,0.1907,-37.9160,161.9389,71.1679
504.0000,0.6565,-0.0720,0.2195,-40.1069,167.1756,73.2519
483.0000,0.6416,-0.1113,0.2224,-37.3740,172.6641,76.3435
498.0000,0.6370,-0.1482,0.2585,-34.7252,179.8550,79.3130
503.0000,0.6147,-0.1724,0.3064,-32.2824,188.7939,83.0687
493.0000,0.5679,-0.2112,0.3196,-18.5114,195.2672,85.6641
484.0000,0.5242,-0.2368,0.3198,-6.7252,197.6183,86.5649
502.0000,0.4895,-0.2246,0.3101,-2.1985,195.7786,86.3817
489.0000,0.4604,-0.2429,0.3550,-1.4275,192.0382,85.0153
480.0000,0.4548,-0.2307,0.4092,-3.4275,191.7863,83.1374
487.0000,0.4583,-0.2456,0.3997,-7.7023,191.8779,81.2137
527.0000,0.4392,-0.2571,0.4163,-14.5649,190.1756,80.0611
495.0000,0.4370,-0.2278,0.4873,-24.2824,188.5725,80.4046
497.0000,0.4441,-0.1934,0.5481,-30.2672,188.5572,79.7328
486.0000,0.4543,-0.1907,0.5840,-33.1145,190.9389,78.7405
493.0000,0.4417,-0.2400,0.5728,-31.0229,191.9542,79.9084
514.0000,0.4146,-0.3257,0.6504,-26.0000,194.8550,82.6031
494.0000,0.3750,-0.3806,0.7129,-19.8779,201.4198,85.5420
476.0000,0.3311,-0.4170,0.6755,-6.3359,205.5572,88.8779
520.0000,0.2776,-0.4182,0.6033,7.2443,203.4656,90.3283
513.0000,0.2363,-0.3955,0.6523,11.4733,196.0229,89.4275
482.0000,0.1885,-0.3774,0.8132,10.4275,187.7405,83.8779
505.0000,0.1736,-0.4412,0.9128,12.7634,180.6031,78.6336
493.0000,0.1670,-0.4758,0.9495,14.7252,178.1679,76.9771
497.0000,0.1870,-0.4399,0.9443,14.2214,177.7633,77.0992
502.0000,0.1924,-0.4143,0.9229,11.3893,175.6870,74.8550
497.0000,0.2058,-0.3889,0.9290,12.5115,171.8092,72.5344
469.0000,0.2368,-0.3477,0.9160,3.7176,170.7328,70.7099
533.0000,0.2827,-0.3337,0.8196,-2.0687,174.4351,68.9542
501.0000,0.2605,-0.3755,0.8225,-6.0000,174.1450,68.4122
487.0000,0.2058,-0.3672,0.8987,-15.2214,173.4809,68.7939
499.0000,0.1733,-0.3843,0.8752,-10.3435,172.9924,70.7481
496.0000,0.1753,-0.3535,0.9104,3.1145,173.2519,73.8397
495.0000,0.1384,-0.2805,0.9019,0.8244,169.5649,73.1527
488.0000,0.1128,-0.4055,0.8955,7.9695,166.6412,74.0687
497.0000,0.0732,-0.4287,1.0078,13.7405,165.1298,75.0229
491.0000,0.0278,-0.3789,1.0654,13.2824,166.1298,72.9618
500.0000,-0.0020,-0.4358,1.0190,5.3893,164.6565,70.4733
494.0000,-0.0054,-0.4458,1.0159,-2.5496,167.3282,70.3817
496.0000,0.0286,-0.4380,0.8174,8.5115,171.8931,69.9924
499.0000,-0.0125,-0.4280,0.7185,9.5420,167.2977,66.4351
492.0000,-0.0696,-0.3757,0.7522,-6.9466,155.6412,60.9237
475.0000,-0.0520,-0.3716,0.8459,-13.9160,148.6641,55.4351
502.0000,-0.0322,-0.4087,0.9248,-14.7710,149.9924,53.5267
516.0000,-0.0701,-0.3894,0.9609,-19.5573,152.7023,55.5191
496.0000,-0.1055,-0.4199,0.9897,-27.7099,153.4198,57.1221
499.0000,-0.1709,-0.4971,1.0996,-28.8779,153.7023,58.3893
494.0000,-0.2197,-0.5427,1.1995,-17.5114,155.1450,59.1756
494.0000,-0.2524,-0.5710,1.1865,2.5802,155.8397,59.1527
498.0000,-0.2732,-0.6050,1.1287,25.9313,155.7633,58.8244
495.0000,-0.2659,-0.6167,1.1167,46.0611,156.1908,57.4962
495.0000,-0.2344,-0.5139,1.0244,75.0687,158.4275,54.4809
499.0000,-0.1821,-0.4458,0.6646,88.9008,157.3435,51.1832
481.0000,-0.2881,-0.3269,0.5784,68.6107,140.7252,42.1374
505.0000,-0.3474,-0.2825,0.6438,29.7176,121.2672,32.1221
506.0000,-0.2842,-0.2900,0.8416,-10.2672,116.6107,23.0382
480.0000,-0.2974,-0.3726,1.0129,-37.3053,117.6794,20.7328
507.0000,-0.3313,-0.4255,1.1379,-46.2519,118.3817,25.6336
506.0000,-0.3420,-0.4309,1.1665,-44.7863,120.2901,32.1374
494.0000,-0.3572,-0.4805,1.1665,-32.6183,119.6565,36.0840
487.0000,-0.3945,-0.5161,1.1685,-10.0000,115.9618,37.3893
452.0000,-0.4126,-0.5168,1.1650,15.3969,110.7252,37.5573
551.0000,-0.4006,-0.5225,1.1257,34.0153,106.3435,36.6947
466.0000,-0.4087,-0.4963,1.1646,42.4885,105.4809,35.1908
532.0000,-0.3877,-0.4500,0.9629,58.5496,103.3893,33.6718
432.0000,-0.4490,-0.4448,0.8442,58.2748,90.3817,30.3359
566.0000,-0.5417,-0.4143,0.8950,35.8855,72.7710,26.0611
447.0000,-0.5466,-0.3921,1.1157,14.0840,56.2977,17.8244
479.0000,-0.5400,-0.3828,1.4612,-12.1908,38.7634,2.6718
441.0000,-0.3867,-0.6038,1.5862,-26.4351,17.3740,-3.2290
556.0000,-0.5105,-0.7764,1.6924,-15.0382,9.9847,3.2443
444.0000,-0.6660,-0.7954,1.7219,-1.4733,0.9847,3.5344
499.0000,-0.6509,-0.6880,1.6975,1.7710,-17.6718,-2.8244
335.0000,-0.5110,-0.5659,1.5881,7.2977,-36.7405,-9.0840
667.0000,-0.4048,-0.5266,1.4670,29.3893,-44.2748,-13.5344
470.0000,-0.4043,-0.4465,1.3440,34.7939,-46.0382,-16.4809
468.0000,-0.4307,-0.4934,1.2361,19.8321,-47.9160,-14.7099
430.0000,-0.3384,-0.4221,1.1880,4.2977,-50.5802,-10.2901
518.0000,-0.3274,-0.4238,1.2202,-8.8626,-51.1374,-9.8092
514.0000,-0.2983,-0.3992,1.2278,-19.1069,-62.2672,-15.4351
497.0000,-0.3267,-0.4758,1.2751,-13.6107,-77.5420,-19.1832
417.0000,-0.3059,-0.5110,1.3196,-0.1832,-87.7786,-18.6260
595.0000,-0.2988,-0.4993,1.2944,10.6794,-95.7634,-22.8397
508.0000,-0.2732,-0.4631,1.2546,10.4580,-103.2366,-28.4809
445.0000,-0.2891,-0.4778,1.2747,1.9160,-109.6794,-30.7481
457.0000,-0.3196,-0.4900,1.2566,-11.5267,-113.8168,-32.4122
549.0000,-0.3132,-0.4727,1.2310,-15.1679,-118.5420,-35.0763
461.0000,-0.2964,-0.4653,1.2097,-13.9542,-128.2977,-39.4046
518.0000,-0.2749,-0.4702,1.2053,-14.5038,-136.7176,-44.1298
550.0000,-0.2266,-0.4768,1.2031,-11.7252,-143.0534,-47.4656
416.0000,-0.2170,-0.4880,1.2202,-11.1298,-148.3588,-49.0153
622.0000,-0.2061,-0.4485,1.1992,-13.6641,-153.1221,-50.4962
472.0000,-0.1838,-0.4519,1.1987,-10.9237,-157.3969,-50.8626
476.0000,-0.1790,-0.4382,1.2344,-8.0076,-162.3969,-52.1985
495.0000,-0.1733,-0.4155,1.2051,-4.1145,-166.7939,-53.9389
562.0000,-0.1538,-0.4375,1.1504,1.3740,-172.0458,-55.6870
436.0000,-0.1567,-0.4517,1.1021,4.5725,-177.8397,-56.5649
540.0000,-0.1309,-0.4302,1.0771,5.1832,-181.9313,-57.6107
482.0000,-0.1104,-0.4221,1.0608,3.2595,-185.8855,-58.8626
502.0000,-0.0994,-0.3989,1.0386,-1.8702,-189.3588,-60.7099
589.0000,-0.0735,-0.3743,1.0093,-4.2443,-191.8092,-61.7023
471.0000,-0.0649,-0.3853,1.0164,-7.5344,-195.0916,-63.1908
435.0000,-0.0430,-0.3599,0.9963,-8.8855,-198.3893,-64.9237
502.0000,-0.0203,-0.3513,0.9829,-7.6870,-199.9695,-66.1069
504.0000,-0.0054,-0.3608,1.0088,-4.8015,-200.7176,-67.2824
452.0000,0.0088,-0.3569,0.9658,-0.8168,-201.8626,-68.0305
484.0000,0.0396,-0.3484,0.8889,5.7939,-202.4809,-67.8931
579.0000,0.0754,-0.3408,0.8408,10.7863,-202.6641,-68.0534
432.0000,0.0913,-0.3411,0.8713,12.5038,-202.2061,-68.6870
455.0000,0.0906,-0.3279,0.8557,13.0458,-201.9924,-70.3893
536.0000,0.1343,-0.3105,0.7598,16.3206,-201.0611,-69.2443
469.0000,0.1567,-0.3040,0.7290,18.4198,-199.7023,-67.3740
465.0000,0.1582,-0.2700,0.7209,18.0153,-200.0229,-66.9466
557.0000,0.1960,-0.2542,0.7029,20.4275,-200.5725,-66.8168
475.0000,0.2153,-0.2578,0.6907,21.3740,-201.2748,-67.2519
485.0000,0.2371,-0.2087,0.6594,20.1069,-200.0382,-66.0763
580.0000,0.2773,-0.1721,0.6292,17.2748,-196.9771,-64.3511
466.0000,0.2839,-0.1794,0.6409,13.2748,-194.7786,-63.6412
453.0000,0.2957,-0.1670,0.6118,11.0916,-193.5420,-63.1145
513.0000,0.3206,-0.1843,0.5994,9.8702,-190.7939,-62.0382
500.0000,0.3247,-0.1892,0.5945,11.3511,-188.0229,-60.7481
495.0000,0.3364,-0.1985,0.6082,16.3588,-184.9313,-59.1756
475.0000,0.3635,-0.1816,0.5339,22.3130,-181.8092,-56.6718
423.0000,0.3906,-0.1799,0.4878,26.2672,-178.7786,-53.8092
632.0000,0.4097,-0.1665,0.4648,25.8397,-174.4580,-51.5191
408.0000,0.4355,-0.1357,0.4507,25.4198,-170.8626,-49.9313
499.0000,0.4387,-0.1301,0.4863,22.5649,-169.0534,-49.7710
486.0000,0.4292,-0.1213,0.4688,20.2824,-168.9237,-48.8779
525.0000,0.4736,-0.1091,0.4744,20.8015,-165.2061,-47.3282
475.0000,0.4592,-0.1453,0.5303,18.3359,-164.8779,-47.4275
492.0000,0.4690,-0.1313,0.5254,17.2595,-162.4809,-47.4733
501.0000,0.5120,-0.1648,0.5032,19.8626,-158.5496,-46.0305
432.0000,0.5044,-0.1841,0.5076,17.2824,-154.2290,-44.6870
548.0000,0.5315,-0.1511,0.4382,16.7328,-149.2061,-42.7710
486.0000,0.5537,-0.1504,0.4094,18.0992,-147.0763,-41.3969
443.0000,0.5581,-0.1387,0.4163,19.2748,-147.1756,-41.6031
536.0000,0.5786,-0.1294,0.3955,22.6183,-146.4427,-41.0458
489.0000,0.5796,-0.1523,0.4565,28.2443,-144.8702,-41.4809
469.0000,0.5852,-0.1316,0.4246,32.3053,-143.8397,-41.0305
492.0000,0.6326,-0.1094,0.3931,35.4351,-141.8015,-38.5878
535.0000,0.6389,-0.1008,0.3706,34.5573,-141.0916,-37.7939
449.0000,0.6379,-0.1189,0.4182,28.0687,-140.2443,-38.6870
491.0000,0.6604,-0.1082,0.3972,22.6336,-136.4046,-39.3282
472.0000,0.6868,-0.1047,0.3486,21.6031,-132.2290,-37.8626
469.0000,0.6687,-0.1335,0.4141,18.0763,-130.3435,-38.0000
497.0000,0.6638,-0.0986,0.3853,17.4733,-129.6947,-37.5725
468.0000,0.7214,-0.1025,0.3044,22.9542,-126.5802,-36.0687
506.0000,0.7163,-0.0774,0.2732,28.3359,-126.4275,-33.9771
497.0000,0.7163,-0.0703,0.2815,28.9008,-125.8015,-33.1450
505.0000,0.7312,-0.0569,0.2244,27.5878,-124.9160,-33.1145
439.0000,0.7715,-0.0488,0.1873,25.4962,-122.2290,-31.9618
521.0000,0.7649,-0.0564,0.2166,20.3664,-120.0534,-30.5496
493.0000,0.7390,-0.0474,0.2283,13.0153,-117.7786,-30.8626
476.0000,0.7854,-0.0371,0.1611,12.6870,-113.8855,-29.9924
471.0000,0.7964,-0.0486,0.1226,14.5115,-111.6565,-27.2519
452.0000,0.8025,-0.0459,0.1316,14.0000,-108.5420,-25.2901
489.0000,0.7996,-0.0588,0.0991,13.6947,-105.4275,-25.6107
523.0000,0.8269,-0.0740,0.0669,17.4733,-100.6489,-24.1756
488.0000,0.8313,-0.0920,0.0789,19.4504,-96.4046,-21.6336
481.0000,0.7739,-0.2280,0.0952,18.0076,-83.8473,-10.6565
463.0000,0.8445,0.0676,-0.0266,23.9771,-83.3817,-13.2977
667.0000,0.8645,-0.0515,-0.0454,9.3893,-83.6947,-20.8321
460.0000,0.8699,-0.0662,0.0122,8.2901,-77.1679,-21.7634
498.0000,0.8457,-0.0691,0.0254,9.5267,-67.7786,-15.3817
492.0000,0.8623,-0.0095,-0.0442,7.6183,-59.0076,-11.2061
444.0000,0.8953,-0.0325,-0.0288,12.1985,-59.6260,-13.9695
539.0000,0.8862,0.0139,-0.0530,16.2290,-57.9084,-13.5115
491.0000,0.8640,0.0110,-0.0278,17.5878,-50.6412,-6.5725
414.0000,0.8896,0.0359,-0.0173,14.9771,-44.6260,-7.9542
581.0000,0.9106,0.0728,-0.0393,12.9924,-38.0153,-8.5038
432.0000,0.9102,0.0681,-0.0496,8.2977,-28.1145,-5.3053
469.0000,0.8982,0.0405,0.0005,2.4275,-21.7710,-5.1145
483.0000,0.8784,0.0813,-0.0083,1.4962,-13.0076,-2.1832
525.0000,0.9224,0.0623,-0.0457,12.3130,-3.4275,3.2214
478.0000,0.9070,0.0864,-0.0913,16.4885,0.0534,7.6412
494.0000,0.9060,0.1194,-0.1077,19.6260,2.6412,11.3282
516.0000,0.9360,0.1306,-0.1069,20.7939,6.1679,13.3817
484.0000,0.9563,0.1636,-0.1577,14.1374,9.9924,13.7481
493.0000,0.9680,0.1304,-0.2002,7.2977,16.6718,15.5802
493.0000,0.9504,0.1113,-0.2122,2.8626,22.8168,19.5344
479.0000,0.9751,0.1270,-0.2358,-5.3969,29.7710,22.5344
486.0000,0.9941,0.1384,-0.2566,-14.8626,37.6947,24.0992
502.0000,1.0085,0.1357,-0.2693,-25.9542,48.7634,25.3130
549.0000,0.9810,0.1013,-0.2712,-32.4733,57.9618,27.7481
478.0000,0.9836,0.0608,-0.2227,-40.2977,71.8015,31.4504
499.0000,0.9656,0.0493,-0.1787,-43.8931,88.4122,34.3053
469.0000,0.9363,0.0115,-0.1650,-37.6718,97.9389,38.4504
484.0000,0.9143,-0.0273,-0.1438,-30.1374,107.6794,42.2595
504.0000,0.8787,-0.0540,-0.1116,-20.5267,115.5496,45.0458
500.0000,0.8743,-0.0703,-0.0955,-14.3969,125.5878,48.1069
494.0000,0.8604,-0.0901,-0.0967,-13.2824,135.6336,50.5802
505.0000,0.8335,-0.0732,-0.1167,-16.8168,144.5649,52.6718
486.0000,0.8086,-0.0613,-0.1414,-19.8244,150.2443,54.0229
495.0000,0.7815,-0.0688,-0.1550,-23.9008,153.6107,54.0992
507.0000,0.7610,-0.0710,-0.1499,-28.2672,156.8702,53.9924
494.0000,0.7651,-0.0466,-0.1309,-34.0916,162.0916,55.3817
492.0000,0.7546,-0.0190,-0.1433,-43.9389,168.9847,57.2061
489.0000,0.7483,-0.0005,-0.1421,-58.7023,176.4962,58.3969
496.0000,0.7146,0.0044,-0.1299,-74.0534,183.4198,59.7481
493.0000,0.7136,-0.0115,-0.0999,-88.1527,194.5420,62.5649
495.0000,0.7117,-0.0278,-0.0857,-96.5649,203.4809,66.5725
461.0000,0.7166,-0.0171,-0.0454,-103.1832,214.7557,71.3283
531.0000,0.7153,-0.0017,-0.0376,-104.0840,225.5038,76.0382
505.0000,0.6912,-0.0186,0.0046,-99.4580,233.8244,81.3053
490.0000,0.6790,-0.0315,0.0149,-93.1985,239.9389,86.6947
496.0000,0.6443,-0.0767,0.0386,-83.8626,245.0611,92.6489
506.0000,0.5938,-0.1328,0.0789,-72.3970,248.7328,98.4198
484.0000,0.5481,-0.1301,0.2078,-64.1679,250.1298,104.1145
488.0000,0.5222,-0.1150,0.2263,-55.9237,250.1298,105.6947
534.0000,0.5022,-0.1506,0.2119,-47.4504,250.1298,106.4886
487.0000,0.4456,-0.1782,0.2949,-47.2672,250.1298,108.8321
495.0000,0.3860,-0.1697,0.4604,-56.4656,250.1298,105.5420
508.0000,0.3345,-0.2573,0.4626,-60.3511,250.1298,103.2519
481.0000,0.2925,-0.4036,0.4421,-57.1679,250.1298,105.3359
503.0000,0.2285,-0.4949,0.4082,-52.0840,250.1298,105.4198
501.0000,0.2151,-0.4546,0.4209,-51.3282,250.1298,107.3970
482.0000,0.1902,-0.4153,0.4158,-49.2519,250.1298,103.8855
498.0000,0.1604,-0.4114,0.4534,-47.4351,250.1298,100.0076
511.0000,0.1431,-0.3303,0.5376,-50.2061,250.1298,97.2672
475.0000,0.1829,-0.3186,0.5173,-57.1832,250.1298,95.3053
509.0000,0.1133,-0.4150,0.4590,-57.0229,250.1298,94.8855
518.0000,0.0625,-0.4099,0.5488,-57.5115,250.1298,98.8015
474.0000,-0.0256,-0.3782,0.6677,-49.8244,250.1298,100.3130
514.0000,-0.1111,-0.4519,0.6587,-34.7939,250.1298,100.2061
502.0000,-0.1721,-0.5400,0.7627,-11.9771,250.1298,105.7023
483.0000,-0.2698,-0.6204,1.0347,-0.6718,250.1298,106.0611
488.0000,-0.3438,-0.5935,1.0347,8.5649,250.1298,108.8092
529.0000,-0.3799,-0.5906,0.7893,38.4275,250.1298,108.4504
500.0000,-0.4648,-0.5796,0.6587,50.9389,250.1298,103.4733
489.0000,-0.4907,-0.4985,0.6433,35.4656,250.1298,93.3970
474.0000,-0.5632,-0.4805,0.7349,19.8244,250.1298,81.3588
502.0000,-0.5601,-0.5010,0.7761,5.2824,250.1298,74.9695
473.0000,-0.5632,-0.5537,0.8860,2.3053,250.1298,74.7099
546.0000,-0.6008,-0.4614,1.0396,0.8855,250.1298,80.6565
414.0000,-0.6250,-0.4106,1.1970,2.8168,250.1298,83.9084
500.0000,-0.8032,-0.4475,1.4878,-1.1527,250.1298,78.9466
550.0000,-0.9363,-0.5520,1.6675,2.9008,250.1298,73.2137
463.0000,-1.0054,-0.7297,1.5955,24.1603,250.1298,72.8015
542.0000,-1.0273,-0.8647,1.5164,32.4580,249.2443,73.9771
522.0000,-1.0640,-0.9988,1.2302,59.7481,248.1145,77.9618
469.0000,-1.1375,-2.0000,1.9999,116.5802,167.7710,43.7634
495.0000,-1.4585,-1.4373,1.9999,163.0611,127.1832,50.5344
473.0000,-1.2854,-1.7312,1.9999,221.0153,98.5878,33.0687
521.0000,-1.0522,-1.0747,1.9999,177.7099,86.3130,21.9847
478.0000,-0.7598,-0.7588,1.7732,124.8626,9.2366,-19.2519
514.0000,-0.5505,-0.6113,1.5322,133.3969,-63.1298,-44.5344
419.0000,-0.5403,-0.5867,1.4185,126.5420,-105.5802,-54.5344
518.0000,-0.6125,-0.3660,1.5918,67.6489,-125.0687,-75.2290
512.0000,-0.5112,-0.1174,1.6860,-18.5496,-130.9160,-86.5496
570.0000,-0.2913,0.3801,1.6101,-111.5954,-115.5344,-77.4275
501.0000,-0.2813,0.2217,1.4297,-199.9389,-60.4122,-56.2748
490.0000,-0.2952,-0.4204,1.2861,-201.9771,-30.0534,-37.8397
446.0000,-0.1458,-0.6794,1.1841,-121.7328,-43.9695,-10.5344
563.0000,0.0144,-0.4785,1.0574,-24.4046,-63.3893,1.1908
504.0000,-0.0542,-0.3054,1.0408,50.6260,-81.5878,-10.2824
483.0000,-0.2100,-0.2993,1.0208,106.2519,-101.7634,-15.5038
450.0000,-0.2561,-0.3494,1.0098,111.8397,-113.7481,-8.7634
534.0000,-0.2480,-0.3345,0.9961,71.0458,-111.6260,-3.6718
522.0000,-0.2686,-0.3186,1.0425,11.6260,-106.1527,-5.6336
444.0000,-0.3008,-0.3403,1.0889,-42.0076,-105.9160,-11.1221
488.0000,-0.3296,-0.3955,1.1299,-73.0153,-112.2901,-17.3359
554.0000,-0.3464,-0.4329,1.1541,-74.4275,-124.7863,-24.7405
488.0000,-0.3420,-0.5259,1.1753,-49.9008,-136.7633,-33.2214
488.0000,-0.3196,-0.5491,1.1902,-16.7710,-146.4122,-39.5725
490.0000,-0.2883,-0.5588,1.1580,5.3282,-152.2443,-42.9160
489.0000,-0.2192,-0.5261,1.0918,12.0229,-151.5572,-44.2290
530.0000,-0.1821,-0.4980,1.0730,8.6870,-150.2977,-45.2672
467.0000,-0.1487,-0.4705,1.0745,3.7405,-149.8855,-47.3664
460.0000,-0.1272,-0.4668,1.0544,7.1145,-148.3969,-49.9695
423.0000,-0.1255,-0.4604,1.0278,19.7176,-152.5954,-52.8702
592.0000,-0.0359,-0.4951,0.9512,24.9847,-147.5191,-53.1450
509.0000,-0.2168,-0.2966,1.0449,36.1374,-167.5420,-54.4046
488.0000,-0.1047,-0.3354,1.0232,22.0916,-172.9542,-58.8092
428.0000,-0.0276,-0.3022,1.0295,13.0382,-163.7633,-61.6336
589.0000,-0.0688,-0.3499,0.9060,7.5954,-160.4656,-61.9847
567.0000,-0.0994,-0.3840,0.9082,-7.6336,-164.0458,-59.0763
437.0000,-0.1138,-0.3792,0.9788,-12.6336,-171.8092,-59.7176
506.0000,-0.0891,-0.3672,0.9741,-8.1756,-176.3511,-61.9618
544.0000,-0.0535,-0.4063,0.9578,3.8015,-177.8855,-62.6336
491.0000,-0.0852,-0.4485,0.9741,15.8550,-183.8473,-60.5725
470.0000,-0.0466,-0.4856,1.0354,25.4046,-184.3588,-59.0153
497.0000,-0.0293,-0.4568,1.0093,28.0534,-184.8702,-58.8779
458.0000,0.0066,-0.4390,0.9568,33.1908,-185.4504,-57.3817
524.0000,0.0425,-0.4399,0.8904,38.5267,-187.3282,-56.1221
475.0000,0.0530,-0.3967,0.9033,39.3359,-191.5954,-56.7863
469.0000,0.0754,-0.3452,0.8713,36.7710,-196.0076,-58.6260
512.0000,0.1108,-0.3054,0.8406,31.8779,-199.7710,-61.0076
447.0000,0.1458,-0.2559,0.8103,19.3969,-200.4962,-64.4198
517.0000,0.1650,-0.2227,0.7769,7.2901,-201.4504,-66.7099
439.0000,0.1870,-0.2251,0.7397,-2.8015,-203.6336,-67.5878
530.0000,0.2209,-0.2527,0.6934,-10.4122,-205.4962,-68.8168
487.0000,0.2585,-0.3113,0.7087,-11.9771,-205.3740,-70.4962
494.0000,0.2595,-0.3396,0.7395,-6.0305,-204.7099,-70.6412
484.0000,0.2595,-0.2935,0.7344,3.6794,-204.2214,-67.5420
490.0000,0.2891,-0.2461,0.6736,11.1908,-203.1832,-65.7863
520.0000,0.3135,-0.2222,0.6099,17.0916,-203.3817,-64.9618
533.0000,0.3259,-0.2122,0.6038,17.4962,-203.8626,-65.5420
447.0000,0.3420,-0.1814,0.5764,10.9237,-200.6488,-65.5038
548.0000,0.3655,-0.2068,0.5088,3.1985,-197.3130,-64.7634
472.0000,0.3579,-0.2373,0.4971,-0.9695,-196.9771,-63.7252
472.0000,0.3655,-0.2297,0.5186,-3.1603,-198.4504,-62.8702
512.0000,0.3853,-0.2058,0.5425,-0.9008,-198.5267,-62.3588
483.0000,0.4011,-0.1931,0.5251,4.7023,-197.0687,-62.9466
584.0000,0.4316,-0.1851,0.4900,11.7099,-197.2519,-62.7481
476.0000,0.4143,-0.1919,0.5542,10.8855,-198.7633,-63.5878
507.0000,0.4365,-0.1328,0.4915,7.3817,-195.6412,-63.4885
558.0000,0.4956,-0.1340,0.4202,4.8779,-189.9313,-62.6336
446.0000,0.4810,-0.2021,0.4324,-2.2901,-188.5114,-62.9466
506.0000,0.4702,-0.1641,0.4165,-4.5496,-187.0305,-62.2137
445.0000,0.5181,-0.1367,0.3037,-0.7099,-183.7710,-60.7786
599.0000,0.5454,-0.1536,0.2881,2.7328,-182.0382,-60.8855
500.0000,0.5398,-0.1985,0.3638,3.3359,-180.8321,-61.1145
453.0000,0.5610,-0.1345,0.3003,8.8397,-176.8702,-60.1985
520.0000,0.6270,-0.1064,0.2090,17.5725,-172.5267,-57.5344
510.0000,0.6169,-0.1084,0.2500,15.2977,-172.8321,-57.4427
484.0000,0.6206,-0.0500,0.2815,11.4656,-170.0992,-58.5573
436.0000,0.6763,-0.0583,0.1628,12.1527,-166.2748,-58.4504
612.0000,0.6921,-0.0781,0.1846,7.6336,-162.6947,-58.4046
444.0000,0.6860,-0.1074,0.3115,-3.3817,-157.9008,-58.1832
473.0000,0.6721,-0.0581,0.2893,-3.8397,-149.8473,-58.3664
456.0000,0.7290,-0.0588,0.1782,3.8550,-141.9542,-55.8779
451.0000,0.7266,-0.1233,0.1521,8.6947,-138.5725,-52.7481
507.0000,0.6960,-0.0977,0.1489,15.5573,-138.0763,-50.3588
473.0000,0.7451,-0.0667,0.1001,27.3740,-135.7786,-49.1069
475.0000,0.7700,-0.0601,0.1101,34.1679,-134.3664,-48.2824
531.0000,0.7795,-0.0127,0.1326,34.0305,-131.5420,-46.7939
460.0000,0.7917,0.0310,0.1099,36.1679,-129.1908,-46.3053
491.0000,0.8044,0.0383,0.0769,32.9008,-126.4046,-46.1298
491.0000,0.8240,0.0432,0.0972,23.0611,-121.5725,-44.2214
463.0000,0.8250,0.0000,0.1523,11.9695,-113.3206,-42.7634
448.0000,0.8521,0.0229,0.0779,12.1756,-105.8092,-40.8702
551.0000,0.8552,-0.0168,-0.0002,16.0000,-102.0534,-39.1527
518.0000,0.8499,-0.0171,-0.0325,20.9847,-103.6718,-38.1527
425.0000,0.8499,-0.1680,-0.0039,38.6718,-104.0305,-33.4809
629.0000,0.8860,0.0447,-0.0510,41.0153,-103.8168,-35.8397
448.0000,0.9417,0.0044,-0.0364,35.2443,-101.2137,-37.3053
527.0000,0.9409,0.0144,-0.0012,37.4962,-95.2061,-31.3359
486.0000,0.9834,-0.0078,-0.0430,42.3817,-89.8168,-29.3206
389.0000,1.0227,0.0845,-0.1018,31.1756,-81.1374,-31.8397
691.0000,0.9819,0.1060,-0.1233,25.4275,-74.0229,-29.5878
434.0000,0.9500,0.0847,-0.1963,23.6031,-66.7252,-21.5038
597.0000,1.0039,0.0762,-0.2205,24.9389,-65.6489,-22.0153
479.0000,1.0027,0.0659,-0.1902,25.6947,-61.8015,-21.2443
502.0000,1.0388,0.0859,-0.2148,28.2824,-56.9160,-20.4427
510.0000,1.0491,0.0681,-0.2444,31.4046,-50.8626,-17.8244
510.0000,1.0535,0.0894,-0.2617,27.9084,-45.1527,-15.1832
493.0000,1.0547,0.1206,-0.2754,18.4580,-38.2061,-12.8931
473.0000,1.0532,0.1318,-0.3154,9.7939,-30.6183,-10.3206
594.0000,1.0544,0.1191,-0.3169,3.9466,-24.0076,-8.7634
472.0000,1.0603,0.1123,-0.3105,-0.4198,-15.9237,-6.8321
480.0000,1.0769,0.1116,-0.3167,1.1221,-9.5802,-4.6260
499.0000,1.0671,0.1360,-0.3313,-0.6718,-2.4122,0.9924
471.0000,1.0869,0.1682,-0.3242,-5.1603,5.0916,3.7252
534.0000,1.0894,0.1584,-0.3384,-6.6183,12.1756,4.4962
483.0000,1.0742,0.1567,-0.3333,-7.3130,20.4580,7.6260
482.0000,1.0474,0.1855,-0.3318,-9.7405,34.1756,17.2748
485.0000,1.0962,0.1758,-0.3530,-10.1374,37.8626,12.7710
491.0000,1.0479,0.1494,-0.3555,-8.6260,45.5496,19.0611
456.0000,1.0483,0.1970,-0.3406,-10.5725,51.6107,21.7710
495.0000,1.0288,0.1284,-0.2769,-19.7176,62.6565,25.3740
482.0000,0.9805,0.1306,-0.2510,-16.7176,70.0763,30.8244
473.0000,0.9900,0.1001,-0.2463,-18.8931,77.0992,33.3053
475.0000,0.9868,0.0942,-0.2212,-24.6641,84.6412,35.6412
556.0000,0.9756,0.0769,-0.1921,-26.1374,92.1298,38.2824
455.0000,0.9592,0.0586,-0.1975,-25.2824,96.4580,41.1679
505.0000,0.9446,0.0747,-0.1812,-26.6183,100.7939,43.2977
482.0000,0.9348,0.0837,-0.1277,-25.1374,104.5191,45.1679
494.0000,0.9363,0.0840,-0.0911,-21.7252,109.2748,46.9695
525.0000,0.9114,0.0669,-0.0764,-18.9924,115.8626,48.8397
480.0000,0.8965,0.0645,-0.0596,-17.5725,123.8779,52.1527
494.0000,0.8882,0.0745,-0.0813,-15.4962,131.3511,55.2595
519.0000,0.8721,0.0798,-0.0820,-13.7634,136.4886,57.6183
492.0000,0.8447,0.0664,-0.0645,-15.5344,139.5114,59.1756
495.0000,0.8394,0.0601,-0.0598,-20.4504,142.5496,60.0076
495.0000,0.8254,0.0339,-0.0227,-15.8931,149.0916,61.6565
490.0000,0.8213,0.0310,-0.0332,-10.8168,153.9542,64.0458
470.0000,0.8145,-0.1611,-0.0886,9.3588,157.1450,68.1221
508.0000,0.7383,0.0723,0.0439,-23.4046,155.0305,66.3970
484.0000,0.7759,-0.0393,0.1345,-18.3206,162.7786,66.1527
470.0000,0.7488,-0.0884,0.1489,-15.9389,166.2137,69.3206
547.0000,0.7341,-0.0950,0.1409,-29.7557,175.9847,70.8550
489.0000,0.7158,-0.1030,0.1724,-29.6031,180.8015,72.9008
483.0000,0.6943,-0.1479,0.1353,-18.6718,183.5267,74.4428
510.0000,0.6606,-0.1550,0.1277,-11.1450,184.5572,75.0840
492.0000,0.6326,-0.1255,0.1414,-10.3130,183.6641,74.4428
462.0000,0.6167,-0.1169,0.1985,-7.8931,184.4962,73.6641
521.0000,0.6230,-0.1047,0.1936,-8.7481,188.8931,72.6718
498.0000,0.6196,-0.1013,0.2109,-16.4504,195.7023,72.2519
475.0000,0.5776,-0.0947,0.2866,-28.0611,198.4427,71.8626
506.0000,0.5676,-0.1516,0.3242,-35.5344,203.2977,71.6947
443.0000,0.5652,-0.2117,0.3054,-34.8855,210.9389,73.3664
582.0000,0.5317,-0.2449,0.2761,-22.2519,215.2901,77.1450
482.0000,0.4861,-0.2402,0.3345,-10.4427,214.7786,80.2595
488.0000,0.4490,-0.2427,0.4780,1.7023,214.8168,81.3893
488.0000,0.4333,-0.2778,0.5112,20.6412,216.5267,81.2290
511.0000,0.4138,-0.3376,0.4841,39.6565,218.1450,81.1450
494.0000,0.3762,-0.2854,0.5034,48.0153,216.8931,81.4657
480.0000,0.3735,-0.2126,0.5420,44.4809,214.8092,77.7023
497.0000,0.3787,-0.1914,0.5374,31.8015,213.3130,71.2290
532.0000,0.3765,-0.2385,0.5596,14.4656,214.0687,66.3817
480.0000,0.3223,-0.2346,0.6831,26.8244,214.5725,65.4275
496.0000,0.2700,-0.1609,0.5173,-11.8550,217.0534,63.6718
474.0000,0.3584,-0.1836,0.4705,-34.1374,226.2824,60.3664
521.0000,0.2627,-0.2681,0.4858,-34.6107,219.3130,63.0153
481.0000,0.3108,-0.2007,0.5745,-40.5725,222.5420,64.6183
493.0000,0.2886,-0.1958,0.6860,-42.0916,224.0611,62.6718
488.0000,0.2622,-0.2766,0.6943,-32.8015,229.3893,64.6870
508.0000,0.2107,-0.3674,0.6997,-20.7786,232.4809,70.1908
489.0000,0.1689,-0.3586,0.7339,-17.2366,234.5954,74.6489
474.0000,0.1003,-0.3770,0.7412,-15.4580,233.8397,76.5115
545.0000,0.0620,-0.4072,0.7715,-3.1527,231.9618,77.6107
488.0000,0.0557,-0.3838,0.8174,15.0153,230.8855,77.5573
481.0000,0.0320,-0.3599,0.7942,28.0534,228.3969,75.7634
509.0000,0.0122,-0.3118,0.8232,33.7099,226.2901,73.1908
500.0000,0.0017,-0.2622,0.8945,24.9008,226.6717,70.0534
493.0000,-0.0076,-0.2097,0.8782,5.2519,229.6031,65.2519
553.0000,-0.0361,-0.2615,0.7712,-7.4885,229.8397,61.1679
492.0000,-0.1101,-0.3855,0.8613,-29.8855,227.4580,59.7405
485.0000,-0.2458,-0.4080,1.0996,-48.2290,223.0000,59.1985
519.0000,-0.3064,-0.4934,1.1997,-45.1679,218.6717,60.2748
515.0000,-0.3328,-0.5811,1.2119,-27.4504,215.0229,63.5878
473.0000,-0.3916,-0.5950,1.2656,-0.8092,206.0611,65.2366
504.0000,-0.4189,-0.5295,1.3000,21.4580,194.0153,61.7176
490.0000,-0.3940,-0.4890,1.3267,43.3893,182.2595,54.5878
487.0000,-0.3428,-0.4514,1.2737,52.9389,177.4656,48.8550
520.0000,-0.3303,-0.4233,1.2424,48.2290,171.8168,43.7939
488.0000,-0.3193,-0.3647,1.2275,31.8779,163.5191,40.5725
462.0000,-0.2825,-0.3118,1.2324,16.9160,157.1374,36.8168
570.0000,-0.2229,-0.3218,1.1802,8.4046,155.8855,34.0611
479.0000,-0.2329,-0.3499,1.2432,5.0305,150.8550,34.1374
470.0000,-0.3152,-0.3447,1.3706,6.9542,141.7939,33.6412
498.0000,-0.3298,-0.3706,1.3267,14.6260,136.0992,34.4580
539.0000,-0.3206,-0.3938,1.2532,25.3893,132.7099,37.0458
473.0000,-0.3694,-0.3625,1.2249,31.4275,124.7557,38.4733
503.0000,-0.4099,-0.3030,1.2380,29.8168,113.9084,35.3740
491.0000,-0.4402,-0.2854,1.2788,25.1298,101.7328,28.9847
478.0000,-0.4187,-0.3357,1.2441,20.1908,93.4122,23.4885
516.0000,-0.4038,-0.2903,1.1792,11.1527,91.6107,22.6718
493.0000,-0.4387,-0.2700,1.1211,-0.3664,79.9389,20.4046
469.0000,-0.3984,-0.2854,1.0940,-22.0153,70.1603,17.5725
539.0000,-0.3760,-0.2771,1.1196,-36.3740,60.9237,14.0687
516.0000,-0.3547,-0.2439,1.1101,-44.8015,57.6260,12.2824
480.0000,-0.3242,-0.2935,1.1335,-54.3969,50.3969,8.2977
491.0000,-0.3560,-0.3552,1.2068,-61.2137,42.5878,14.1298
522.0000,-0.2766,-0.3706,1.2168,-57.5573,43.4580,12.3511
504.0000,-0.2971,-0.3835,1.2095,-45.9008,38.7252,10.8321
519.0000,-0.3425,-0.4038,1.2449,-36.6870,30.7252,15.1450
493.0000,-0.3386,-0.4126,1.2178,-37.1679,21.1221,15.5573
479.0000,-0.2588,-0.4888,1.1677,-25.8931,20.2977,14.9466
489.0000,-0.3645,-0.5339,1.2026,-15.4885,10.1985,9.7176
525.0000,-0.4512,-0.5510,1.2556,-22.3969,-6.3435,3.8779
479.0000,-0.3958,-0.5798,1.3342,-24.8397,-21.7786,-1.8473
462.0000,-0.2979,-0.5610,1.3503,-11.9847,-25.5878,-4.1985
538.0000,-0.2595,-0.5024,1.2598,0.6870,-21.7863,-5.7252
468.0000,-0.2676,-0.4771,1.1357,6.6794,-20.0229,-4.4504
497.0000,-0.2688,-0.4290,1.0154,9.9389,-19.3588,-2.5420
488.0000,-0.2334,-0.3772,0.9507,14.8931,-16.4809,0.0611
486.0000,-0.1689,-0.3311,0.8672,23.9466,-15.2214,-0.4809
525.0000,-0.1763,-0.2458,0.8289,24.0229,-20.1298,-4.6336
518.0000,-0.1853,-0.2759,0.7966,15.9924,-24.9160,-5.7099
475.0000,-0.2041,-0.3059,0.8281,13.5344,-26.7252,-5.6641
491.0000,-0.2126,-0.3040,0.8313,9.9389,-24.7863,-5.3740
519.0000,-0.2310,-0.2913,0.8137,1.1221,-23.1298,-4.4504
463.0000,-0.2415,-0.3052,0.8064,-4.4275,-22.4885,-3.4962
537.0000,-0.2422,-0.3035,0.8315,-4.9847,-22.2748,-3.0229
473.0000,-0.2278,-0.2793,0.8455,-2.1679,-22.4656,-3.0229
514.0000,-0.2476,-0.2866,0.8354,2.9542,-24.8321,-3.2519
491.0000,-0.2642,-0.2847,0.8555,5.3282,-27.4733,-2.8321