raw_emg,raw_ax,raw_ay,raw_az,raw_gx,raw_gy,raw_gz
6.0000,-0.2576,-0.2000,0.8403,-7.6794,2.6565,0.1908
7.0000,-0.2561,-0.2017,0.8450,-6.4046,2.4198,-0.4733
8.0000,-0.2632,-0.1909,0.8530,-5.2519,2.6565,-0.8168
7.0000,-0.2617,-0.1965,0.8398,-4.7634,2.6107,-0.4885
6.0000,-0.2634,-0.1887,0.8411,-5.3893,2.8397,0.0229
7.0000,-0.2683,-0.1914,0.8442,-5.9618,3.2137,0.3282
7.0000,-0.2734,-0.1885,0.8369,-5.6107,3.5802,0.1679
8.0000,-0.2783,-0.1892,0.8467,-4.7863,2.6031,0.4809
7.0000,-0.2715,-0.1841,0.8323,-4.8321,2.0611,0.8015
8.0000,-0.2815,-0.1836,0.8450,-5.0382,2.2595,1.0534
8.0000,-0.2832,-0.1846,0.8398,-5.8092,2.4504,1.4275
8.0000,-0.2800,-0.1951,0.8364,-6.9084,2.2672,1.5954
8.0000,-0.2803,-0.2024,0.8323,-6.6947,1.9618,1.7176
8.0000,-0.2773,-0.2058,0.8315,-6.7634,1.6718,2.3664
8.0000,-0.2727,-0.2046,0.8306,-7.2290,1.8550,2.9771
9.0000,-0.2742,-0.2002,0.8225,-8.2290,1.7023,3.4733
10.0000,-0.2759,-0.1919,0.8274,-9.9313,1.5573,4.2901
8.0000,-0.2671,-0.1907,0.8237,-11.0305,1.4962,4.2137
7.0000,-0.2744,-0.2019,0.8232,-11.3511,1.6260,3.6565
8.0000,-0.2754,-0.2100,0.8291,-12.0840,1.2519,3.4427
7.0000,-0.2781,-0.2239,0.8208,-13.0153,0.8168,3.2672
7.0000,-0.2771,-0.2249,0.8279,-13.6565,0.6412,3.2366
7.0000,-0.2783,-0.2256,0.8323,-13.6183,0.4351,2.8779
8.0000,-0.2781,-0.2261,0.8425,-12.9695,0.1603,2.6565
9.0000,-0.2830,-0.2275,0.8450,-11.7099,0.3969,2.2824
9.0000,-0.2771,-0.2205,0.8391,-9.7863,0.4809,1.7786
9.0000,-0.2756,-0.2144,0.8391,-8.1145,0.6641,1.3359
9.0000,-0.2705,-0.2222,0.8320,-8.3740,1.6412,1.5954
9.0000,-0.2600,-0.2068,0.8215,-8.3053,2.4656,1.2519
8.0000,-0.2659,-0.2043,0.8157,-5.0687,1.6565,1.3893
8.0000,-0.2649,-0.2068,0.8149,-4.9924,1.1374,1.1985
8.0000,-0.2590,-0.2026,0.8130,-3.3511,0.7557,1.0153
8.0000,-0.2634,-0.2129,0.8186,-2.5954,1.1145,0.8855
8.0000,-0.2446,-0.2197,0.8098,-2.6718,0.7939,0.8397
8.0000,-0.2473,-0.2268,0.8188,-3.2061,1.4580,1.3969
9.0000,-0.2542,-0.2322,0.8228,-4.2672,2.2748,1.5954
11.0000,-0.2515,-0.2324,0.8411,-4.4809,3.2901,1.7939
11.0000,-0.2617,-0.2363,0.8418,-4.7481,4.2748,1.3511
11.0000,-0.2629,-0.2334,0.8511,-5.0305,4.8092,0.8092
123.0000,-0.2671,-0.2300,0.8479,-4.9618,5.3740,0.8321
113.0000,-0.2708,-0.2266,0.8474,-4.8473,6.1374,0.5420
157.0000,-0.2698,-0.2415,0.8540,-4.9695,6.2366,0.1221
154.0000,-0.2734,-0.2395,0.8428,-4.3435,6.2824,-0.1374
156.0000,-0.2771,-0.2419,0.8562,-3.5649,6.4504,-0.0534
150.0000,-0.2820,-0.2520,0.8538,-1.2901,5.9924,-0.4427
172.0000,-0.2871,-0.2502,0.8489,0.7023,5.4275,-0.6031
172.0000,-0.2913,-0.2358,0.8477,2.2901,4.8550,-0.0382
159.0000,-0.2900,-0.2236,0.8342,3.5496,4.1221,0.1756
210.0000,-0.2822,-0.2236,0.8237,3.8550,3.1069,0.0305
195.0000,-0.2900,-0.2256,0.8276,2.8092,2.9542,-0.4580
191.0000,-0.2983,-0.2322,0.8213,2.5954,2.7405,-0.8015
209.0000,-0.2861,-0.2195,0.8235,2.4885,2.6336,-0.8779
224.0000,-0.2710,-0.2065,0.8398,2.2137,2.8092,-0.2595
201.0000,-0.2805,-0.2095,0.8379,2.0992,3.0076,0.1221
237.0000,-0.2749,-0.2068,0.8562,1.0840,3.2519,0.4733
215.0000,-0.2739,-0.2009,0.8550,0.2443,3.2290,0.7328
224.0000,-0.2776,-0.2053,0.8499,-0.0153,4.0916,1.6870
246.0000,-0.2747,-0.2051,0.8291,2.0687,3.7786,2.1908
248.0000,-0.2751,-0.1948,0.8210,2.6947,2.6107,2.6183
219.0000,-0.2781,-0.1978,0.8298,3.4580,1.1985,2.5420
243.0000,-0.2676,-0.2007,0.8176,2.1450,0.8702,3.2977
264.0000,-0.2734,-0.1836,0.8235,-0.3206,0.4962,3.5344
256.0000,-0.2815,-0.1926,0.8325,-2.2901,-0.0382,3.4962
261.0000,-0.2883,-0.2024,0.8557,-2.7710,-1.0534,3.8092
245.0000,-0.2834,-0.2046,0.8604,-1.7786,-2.4504,3.6794
246.0000,-0.2930,-0.2065,0.8875,-1.8779,-2.7023,4.2214
256.0000,-0.2954,-0.2144,0.8953,-0.8626,-3.8397,4.2366
248.0000,-0.2971,-0.2053,0.9004,-1.0687,-4.6641,4.1908
257.0000,-0.2961,-0.2019,0.8899,-1.5191,-4.7710,5.0840
259.0000,-0.3091,-0.1924,0.8755,-3.9160,-5.9618,5.0382
267.0000,-0.3083,-0.1855,0.8884,-7.7710,-7.9618,4.5725
254.0000,-0.3179,-0.1770,0.9128,-11.6718,-10.0229,3.7634
257.0000,-0.3301,-0.1692,0.9265,-14.5725,-12.1069,2.5115
293.0000,-0.3398,-0.1792,0.9521,-17.0687,-14.5038,1.4122
281.0000,-0.3560,-0.1982,0.9819,-18.9389,-17.4809,0.4885
266.0000,-0.3813,-0.2146,1.0342,-19.4580,-21.2519,-0.4504
304.0000,-0.3875,-0.2385,1.0671,-19.1298,-24.5114,-1.4733
265.0000,-0.4011,-0.2549,1.0745,-18.0763,-27.2977,-1.3969
278.0000,-0.4167,-0.2783,1.0901,-13.2595,-31.1679,-1.2366
279.0000,-0.4390,-0.2932,1.1177,-9.5115,-36.0153,-0.6489
265.0000,-0.4448,-0.2834,1.1272,-6.6947,-41.4962,-0.9695
219.0000,-0.4490,-0.2556,1.1245,-7.1985,-46.9237,-0.9695
299.0000,-0.4497,-0.2424,1.1262,-11.7328,-52.5802,-1.8244
306.0000,-0.4417,-0.2209,1.1580,-19.5496,-59.0916,-3.1832
200.0000,-0.4368,-0.2197,1.1865,-28.8015,-65.7939,-4.9237
363.0000,-0.4324,-0.2354,1.2251,-34.7328,-72.1145,-6.6718
285.0000,-0.4358,-0.2703,1.2622,-38.2824,-78.5496,-8.0153
272.0000,-0.4485,-0.3132,1.2876,-38.1985,-85.2595,-9.2595
229.0000,-0.4546,-0.3491,1.2805,-35.2672,-92.7634,-9.0076
387.0000,-0.4600,-0.3484,1.2839,-29.3740,-102.2061,-9.0763
285.0000,-0.4619,-0.3362,1.3083,-24.8168,-112.5954,-9.4351
297.0000,-0.4417,-0.2896,1.3069,-22.6336,-123.4886,-11.0382
263.0000,-0.4036,-0.2717,1.2444,-21.8626,-133.0153,-12.6183
401.0000,-0.3901,-0.2729,1.2043,-25.9237,-142.2366,-14.8473
300.0000,-0.3940,-0.2971,1.2507,-36.2443,-152.4886,-18.2137
234.0000,-0.3713,-0.3162,1.3308,-48.2137,-161.8397,-21.4198
353.0000,-0.3423,-0.3083,1.3535,-55.5878,-167.7710,-22.0305
309.0000,-0.3499,-0.3525,1.4014,-58.5420,-173.3282,-23.2672
268.0000,-0.3616,-0.3867,1.3911,-56.6870,-181.9008,-24.2672
346.0000,-0.3357,-0.3730,1.3086,-48.6947,-191.9160,-22.6183
358.0000,-0.3328,-0.3677,1.2903,-47.4275,-201.0611,-23.3206
304.0000,-0.3142,-0.3682,1.2903,-49.3817,-210.1450,-26.3969
281.0000,-0.2698,-0.3333,1.2449,-51.0763,-219.4122,-27.7634
299.0000,-0.2458,-0.3000,1.1880,-54.9847,-228.4886,-28.6260
340.0000,-0.2056,-0.2798,1.1602,-65.8931,-234.9847,-34.0305
317.0000,-0.1689,-0.3267,1.0916,-73.1069,-241.4580,-40.2595
356.0000,-0.1658,-0.3972,1.0278,-85.7557,-247.2748,-44.6107
301.0000,-0.1472,-0.4268,1.0503,-93.2443,-250.1374,-48.6183
330.0000,-0.1206,-0.4612,1.0435,-96.0000,-250.1374,-51.2824
342.0000,-0.0857,-0.4500,0.9990,-86.6641,-250.1374,-53.5115
347.0000,-0.0710,-0.4448,0.9543,-70.1527,-250.1374,-54.5496
293.0000,-0.0640,-0.4626,0.9526,-55.2137,-250.1374,-57.8931
361.0000,-0.0176,-0.4363,0.8430,-43.7099,-250.1374,-59.7863
350.0000,0.0229,-0.4019,0.8135,-36.3435,-250.1374,-61.4351
348.0000,0.0105,-0.4133,0.8030,-36.6031,-250.1374,-65.7939
268.0000,0.0483,-0.3694,0.6819,-37.3740,-250.1374,-68.6183
441.0000,0.0872,-0.3281,0.6316,-40.7557,-250.1374,-70.5038
292.0000,0.0571,-0.3997,0.6941,-56.1679,-250.1374,-75.1908
329.0000,0.0720,-0.3804,0.6563,-60.6336,-250.1374,-80.3130
313.0000,0.1060,-0.3364,0.5288,-55.3893,-250.1374,-80.4428
366.0000,0.1128,-0.3010,0.4336,-51.4351,-250.1374,-83.0305
349.0000,0.1394,-0.3098,0.3984,-49.1298,-250.1374,-88.9237
379.0000,0.2144,-0.3000,0.3313,-48.1832,-250.1374,-94.3283
311.0000,0.2661,-0.2534,0.2839,-49.7786,-250.1374,-96.4580
323.0000,0.2993,-0.2607,0.3228,-66.8397,-250.1374,-100.4198
352.0000,0.3469,-0.2085,0.2756,-75.8015,-250.1374,-103.7710
354.0000,0.4058,-0.1868,0.1650,-79.8550,-250.1374,-104.0992
308.0000,0.4180,-0.1887,0.0994,-83.1756,-250.1374,-104.8015
345.0000,0.4434,-0.2024,0.0610,-88.1221,-250.1374,-106.9084
344.0000,0.4856,-0.2009,-0.0103,-77.4351,-250.1374,-106.2824
358.0000,0.5273,-0.1626,-0.1013,-63.4198,-250.1374,-102.9542
360.0000,0.5886,-0.1016,-0.1753,-49.7557,-248.4122,-99.5573
360.0000,0.6379,-0.1128,-0.2432,-34.7557,-237.1374,-96.0916
353.0000,0.6770,-0.0796,-0.3765,-15.2595,-228.4504,-90.0382
303.0000,0.7305,-0.0825,-0.5222,7.6870,-217.8855,-81.7176
342.0000,0.7668,-0.0281,-0.5999,26.2366,-206.3130,-73.8702
438.0000,0.8164,0.0264,-0.6497,43.6565,-192.4962,-65.5954
379.0000,0.8684,0.0801,-0.7209,53.6641,-173.7176,-57.2061
345.0000,0.8757,0.1167,-0.7437,58.6947,-152.8626,-49.1145
371.0000,0.9189,0.1235,-0.8069,54.9160,-127.1756,-40.5802
337.0000,0.9434,0.0930,-0.8206,42.7328,-98.1527,-31.7786
387.0000,0.9526,0.0947,-0.8279,30.3053,-69.9924,-24.0611
364.0000,0.9556,0.0811,-0.8298,15.0076,-42.7939,-16.4962
376.0000,0.9490,0.0659,-0.7913,-1.5191,-13.9237,-9.9847
353.0000,0.9246,0.0449,-0.6875,-10.6260,10.8626,-4.6489
373.0000,0.9167,0.0012,-0.6372,-18.7099,33.4427,0.6718
361.0000,0.9041,-0.0078,-0.5386,-23.6718,53.6947,6.2748
400.0000,0.8967,-0.0779,-0.4985,-29.1603,76.6031,10.4809
364.0000,0.8740,-0.1306,-0.4187,-22.3359,90.4733,16.0153
366.0000,0.8391,-0.1392,-0.3176,-17.3282,101.3893,21.5267
356.0000,0.8420,-0.1418,-0.2329,-15.1603,115.5191,24.0534
410.0000,0.8347,-0.1858,-0.1826,-10.1450,129.2672,27.7023
375.0000,0.8076,-0.2061,-0.1538,-5.8473,139.1145,31.6794
371.0000,0.7927,-0.2151,-0.1052,-2.0992,146.5878,34.5420
387.0000,0.7883,-0.1882,-0.0559,-2.6336,151.9466,36.2137
378.0000,0.7859,-0.1892,-0.0383,2.4122,157.0992,36.9084
368.0000,0.7759,-0.2158,-0.0161,3.3969,161.4809,38.7405
379.0000,0.7661,-0.2122,0.0488,3.7023,166.0000,40.4885
403.0000,0.7615,-0.2009,0.0706,7.2595,170.1527,42.2977
393.0000,0.7498,-0.1956,0.1116,8.5649,175.0000,43.6031
399.0000,0.7107,-0.2183,0.2153,5.1145,181.6488,43.8702
349.0000,0.6997,-0.2285,0.2700,11.6718,185.0153,44.8779
385.0000,0.7173,-0.2280,0.2229,16.6641,188.6641,47.4046
367.0000,0.7112,-0.2244,0.2400,19.1069,191.7710,49.5725
362.0000,0.6545,-0.2534,0.3257,16.4046,193.8550,49.1908
380.0000,0.6523,-0.2273,0.3564,16.4122,195.4580,49.1832
399.0000,0.6418,-0.2219,0.3359,23.7176,193.4656,50.7786
376.0000,0.6338,-0.2068,0.2908,24.4656,193.5802,52.7099
386.0000,0.6216,-0.2043,0.3325,23.0763,195.7252,52.5802
382.0000,0.6223,-0.1899,0.3801,22.1985,198.2137,52.3511
373.0000,0.5627,-0.1946,0.3494,16.3130,195.6565,53.0076
386.0000,0.5337,-0.2021,0.3867,11.7786,194.6107,54.2824
383.0000,0.5242,-0.2175,0.4373,12.5344,198.3664,53.8931
384.0000,0.4973,-0.1975,0.4521,6.9847,198.3511,54.7328
400.0000,0.4819,-0.2148,0.5063,5.5802,197.1679,55.7099
391.0000,0.4436,-0.2722,0.5776,6.4656,197.4198,55.6260
394.0000,0.4419,-0.2629,0.5908,4.9084,200.5267,55.9160
392.0000,0.4187,-0.3005,0.5774,10.8092,202.9695,59.0076
405.0000,0.4119,-0.3032,0.5588,3.0992,208.0687,58.2824
393.0000,0.3721,-0.2871,0.5479,2.7481,210.3588,58.9542
405.0000,0.3428,-0.3218,0.5422,5.6870,211.2672,59.2748
410.0000,0.2996,-0.2832,0.5811,8.4122,206.4504,59.0382
400.0000,0.2729,-0.2690,0.5581,1.7863,202.7099,58.6260
394.0000,0.2627,-0.2595,0.6533,1.9313,205.0305,57.6489
405.0000,0.2158,-0.2625,0.7246,-4.0687,196.3206,53.0305
402.0000,0.1697,-0.2761,0.7302,-13.5038,196.7099,54.8397
395.0000,0.1763,-0.3015,0.8437,-18.2519,198.7176,52.8244
419.0000,0.1108,-0.3323,0.9141,-17.1603,199.0611,53.4656
403.0000,0.0801,-0.3904,0.9604,-15.5115,199.0305,54.7252
404.0000,0.0510,-0.3972,0.9744,-7.3969,196.0611,57.1069
417.0000,0.0701,-0.4319,0.9333,2.5115,198.3588,60.1832
411.0000,0.0747,-0.4014,0.8313,16.3588,194.7557,60.9618
410.0000,0.0205,-0.3716,0.7913,22.9389,187.9008,60.9618
405.0000,0.0007,-0.3374,0.7871,17.3740,181.1679,57.8550
432.0000,0.0200,-0.3047,0.7871,9.8092,177.6641,54.3740
418.0000,-0.0088,-0.3083,0.8589,-1.8092,175.6031,52.3130
420.0000,-0.0374,-0.3188,1.0264,-12.6107,172.2901,51.0229
424.0000,-0.0415,-0.3416,1.1414,-14.0076,169.8473,50.4504
411.0000,-0.0654,-0.4153,1.1323,-4.2214,166.8702,51.6031
428.0000,-0.1499,-0.4695,1.1802,2.1527,163.5267,53.6641
421.0000,-0.1897,-0.4917,1.3018,14.7023,157.1832,54.1145
414.0000,-0.1887,-0.4937,1.2698,29.7863,152.7252,55.0153
431.0000,-0.1990,-0.4956,1.1682,44.5496,149.2748,55.7252
427.0000,-0.2192,-0.4900,1.0864,54.1985,142.2061,55.6107
409.0000,-0.1968,-0.4539,1.0376,55.3435,137.0382,53.4962
433.0000,-0.1672,-0.4087,0.9875,47.9237,133.8015,49.8931
425.0000,-0.1707,-0.3774,0.9407,42.1679,128.9542,45.7252
414.0000,-0.2085,-0.3545,0.9890,27.2672,123.2061,40.9618
431.0000,-0.2295,-0.3584,1.0796,11.7099,116.0458,35.4351
433.0000,-0.2288,-0.3848,1.1511,1.0763,112.2366,31.4656
417.0000,-0.2468,-0.4031,1.1716,-3.0458,109.7557,29.8397
431.0000,-0.2859,-0.4468,1.1941,-3.5344,106.1985,29.5496
433.0000,-0.3198,-0.4973,1.2642,-2.9389,102.0076,27.2443
424.0000,-0.3179,-0.5227,1.3047,3.4198,98.9924,25.8931
432.0000,-0.3208,-0.5378,1.3135,22.4580,94.0000,25.9771
437.0000,-0.2979,-0.5310,1.2578,35.3588,91.8931,25.8015
422.0000,-0.2649,-0.5154,1.1907,55.3893,92.8321,24.4962
434.0000,-0.2310,-0.4890,1.0747,65.7939,91.9313,25.6489
436.0000,-0.2048,-0.4058,0.8872,71.8702,88.6412,29.6870
420.0000,-0.2058,-0.3503,0.8323,73.7023,87.1069,30.2290
435.0000,-0.2192,-0.3054,0.7866,58.4198,86.0458,26.3664
438.0000,-0.2317,-0.2737,0.6897,51.5649,79.9466,22.7710
419.0000,-0.2549,-0.2429,0.6882,42.9084,73.3511,19.1908
434.0000,-0.2786,-0.2268,0.7620,26.7939,64.1527,13.1527
443.0000,-0.2690,-0.2288,0.8352,9.7252,56.5573,6.6031
421.0000,-0.2437,-0.2664,0.9175,-7.1374,55.5496,3.4504
434.0000,-0.2815,-0.3447,1.0002,-22.3893,53.9542,2.3130
445.0000,-0.3074,-0.4104,1.0737,-31.2824,51.4885,1.2214
422.0000,-0.3052,-0.4600,1.1467,-29.5191,48.3740,2.1527
436.0000,-0.3037,-0.4761,1.1572,-18.7939,45.9771,4.3511
427.0000,-0.3105,-0.4746,1.1362,-0.3282,41.8779,6.3664
426.0000,-0.3047,-0.4438,1.1274,18.5878,35.9542,7.5802
437.0000,-0.2983,-0.4231,1.1074,29.4427,32.2595,7.8702
430.0000,-0.3079,-0.4038,1.0894,33.1145,27.2366,8.2672
428.0000,-0.2920,-0.3887,1.0977,29.3664,21.8855,8.1069
428.0000,-0.2786,-0.3711,1.1294,23.5496,17.8855,6.2672
434.0000,-0.2800,-0.3928,1.1438,21.3359,12.5573,3.8168
426.0000,-0.2754,-0.3782,1.1418,21.8473,5.6412,2.4427
437.0000,-0.2546,-0.3572,1.1267,24.6107,-0.1450,1.9924
434.0000,-0.2292,-0.3076,1.0803,24.3435,-1.6489,1.3206
418.0000,-0.2168,-0.2632,1.0081,23.5725,-1.7863,0.7710
436.0000,-0.2012,-0.2483,0.9622,20.2595,-1.3740,0.6107
425.0000,-0.1926,-0.2239,0.9038,16.9008,-0.5878,0.6336
429.0000,-0.1895,-0.1941,0.8511,14.9771,1.0534,0.8779
435.0000,-0.2012,-0.1763,0.7998,14.2519,2.8626,0.5649
424.0000,-0.1997,-0.1738,0.7610,15.6641,2.9542,0.3817
437.0000,-0.2007,-0.1702,0.7300,16.3206,3.8779,0.9847
416.0000,-0.2063,-0.1702,0.7146,16.8626,5.3588,1.0840
424.0000,-0.2219,-0.1594,0.7097,15.6336,6.7099,1.9313
434.0000,-0.2317,-0.1680,0.6917,15.0992,7.6565,2.8473
426.0000,-0.2461,-0.1611,0.7019,15.2061,8.5344,4.1221
434.0000,-0.2534,-0.1570,0.7178,16.1374,8.6641,4.8473
435.0000,-0.2566,-0.1587,0.7444,14.9084,8.2061,5.8168
409.0000,-0.2717,-0.1499,0.7520,13.4122,7.5038,6.2443
456.0000,-0.2852,-0.1611,0.7708,9.7557,6.0076,5.8092
423.0000,-0.2791,-0.1821,0.8105,3.1374,4.2977,5.0305
415.0000,-0.2761,-0.1941,0.8413,-4.3588,3.4504,4.1756
452.0000,-0.2632,-0.2241,0.8760,-9.1756,2.2595,3.6183
440.0000,-0.2727,-0.2620,0.9114,-12.0687,-0.1985,3.6336
419.0000,-0.2749,-0.2949,0.9775,-11.0534,-3.2290,3.9008
490.0000,-0.2920,-0.3013,0.9966,-7.1603,-6.3206,4.4351
433.0000,-0.2942,-0.3098,1.0439,-1.1985,-9.0687,4.9542
443.0000,-0.2859,-0.3135,1.0654,3.2137,-11.6336,4.9313
417.0000,-0.2776,-0.3208,1.0488,5.7557,-13.6336,5.8168
469.0000,-0.2632,-0.3105,1.0386,7.7099,-15.3282,7.4122
392.0000,-0.2485,-0.2744,0.9888,8.0458,-16.5954,8.1756
524.0000,-0.2456,-0.2349,0.9653,6.0458,-19.3206,7.6565
461.0000,-0.2566,-0.2305,0.9705,2.0687,-22.9618,6.2214
434.0000,-0.2678,-0.2239,0.9805,-4.4351,-27.8244,4.7481
481.0000,-0.2854,-0.2185,0.9941,-7.9771,-32.2290,4.7557
468.0000,-0.3269,-0.2112,1.0408,-11.2290,-36.9618,4.3969
454.0000,-0.3623,-0.2034,1.1111,-17.0153,-41.9389,3.3435
416.0000,-0.4028,-0.2148,1.1738,-22.7939,-48.3893,0.7099
475.0000,-0.4275,-0.2268,1.2249,-27.0076,-55.2595,-1.6336
463.0000,-0.4399,-0.2339,1.2617,-30.7176,-62.1527,-3.8321
439.0000,-0.4502,-0.2522,1.2791,-35.2519,-69.4275,-6.3053
448.0000,-0.4670,-0.2629,1.2742,-39.7634,-76.6641,-7.8779
498.0000,-0.4893,-0.2529,1.2598,-43.2824,-85.0611,-8.8855
506.0000,-0.5142,-0.2705,1.2910,-49.7099,-94.2824,-10.7863
422.0000,-0.5190,-0.2959,1.3601,-54.5420,-103.9008,-13.2595
468.0000,-0.5229,-0.3027,1.3860,-55.3130,-112.9542,-14.7405
427.0000,-0.5208,-0.2966,1.3738,-52.6183,-120.8931,-15.0992
487.0000,-0.5325,-0.3308,1.4167,-50.6565,-130.9084,-17.3359
419.0000,-0.5115,-0.3274,1.4207,-50.4427,-141.0534,-19.8473
448.0000,-0.4814,-0.3191,1.3655,-50.0992,-148.2061,-21.0458
469.0000,-0.4548,-0.2856,1.3049,-52.8550,-154.4351,-23.2443
443.0000,-0.4263,-0.2800,1.2761,-57.0840,-161.1374,-26.9771
464.0000,-0.3931,-0.2720,1.2444,-62.3359,-170.4198,-30.6183
472.0000,-0.3789,-0.2788,1.2361,-64.9008,-178.4427,-32.8855
453.0000,-0.3618,-0.3223,1.2522,-69.8015,-184.1756,-34.8397
422.0000,-0.3379,-0.3628,1.2512,-68.4733,-188.8855,-37.2748
494.0000,-0.3154,-0.3542,1.1917,-58.7099,-196.6641,-37.6107
479.0000,-0.3008,-0.3364,1.1396,-50.6489,-204.1985,-36.3359
434.0000,-0.2803,-0.3579,1.1711,-49.8092,-209.4046,-38.4656
447.0000,-0.2385,-0.3743,1.1057,-45.7252,-214.0229,-40.9542
504.0000,-0.2063,-0.3813,1.0022,-43.3206,-216.3435,-40.5649
425.0000,-0.1836,-0.3757,1.0176,-45.2061,-219.3435,-42.9389
443.0000,-0.1333,-0.3413,0.9651,-45.3969,-222.6488,-45.1527
504.0000,-0.0769,-0.3132,0.9045,-49.3664,-224.6565,-46.0763
372.0000,-0.0527,-0.3291,0.9104,-53.5115,-223.6412,-50.4962
613.0000,-0.0571,-0.3901,0.8792,-57.3435,-226.1145,-55.8473
421.0000,-0.0688,-0.4651,0.9275,-59.6870,-229.3206,-61.3130
421.0000,-0.0415,-0.4546,0.8882,-55.1221,-231.6336,-63.3130
533.0000,-0.0093,-0.4292,0.8086,-41.6183,-234.5725,-64.0153
444.0000,-0.0220,-0.4656,0.8179,-35.7786,-240.0000,-66.5496
416.0000,0.0222,-0.4548,0.7227,-39.5038,-241.2824,-69.0687
495.0000,0.0417,-0.4504,0.7461,-37.0611,-242.6717,-72.9160
458.0000,0.0413,-0.4595,0.7507,-41.5878,-246.7863,-75.6718
516.0000,0.0945,-0.4204,0.6777,-43.1832,-249.3130,-78.0992
471.0000,0.1199,-0.4426,0.6270,-40.1679,-250.1298,-80.3664
434.0000,0.1345,-0.4080,0.6045,-44.3588,-250.1374,-82.4351
489.0000,0.1550,-0.4146,0.5781,-46.4656,-250.1374,-85.1832
473.0000,0.2036,-0.3645,0.5454,-52.1298,-250.1374,-87.8702
406.0000,0.2517,-0.3347,0.4795,-55.5038,-250.1374,-89.3511
446.0000,0.2917,-0.2964,0.4614,-65.8321,-250.1374,-92.0000
525.0000,0.3418,-0.2517,0.3640,-73.9618,-250.1374,-95.1145
415.0000,0.3740,-0.2942,0.3325,-85.6260,-250.1374,-98.2748
414.0000,0.3840,-0.3691,0.3940,-101.9313,-250.1374,-102.4504
468.0000,0.4170,-0.4075,0.4226,-107.6260,-250.1374,-104.6412
459.0000,0.4521,-0.3564,0.3386,-96.8321,-250.1374,-103.5420
467.0000,0.4641,-0.2805,0.1887,-74.9008,-250.1374,-101.6412
444.0000,0.4602,-0.2776,0.1450,-59.2214,-250.1374,-102.4198
459.0000,0.5176,-0.2993,0.0703,-54.9389,-250.1374,-105.3206
462.0000,0.5820,-0.2412,-0.0342,-40.4351,-250.1374,-105.4657
420.0000,0.5947,-0.2307,-0.1606,-38.8244,-250.1374,-103.4275
506.0000,0.6448,-0.2427,-0.1882,-41.7481,-250.1374,-103.4657
441.0000,0.6958,-0.2302,-0.2402,-30.0000,-239.9847,-101.4428
432.0000,0.7217,-0.2124,-0.3103,-15.5267,-230.0229,-97.9695
441.0000,0.7625,-0.1064,-0.4224,6.0687,-223.2137,-91.5496
493.0000,0.8196,-0.0027,-0.5593,34.2290,-214.8779,-86.0611
433.0000,0.8914,0.0496,-0.7219,51.1756,-204.4580,-79.2443
458.0000,0.9148,0.1082,-0.8018,68.9084,-190.9618,-74.2595
463.0000,0.9287,0.1646,-0.9099,73.8855,-176.1298,-67.3817
463.0000,0.9504,0.1462,-1.0083,60.5038,-152.4122,-61.2137
430.0000,1.1924,0.2424,-1.0837,-38.3206,-90.3359,-52.7176
463.0000,1.0684,0.3303,-0.8274,-12.7176,-44.2519,-43.6641
449.0000,0.9248,0.2317,-0.9473,-28.5573,-32.5649,-32.8321
496.0000,0.9966,0.3315,-0.8040,-27.3511,-10.9771,-26.1756
492.0000,0.9915,0.1338,-0.7498,24.7252,14.3282,-14.0229
492.0000,0.9314,0.0737,-0.7273,44.4733,30.9237,-4.3664
460.0000,0.9321,0.1057,-0.6565,76.4886,37.4198,4.1603
467.0000,0.9395,0.1238,-0.5852,80.1908,60.0000,12.1069
539.0000,0.9565,0.0684,-0.5557,58.2290,96.0076,16.3969
522.0000,0.9761,0.0405,-0.4951,10.1832,136.5267,22.4427
487.0000,0.9260,0.0203,-0.4568,-39.7710,173.5496,28.6641
502.0000,0.8538,-0.0234,-0.3613,-73.9313,198.1298,32.9008
473.0000,0.7849,-0.1248,-0.2405,-67.2595,205.2061,36.7023
550.0000,0.7429,-0.1797,-0.1260,-32.7863,197.3206,42.1221
493.0000,0.7366,-0.2288,-0.0784,8.2519,192.8015,46.2977
482.0000,0.7417,-0.2300,0.0042,35.4046,194.9924,48.6565
520.0000,0.7437,-0.2278,0.0254,38.6641,204.5954,50.9771
466.0000,0.7258,-0.2053,0.0410,29.4962,214.3282,52.2748
433.0000,0.7227,-0.2012,0.1047,14.0763,227.4046,53.6565
445.0000,0.6873,-0.1821,0.1191,10.9237,229.6717,53.5954
462.0000,0.6538,-0.1790,0.1497,10.1756,227.5038,53.1069
452.0000,0.6360,-0.2073,0.1785,19.7863,219.0992,52.1374
451.0000,0.6233,-0.2434,0.1824,27.3817,214.3206,53.0687
490.0000,0.5913,-0.2351,0.2913,32.9389,205.7786,51.6260
450.0000,0.6030,-0.2649,0.3560,33.4198,205.8626,51.4351
464.0000,0.5911,-0.2444,0.3938,28.4580,208.1756,51.7634
464.0000,0.5823,-0.2539,0.4263,28.3740,209.2214,52.2137
469.0000,0.5493,-0.2488,0.4875,20.4962,210.2595,53.4427
454.0000,0.5791,-0.2268,0.5466,26.1527,214.0076,52.8244
502.0000,0.5818,-0.2712,0.5249,37.6412,220.5725,53.5344
458.0000,0.5154,-0.2341,0.4473,40.8779,216.1679,54.5344
465.0000,0.4792,-0.2080,0.4734,37.8855,210.1298,53.6565
487.0000,0.4626,-0.2097,0.5115,30.7557,206.8092,51.0076
472.0000,0.4512,-0.2126,0.5044,28.1374,206.8244,49.1298
467.0000,0.4211,-0.2192,0.5361,26.9771,203.2290,47.6183
478.0000,0.3474,-0.2354,0.5566,21.0382,199.9695,50.2672
462.0000,0.3721,-0.2202,0.6238,16.6107,199.0229,48.6031
468.0000,0.3379,-0.2522,0.7195,19.1450,200.3359,47.5802
492.0000,0.3152,-0.2825,0.8362,20.4427,202.8626,47.3206
462.0000,0.2622,-0.2915,0.9116,17.9389,204.3511,46.8092
472.0000,0.2642,-0.3037,0.8733,22.9237,203.5572,48.2443
499.0000,0.2561,-0.2866,0.8057,29.3588,205.3588,50.3817
455.0000,0.1785,-0.2837,0.7776,27.0611,202.1679,50.3969
478.0000,0.1807,-0.2710,0.7410,30.4733,199.7481,49.7710
486.0000,0.1509,-0.2393,0.6609,30.8550,194.3130,49.0687
481.0000,0.1470,-0.1904,0.5933,24.9389,188.8550,47.6107
475.0000,0.1050,-0.1897,0.6824,16.5344,186.5954,46.9542
478.0000,0.0703,-0.1960,0.7976,4.2061,180.4886,43.5954
464.0000,0.1079,-0.1536,0.8069,-5.5573,177.9618,42.2290
474.0000,0.0781,-0.1672,0.8171,-12.8473,176.8092,42.6641
477.0000,0.0437,-0.2114,0.9441,-20.8244,177.7863,42.3130
466.0000,-0.0081,-0.2935,1.0840,-32.5267,176.7557,40.0076
465.0000,-0.0261,-0.3601,1.1946,-38.8855,177.2901,39.8855
503.0000,-0.0662,-0.3950,1.1797,-30.4122,176.4351,44.4656
468.0000,-0.0669,-0.4031,1.1108,-15.8550,179.5191,49.6183
476.0000,-0.0691,-0.4128,1.1543,4.6031,179.4886,52.0076
469.0000,-0.1135,-0.4409,1.0820,9.2290,171.6412,54.9695
467.0000,-0.0891,-0.4146,0.9609,28.1832,165.0534,57.8092
472.0000,-0.0947,-0.3171,0.8582,40.0611,157.7481,57.5725
475.0000,-0.1174,-0.2329,0.8704,34.0687,149.3206,52.5344
453.0000,-0.1016,-0.1917,0.9417,21.7405,141.3664,46.0916
493.0000,-0.0828,-0.2070,0.9927,2.9542,137.5343,41.6260
454.0000,-0.1323,-0.2603,1.0503,-14.8473,136.1908,38.1756
482.0000,-0.2009,-0.3748,1.1558,-31.7176,136.6183,35.3588
472.0000,-0.2615,-0.4873,1.2744,-32.7710,132.1145,34.7099
488.0000,-0.2732,-0.5151,1.3167,-22.1145,130.4580,36.6183
464.0000,-0.2920,-0.5386,1.3481,0.4122,128.4427,38.7252
476.0000,-0.2947,-0.5518,1.3330,25.4275,123.8702,40.8092
479.0000,-0.2751,-0.4963,1.1826,50.2366,118.0763,43.5344
466.0000,-0.2666,-0.4148,1.0493,70.8244,111.5649,44.8244
478.0000,-0.2537,-0.3467,0.9951,74.9924,104.1298,41.7176
478.0000,-0.2346,-0.2837,0.9602,64.3206,98.5344,36.6718
469.0000,-0.2034,-0.2566,0.9414,48.8168,96.1069,32.0229
476.0000,-0.2139,-0.2498,0.9407,30.8931,93.2595,28.4122
469.0000,-0.2451,-0.2595,1.0349,15.0305,88.9389,23.6336
485.0000,-0.2751,-0.2791,1.1108,5.5954,81.9618,20.0305
457.0000,-0.2703,-0.3069,1.1680,1.0916,78.2290,18.4351
480.0000,-0.2759,-0.3413,1.2009,1.3282,76.5649,16.2595
468.0000,-0.2771,-0.3743,1.2358,4.1527,73.4809,13.0840
466.0000,-0.2798,-0.4021,1.2747,5.9618,68.4886,11.4656
498.0000,-0.2642,-0.4263,1.2358,6.0305,67.7099,12.6031
464.0000,-0.2815,-0.4038,1.1206,12.0076,65.7557,15.5954
473.0000,-0.2861,-0.3755,1.0464,16.2824,62.8626,16.4580
472.0000,-0.2878,-0.3281,0.9709,14.1832,61.6031,15.3817
468.0000,-0.2903,-0.2937,0.9263,14.0000,49.8931,13.1908
460.0000,-0.2446,-0.2788,0.9385,14.9160,44.7176,10.7252
489.0000,-0.2290,-0.2800,0.9492,14.0382,42.2595,7.9389
463.0000,-0.2573,-0.3010,0.9690,7.8931,37.0840,5.7023
464.0000,-0.2544,-0.3152,1.0046,-0.1679,32.9389,4.7786
482.0000,-0.2441,-0.3240,1.0254,-6.2672,32.6870,5.3053
452.0000,-0.2417,-0.3306,1.0325,-10.1832,34.6260,5.7863
484.0000,-0.2471,-0.3423,1.0361,-8.1832,34.3893,6.3130
460.0000,-0.2527,-0.3452,0.9939,-1.7405,32.0153,7.5115
460.0000,-0.2554,-0.3372,0.9702,7.8473,28.5267,8.5420
466.0000,-0.2686,-0.3259,0.9424,14.5649,24.0534,7.8779
472.0000,-0.2820,-0.3125,0.9216,19.7328,18.7939,6.8168
465.0000,-0.2910,-0.2937,0.8979,21.0687,12.9160,5.9160
457.0000,-0.2893,-0.2773,0.9148,17.5038,7.2443,4.2061
476.0000,-0.2900,-0.2742,0.9243,12.3206,3.1985,2.2366
466.0000,-0.2837,-0.2781,0.9321,6.3053,0.0534,0.9008
479.0000,-0.2842,-0.2659,0.9407,1.0458,-2.4962,-0.0076
490.0000,-0.2695,-0.2461,0.9407,-1.8931,-3.9771,-0.4427
478.0000,-0.2471,-0.2273,0.9331,-3.6641,-4.6336,-0.9008
476.0000,-0.2422,-0.2251,0.9277,-2.6489,-5.0153,-1.5267
499.0000,-0.2388,-0.2273,0.8921,0.1298,-5.3053,-1.4427
470.0000,-0.2354,-0.2236,0.8608,2.8550,-5.5649,-0.6336
478.0000,-0.2278,-0.2104,0.8354,4.3053,-5.4351,-0.2901
475.0000,-0.2205,-0.2048,0.8135,4.8550,-4.6870,0.0992
489.0000,-0.2209,-0.2051,0.8059,4.5573,-3.6565,0.5038
466.0000,-0.2327,-0.1924,0.7800,5.1985,-2.8015,1.0611
493.0000,-0.2390,-0.1951,0.7825,5.5267,-2.1069,1.6947
485.0000,-0.2356,-0.1880,0.7939,6.5420,-1.9008,1.8702
471.0000,-0.2363,-0.1863,0.7976,7.6870,-1.7863,1.8092
484.0000,-0.2427,-0.1863,0.8289,8.1374,-1.2748,1.7557
500.0000,-0.2578,-0.1873,0.8298,6.5115,-0.8550,1.7252
478.0000,-0.2654,-0.2039,0.8533,5.4427,-1.0000,1.4885
485.0000,-0.2612,-0.2173,0.8816,4.6870,-1.3435,1.4733
500.0000,-0.2795,-0.2217,0.8989,4.3282,-1.9618,1.9237
480.0000,-0.2854,-0.2231,0.9326,3.9466,-2.5496,1.7176
448.0000,-0.2891,-0.2253,0.9441,4.6336,-3.8626,1.6794
508.0000,-0.2905,-0.2524,0.9636,3.4275,-5.3511,1.6260
462.0000,-0.3027,-0.2671,0.9775,1.0076,-6.6031,1.9084
486.0000,-0.3015,-0.2744,0.9932,-2.1985,-7.9618,1.8550
464.0000,-0.3074,-0.2910,1.0137,-4.9160,-9.9466,1.8779
452.0000,-0.3240,-0.2698,1.0347,-6.4733,-13.6260,1.3893
530.0000,-0.3154,-0.2520,1.0601,-9.1069,-17.4733,0.3817
462.0000,-0.3152,-0.2424,1.0886,-11.0153,-22.1527,-1.3969
474.0000,-0.3303,-0.2412,1.1279,-13.9084,-28.2748,-3.2443
484.0000,-0.3386,-0.2529,1.1267,-18.0229,-33.1603,-4.1069
490.0000,-0.3508,-0.2632,1.1392,-20.4580,-39.1298,-5.0992
464.0000,-0.3625,-0.2917,1.1658,-19.4351,-47.1832,-6.2443
469.0000,-0.3735,-0.3149,1.2139,-19.6107,-55.2443,-7.9771
524.0000,-0.3904,-0.3354,1.2463,-18.0305,-63.6641,-9.3893
440.0000,-0.4131,-0.3411,1.2712,-15.7176,-71.5344,-10.3359
489.0000,-0.4231,-0.3242,1.2993,-16.1450,-80.5496,-11.1527
497.0000,-0.4299,-0.3125,1.2947,-20.9084,-88.5420,-12.8779
456.0000,-0.4175,-0.3201,1.3447,-26.7023,-95.8550,-15.1450
504.0000,-0.4321,-0.3267,1.3684,-29.4580,-104.1679,-17.4351
451.0000,-0.4487,-0.3347,1.4053,-30.3511,-113.4657,-19.0611
574.0000,-0.4412,-0.3091,1.3953,-29.6794,-121.6183,-20.4885
474.0000,-0.4648,-0.3201,1.3694,-26.8473,-133.2748,-22.8702
440.0000,-0.4336,-0.3101,1.3486,-27.4656,-142.8855,-25.4733
472.0000,-0.4094,-0.2817,1.3167,-31.1221,-150.4809,-27.7481
519.0000,-0.3960,-0.2798,1.2969,-37.5267,-160.5496,-30.8550
460.0000,-0.3809,-0.2788,1.3059,-45.5725,-169.2672,-34.5267
431.0000,-0.3447,-0.2961,1.2771,-49.0992,-177.0916,-37.0992
486.0000,-0.3398,-0.2986,1.2478,-55.4580,-184.8397,-38.9542
575.0000,-0.3328,-0.2849,1.2622,-60.8779,-191.3664,-41.6031
463.0000,-0.3108,-0.3411,1.2791,-63.3893,-198.0611,-43.5115
455.0000,-0.2715,-0.3579,1.2180,-59.9084,-204.5878,-43.1603
490.0000,-0.2354,-0.3315,1.1531,-53.6870,-209.2137,-42.4733
475.0000,-0.2151,-0.3318,1.1021,-47.1679,-214.5114,-43.4885
480.0000,-0.1838,-0.3076,1.0659,-41.5725,-222.6183,-44.0840
414.0000,-0.1543,-0.2632,0.9902,-44.4885,-229.0000,-44.6260
538.0000,-0.1323,-0.2878,0.9485,-46.0992,-232.9847,-47.6641
431.0000,-0.1465,-0.3340,0.9575,-55.7099,-236.8168,-49.9466
470.0000,-0.1206,-0.3843,0.9500,-62.3588,-239.9924,-51.6107
517.0000,-0.1165,-0.3972,0.9697,-60.8779,-242.8626,-51.3817
471.0000,-0.1509,-0.4194,1.0542,-59.2366,-246.9160,-53.5725
541.0000,-0.1318,-0.4089,0.9939,-48.7557,-250.1374,-55.6641
410.0000,-0.1455,-0.4468,1.0251,-35.2443,-250.1374,-58.4275
459.0000,-0.1396,-0.4585,0.9873,-24.9542,-250.1374,-60.0992
504.0000,-0.1177,-0.4309,0.8914,-17.4122,-250.1374,-63.6031
441.0000,-0.0684,-0.3984,0.7659,-13.5038,-250.1374,-65.9771
520.0000,-0.0061,-0.3252,0.5964,-16.0229,-250.1374,-68.2672
452.0000,0.0137,-0.3179,0.5818,-29.9313,-250.1374,-74.6412
460.0000,0.0764,-0.2576,0.5239,-55.2443,-250.1374,-81.4809
526.0000,0.1633,-0.2031,0.4392,-76.3053,-250.1374,-86.2672
451.0000,0.1721,-0.2712,0.5859,-106.4733,-250.1374,-92.7710
452.0000,0.2063,-0.3081,0.6750,-128.1298,-250.1374,-101.3588
484.0000,0.2988,-0.2769,0.5764,-125.2137,-250.1374,-103.3511
506.0000,0.3506,-0.2307,0.4541,-119.8244,-250.1374,-102.1374
438.0000,0.3728,-0.2190,0.3542,-109.0229,-250.1374,-104.4275
475.0000,0.4443,-0.1965,0.1841,-104.1374,-250.1374,-107.0916
455.0000,0.4504,-0.2332,0.1208,-92.1374,-250.1374,-107.6718
482.0000,0.4734,-0.1799,0.0967,-94.8550,-250.1374,-107.0916
501.0000,0.5657,-0.0911,-0.0010,-85.0458,-250.1374,-106.0763
461.0000,0.6135,-0.1006,-0.0938,-72.4275,-250.1374,-103.2061
482.0000,0.6135,-0.0957,-0.1792,-59.8855,-250.1374,-98.0000
499.0000,0.6445,-0.0989,-0.2510,-35.2901,-244.0305,-91.2901
500.0000,0.7175,-0.0696,-0.3728,-8.1908,-233.1756,-83.5115
512.0000,0.7688,0.0115,-0.5408,13.0534,-221.3359,-76.5725
440.0000,0.7893,0.0046,-0.6372,32.9924,-207.7023,-69.4886
493.0000,0.7971,0.0266,-0.6790,40.9924,-193.0840,-62.0992
478.0000,0.8950,0.0681,-0.7688,51.4046,-171.0000,-52.9466
514.0000,0.9387,0.1023,-0.8911,59.2977,-147.5343,-44.3359
508.0000,0.9507,0.1250,-0.9590,58.2061,-123.4809,-36.4580
518.0000,0.9558,0.1541,-1.0022,50.4962,-101.2366,-30.2748
543.0000,0.9827,0.1226,-1.0151,36.9237,-76.7481,-24.0992
540.0000,0.9756,0.1016,-0.9514,15.4122,-48.9084,-18.4809
505.0000,0.9893,0.1038,-0.8293,-1.1374,-17.5191,-11.8321
504.0000,1.0205,0.1152,-0.7698,-22.8626,16.6031,-4.8397
525.0000,0.9963,0.0083,-0.7026,-31.2214,43.6947,0.6641
475.0000,0.9692,-0.0386,-0.6660,-27.6412,64.4351,8.1069
491.0000,0.9231,-0.0618,-0.5305,-23.0840,82.1985,14.9618
500.0000,0.9275,-0.0481,-0.4414,-23.5573,105.1603,19.2977
487.0000,0.9219,-0.0674,-0.4158,-20.9084,127.5573,22.3130
498.0000,0.8730,-0.1216,-0.3784,-20.7710,140.7176,26.4504
508.0000,0.8574,-0.1257,-0.3232,-25.4198,151.4275,29.9695
492.0000,0.8491,-0.1519,-0.2397,-23.1145,161.8779,33.3893
507.0000,0.8174,-0.1699,-0.1528,-16.9618,169.3282,36.1374
487.0000,0.7896,-0.1631,-0.0903,-6.6565,171.9924,38.6336
487.0000,0.7786,-0.1719,-0.0745,3.6565,171.8931,39.9466
437.0000,0.7432,-0.1990,0.0112,8.3282,173.9008,40.2214
403.0000,0.7371,-0.2070,0.1169,9.7023,178.1450,40.6183
408.0000,0.7493,-0.1880,0.2112,10.1145,186.3511,42.6565
440.0000,0.7490,-0.1899,0.2168,10.9313,193.1298,46.0305
467.0000,0.7378,-0.1753,0.2107,12.4656,199.8244,48.2290
477.0000,0.6846,-0.1892,0.2434,14.5038,202.0000,49.0763
473.0000,0.6519,-0.1909,0.2515,15.1908,200.6794,50.0382
461.0000,0.6460,-0.1907,0.2695,18.8168,199.4656,51.2519
463.0000,0.6189,-0.1958,0.3271,21.2901,200.3206,52.0687
471.0000,0.5803,-0.2180,0.3713,23.5114,199.0611,52.3206
461.0000,0.5491,-0.2336,0.3862,22.5191,194.5343,53.3588
438.0000,0.5620,-0.2122,0.4495,29.3740,195.2824,54.2137
467.0000,0.5308,-0.2068,0.4631,26.6565,191.7176,55.2214
458.0000,0.5464,-0.2053,0.5186,24.7557,196.3359,55.4809
460.0000,0.5247,-0.2327,0.5120,21.6718,201.7633,55.5954
466.0000,0.4648,-0.2739,0.5259,19.0076,200.9542,56.5878
479.0000,0.4202,-0.2573,0.5476,15.1069,194.6412,58.0763
484.0000,0.4146,-0.2693,0.5684,10.8244,190.5878,58.1603
476.0000,0.3772,-0.2832,0.6675,8.5344,191.7481,57.7557
517.0000,0.3418,-0.2861,0.7126,7.7099,188.1374,57.7023
472.0000,0.3572,-0.3252,0.7473,16.3969,186.6183,58.1145
467.0000,0.3228,-0.3013,0.7827,13.5038,183.0534,58.4656
491.0000,0.3235,-0.2795,0.8535,11.0153,182.4275,56.6489
465.0000,0.3264,-0.3123,0.8364,7.3511,187.4122,55.7710
465.0000,0.2913,-0.3591,0.8054,5.1679,187.5114,54.8473
491.0000,0.2078,-0.3826,0.7666,8.9695,182.4733,55.0305
452.0000,0.2317,-0.3315,0.7100,5.9008,178.5420,54.4885
504.0000,0.2275,-0.3269,0.6675,7.5649,173.7328,53.3740
475.0000,0.1980,-0.3176,0.6726,-1.4198,172.6412,52.1832
490.0000,0.1511,-0.3264,0.7415,-14.5267,171.9466,50.3130
454.0000,0.1426,-0.3435,0.7988,-22.0916,169.4504,49.3740
496.0000,0.1052,-0.3403,0.8750,-24.3588,165.9542,50.0916
488.0000,0.1064,-0.3647,0.9585,-19.1985,162.7633,48.3511
463.0000,0.0400,-0.4031,1.0208,-13.0305,164.3664,51.8550
487.0000,0.0588,-0.4636,0.9683,2.9008,162.2443,52.4656
474.0000,0.0461,-0.4775,0.9294,17.6641,158.3130,52.5420
460.0000,0.0125,-0.4773,0.9258,29.6947,152.0687,53.4656
489.0000,0.0198,-0.4302,0.8735,34.4962,147.3359,53.9695
471.0000,-0.0066,-0.4016,0.8020,31.3817,146.0916,53.2901
457.0000,-0.0012,-0.3445,0.8220,23.9771,144.3206,50.0763
486.0000,-0.0193,-0.3083,0.8459,6.9618,139.4122,47.1679
481.0000,-0.0085,-0.3445,0.9009,-6.4427,139.3893,45.4656
439.0000,-0.0413,-0.3586,1.0464,-9.2748,139.5878,43.0611
525.0000,-0.0398,-0.3911,1.0557,-11.1527,136.5114,41.2672
465.0000,-0.0342,-0.4512,1.0542,-3.7481,134.4351,41.8931
464.0000,-0.0747,-0.4795,1.0642,-3.3206,136.0382,44.7099
488.0000,-0.0837,-0.4585,1.0493,0.6183,136.2214,46.5038
476.0000,-0.1116,-0.4609,1.0105,11.9237,130.5038,47.3359
474.0000,-0.1294,-0.4272,0.9690,16.9237,123.6718,47.1069
503.0000,-0.1379,-0.4197,0.9607,20.9160,117.6107,45.3893
476.0000,-0.1443,-0.4192,0.9934,22.9847,112.0534,43.5267
481.0000,-0.1436,-0.3914,1.0376,20.7328,107.6031,41.3588
477.0000,-0.1421,-0.3862,1.0530,15.1832,105.5420,40.1450
489.0000,-0.1577,-0.4045,1.0923,10.3817,103.9084,38.5115
487.0000,-0.1882,-0.4365,1.1648,7.9542,101.6107,36.4427
492.0000,-0.2209,-0.4521,1.2192,9.4122,99.2672,34.9466
470.0000,-0.2400,-0.4490,1.2332,16.7405,95.3664,33.6718
511.0000,-0.2415,-0.4602,1.1824,24.5267,92.2824,33.3130
486.0000,-0.2480,-0.4551,1.1641,32.4733,89.4809,32.8397
484.0000,-0.2441,-0.4631,1.0942,35.4656,89.6718,32.6794
493.0000,-0.2300,-0.4290,1.0000,45.6260,84.7939,31.5114
490.0000,-0.2463,-0.3936,0.9370,47.5420,77.1145,30.0229
480.0000,-0.2607,-0.3655,0.9229,40.2672,70.9084,25.9237
489.0000,-0.2571,-0.3367,0.9722,31.2748,65.4580,20.8397
492.0000,-0.2495,-0.3215,0.9929,19.7863,62.0763,16.9847
489.0000,-0.2502,-0.3254,0.9888,8.4656,60.1374,13.5191
497.0000,-0.2551,-0.3518,0.9871,2.2901,57.3511,11.1450
490.0000,-0.2542,-0.3889,1.0039,-2.7634,55.3359,10.0000
483.0000,-0.2371,-0.4077,1.0103,-3.0305,55.0076,8.4351
491.0000,-0.2178,-0.4270,1.0007,3.1374,52.3664,8.0992
509.0000,-0.1968,-0.4348,0.9856,8.8550,51.9618,9.4427
484.0000,-0.1760,-0.4226,0.9771,19.4351,52.3282,11.1908
474.0000,-0.1794,-0.4297,0.9390,27.2901,51.2748,12.8473
516.0000,-0.1760,-0.4043,0.8896,33.8626,48.4427,14.7481
476.0000,-0.1821,-0.3586,0.8660,39.3817,45.8092,14.8702
490.0000,-0.1997,-0.3381,0.8828,40.5878,42.7786,13.2366
494.0000,-0.1917,-0.3367,0.9094,36.4580,40.2748,11.4656
501.0000,-0.1938,-0.3301,0.8879,33.6336,38.2137,11.6336
480.0000,-0.2146,-0.3059,0.9026,29.9771,35.8473,12.1908
496.0000,-0.2256,-0.2854,0.9285,23.8855,33.0458,11.2519
495.0000,-0.2346,-0.2737,0.9656,19.9008,30.2595,8.9160
497.0000,-0.2478,-0.2805,0.9951,17.3206,26.8244,8.0611
496.0000,-0.2458,-0.2820,0.9954,15.2061,24.5802,7.8397
500.0000,-0.2363,-0.2837,0.9841,14.2519,24.1145,7.4733
486.0000,-0.2390,-0.2554,0.9639,13.1069,22.6260,7.5649
501.0000,-0.2168,-0.2554,0.9351,12.5573,21.3053,7.6336
496.0000,-0.2178,-0.2400,0.9180,11.4275,19.8397,7.2595
524.0000,-0.2146,-0.2566,0.9155,12.6641,18.3130,6.5344
487.0000,-0.2236,-0.2710,0.9131,16.2672,16.3282,5.8779
503.0000,-0.2192,-0.2795,0.9233,20.2595,14.2901,6.4580
493.0000,-0.2192,-0.2578,0.9158,23.7176,12.9466,6.9313
499.0000,-0.2156,-0.2351,0.9021,25.7099,12.3511,7.2595
509.0000,-0.2261,-0.2378,0.9014,26.8550,11.9008,6.8702
486.0000,-0.2288,-0.2415,0.8848,28.2672,12.7557,6.6183
508.0000,-0.2231,-0.2239,0.8572,27.7252,14.0840,6.4351
502.0000,-0.2266,-0.2219,0.8508,27.5267,14.4733,6.5191
478.0000,-0.2251,-0.2205,0.8254,27.6031,14.2519,6.3359
509.0000,-0.2310,-0.2131,0.8218,28.3664,14.3359,5.5802
497.0000,-0.2292,-0.2117,0.7998,28.6870,14.0534,5.2061
497.0000,-0.2383,-0.2163,0.7927,27.5420,13.5420,5.3969
491.0000,-0.2527,-0.2024,0.8040,25.6489,12.8397,5.3664
495.0000,-0.2607,-0.2002,0.8132,23.3740,12.8779,4.9924
481.0000,-0.2600,-0.1836,0.8286,21.1221,13.3053,4.0687
486.0000,-0.2727,-0.1914,0.8467,19.1527,12.1908,3.6870
467.0000,-0.2761,-0.1975,0.8545,17.1832,11.3817,3.4275
515.0000,-0.2773,-0.2073,0.8806,16.1679,10.8702,2.9084
454.0000,-0.2952,-0.2185,0.8965,13.6718,9.6412,2.7863
506.0000,-0.3074,-0.2297,0.9175,8.5267,8.6870,2.5038
465.0000,-0.3179,-0.2354,0.9187,5.8626,6.3053,2.2672
488.0000,-0.3245,-0.2295,0.9446,4.7939,4.6641,1.6336
529.0000,-0.3357,-0.2397,0.9675,7.9695,0.7634,1.0305
455.0000,-0.3362,-0.2510,0.9775,6.6412,-1.9695,0.3740
503.0000,-0.3215,-0.2397,0.9829,2.4046,-4.0076,1.0229
467.0000,-0.3096,-0.2202,0.9321,0.0992,-4.0687,2.3435
522.0000,-0.3059,-0.2031,0.9258,-1.4275,-5.4351,2.3969
447.0000,-0.3032,-0.1909,0.9475,-3.0076,-8.1069,1.6718
475.0000,-0.2942,-0.1897,0.9568,-3.4351,-11.3588,1.0840
570.0000,-0.3118,-0.2021,0.9685,-2.9160,-14.1221,2.0382
477.0000,-0.3147,-0.2092,1.0283,-8.5344,-15.7023,3.1832
453.0000,-0.3340,-0.2275,1.0430,-8.8321,-19.3359,4.3588
513.0000,-0.3652,-0.2192,1.0610,-7.3206,-24.8702,6.1145
481.0000,-0.3745,-0.1755,1.1008,-4.1069,-30.7176,6.2366
498.0000,-0.4114,-0.1243,1.1138,-1.8779,-37.9160,4.0153
561.0000,-0.4482,-0.1208,1.1582,-4.4809,-47.5802,1.1298
441.0000,-0.4805,-0.1521,1.2263,-11.6565,-58.5344,-2.1527
546.0000,-0.4858,-0.1711,1.3013,-23.8702,-65.4733,-3.7710
513.0000,-0.5071,-0.1824,1.3613,-34.2214,-71.4733,-4.5725
490.0000,-0.5586,-0.2156,1.4316,-41.8931,-80.8092,-6.7252
484.0000,-0.5854,-0.2197,1.4663,-44.8855,-91.8015,-9.0534
468.0000,-0.6191,-0.2312,1.5017,-45.3511,-104.2443,-11.8550
482.0000,-0.6235,-0.2173,1.4702,-45.3969,-116.6947,-15.4733
583.0000,-0.5728,-0.2214,1.4316,-48.1450,-129.4733,-19.5573
456.0000,-0.5212,-0.2507,1.4717,-57.9771,-139.3893,-23.2214
463.0000,-0.4878,-0.2859,1.5049,-62.9847,-149.4046,-26.7023
564.0000,-0.4749,-0.3335,1.4956,-67.9542,-157.7863,-28.9771
422.0000,-0.4912,-0.3760,1.5090,-64.8626,-169.3359,-31.1069
527.0000,-0.4746,-0.3901,1.4690,-57.6565,-181.1832,-32.3740
512.0000,-0.4290,-0.3770,1.4590,-49.3817,-193.8092,-34.0305
483.0000,-0.3972,-0.3774,1.4084,-41.6870,-205.7405,-35.9008
474.0000,-0.3379,-0.3582,1.3860,-43.4351,-215.8321,-38.1908
491.0000,-0.3062,-0.3513,1.3494,-45.9466,-225.5725,-40.4351
497.0000,-0.2502,-0.3572,1.2739,-54.2443,-233.5343,-41.3817
368.0000,-0.2104,-0.3369,1.2354,-60.9389,-241.3817,-42.9618
627.0000,-0.1824,-0.3384,1.1880,-67.9771,-248.1908,-45.5878
416.0000,-0.1807,-0.3923,1.2307,-75.7710,-250.1374,-49.4275
482.0000,-0.1685,-0.4290,1.2034,-77.1679,-250.1374,-52.0916
485.0000,-0.1538,-0.4229,1.1729,-71.8168,-250.1374,-51.9542
455.0000,-0.1538,-0.3936,1.1304,-61.3130,-250.1374,-52.1908
526.0000,-0.1255,-0.3608,1.0662,-54.5878,-250.1374,-52.8244
465.0000,-0.0886,-0.3503,1.0022,-52.0458,-250.1374,-55.3893
462.0000,-0.0952,-0.4048,0.9834,-47.5344,-250.1374,-60.0305
491.0000,-0.0605,-0.3601,0.8650,-45.4656,-250.1374,-61.0153
535.0000,-0.0425,-0.3198,0.8435,-47.9771,-250.1374,-60.5267
445.0000,-0.0432,-0.3247,0.8008,-50.7634,-250.1374,-63.9695
548.0000,0.0020,-0.2795,0.6367,-50.0992,-250.1374,-64.6412
453.0000,0.0273,-0.2349,0.5586,-51.8855,-250.1374,-65.0458
474.0000,0.0039,-0.2520,0.6040,-63.9008,-250.1374,-69.8321
463.0000,0.0886,-0.1804,0.5220,-68.5878,-250.1374,-74.3817
643.0000,0.1267,-0.1982,0.4036,-70.7176,-250.1374,-75.5267
461.0000,0.1191,-0.2913,0.4949,-78.3817,-250.1374,-78.8855
487.0000,0.1594,-0.2800,0.4268,-71.9389,-250.1374,-80.4198
497.0000,0.2126,-0.2363,0.2607,-52.7786,-250.1374,-78.4122
498.0000,0.2344,-0.1877,0.1382,-36.6794,-250.1374,-76.5191
457.0000,0.2485,-0.2317,0.1250,-30.3969,-250.1374,-78.2977
456.0000,0.3091,-0.2256,0.0891,-27.7939,-250.1374,-80.7405
482.0000,0.3547,-0.1863,-0.0410,-25.7481,-250.1374,-78.6794
527.0000,0.3804,-0.1479,-0.1042,-29.2214,-250.1374,-76.6565
501.0000,0.4175,-0.1465,-0.1157,-33.5267,-250.1374,-77.8092
469.0000,0.4778,-0.1694,-0.1760,-32.9084,-250.1374,-78.4351
523.0000,0.5259,-0.1863,-0.2961,-21.5191,-250.1374,-77.0305
461.0000,0.5466,-0.1992,-0.4063,-8.4733,-245.4886,-72.2137
466.0000,0.6194,-0.1355,-0.4668,-2.8855,-233.4122,-68.5496
487.0000,0.6790,-0.1313,-0.5291,14.0992,-219.0687,-64.8779
479.0000,0.7126,-0.1272,-0.5964,16.0076,-202.0305,-60.6107
480.0000,0.7485,-0.0894,-0.6721,25.8702,-187.1221,-55.8321
469.0000,0.8127,-0.0564,-0.7668,31.4046,-168.8855,-50.2824
455.0000,0.8657,-0.0115,-0.8130,28.3588,-148.0992,-44.4962
501.0000,0.9216,0.0134,-0.8328,29.7786,-123.8244,-39.0153
471.0000,0.9436,0.0300,-0.8303,27.3817,-99.4122,-33.7176
488.0000,0.9993,0.0044,-0.8918,3.5344,-66.0076,-27.7634
454.0000,0.9812,0.0588,-0.8191,6.1603,-37.3435,-22.2977
473.0000,0.9700,0.0146,-0.8611,-9.7328,-13.6336,-15.1985
458.0000,1.0088,0.0249,-0.7773,-4.2977,17.8626,-9.2214
473.0000,0.9639,-0.0015,-0.7185,3.6947,35.4504,-3.9008
456.0000,0.9663,-0.0215,-0.6655,3.6336,55.8931,1.7405
556.0000,0.9683,-0.0317,-0.6431,-3.2137,75.9084,7.6412
475.0000,0.9893,-0.0142,-0.5764,-21.0611,104.6718,12.2748
489.0000,0.9668,-0.0303,-0.4971,-34.8855,130.2901,16.4198
495.0000,0.9229,-0.0405,-0.4404,-44.7634,146.8779,20.4122
488.0000,0.8862,-0.0771,-0.3655,-42.4733,158.4504,24.1908
482.0000,0.8770,-0.1121,-0.3071,-40.8015,168.0153,27.1145
523.0000,0.8572,-0.1299,-0.2139,-34.2595,177.8168,29.6183
550.0000,0.8560,-0.1472,-0.1521,-28.3206,188.0611,32.4046
527.0000,0.8284,-0.1589,-0.0996,-21.7252,193.9695,34.2977
468.0000,0.8005,-0.1602,-0.0496,-17.0229,197.4198,36.3817
485.0000,0.7961,-0.1655,-0.0002,-17.1221,202.1679,37.3435
479.0000,0.7732,-0.1865,0.0474,-9.4351,204.1374,38.6794
491.0000,0.7512,-0.1860,0.1243,-6.3206,209.6947,40.3130
469.0000,0.7319,-0.1919,0.2192,1.4885,213.1679,41.1069
468.0000,0.7000,-0.2307,0.2832,15.4351,213.4580,41.5267
478.0000,0.6699,-0.2466,0.3254,23.6641,215.0458,43.3130
483.0000,0.6526,-0.2449,0.3945,31.9847,219.0916,44.0229
469.0000,0.6074,-0.2656,0.4307,40.2901,220.4962,44.0840
491.0000,0.5857,-0.2434,0.4285,47.8779,216.6031,43.8779
473.0000,0.5559,-0.2332,0.3960,54.4122,210.8702,43.3588
476.0000,0.5591,-0.2224,0.4434,59.0153,206.7557,41.8015
482.0000,0.4980,-0.2271,0.4512,56.1985,196.8702,39.7099
499.0000,0.5181,-0.2039,0.4744,53.8092,192.9084,37.3893
483.0000,0.5337,-0.1655,0.4841,47.4962,196.5343,35.1603
484.0000,0.4761,-0.1804,0.4717,34.2748,198.4580,34.5954
507.0000,0.4517,-0.1841,0.4729,21.4656,193.4504,33.1832
481.0000,0.4219,-0.2185,0.5759,4.2824,196.6107,32.9618
498.0000,0.4175,-0.2346,0.6204,-10.1679,204.7481,33.1145
488.0000,0.3772,-0.2495,0.6121,-6.4885,205.7786,35.1221
469.0000,0.2729,-0.2629,0.6289,-14.0305,198.9389,37.5573
517.0000,0.3137,-0.2693,0.7346,-10.8855,200.9389,36.7176
494.0000,0.2581,-0.2949,0.7515,-5.3588,197.0534,37.3053
490.0000,0.2288,-0.3098,0.7639,5.1832,189.1527,39.2137
507.0000,0.2485,-0.2810,0.7151,17.9924,184.7710,41.3969
501.0000,0.2231,-0.2747,0.6902,23.4733,181.6183,41.9313
487.0000,0.1941,-0.2476,0.6978,20.5954,176.7633,40.8244
478.0000,0.2168,-0.1912,0.7168,9.5573,175.2137,39.3817
554.0000,0.2317,-0.1897,0.7236,-3.2748,179.3282,38.6260
466.0000,0.1721,-0.2708,0.8142,-22.9237,186.6260,36.6718
525.0000,0.1226,-0.3359,0.9094,-27.1145,192.0916,36.4656
501.0000,0.0845,-0.3640,0.9302,-14.4504,188.5038,39.7099
499.0000,0.0232,-0.4036,0.9639,-5.2824,189.5038,46.1527
504.0000,0.0225,-0.4167,1.0078,16.1145,190.8168,48.6412
511.0000,-0.0227,-0.4368,0.9968,45.1985,181.9618,49.7786
492.0000,-0.0581,-0.3899,0.9692,63.7710,171.0153,51.2901
505.0000,-0.0476,-0.3391,0.9241,72.3359,161.4809,50.4504
507.0000,-0.0132,-0.2844,0.8794,64.7252,159.7023,48.0153
500.0000,0.0471,-0.2107,0.9348,56.4351,161.3359,41.4504
455.0000,0.0000,-0.1855,0.8684,28.2672,152.6641,36.9466
605.0000,-0.0195,-0.1536,0.8328,-3.4427,145.7405,33.3282
470.0000,-0.0168,-0.1902,0.9534,-38.1908,150.6336,27.5573
492.0000,-0.0601,-0.2944,1.0979,-51.3969,150.1908,22.9542
554.0000,-0.0945,-0.3816,1.2004,-46.0229,145.0153,23.8168
482.0000,-0.1318,-0.4556,1.2395,-34.3359,146.0153,29.3969
498.0000,-0.1465,-0.4668,1.2861,-6.9466,144.3206,33.4962
506.0000,-0.1599,-0.5051,1.2686,31.0534,140.1298,39.2290
493.0000,-0.1550,-0.4478,1.1692,58.0916,135.3053,44.3740
504.0000,-0.1511,-0.3738,1.0583,76.2977,128.3817,45.0840
505.0000,-0.1167,-0.2769,0.9758,74.1298,125.8702,42.2443
495.0000,-0.0972,-0.2322,0.8916,64.1374,122.8550,37.9542
506.0000,-0.0959,-0.2058,0.8599,43.9847,119.3206,32.0305
494.0000,-0.1118,-0.1794,0.9070,19.5649,115.3588,25.7023
488.0000,-0.1394,-0.1963,0.9585,-2.9237,113.0153,21.0611
513.0000,-0.1829,-0.2505,1.0444,-13.5649,109.0763,18.3969
526.0000,-0.2229,-0.3018,1.1194,-15.0229,105.4809,19.9542
477.0000,-0.2617,-0.3201,1.1838,-13.3893,105.1527,22.2214
485.0000,-0.2922,-0.3379,1.2554,-3.7863,102.9542,23.6794
517.0000,-0.3169,-0.3633,1.2756,11.3435,99.4657,25.4122
505.0000,-0.3113,-0.3635,1.2517,30.7405,96.1374,27.4275
530.0000,-0.3157,-0.3845,1.2197,53.9466,92.9313,30.0534
497.0000,-0.3125,-0.4106,1.2114,74.0076,89.1603,31.5725
466.0000,-0.2610,-0.3904,1.1965,85.8550,86.3130,33.1908
512.0000,-0.2288,-0.3308,1.0815,98.9084,85.0229,35.6260
521.0000,-0.2339,-0.2627,1.0051,112.3817,80.6031,36.4733
500.0000,-0.2678,-0.1978,0.9626,108.8092,71.0458,32.2977
495.0000,-0.2468,-0.1492,0.9570,89.3740,62.2977,25.0534
507.0000,-0.2202,-0.1370,0.9727,68.6870,56.6107,18.6565
485.0000,-0.2278,-0.1685,0.9854,44.8931,53.2443,14.2901
516.0000,-0.2476,-0.1960,1.0464,22.6260,49.3282,10.7710
539.0000,-0.2700,-0.2239,1.1345,9.5802,44.3588,8.6107
485.0000,-0.2883,-0.2483,1.2002,4.2443,38.2824,7.3740
481.0000,-0.2891,-0.2651,1.2493,3.8702,33.8626,6.8244
519.0000,-0.2856,-0.2637,1.2415,8.5954,30.0382,6.8702
493.0000,-0.2842,-0.2676,1.2217,15.5038,25.5114,8.0992
496.0000,-0.2808,-0.2463,1.1528,17.3282,22.1527,9.8931
484.0000,-0.2661,-0.1982,1.1189,18.5802,20.4275,10.5038
495.0000,-0.2571,-0.1633,1.0723,20.8779,17.3053,11.1450
509.0000,-0.2478,-0.1453,1.0220,17.4962,14.2519,11.4122
490.0000,-0.2310,-0.1528,0.9917,15.8473,12.3435,11.1298
489.0000,-0.2273,-0.1504,0.9648,14.4656,11.0076,10.6260
489.0000,-0.2302,-0.1565,0.9321,13.6489,8.5725,10.5573
490.0000,-0.2334,-0.1616,0.8994,14.1298,6.0687,10.5115
504.0000,-0.2212,-0.1482,0.8877,13.7557,5.0000,9.9847
489.0000,-0.2219,-0.1550,0.8552,14.1527,3.3588,8.9695
492.0000,-0.2144,-0.1409,0.8293,11.8092,3.3740,8.4656
485.0000,-0.2083,-0.1323,0.8259,7.3435,4.7939,8.1221
506.0000,-0.2124,-0.1160,0.8147,4.7252,5.5649,7.6260
489.0000,-0.2205,-0.1123,0.8125,1.5725,6.9084,6.6870
464.0000,-0.2151,-0.1155,0.8123,1.0916,7.6794,5.2366
495.0000,-0.2185,-0.1069,0.8032,1.1832,9.0916,4.3130
500.0000,-0.2241,-0.0928,0.7739,1.3969,10.8321,3.6794
466.0000,-0.2173,-0.0952,0.7793,1.3282,12.5420,2.8702
503.0000,-0.2385,-0.1067,0.7727,3.4733,12.9008,2.2443
499.0000,-0.2444,-0.1223,0.7773,5.9237,14.3740,1.9466
483.0000,-0.2588,-0.1213,0.7788,8.9542,14.6031,2.0840
467.0000,-0.2600,-0.1155,0.7983,12.5038,14.2824,2.4580
497.0000,-0.2598,-0.1013,0.8076,14.6947,14.1756,2.8321
499.0000,-0.2656,-0.1064,0.8252,15.0076,14.2443,2.8092
481.0000,-0.2629,-0.1038,0.8403,13.6870,14.0611,2.3969
504.0000,-0.2705,-0.0938,0.8467,10.5267,13.5649,2.3206
479.0000,-0.2803,-0.1030,0.8618,5.4733,12.6260,1.8855
536.0000,-0.2822,-0.1060,0.9021,1.5496,10.5267,1.0840
464.0000,-0.2937,-0.1230,0.9277,-2.3893,7.5878,0.0153
501.0000,-0.3103,-0.1316,0.9790,-4.6794,4.6794,-1.3740
508.0000,-0.3113,-0.1350,0.9958,-5.5573,1.8397,-1.3588
488.0000,-0.3025,-0.1389,1.0093,-7.0382,-0.5344,-1.7481
481.0000,-0.2930,-0.1460,1.0073,-5.9924,-2.9924,-2.3206
493.0000,-0.2803,-0.1545,0.9915,-4.9618,-4.7481,-2.5878
528.0000,-0.2668,-0.1724,0.9814,-2.7328,-5.7252,-2.2748
521.0000,-0.2588,-0.1677,0.9719,-1.2519,-6.2824,-1.6565
496.0000,-0.2495,-0.1609,0.9580,-3.5954,-6.2137,-1.0763
521.0000,-0.2334,-0.1438,0.9424,-3.8244,-5.6031,0.1069
497.0000,-0.2302,-0.1372,0.9038,-2.0840,-5.7634,0.4504
501.0000,-0.2317,-0.1377,0.8948,-0.4733,-7.3359,-0.0763
495.0000,-0.2368,-0.1240,0.9172,1.9771,-9.4580,-0.2061
495.0000,-0.2253,-0.1262,0.9253,0.2061,-8.8473,-0.2137
514.0000,-0.2310,-0.1250,0.9299,1.0229,-8.7252,0.3053
514.0000,-0.2456,-0.1309,0.9216,1.1374,-9.7099,1.5954
428.0000,-0.2605,-0.1414,0.9561,1.9618,-11.1221,2.0534
488.0000,-0.2703,-0.1450,0.9978,6.0076,-13.2366,2.8931
570.0000,-0.3030,-0.1282,1.0481,11.2214,-16.1603,3.1908
447.0000,-0.3130,-0.1252,1.1082,19.3053,-19.7939,5.0229
545.0000,-0.3533,-0.1218,1.1582,30.0763,-25.6183,6.9618
471.0000,-0.3767,-0.1174,1.2192,39.6260,-32.4351,9.4656
453.0000,-0.4053,-0.1177,1.2405,49.4656,-39.1679,11.4275
454.0000,-0.4160,-0.0828,1.2170,55.8397,-46.2443,13.6718
656.0000,-0.4097,-0.0212,1.1936,54.5573,-52.8168,15.2519
444.0000,-0.3979,0.0022,1.2029,46.2137,-60.0611,15.2214
512.0000,-0.3782,0.0134,1.2195,34.0763,-66.9695,14.8702
485.0000,-0.3804,0.0354,1.2324,23.7786,-74.2672,15.3359
485.0000,-0.3918,0.0588,1.2588,11.1298,-81.2519,14.4122
444.0000,-0.4102,0.0510,1.3066,1.1527,-90.0611,11.8702
560.0000,-0.4141,0.0383,1.3403,-9.5573,-98.1450,9.4733
440.0000,-0.3921,0.0234,1.3579,-16.1450,-105.7023,7.7099
664.0000,-0.3884,0.0149,1.3684,-23.8473,-113.4275,6.7176
362.0000,-0.4099,-0.0015,1.4124,-31.8473,-122.1985,4.5038
550.0000,-0.4058,-0.0291,1.4160,-38.0763,-130.3664,2.5420
464.0000,-0.4160,-0.0535,1.4036,-40.1145,-137.5954,1.2824
488.0000,-0.4229,-0.0999,1.3665,-40.1450,-146.0611,-0.1450
562.0000,-0.4204,-0.1182,1.3801,-39.1450,-155.9542,-0.8015
404.0000,-0.4368,-0.1113,1.4019,-38.2595,-166.1374,-2.5649
589.0000,-0.4324,-0.1025,1.3442,-35.8321,-176.5114,-3.7023
486.0000,-0.4412,-0.1001,1.3062,-40.2672,-185.9008,-4.2672
487.0000,-0.4321,-0.1011,1.2915,-44.6489,-197.5114,-6.5191
494.0000,-0.3828,-0.0627,1.2664,-52.0000,-206.1374,-8.5038
435.0000,-0.3479,-0.0669,1.2500,-60.3817,-214.2901,-11.1374
473.0000,-0.3215,-0.0820,1.2383,-66.7023,-223.1679,-14.1756
452.0000,-0.3000,-0.1121,1.2466,-71.5191,-231.8473,-15.9618
483.0000,-0.2710,-0.1318,1.2437,-75.2672,-239.7863,-18.4656
428.0000,-0.2527,-0.1240,1.2080,-78.9847,-246.5802,-20.1908
578.0000,-0.2249,-0.1101,1.1350,-84.3053,-250.1374,-22.2672
459.0000,-0.2236,-0.1501,1.1042,-88.2595,-250.1374,-26.4656
430.0000,-0.2007,-0.1677,1.0168,-92.2443,-250.1374,-29.0763
488.0000,-0.1348,-0.1726,0.9338,-93.7176,-250.1374,-29.8397
451.0000,-0.1089,-0.2129,0.9111,-95.1603,-250.1374,-32.6031
493.0000,-0.0515,-0.2231,0.8130,-94.5038,-250.1374,-34.7863
379.0000,-0.0156,-0.2415,0.7876,-94.0992,-250.1374,-36.2519
454.0000,-0.0010,-0.2849,0.8010,-95.0305,-250.1374,-40.6183
555.0000,0.0347,-0.2844,0.7837,-96.1832,-250.1374,-43.0534
394.0000,0.0325,-0.2832,0.8584,-99.2290,-250.1374,-46.2824
567.0000,0.0549,-0.2495,0.8198,-99.3130,-250.1374,-49.8779
433.0000,0.0667,-0.2568,0.7698,-98.7939,-250.1374,-51.7481
491.0000,0.0383,-0.3376,0.7661,-102.9542,-250.1374,-57.0992
525.0000,0.0981,-0.3115,0.5940,-99.2366,-250.1374,-60.1069
506.0000,0.1448,-0.3044,0.4678,-93.3588,-250.1374,-61.5267
474.0000,0.1519,-0.3220,0.4456,-85.3511,-250.1374,-64.1603
471.0000,0.2341,-0.2798,0.3525,-82.1832,-250.1374,-68.3283
492.0000,0.3113,-0.2256,0.2283,-71.4580,-250.1374,-69.1450
504.0000,0.3638,-0.1692,0.1147,-68.7710,-250.1374,-69.2672
507.0000,0.4136,-0.1287,0.0471,-69.2366,-250.1374,-72.1145
515.0000,0.4983,-0.0869,-0.0181,-70.6718,-250.1374,-73.6718
483.0000,0.5461,-0.0942,-0.1152,-72.5267,-250.1374,-73.0840
488.0000,0.5657,-0.1221,-0.1064,-65.7481,-250.1374,-72.8321
462.0000,0.6162,-0.0918,-0.1738,-59.9847,-250.1374,-69.2672
469.0000,0.6921,-0.0640,-0.3149,-44.5954,-250.1374,-64.5649
536.0000,0.7251,-0.0732,-0.4385,-23.4275,-250.1374,-59.1756
481.0000,0.7527,-0.0574,-0.5364,-6.0992,-241.3435,-54.0382
487.0000,0.7632,-0.0586,-0.6584,18.5191,-226.1603,-49.5420
484.0000,0.8308,-0.0425,-0.7656,31.5191,-202.1832,-44.8015
474.0000,0.8499,-0.0212,-0.8958,46.2672,-179.6794,-39.4504
494.0000,0.8623,-0.0137,-0.9814,53.3817,-158.1985,-34.5420
501.0000,0.9006,0.0461,-1.1003,55.0076,-138.2595,-30.5649
513.0000,0.9053,-0.0059,-1.0479,47.0382,-102.8015,-24.7099
475.0000,0.9595,0.0757,-1.0171,25.8244,-61.3740,-20.1679
639.0000,0.9141,0.0784,-1.0002,14.1374,-37.7786,-15.2519
511.0000,0.9663,0.0786,-0.9678,-7.5267,-3.0840,-11.0153
530.0000,0.9744,0.0566,-0.8870,-20.0611,29.1756,-7.1756
516.0000,0.9412,0.0437,-0.8357,-30.2519,57.0687,-2.6260
522.0000,0.9370,0.0183,-0.8003,-42.0534,85.1756,2.2672
505.0000,0.9290,0.0066,-0.7542,-49.1221,111.5496,7.1985
518.0000,0.8867,-0.0298,-0.6868,-53.7176,135.7099,13.1756
508.0000,0.8752,-0.0117,-0.6272,-51.0687,158.2672,18.3664
510.0000,0.8411,-0.0256,-0.5837,-38.6336,175.3435,23.5344
570.0000,0.8225,-0.0305,-0.5408,-34.1374,189.4656,28.5344
483.0000,0.8015,-0.0278,-0.4761,-24.9084,202.4427,33.2901
386.0000,0.7849,-0.0364,-0.4443,-19.8931,214.7252,37.7786
406.0000,0.7839,-0.0293,-0.3420,-20.2290,231.2519,41.7939
426.0000,0.7512,-0.0442,-0.2900,-21.6107,246.2977,45.3588
424.0000,0.7087,-0.0591,-0.2144,-25.8779,250.1298,48.8244
465.0000,0.6738,-0.0603,-0.1411,-29.7481,250.1298,51.9008
462.0000,0.6519,-0.0881,-0.0828,-28.1985,250.1298,53.1756
443.0000,0.6033,-0.1416,0.0261,-26.6107,250.1298,54.3664
464.0000,0.5542,-0.1641,0.1460,-23.0229,250.1298,56.3893
441.0000,0.5352,-0.1951,0.1880,-17.1679,250.1298,58.4122
460.0000,0.4836,-0.2068,0.2036,-8.6183,250.1298,60.5420
432.0000,0.4470,-0.1960,0.2041,-4.9618,250.1298,61.7099
464.0000,0.3779,-0.2256,0.2817,-2.6183,250.1298,60.7557
462.0000,0.3628,-0.2051,0.3748,-3.7634,250.1298,58.9771
508.0000,0.3721,-0.2036,0.4021,-0.2748,250.1298,58.4427
471.0000,0.3499,-0.2185,0.4409,4.4733,250.1298,59.3206
471.0000,0.2310,-0.2805,0.5603,1.6794,250.1298,59.3359
479.0000,0.2229,-0.2854,0.7576,12.0611,250.1298,59.3588
471.0000,0.2295,-0.2866,0.8760,27.7176,250.1298,60.7710
491.0000,0.1982,-0.2332,0.8628,20.1450,250.1298,61.4198
523.0000,0.1165,-0.2825,0.8501,29.5038,250.1298,60.7557
462.0000,0.0635,-0.3176,0.8936,34.3588,250.1298,58.4351
475.0000,0.0242,-0.3101,0.9214,32.9084,241.9466,55.7786
510.0000,0.0242,-0.2527,0.9336,26.3359,235.7099,52.7099
467.0000,0.0181,-0.2354,0.9893,16.8473,231.3130,47.4275
483.0000,-0.0037,-0.2532,0.9702,6.8931,226.8168,44.3206
521.0000,-0.0217,-0.3130,0.9802,7.6107,220.3359,44.2519
474.0000,-0.0476,-0.3357,1.0024,11.5649,212.2137,45.5649
450.0000,-0.0479,-0.3049,1.0137,15.6031,206.9008,45.6947
509.0000,-0.0479,-0.3174,1.0530,24.1450,204.4580,46.1374
451.0000,-0.0664,-0.3013,1.1233,34.9084,202.7786,46.4809
520.0000,-0.0913,-0.2815,1.0940,46.5649,199.5572,48.1832
469.0000,-0.1348,-0.2549,1.0837,48.1298,196.3282,49.1679
475.0000,-0.1780,-0.2634,1.1387,41.2443,191.2519,47.1145
475.0000,-0.2068,-0.2603,1.2051,32.0611,186.3511,44.3435
484.0000,-0.2102,-0.2676,1.2373,30.7099,182.5802,42.9160
500.0000,-0.2393,-0.2991,1.1853,32.9771,173.3664,41.5191
489.0000,-0.2400,-0.3000,1.1753,32.3435,166.7023,41.1603
481.0000,-0.2427,-0.3481,1.2300,38.3359,158.9008,41.6565
476.0000,-0.2336,-0.3450,1.2214,32.9847,156.1450,41.9771
467.0000,-0.2288,-0.3159,1.1938,41.3206,149.2214,41.4885
487.0000,-0.2776,-0.2600,1.1035,37.6489,136.0000,41.0763
515.0000,-0.2161,-0.2302,1.1292,44.5420,130.1527,37.7252
461.0000,-0.2273,-0.2017,1.1345,31.2519,130.8015,33.2595
477.0000,-0.1438,-0.2678,1.1765,27.8473,121.6641,31.3282
513.0000,-0.2097,-0.2673,1.1399,8.5267,113.8244,31.7023
462.0000,-0.2102,-0.2908,1.1758,6.0534,110.6718,31.6641
493.0000,-0.2317,-0.2981,1.1904,-5.4198,106.6489,32.1908
482.0000,-0.2131,-0.2957,1.2061,-2.3053,105.9008,32.8702
466.0000,-0.2131,-0.2813,1.1790,3.7557,101.4504,31.3359
495.0000,-0.2458,-0.2915,1.0903,-2.3740,93.7405,30.0840
495.0000,-0.2266,-0.2830,1.0728,0.3588,84.2824,27.8931
469.0000,-0.2153,-0.2830,1.0149,-5.1908,80.9389,24.4198
498.0000,-0.2356,-0.3022,1.0312,-17.9313,74.5496,20.7557
488.0000,-0.2097,-0.3542,1.0950,-25.9771,67.7634,17.9389
497.0000,-0.1785,-0.3896,1.1577,-27.6489,65.0458,16.9313
498.0000,-0.1914,-0.4231,1.2310,-22.1985,64.2443,18.9618
478.0000,-0.2212,-0.4360,1.2585,-14.4504,60.7710,22.1145
498.0000,-0.2280,-0.4292,1.2444,-1.8321,55.3282,23.4122
488.0000,-0.2207,-0.3992,1.2156,10.6031,50.0840,22.4504
505.0000,-0.1926,-0.3560,1.1587,16.4351,47.2672,19.9084
485.0000,-0.1797,-0.3123,1.1328,14.3359,43.8015,17.3435
492.0000,-0.1914,-0.3186,1.0977,6.4885,39.5191,16.1603
492.0000,-0.2075,-0.3291,1.0811,-3.3130,35.3588,14.4733
490.0000,-0.2107,-0.3474,1.0869,-7.5725,30.0534,12.3206
494.0000,-0.2163,-0.3589,1.0901,-7.7939,23.4351,10.5344
494.0000,-0.2051,-0.3660,1.0864,-4.8168,17.9160,9.1985
496.0000,-0.2061,-0.3523,1.0662,-2.5267,13.4504,8.4122
489.0000,-0.2085,-0.3438,1.0417,-5.1374,11.0687,8.0000
500.0000,-0.1929,-0.3333,1.0408,-6.5954,9.9084,6.8092
499.0000,-0.1929,-0.3455,1.0171,-6.9084,8.1908,6.4580
490.0000,-0.1975,-0.3279,1.0032,-10.2824,7.6718,6.6336
496.0000,-0.1995,-0.3142,0.9658,-10.4504,8.9924,5.7176
522.0000,-0.2139,-0.2866,0.9275,-8.7557,8.4122,4.6336
499.0000,-0.2200,-0.2842,0.8962,-4.4046,5.9695,3.7176
501.0000,-0.2195,-0.2764,0.8787,-1.8168,3.7176,2.1221
486.0000,-0.2122,-0.2625,0.8442,0.4122,2.9008,0.9160
502.0000,-0.2190,-0.2522,0.8245,1.9924,2.8702,0.4427
513.0000,-0.2246,-0.2429,0.8037,2.6489,1.8779,-0.2519
489.0000,-0.2305,-0.2463,0.7969,2.7023,0.9847,-1.1756
499.0000,-0.2244,-0.2336,0.7893,4.1756,1.3969,-1.6794
499.0000,-0.2231,-0.2400,0.7852,7.8626,0.6718,-1.8702
495.0000,-0.2205,-0.2297,0.7620,6.9618,1.9618,-1.3893
497.0000,-0.2290,-0.2073,0.7654,5.7176,4.1145,-0.9389
493.0000,-0.2195,-0.1997,0.7573,5.3893,6.6183,-0.9313
485.0000,-0.2244,-0.1904,0.7520,5.0000,8.4885,-0.9008
485.0000,-0.2207,-0.1968,0.7358,5.9084,9.6489,-0.7176
488.0000,-0.2197,-0.2017,0.7380,6.2901,11.5954,-0.4962
498.0000,-0.2256,-0.1995,0.7417,6.7405,13.6870,-0.5802
487.0000,-0.2239,-0.2104,0.7495,5.8015,16.5649,-0.2595
497.0000,-0.2246,-0.2153,0.7488,4.9466,19.1298,0.5649
485.0000,-0.2312,-0.1880,0.7573,4.9160,20.7252,1.7481
482.0000,-0.2280,-0.1912,0.7524,4.4885,21.5496,1.9847
484.0000,-0.2346,-0.1792,0.7793,3.4656,22.0382,1.5420
497.0000,-0.2402,-0.2058,0.8003,1.5725,23.0534,1.2366
475.0000,-0.2314,-0.2266,0.8171,-0.8473,23.9924,1.8168
473.0000,-0.2366,-0.2463,0.8230,-2.0076,24.1298,2.8473
555.0000,-0.2600,-0.2556,0.8699,-5.1374,24.4809,3.6412
473.0000,-0.2676,-0.2546,0.8818,-6.9389,24.5649,3.9084
465.0000,-0.2847,-0.2456,0.8840,-8.4427,22.6412,3.0382
464.0000,-0.3091,-0.2520,0.8931,-8.9466,17.5267,1.3053
513.0000,-0.3140,-0.2651,0.9368,-11.2901,9.6794,-0.4275
490.0000,-0.3257,-0.2708,0.9929,-16.0076,2.6718,-2.0153
448.0000,-0.3330,-0.2966,1.0476,-20.0916,-1.8244,-2.7023
537.0000,-0.3367,-0.2986,1.1155,-21.4427,-6.0229,-2.8397
511.0000,-0.3374,-0.2900,1.1362,-23.8473,-9.6260,-3.1527
452.0000,-0.3489,-0.2649,1.1326,-19.0305,-18.6412,-4.4046
508.0000,-0.3479,-0.2605,1.1216,-28.3130,-25.1985,-6.2290
461.0000,-0.3425,-0.2148,1.1196,-40.8626,-31.4046,-9.0458
544.0000,-0.3547,-0.2280,1.1067,-54.0382,-36.1221,-10.0382
522.0000,-0.3687,-0.2988,1.1296,-70.8015,-40.0534,-10.1527
406.0000,-0.3469,-0.3315,1.1790,-74.9389,-45.9466,-9.5267
548.0000,-0.3296,-0.3655,1.2341,-67.1450,-54.5725,-9.6870
469.0000,-0.3333,-0.3684,1.2566,-54.5420,-63.9695,-9.3817
472.0000,-0.3486,-0.3721,1.2747,-44.7939,-71.7252,-11.0458
550.0000,-0.3718,-0.3591,1.2998,-31.7328,-82.4046,-14.1069
483.0000,-0.3901,-0.3547,1.2983,-26.9618,-92.5496,-16.6718
400.0000,-0.4019,-0.3411,1.3391,-30.5344,-99.7099,-20.8473
553.0000,-0.4019,-0.3491,1.3096,-32.6870,-105.7557,-24.8779
510.0000,-0.4170,-0.3628,1.2898,-35.5191,-112.6870,-27.4656
500.0000,-0.4438,-0.3621,1.3020,-41.3511,-122.2901,-30.2748
452.0000,-0.4436,-0.3682,1.3179,-48.7481,-131.5496,-34.3053
443.0000,-0.4199,-0.3699,1.3081,-55.9542,-139.0687,-38.5038
696.0000,-0.4080,-0.3918,1.3064,-61.5878,-146.6565,-42.9466
405.0000,-0.4111,-0.4309,1.3755,-67.9924,-155.4656,-48.4885
438.0000,-0.4036,-0.4495,1.4031,-69.0000,-164.8244,-52.6870
540.0000,-0.3860,-0.4573,1.3987,-61.7939,-172.0687,-53.7481
420.0000,-0.3540,-0.4866,1.3745,-50.6947,-178.6565,-54.4809
464.0000,-0.2825,-0.4836,1.3618,-37.4275,-186.2366,-56.3435
534.0000,-0.2224,-0.4866,1.3149,-27.2443,-193.2824,-57.1069
497.0000,-0.1855,-0.5166,1.2849,-22.0687,-200.3206,-58.6260
460.0000,-0.1807,-0.5029,1.2273,-17.8321,-207.8779,-59.5954
576.0000,-0.1699,-0.4875,1.1733,-14.8321,-215.9313,-59.3893
458.0000,-0.1763,-0.4861,1.1743,-17.4351,-226.0229,-60.0000
492.0000,-0.1353,-0.4375,1.1304,-21.5496,-236.3969,-62.1985
519.0000,-0.0884,-0.4573,1.0396,-24.6183,-244.8855,-63.8779
461.0000,-0.0737,-0.4971,1.0452,-33.0458,-250.1374,-66.6260
605.0000,-0.0200,-0.4690,0.9973,-38.7786,-250.1374,-69.1374
454.0000,-0.0134,-0.5112,0.9897,-43.2519,-250.1374,-71.0076
309.0000,0.0095,-0.4648,0.9326,-55.0076,-250.1374,-74.8702
663.0000,0.0625,-0.5017,0.7891,-58.0000,-250.1374,-77.2519
388.0000,0.0361,-0.5615,0.9041,-62.7176,-250.1374,-80.6565
430.0000,0.0046,-0.5657,0.8955,-55.3740,-250.1374,-85.1908
513.0000,0.0408,-0.5320,0.7625,-33.8779,-250.1374,-86.4428
465.0000,0.0032,-0.5720,0.8801,-20.0916,-250.1374,-87.1832
477.0000,-0.0181,-0.5110,0.8232,-12.1450,-250.1374,-92.7405
468.0000,0.0227,-0.4741,0.6631,-0.1908,-250.1374,-95.2977
533.0000,0.0530,-0.4563,0.6196,-2.6565,-250.1374,-96.9084
477.0000,0.0503,-0.4236,0.6118,-12.7557,-250.1374,-102.1908
459.0000,0.1104,-0.3618,0.4607,-18.0458,-250.1374,-107.7939
544.0000,0.1597,-0.2976,0.3457,-33.9389,-250.1374,-109.8244
506.0000,0.1929,-0.2644,0.3479,-47.7557,-250.1374,-112.9466
458.0000,0.2480,-0.2627,0.3420,-59.6336,-250.1374,-119.2443
560.0000,0.3088,-0.2578,0.2356,-59.6336,-250.1374,-122.6336
493.0000,0.3086,-0.2485,0.1836,-60.2137,-250.1374,-121.6565
500.0000,0.3716,-0.2261,0.2341,-59.2901,-250.1374,-122.0458
484.0000,0.4214,-0.1985,0.0999,-42.8244,-250.1374,-121.1374
477.0000,0.4456,-0.1687,0.0322,-21.5725,-250.1374,-117.3435
481.0000,0.4592,-0.1218,-0.1321,-10.5191,-250.1374,-112.7099
502.0000,0.5054,-0.0566,-0.2249,5.8779,-250.1374,-108.6718
490.0000,0.5564,-0.0701,-0.3491,19.1145,-249.3817,-102.4351
514.0000,0.6409,0.0078,-0.4565,26.6107,-233.4656,-94.4809
497.0000,0.6658,0.0325,-0.5859,32.4580,-223.6107,-85.9466
492.0000,0.7283,0.0959,-0.6311,41.3359,-204.0687,-77.8092
496.0000,0.7637,0.1404,-0.7236,52.6412,-187.2977,-69.9313
502.0000,0.8059,0.1819,-0.8613,59.6947,-165.8321,-60.5802
480.0000,0.8596,0.2327,-0.9014,66.7710,-143.8397,-51.2595
497.0000,0.8882,0.2422,-0.9966,61.4656,-118.4351,-40.1298
513.0000,0.9548,0.2771,-1.0400,53.9389,-84.1679,-31.3206
460.0000,0.9526,0.2734,-1.0427,35.8550,-52.0076,-21.8244
531.0000,0.9512,0.2908,-1.0063,16.7710,-21.8321,-11.6641
512.0000,0.9722,0.2507,-0.9492,2.4122,7.6031,-3.0000
500.0000,0.9795,0.2241,-0.8882,-3.9466,39.1145,5.9618
490.0000,0.9456,0.2087,-0.7954,-2.2672,61.6794,14.4198
491.0000,0.9197,0.1873,-0.7363,-2.1832,80.9084,23.5802
520.0000,0.9172,0.1880,-0.6907,-7.8626,101.8855,32.4122
493.0000,0.9231,0.1809,-0.6257,-19.4198,127.8550,40.0229
489.0000,0.9170,0.1660,-0.5720,-33.3893,153.5725,45.9160
508.0000,0.8889,0.1406,-0.4717,-43.1679,177.5114,52.0305
540.0000,0.8628,0.0972,-0.4314,-40.4427,192.0382,58.6107
490.0000,0.8254,0.0483,-0.3875,-31.6031,201.2443,64.6794
484.0000,0.8123,0.0156,-0.3218,-28.1069,210.6947,69.4580
483.0000,0.7864,0.0112,-0.2627,-29.3969,219.8779,72.5038
502.0000,0.7681,-0.0081,-0.2043,-34.0611,228.8015,75.5954
477.0000,0.7322,-0.0325,-0.1187,-42.5420,232.8473,78.6718
520.0000,0.7012,-0.0728,-0.0420,-47.2366,241.5802,80.7099
479.0000,0.6802,-0.1157,0.1028,-41.8397,250.1221,82.8092
482.0000,0.6255,-0.1277,0.1528,-31.4427,250.1298,84.5954
459.0000,0.5710,-0.1523,0.2039,-21.6489,250.1298,86.0611
514.0000,0.5396,-0.1914,0.2366,-10.4733,250.1298,86.1069
478.0000,0.4939,-0.2200,0.3899,-1.5267,250.1298,85.5267
489.0000,0.5027,-0.2012,0.4805,-5.9542,250.1298,84.2977
497.0000,0.4688,-0.2451,0.4402,3.0611,250.1298,82.1221
482.0000,0.3889,-0.2280,0.4414,5.3893,250.1298,80.4580
532.0000,0.3333,-0.3010,0.3867,1.2672,248.5878,80.2366
494.0000,0.3264,-0.2827,0.5610,-8.0687,245.0611,77.3893
483.0000,0.3264,-0.3135,0.6543,-4.3282,247.5267,74.9008
492.0000,0.3018,-0.3289,0.6042,-5.6031,249.1908,74.8855
506.0000,0.2144,-0.3196,0.6855,-7.3588,242.7481,75.2061
516.0000,0.1736,-0.3433,0.8542,-14.8015,236.6641,73.1069
495.0000,0.1738,-0.4060,1.0491,-17.2290,235.9924,69.1679
503.0000,0.1851,-0.5002,1.0576,-9.5115,238.4275,68.8015
500.0000,0.1807,-0.5437,0.9380,7.0305,234.2366,72.0992
481.0000,0.1304,-0.5383,0.8535,28.5038,221.2748,74.2901
505.0000,0.1138,-0.4895,0.8052,48.8931,205.7939,72.9771
498.0000,0.1240,-0.4629,0.8110,58.9542,195.2290,68.6947
486.0000,0.1401,-0.4275,0.7683,50.7634,193.0076,64.7405
491.0000,0.1465,-0.4153,0.6758,46.4809,191.2901,61.6107
488.0000,0.0833,-0.3799,0.7505,24.6718,189.1832,60.4122
474.0000,0.0398,-0.3174,0.9121,-4.1221,186.9160,57.0382
548.0000,0.0300,-0.3369,0.9561,-17.6336,182.6947,52.3740
495.0000,-0.0166,-0.4304,0.9607,-24.7328,178.8779,50.7481
495.0000,-0.0654,-0.4980,1.0588,-25.6336,172.8779,52.3969
504.0000,-0.0830,-0.5083,1.1497,-22.2748,170.8015,54.3893
506.0000,-0.0632,-0.5269,1.1787,-5.6641,169.3588,55.6412
490.0000,-0.0703,-0.5645,1.1013,17.7023,164.7405,58.4656
511.0000,-0.0823,-0.5703,1.0845,42.5802,158.0763,60.7557
506.0000,-0.0959,-0.5767,1.1101,63.4046,152.3588,62.3664
495.0000,-0.0583,-0.5256,1.0928,70.0687,154.2214,62.2214
511.0000,-0.0554,-0.4294,0.9919,77.5725,153.6336,60.9618
506.0000,-0.0957,-0.3623,0.9055,75.6718,146.6565,57.1374
492.0000,-0.1423,-0.3159,0.9031,54.1527,139.7633,50.7863
503.0000,-0.1643,-0.2954,0.9600,31.8168,132.3588,42.6565
519.0000,-0.1772,-0.3032,1.0210,7.0382,130.5267,36.8015
501.0000,-0.2200,-0.3472,1.0710,-14.5038,126.7023,33.4198
503.0000,-0.2444,-0.4629,1.1230,-24.3817,123.4657,30.8855
498.0000,-0.2544,-0.5229,1.1831,-28.8244,121.6107,31.5954
493.0000,-0.2644,-0.5627,1.3247,-14.2061,116.7328,32.7176
495.0000,-0.2549,-0.5869,1.3203,3.0840,113.6947,36.2748
516.0000,-0.2324,-0.5398,1.2522,30.4656,110.0305,39.5573
485.0000,-0.3044,-0.5581,1.1711,56.2748,101.0458,39.9695
507.0000,-0.2805,-0.5093,1.1758,62.2672,90.7939,37.5878
502.0000,-0.2200,-0.4536,1.1382,64.9924,85.0458,33.2443
498.0000,-0.2036,-0.4202,1.0732,61.8855,77.8092,29.2366
504.0000,-0.2000,-0.3923,1.0525,50.4122,72.5267,26.6641
512.0000,-0.1833,-0.3877,1.0400,36.2748,66.6031,23.9160
493.0000,-0.1699,-0.3940,1.0493,20.4885,61.1221,21.7634
484.0000,-0.1565,-0.3909,1.0869,6.1298,58.8015,20.2519
542.0000,-0.1577,-0.3770,1.1562,-2.8626,55.8244,18.6870
469.0000,-0.1685,-0.3638,1.2102,-6.4198,52.3130,17.1450
518.0000,-0.1780,-0.3816,1.2285,-6.0458,48.5038,15.8931
528.0000,-0.1858,-0.4004,1.2529,-2.5802,47.0916,15.1603
458.0000,-0.2021,-0.3916,1.2639,3.0763,45.5725,15.2290
537.0000,-0.2214,-0.3967,1.2271,10.3893,43.7939,15.7099
488.0000,-0.2141,-0.3977,1.1799,20.4733,43.7939,15.6260
543.0000,-0.2144,-0.4055,1.1304,33.2595,44.9160,15.8626
482.0000,-0.2166,-0.3911,1.0771,45.3664,44.4656,17.1679
518.0000,-0.2332,-0.3621,1.0237,55.6718,42.0916,18.0076
486.0000,-0.2112,-0.3416,0.9321,59.0763,41.3359,18.5878
501.0000,-0.2004,-0.2966,0.8149,61.8092,40.5725,18.5725
501.0000,-0.2129,-0.2498,0.7432,63.0458,37.4046,17.7557
493.0000,-0.2327,-0.2129,0.6997,52.6794,29.8702,15.9771
474.0000,-0.1997,-0.1653,0.6250,36.8931,25.9160,12.9695
502.0000,-0.1926,-0.1252,0.5520,24.9466,23.6412,10.7481
520.0000,-0.2537,-0.1082,0.5476,7.6412,17.9008,6.8626
486.0000,-0.2729,-0.1238,0.6316,-12.2901,9.1221,1.4046
495.0000,-0.2456,-0.1555,0.7561,-24.6794,5.7481,-3.1221
478.0000,-0.2505,-0.2207,0.8521,-28.9618,6.1298,-5.6947
508.0000,-0.2754,-0.2954,0.9331,-27.8626,5.2061,-5.1985
504.0000,-0.2883,-0.3374,0.9817,-22.5878,4.4504,-2.8855
487.0000,-0.2783,-0.3650,1.0012,-14.3588,5.3206,-0.1603
493.0000,-0.2617,-0.3560,0.9937,-4.5191,6.7634,1.7328
493.0000,-0.2600,-0.3220,0.9548,4.8092,8.0534,3.1832
482.0000,-0.2407,-0.2744,0.9087,10.0992,8.2366,4.0382
501.0000,-0.2307,-0.2556,0.8586,13.0992,7.8397,4.4580
498.0000,-0.2068,-0.2349,0.8435,15.9847,6.7099,4.7634
470.0000,-0.2097,-0.2317,0.8225,16.2443,6.2595,4.4809
481.0000,-0.2029,-0.2312,0.8354,16.8779,5.9695,4.2214
490.0000,-0.2161,-0.2266,0.8408,16.7710,6.1679,3.7328
485.0000,-0.2034,-0.2339,0.8403,16.3053,6.3740,3.3206
470.0000,-0.1953,-0.2339,0.8328,15.7710,7.3511,3.1527
510.0000,-0.1885,-0.2361,0.8423,14.8931,8.3740,3.0763
478.0000,-0.1895,-0.2261,0.8450,13.9695,9.9695,3.0229
445.0000,-0.1812,-0.2166,0.8491,13.1374,12.0687,2.7710
531.0000,-0.1790,-0.2288,0.8403,12.6641,14.7176,2.9389
486.0000,-0.1914,-0.2407,0.8467,12.4351,17.0840,3.1298
464.0000,-0.2039,-0.2449,0.8330,12.2366,18.9389,3.5420
511.0000,-0.2065,-0.2424,0.8254,13.5954,19.8473,4.2519
499.0000,-0.2229,-0.2346,0.8079,14.0992,19.7405,4.5038
506.0000,-0.2417,-0.2170,0.8010,13.8168,18.3740,4.1374
497.0000,-0.2612,-0.2231,0.8193,13.2824,16.2061,3.3511
481.0000,-0.2642,-0.2268,0.8535,12.5649,13.0611,2.3588
477.0000,-0.2837,-0.2275,0.8760,11.9466,9.7939,1.3511
507.0000,-0.2891,-0.2283,0.9133,9.8092,7.8015,0.3969
475.0000,-0.3018,-0.2310,0.9380,9.8473,4.9466,-0.4962
501.0000,-0.3081,-0.2402,0.9407,8.2443,1.6870,-0.9466
466.0000,-0.3103,-0.2417,0.9653,7.0153,-0.0992,-0.8244
529.0000,-0.2969,-0.2305,0.9771,8.1450,-1.1298,-1.0000
499.0000,-0.2944,-0.2153,0.9766,10.1527,-1.9542,-1.0000
474.0000,-0.2908,-0.2087,0.9438,11.4580,-3.2748,-1.2595
517.0000,-0.2815,-0.2036,0.9109,10.2672,-3.6870,-0.6489
525.0000,-0.2708,-0.1924,0.8633,8.8779,-4.0687,-0.0229
484.0000,-0.2722,-0.1880,0.8547,7.8702,-6.3588,-0.0534
485.0000,-0.2700,-0.1726,0.8506,2.7557,-8.6641,-0.7405
482.0000,-0.2546,-0.1641,0.8572,-2.1603,-9.4885,-1.6947
593.0000,-0.2495,-0.1768,0.8503,-5.5420,-9.8550,-1.8779
483.0000,-0.2686,-0.1902,0.8545,-9.9313,-11.3053,-1.4504
465.0000,-0.2559,-0.1787,0.8684,-12.0916,-13.1603,-0.6565
537.0000,-0.2334,-0.1604,0.8828,-12.4962,-14.1679,-0.5802
508.0000,-0.2400,-0.1545,0.8987,-13.3740,-15.5954,-1.3817
482.0000,-0.2527,-0.1768,0.9551,-14.8397,-17.9695,-2.5267
497.0000,-0.2644,-0.2190,1.0122,-15.3817,-19.8015,-2.5496
516.0000,-0.2769,-0.2539,1.0254,-13.4351,-21.2137,-0.5191
524.0000,-0.2813,-0.2534,1.0425,-10.0458,-23.2824,1.4580
488.0000,-0.3062,-0.2310,1.0559,-5.6641,-28.0916,1.6565
489.0000,-0.3093,-0.2190,1.0818,-3.6794,-33.3511,0.3511
478.0000,-0.3010,-0.1958,1.0752,-6.2748,-37.0687,-0.9008
465.0000,-0.3159,-0.1904,1.0764,-9.0763,-41.9542,-1.9618
540.0000,-0.3276,-0.1890,1.0774,-17.5191,-47.5267,-2.8931
442.0000,-0.3345,-0.1917,1.1121,-26.8931,-53.5725,-5.0840
529.0000,-0.3501,-0.2109,1.1428,-33.6718,-61.1374,-7.4351
459.0000,-0.3623,-0.2256,1.1777,-40.2519,-68.5420,-9.2824
512.0000,-0.3582,-0.2341,1.2144,-45.4122,-74.9008,-11.0534
473.0000,-0.3613,-0.2524,1.2407,-47.3435,-82.4046,-12.4351
485.0000,-0.3674,-0.2742,1.2681,-47.2519,-90.2061,-13.4656
517.0000,-0.3533,-0.2874,1.2776,-43.3740,-96.8397,-14.7786
472.0000,-0.3455,-0.2939,1.2986,-37.8168,-102.5954,-16.4122
553.0000,-0.3186,-0.2898,1.2693,-30.0000,-108.3970,-17.1374
422.0000,-0.3008,-0.2925,1.2378,-24.2901,-113.6718,-17.6794
484.0000,-0.2935,-0.2793,1.1970,-18.1832,-119.4886,-17.9389
490.0000,-0.2888,-0.2893,1.1914,-13.6794,-125.7481,-17.5802
517.0000,-0.2739,-0.2773,1.2163,-7.2672,-133.8855,-17.0840
507.0000,-0.2607,-0.2917,1.3069,1.1985,-143.1756,-16.1374
325.0000,-0.2539,-0.3215,1.3809,14.5191,-150.1603,-15.5649
714.0000,-0.2856,-0.3696,1.3733,28.7710,-159.2901,-13.1450
432.0000,-0.3145,-0.3694,1.4146,45.5725,-169.7557,-11.1832
440.0000,-0.2998,-0.3218,1.4004,50.6336,-177.3206,-11.9847
448.0000,-0.2632,-0.2852,1.2937,55.2214,-185.0916,-14.0305
564.0000,-0.2310,-0.2568,1.2104,49.8015,-191.5038,-14.5344
369.0000,-0.2134,-0.2485,1.2278,35.9924,-198.6565,-16.7786
583.0000,-0.1868,-0.2148,1.1943,17.2366,-205.7405,-18.8473
486.0000,-0.1572,-0.1704,1.2388,0.4733,-211.2977,-21.5038
459.0000,-0.1733,-0.1697,1.2344,-14.1908,-220.2519,-25.4427
588.0000,-0.1355,-0.1821,1.2139,-21.3969,-229.4809,-28.5802
494.0000,-0.1326,-0.2458,1.1936,-26.9618,-235.1145,-29.9847
439.0000,-0.1138,-0.2917,1.1296,-30.0687,-242.6717,-30.3817
568.0000,-0.0793,-0.2681,1.0691,-28.7634,-250.1374,-28.0305
498.0000,-0.0483,-0.2610,1.0249,-28.5725,-250.1374,-26.6412
425.0000,-0.0369,-0.2437,0.9644,-25.5649,-250.1374,-27.9924
619.0000,0.0188,-0.2290,0.8291,-29.4275,-250.1374,-28.7710
438.0000,0.0010,-0.3152,0.8484,-26.8702,-250.1374,-30.3893
487.0000,0.0310,-0.2874,0.7810,-38.3740,-250.1374,-31.4580
421.0000,0.0850,-0.2466,0.7654,-35.7481,-250.1374,-31.4046
472.0000,0.0774,-0.2512,0.7634,-47.7099,-250.1374,-33.6870
529.0000,0.1326,-0.2598,0.6646,-51.5420,-250.1374,-37.4427
555.0000,0.1616,-0.3425,0.5930,-51.6947,-250.1374,-38.5191
421.0000,0.1611,-0.3760,0.6182,-52.0687,-250.1374,-40.1374
484.0000,0.2041,-0.3330,0.5430,-39.1603,-250.1374,-40.6183
479.0000,0.2173,-0.3069,0.5298,-31.3435,-250.1374,-40.0229
518.0000,0.2512,-0.2537,0.5012,-32.3435,-250.1374,-44.4656
509.0000,0.2734,-0.2632,0.4351,-26.3359,-250.1374,-48.9466
443.0000,0.3081,-0.3235,0.3977,-25.6107,-250.1374,-50.3664
490.0000,0.3376,-0.3064,0.3792,-26.3893,-250.1374,-50.8168
408.0000,0.3831,-0.2695,0.2786,-27.1298,-250.1374,-51.3969
525.0000,0.3933,-0.2407,0.2634,-17.3282,-250.1374,-53.0763
471.0000,0.4070,-0.2852,0.2888,-26.0916,-250.1374,-54.2519
481.0000,0.4075,-0.2537,0.2205,-22.8321,-250.1374,-56.0763
482.0000,0.4604,-0.2217,0.1060,-7.2137,-250.1374,-55.4198
470.0000,0.4961,-0.1953,0.0242,-4.0534,-250.1374,-54.6031
493.0000,0.5359,-0.1445,-0.0239,-0.4962,-250.1374,-55.2366
475.0000,0.6042,-0.1497,-0.0828,-4.3511,-248.8397,-55.6489
523.0000,0.6797,-0.1204,-0.2043,-10.7328,-240.9466,-55.0916
464.0000,0.7463,-0.1086,-0.3367,-14.0611,-228.2290,-53.4351
487.0000,0.7612,-0.0664,-0.3972,-12.1374,-217.6260,-51.1908
562.0000,0.7625,-0.0688,-0.5032,-9.8855,-215.8092,-47.7634
509.0000,0.8584,-0.0313,-0.6289,-14.6183,-201.4962,-45.2824
528.0000,0.8608,-0.0356,-0.6736,-14.0229,-188.1298,-43.7176
553.0000,0.9329,-0.0264,-0.8550,-25.8855,-162.2595,-39.0763
514.0000,1.0002,0.0598,-0.8547,-34.3282,-125.8015,-34.0534
535.0000,0.9495,0.0496,-0.9109,-31.0458,-113.5344,-28.1145
525.0000,1.1091,0.1238,-0.9727,-76.5420,-62.0076,-22.6260
486.0000,1.0132,0.0732,-0.8794,-64.1527,-30.8244,-17.4809
543.0000,1.0090,0.0569,-0.8271,-51.2137,-5.9542,-11.1145
501.0000,0.9851,0.0657,-0.8008,-30.3969,15.8702,-4.0763
534.0000,0.9351,0.0366,-0.8074,-6.2366,30.7786,3.4198
533.0000,0.8838,0.0493,-0.8179,0.0305,29.2672,10.1756
593.0000,0.9390,0.0872,-0.7527,10.2214,38.6489,13.7099
556.0000,1.0137,0.0449,-0.7043,16.9313,82.7481,16.8779
537.0000,0.9331,0.0154,-0.6460,9.6870,116.6107,20.9466
591.0000,0.8987,0.0444,-0.5889,-20.3511,142.3511,26.2366
563.0000,0.9048,0.0447,-0.5068,-40.9313,170.8702,30.2519
533.0000,0.8594,-0.0032,-0.4250,-48.0687,191.4809,33.4351
523.0000,0.7969,-0.0449,-0.3662,-34.4885,196.4580,37.0076
514.0000,0.8040,-0.0540,-0.3076,-27.0992,204.9160,39.0687
406.0000,0.7971,-0.0881,-0.2166,-13.1679,215.5420,40.1298
347.0000,0.7559,-0.1240,-0.1846,-12.9160,226.7481,42.0687
436.0000,0.7690,-0.1111,-0.1223,-20.0534,241.8321,45.4122
403.0000,0.7815,-0.1387,-0.0283,-43.3588,250.1298,51.4885
405.0000,0.7471,-0.1313,-0.0374,-65.9160,250.1298,54.2901
424.0000,0.6790,-0.0735,0.0117,-66.4580,250.1298,55.1603
531.0000,0.5840,-0.0974,0.0198,-58.0076,250.1298,55.1985
436.0000,0.5811,-0.1055,0.0500,-52.4198,250.1298,53.6183
455.0000,0.5215,-0.2090,0.1814,-27.5802,250.1298,51.4809
450.0000,0.5012,-0.2534,0.3164,-13.7786,250.1298,52.0763
464.0000,0.4370,-0.2681,0.3501,0.3740,250.1298,53.6794
466.0000,0.4260,-0.2810,0.3708,4.5878,250.1298,55.5496
457.0000,0.4050,-0.2385,0.4563,16.5573,250.1298,53.6031
451.0000,0.3618,-0.2559,0.4426,13.2366,250.1298,51.9695
461.0000,0.3647,-0.1731,0.4539,-4.2290,250.1298,48.4427
474.0000,0.3096,-0.2080,0.4182,-9.1145,250.1298,46.4427
448.0000,0.2476,-0.2229,0.4441,-30.2366,250.1298,42.0534
531.0000,0.2187,-0.2566,0.5352,-52.9924,250.1298,38.5191
475.0000,0.1653,-0.3445,0.6616,-71.8092,250.1298,37.1527
463.0000,0.1350,-0.4045,0.8345,-92.6947,250.1298,39.2290
494.0000,0.1257,-0.4021,0.9453,-82.7557,250.1298,43.5267
473.0000,0.1013,-0.4363,0.9385,-60.8244,250.1298,50.0000
476.0000,0.0566,-0.4636,0.9531,-33.8397,240.4733,54.4122
486.0000,0.0398,-0.4353,0.9797,4.7252,225.8244,55.1298
476.0000,0.0920,-0.3950,0.9346,34.0840,217.2595,55.8779
478.0000,0.1021,-0.3770,0.9011,44.8397,218.2977,56.5115
500.0000,0.1016,-0.3379,0.8142,48.5573,218.6031,55.4656
464.0000,0.0674,-0.3000,0.7351,46.3664,214.5572,52.3969
469.0000,-0.0186,-0.3147,0.7722,23.6183,209.0840,48.6565
508.0000,-0.0439,-0.3076,0.8901,0.1756,205.7481,43.4046
464.0000,-0.0466,-0.3330,0.9255,-10.1527,203.7252,41.1069
502.0000,-0.0986,-0.3467,0.9780,-21.7481,202.9389,42.0763
484.0000,-0.1692,-0.4150,1.1411,-21.9924,197.4886,41.7863
476.0000,-0.2173,-0.4619,1.2864,-13.0687,189.7939,41.0382
481.0000,-0.2109,-0.4915,1.3508,9.1832,184.7099,43.2901
494.0000,-0.2144,-0.4771,1.3574,33.6260,182.6031,47.8092
488.0000,-0.2144,-0.4167,1.2498,64.1069,175.5343,51.9542
471.0000,-0.2063,-0.3723,1.1182,84.5573,166.2519,53.7863
493.0000,-0.1917,-0.3257,1.1016,87.9008,158.8244,51.0763
485.0000,-0.1965,-0.3079,1.0732,78.4428,153.3282,46.7176
488.0000,-0.1848,-0.2722,1.0212,69.3053,150.1145,43.7786
490.0000,-0.2104,-0.2698,1.0203,60.6565,144.0687,41.5420
485.0000,-0.2925,-0.2761,1.1001,46.9618,135.9389,38.3053
478.0000,-0.3213,-0.3025,1.0840,33.0305,124.2443,36.0382
488.0000,-0.2625,-0.2913,1.2046,39.0458,123.3435,34.1527
510.0000,-0.3074,-0.3542,1.2871,38.5725,119.8244,32.4198
485.0000,-0.3279,-0.3784,1.3730,42.8855,111.5267,31.0153
497.0000,-0.2932,-0.3867,1.4265,49.9008,107.8473,31.2290
491.0000,-0.2979,-0.3896,1.4351,58.8855,107.2519,33.4351
483.0000,-0.3123,-0.3926,1.4202,70.6031,103.2748,34.5267
496.0000,-0.3044,-0.3586,1.4038,79.5802,96.1908,33.8092
483.0000,-0.2625,-0.3210,1.3589,85.8092,90.1527,31.6183
477.0000,-0.2209,-0.2866,1.2903,86.4198,86.4046,29.3969
494.0000,-0.1904,-0.2415,1.1318,77.9313,78.3053,28.8626
500.0000,-0.1575,-0.1836,0.9771,66.5344,74.2901,28.1145
481.0000,-0.1882,-0.1445,0.9209,45.2748,67.4580,24.3664