raw_emg,raw_ax,raw_ay,raw_az,raw_gx,raw_gy,raw_gz
6.0000,-0.3091,-0.2646,0.7942,-26.1908,16.5573,-48.0229
24.0000,-0.3091,-0.2676,0.7891,-3.9618,26.9160,-48.2901
96.0000,-0.3064,-0.2769,0.7949,-4.2672,10.3359,-50.7557
119.0000,-0.3083,-0.2720,0.7878,-7.2137,0.6183,1.7786
148.0000,-0.3157,-0.2795,0.7979,-7.3588,0.7634,0.8244
168.0000,-0.3149,-0.2871,0.7986,-7.1527,0.8092,0.5878
169.0000,-0.3044,-0.2893,0.8103,-6.8626,0.6489,0.5878
139.0000,-0.3071,-0.2920,0.8044,-6.5573,1.0000,0.5267
191.0000,-0.2991,-0.2959,0.8047,-6.0305,1.6183,0.3740
178.0000,-0.3064,-0.2908,0.8000,-5.4275,1.7252,0.1145
194.0000,-0.3135,-0.3086,0.8091,-4.8702,1.2443,-0.2672
172.0000,-0.3076,-0.2998,0.8057,-3.7328,1.5802,-0.2137
202.0000,-0.3030,-0.3022,0.8049,-3.2977,1.8015,-0.2366
195.0000,-0.3132,-0.2896,0.8110,-2.9924,1.7405,-0.2901
194.0000,-0.3188,-0.2878,0.8157,-3.4122,1.6794,-0.1756
205.0000,-0.3181,-0.2942,0.8167,-3.1832,1.7863,-0.1985
195.0000,-0.3220,-0.2986,0.8105,-2.9695,1.8473,-0.0916
191.0000,-0.3220,-0.2930,0.8193,-3.0916,1.7939,-0.2214
212.0000,-0.3193,-0.2957,0.8079,-2.7786,1.5344,-0.0992
192.0000,-0.3181,-0.2871,0.8066,-2.7481,1.5344,-0.1603
221.0000,-0.3215,-0.2996,0.8054,-2.6641,1.4198,0.0382
210.0000,-0.3262,-0.2944,0.7996,-3.1985,1.1603,-0.1603
206.0000,-0.3154,-0.2825,0.7979,-3.5267,1.0000,-0.4733
206.0000,-0.3181,-0.2854,0.8025,-3.9160,0.8931,-0.7634
186.0000,-0.3159,-0.2861,0.7993,-4.8168,0.8779,-0.9313
249.0000,-0.3210,-0.2886,0.7922,-5.3053,0.9237,-0.9847
209.0000,-0.3215,-0.2839,0.8022,-5.6412,1.2443,-0.9847
216.0000,-0.3276,-0.2832,0.8044,-5.7939,1.5191,-1.1069
231.0000,-0.3333,-0.2793,0.8171,-6.6718,1.5649,-1.0534
225.0000,-0.3374,-0.2898,0.8081,-6.4962,1.1069,-0.8931
226.0000,-0.3286,-0.2729,0.8108,-5.8702,1.0916,-0.4275
234.0000,-0.3257,-0.2832,0.8074,-5.6260,0.6260,-0.2901
192.0000,-0.3198,-0.2813,0.8247,-4.5649,0.0229,-0.2137
263.0000,-0.3276,-0.2883,0.8262,-5.2366,-0.0992,0.1298
220.0000,-0.3145,-0.2805,0.8242,-5.9313,-0.3130,0.5038
244.0000,-0.3091,-0.2908,0.8152,-5.5573,-0.9466,0.5573
236.0000,-0.3103,-0.2917,0.8206,-6.2137,-1.4580,0.7634
267.0000,-0.2966,-0.2964,0.8262,-5.9389,-2.2061,0.7023
238.0000,-0.3052,-0.3010,0.8428,-5.8092,-2.5878,0.6412
151.0000,-0.3083,-0.3049,0.8437,-6.1374,-3.1298,1.1221
330.0000,-0.3145,-0.3022,0.8413,-6.3969,-3.9237,1.3817
222.0000,-0.3115,-0.3113,0.8564,-5.2366,-4.5191,1.7023
235.0000,-0.3113,-0.3127,0.8928,-2.7481,-5.8550,2.1832
313.0000,-0.3208,-0.3181,0.9377,-0.2214,-7.0534,1.9924
230.0000,-0.3210,-0.3208,0.9587,3.8473,-9.1908,2.1985
245.0000,-0.3308,-0.3340,0.9839,8.1450,-13.1756,1.6565
242.0000,-0.3445,-0.3157,1.0103,11.3282,-18.0229,1.2977
268.0000,-0.3499,-0.3113,1.0044,13.2137,-23.4580,0.9542
274.0000,-0.3594,-0.2798,0.9719,12.7405,-28.9542,1.8015
259.0000,-0.3440,-0.2603,0.9480,6.7252,-34.8626,1.0229
227.0000,-0.3547,-0.2512,0.9678,-5.2290,-40.3588,-0.1756
169.0000,-0.3557,-0.2666,1.0161,-18.6412,-45.4962,-1.7863
376.0000,-0.3604,-0.2913,1.0706,-30.7786,-50.5115,-3.9847
222.0000,-0.3708,-0.3201,1.1313,-38.0305,-56.8092,-6.8779
223.0000,-0.3682,-0.3596,1.1680,-40.8397,-64.9389,-11.1679
308.0000,-0.3882,-0.3945,1.2053,-40.9542,-71.5573,-14.5725
241.0000,-0.3999,-0.4114,1.2114,-39.2672,-77.8779,-16.4122
337.0000,-0.4172,-0.4233,1.2200,-38.8244,-83.5038,-17.6107
243.0000,-0.4265,-0.4312,1.2095,-38.6336,-88.7557,-19.0992
200.0000,-0.4280,-0.4243,1.2021,-39.3511,-94.0229,-21.0687
314.0000,-0.4204,-0.4214,1.1799,-40.3435,-99.4275,-22.9389
287.0000,-0.4189,-0.4434,1.1667,-42.2061,-105.3970,-25.5649
264.0000,-0.4163,-0.4553,1.1521,-44.9771,-112.1985,-28.3817
323.0000,-0.4216,-0.4626,1.1567,-47.8168,-119.4198,-30.4962
296.0000,-0.4258,-0.4558,1.1533,-51.1221,-127.4580,-33.4427
272.0000,-0.4094,-0.4524,1.1575,-53.4351,-134.9084,-36.2672
362.0000,-0.3792,-0.4504,1.1687,-53.2595,-142.5802,-39.5038
258.0000,-0.3650,-0.4893,1.2300,-50.5191,-151.1374,-43.0611
267.0000,-0.3604,-0.4966,1.2864,-46.3053,-160.0611,-46.6565
362.0000,-0.3438,-0.4980,1.2908,-39.8702,-168.1985,-47.9389
111.0000,-0.3147,-0.4600,1.2585,-32.9542,-174.2748,-47.6107
457.0000,-0.2793,-0.4258,1.2300,-28.3053,-179.9542,-47.8550
254.0000,-0.2444,-0.4207,1.2039,-25.7634,-185.7710,-48.5420
276.0000,-0.2187,-0.4333,1.1873,-22.7328,-191.0763,-49.7252
270.0000,-0.1892,-0.4238,1.1670,-19.0076,-196.7252,-49.9313
277.0000,-0.1489,-0.4160,1.1519,-15.6870,-201.9542,-48.9542
280.0000,-0.1414,-0.4097,1.1318,-11.1985,-207.8015,-48.2519
324.0000,-0.1243,-0.3872,1.1096,-9.3893,-213.2137,-48.2214
258.0000,-0.1042,-0.3376,1.0576,-11.5038,-218.6260,-47.8092
351.0000,-0.0715,-0.3123,1.0308,-17.1374,-221.8473,-48.3053
229.0000,-0.0559,-0.3303,1.0212,-23.0534,-223.2901,-49.7176
337.0000,-0.0569,-0.3708,1.0200,-24.8092,-227.1679,-51.4809
315.0000,-0.0432,-0.3809,0.9861,-25.9695,-229.3206,-51.8855
280.0000,-0.0232,-0.3875,0.9824,-25.3282,-231.0611,-52.5725
271.0000,-0.0071,-0.3889,0.9236,-25.8702,-233.1374,-53.2366
390.0000,0.0178,-0.3860,0.8445,-23.6183,-234.2977,-52.4656
297.0000,0.0298,-0.4148,0.8484,-21.6947,-236.0763,-53.1221
277.0000,0.0308,-0.4104,0.8320,-22.5649,-238.7710,-53.9542
368.0000,0.0723,-0.3855,0.7678,-20.3817,-239.9466,-53.6641
293.0000,0.0894,-0.3989,0.7263,-21.5344,-238.9389,-54.6260
327.0000,0.1233,-0.4209,0.6794,-21.6565,-238.2214,-56.2061
332.0000,0.1235,-0.4478,0.6992,-18.6412,-238.8244,-57.2137
284.0000,0.1230,-0.4700,0.7134,-19.2901,-239.5114,-59.8931
377.0000,0.1445,-0.4355,0.6750,-18.4580,-238.3053,-60.8855
239.0000,0.1726,-0.3914,0.5879,-16.8702,-237.0763,-61.1679
417.0000,0.1924,-0.3379,0.5359,-20.1985,-238.7099,-61.8015
262.0000,0.2273,-0.3420,0.4861,-24.6412,-238.9771,-63.7023
324.0000,0.2522,-0.3901,0.4805,-26.4733,-238.7710,-66.8015
367.0000,0.2766,-0.4026,0.5305,-24.4427,-236.2748,-69.4733
355.0000,0.2654,-0.4521,0.5781,-23.8321,-237.3740,-73.1679
331.0000,0.2871,-0.3723,0.5186,-18.1221,-237.1908,-73.4275
293.0000,0.3416,-0.3237,0.4043,-9.7481,-234.9924,-70.4809
360.0000,0.3560,-0.3088,0.3511,-9.3893,-235.0305,-70.1832
374.0000,0.3994,-0.2734,0.2810,-14.0611,-233.4656,-70.3664
296.0000,0.4265,-0.3169,0.2661,-19.9313,-230.1679,-71.8931
351.0000,0.4475,-0.2825,0.2166,-22.6336,-228.6183,-71.7328
288.0000,0.4849,-0.2588,0.1660,-24.4198,-226.0992,-70.0611
394.0000,0.4819,-0.2292,0.1311,-24.0840,-226.7633,-69.6565
302.0000,0.5410,-0.1978,0.0764,-23.5038,-224.8321,-68.0153
342.0000,0.5540,-0.2195,0.0967,-23.4656,-220.6794,-67.3740
330.0000,0.5730,-0.2390,0.1104,-25.3359,-214.6336,-68.0382
327.0000,0.5964,-0.1931,0.0405,-24.1679,-207.9847,-66.6412
429.0000,0.6580,-0.1670,-0.0203,-19.1603,-195.0840,-63.9695
304.0000,0.6157,-0.1323,-0.0342,-17.8244,-198.2748,-61.5344
286.0000,0.6963,-0.1641,-0.0505,-28.0840,-190.1069,-62.4351
432.0000,0.7346,-0.1609,-0.1174,-33.0153,-180.0534,-60.2748
310.0000,0.7314,-0.2190,-0.1448,-35.0458,-172.9084,-58.0687
324.0000,0.7334,-0.2312,-0.1704,-35.3740,-168.0458,-56.8702
329.0000,0.7905,-0.2078,-0.2019,-27.1908,-164.1679,-55.4427
368.0000,0.8220,-0.1526,-0.2642,-18.5344,-160.4351,-51.9618
303.0000,0.8450,-0.1272,-0.2852,-9.2519,-157.7939,-48.3969
337.0000,0.8694,-0.1414,-0.3159,-5.5344,-151.9771,-45.8702
310.0000,0.8960,-0.0940,-0.3379,-1.8321,-146.3969,-41.8473
361.0000,0.9290,-0.0576,-0.3940,1.6641,-137.3282,-38.2748
343.0000,0.9587,-0.0405,-0.4290,3.1832,-128.0916,-34.3359
405.0000,0.9736,-0.0518,-0.4446,5.6489,-116.9160,-30.0305
363.0000,0.9741,-0.0608,-0.4558,6.0763,-107.8168,-25.5038
340.0000,0.9895,-0.0793,-0.5024,6.1527,-93.6489,-21.2901
348.0000,1.0181,-0.0674,-0.5188,5.7481,-77.4351,-16.4275
375.0000,1.0242,-0.0603,-0.5288,5.8321,-61.1603,-11.9160
365.0000,1.0327,-0.0466,-0.5286,5.6489,-44.4427,-6.3969
361.0000,1.0432,-0.0325,-0.5437,5.6718,-27.8015,-1.2290
348.0000,1.0359,-0.0212,-0.5303,5.1298,-10.7328,4.2824
384.0000,1.0315,0.0093,-0.4395,4.2443,-1.0382,8.8855
341.0000,1.0676,-0.0222,-0.4915,-0.0305,27.3359,12.8015
349.0000,1.0339,-0.0408,-0.4458,-3.2595,44.3969,16.0458
320.0000,1.0334,-0.0471,-0.4163,-7.9771,61.7252,19.2824
434.0000,1.0344,-0.0645,-0.3862,-12.9008,76.4198,23.1908
341.0000,1.0103,-0.0952,-0.3528,-15.2672,89.5573,27.3053
368.0000,1.0051,-0.1165,-0.3069,-16.6183,103.6031,30.6412
355.0000,0.9866,-0.1650,-0.2532,-18.6412,115.5573,32.3893
380.0000,0.9814,-0.1624,-0.2205,-19.0534,127.3130,35.1450
361.0000,0.9800,-0.1714,-0.2119,-18.0763,138.2443,38.1450
368.0000,0.9570,-0.1926,-0.1611,-18.9618,146.3817,40.2977
365.0000,0.9382,-0.1853,-0.1384,-17.8321,152.7023,42.2519
374.0000,0.9324,-0.1797,-0.1343,-13.1527,157.0382,44.4275
378.0000,0.9009,-0.1711,-0.1313,-9.7786,159.4351,46.9466
357.0000,0.8821,-0.1670,-0.1167,-6.9847,161.8626,48.3588
370.0000,0.8652,-0.1692,-0.1001,-5.1603,164.1756,49.4809
377.0000,0.8433,-0.1787,-0.0566,-6.4809,168.3817,49.6565
365.0000,0.8247,-0.1772,-0.0654,-7.3511,170.1450,50.3588
398.0000,0.8240,-0.1836,-0.0537,-5.0840,177.1985,51.4580
362.0000,0.7810,-0.1970,-0.0239,-11.7634,180.8473,53.0076
384.0000,0.7634,-0.1946,-0.0046,-15.1679,183.9389,53.7863
377.0000,0.7607,-0.2234,0.0168,-15.2290,189.4504,55.0916
379.0000,0.7305,-0.2346,0.0513,-16.6794,191.5191,56.3053
368.0000,0.7324,-0.2451,0.0564,-11.9618,195.5114,57.4122
373.0000,0.7004,-0.2676,0.0825,-6.3817,195.6031,58.5802
392.0000,0.6921,-0.2939,0.1375,0.9771,199.1527,59.1374
373.0000,0.6584,-0.3125,0.2012,8.5496,202.2443,59.7252
391.0000,0.6409,-0.3037,0.2278,13.6183,209.9924,60.4809
390.0000,0.6118,-0.2959,0.2581,19.5802,219.0153,61.2824
375.0000,0.5850,-0.2810,0.2512,22.2290,220.5267,62.9313
381.0000,0.5593,-0.2622,0.2583,23.8397,221.3206,63.6489
385.0000,0.5254,-0.2566,0.2917,24.8092,223.3588,63.2748
366.0000,0.4856,-0.2703,0.3562,21.1527,221.2519,61.7786
404.0000,0.4678,-0.2969,0.4055,23.2137,219.9313,60.6489
381.0000,0.4338,-0.3176,0.4773,26.3969,219.3740,60.3740
373.0000,0.4170,-0.3289,0.4941,27.9237,219.8779,59.8244
379.0000,0.3875,-0.3132,0.5237,29.0611,220.1908,60.4809
384.0000,0.3772,-0.3032,0.5125,27.1450,221.4504,61.1374
388.0000,0.3679,-0.2771,0.4902,26.8473,221.9847,62.0611
378.0000,0.3376,-0.2903,0.4644,25.2672,220.9160,61.5573
384.0000,0.2964,-0.2646,0.4773,22.6031,216.2443,60.2748
395.0000,0.2695,-0.2544,0.4768,19.6718,210.7481,59.1985
379.0000,0.2544,-0.2598,0.5400,15.5954,208.1679,58.7481
384.0000,0.2141,-0.2949,0.6191,11.6260,205.8321,57.8473
397.0000,0.1890,-0.3145,0.6614,10.3740,204.3130,58.3664
388.0000,0.1790,-0.3633,0.7820,11.7786,208.1832,60.0534
410.0000,0.1318,-0.3835,0.8982,9.1756,213.4427,60.3817
377.0000,0.1040,-0.4023,0.9736,11.9008,219.4122,60.6565
387.0000,0.0842,-0.4041,0.9480,22.1603,225.0458,61.8855
393.0000,0.0505,-0.4053,0.8735,34.9160,228.6565,64.4733
386.0000,0.0178,-0.4094,0.8081,45.5649,225.4198,65.3817
388.0000,-0.0234,-0.3848,0.7351,49.8550,215.8550,64.9237
394.0000,-0.0010,-0.3281,0.6768,49.4962,207.5191,64.0687
382.0000,-0.0061,-0.3105,0.6946,41.4351,203.5572,62.0611
384.0000,-0.0549,-0.3569,0.8347,25.8626,201.7710,57.7557
393.0000,-0.1011,-0.3831,0.9448,13.9313,200.9084,54.6794
400.0000,-0.1418,-0.3750,1.0552,8.5038,201.5954,56.0458
402.0000,-0.2024,-0.3943,1.1912,-0.3282,204.8015,57.5649
409.0000,-0.2361,-0.4324,1.2605,-1.4275,206.8397,58.5267
392.0000,-0.2776,-0.4912,1.2695,8.7939,206.4504,59.8244
394.0000,-0.3022,-0.4756,1.2266,20.0611,200.1374,60.6260
412.0000,-0.3000,-0.4573,1.1729,28.0229,189.9008,60.0076
399.0000,-0.2908,-0.4736,1.1255,27.0992,182.7405,57.5115
394.0000,-0.2725,-0.4465,1.0156,26.7710,176.1527,55.9618
409.0000,-0.2417,-0.3706,0.9138,29.5038,169.2595,54.4733
399.0000,-0.2712,-0.3518,0.9238,17.6183,161.0992,50.2290
374.0000,-0.2893,-0.3491,1.0046,1.5649,151.7023,45.3435
429.0000,-0.3091,-0.3525,1.0642,-8.1450,142.6947,43.8397
380.0000,-0.3220,-0.3801,1.1265,-10.4809,140.4809,44.9695
408.0000,-0.3530,-0.3787,1.1992,-15.1985,135.2977,46.3130
401.0000,-0.3799,-0.4141,1.2791,-18.1527,128.8473,45.5802
401.0000,-0.3853,-0.4746,1.3037,-12.3969,124.4428,44.9924
401.0000,-0.3679,-0.5049,1.2820,-1.9160,123.4809,45.3359
415.0000,-0.3591,-0.5022,1.2681,6.3664,118.3588,44.4733
404.0000,-0.3538,-0.5005,1.2397,14.0687,109.9008,42.7710
402.0000,-0.3274,-0.5081,1.1897,25.7786,104.7939,42.1527
412.0000,-0.3079,-0.4875,1.1626,32.8855,101.7557,39.8092
405.0000,-0.3059,-0.4785,1.1125,31.6565,101.4962,37.4656
416.0000,-0.2937,-0.4602,1.0510,33.1985,100.7481,36.3664
406.0000,-0.2874,-0.4526,0.9988,34.7252,98.7481,34.0229
409.0000,-0.2825,-0.4255,0.9858,27.4733,96.0229,29.5420
410.0000,-0.2944,-0.3950,0.9519,21.7023,89.4198,25.5802
414.0000,-0.3027,-0.3748,0.9790,21.6336,85.8321,21.9847
406.0000,-0.3489,-0.3647,1.0264,15.6260,75.6260,18.4504
399.0000,-0.3535,-0.3572,1.0542,8.5115,67.0992,15.7863
422.0000,-0.3347,-0.3474,1.0759,1.4198,63.0382,13.0840
421.0000,-0.3350,-0.3926,1.1094,-1.9160,59.3053,11.0916
407.0000,-0.3562,-0.4333,1.1526,-4.3053,54.4580,9.8626
405.0000,-0.3625,-0.4485,1.1855,-0.7252,50.1450,9.7710
430.0000,-0.3577,-0.4644,1.1633,5.4198,45.8550,10.0916
408.0000,-0.3533,-0.4504,1.1084,11.2366,41.3969,10.4504
413.0000,-0.3479,-0.4377,1.0669,17.9771,36.8244,11.0382
425.0000,-0.3333,-0.4219,1.0051,21.6336,33.4885,10.9847
420.0000,-0.3267,-0.4270,0.9463,22.4885,30.1527,9.9313
431.0000,-0.3220,-0.4014,0.9414,16.8321,24.0992,7.8092
363.0000,-0.3291,-0.3899,0.9546,7.9542,15.9695,5.2824
405.0000,-0.3184,-0.4099,0.9670,1.6718,9.0000,3.0305
455.0000,-0.3015,-0.4036,0.9607,-0.5802,3.7939,1.5573
368.0000,-0.3027,-0.4009,0.9565,-0.4733,-0.2443,0.9695
439.0000,-0.3040,-0.3982,0.9358,0.1985,-2.1908,1.2137
471.0000,-0.3105,-0.4155,0.9175,0.9466,-2.4198,2.0534
416.0000,-0.3079,-0.4075,0.8918,2.8015,-0.6336,3.0153
405.0000,-0.3184,-0.4009,0.8755,3.9160,1.5649,4.3511
416.0000,-0.3350,-0.4060,0.8440,4.3740,2.9160,5.4351
429.0000,-0.3428,-0.3718,0.8005,9.0305,3.0763,6.1450
439.0000,-0.3752,-0.3250,0.7744,13.9237,-0.0992,6.3893
467.0000,-0.3804,-0.2993,0.7825,14.8244,-5.0840,4.8779
462.0000,-0.3896,-0.2744,0.7864,11.0763,-8.3664,2.1679
374.0000,-0.4177,-0.2593,0.7876,3.7328,-12.2595,0.0000
389.0000,-0.4370,-0.2590,0.8198,-5.9618,-17.0153,-1.3817
477.0000,-0.4565,-0.2617,0.8657,-14.6565,-22.9924,-2.3969
393.0000,-0.4695,-0.2683,0.9243,-22.1374,-29.9695,-4.2061
429.0000,-0.4927,-0.2722,0.9812,-29.2977,-37.9618,-7.2214
445.0000,-0.5024,-0.3135,1.0852,-33.9542,-46.3206,-9.8168
398.0000,-0.5271,-0.3447,1.1609,-36.8702,-53.0992,-11.1985
458.0000,-0.5244,-0.3582,1.1975,-38.7252,-58.6947,-12.0916
469.0000,-0.5151,-0.3689,1.2214,-37.7634,-65.1298,-13.8626
399.0000,-0.5154,-0.3726,1.2249,-37.4962,-71.6870,-16.2901
503.0000,-0.5156,-0.3760,1.2190,-37.5420,-78.7252,-18.8931
412.0000,-0.5078,-0.3740,1.2061,-38.9389,-85.7176,-21.6870
370.0000,-0.4922,-0.3611,1.1860,-42.8931,-92.4809,-24.4351
389.0000,-0.4851,-0.3582,1.1643,-48.1679,-100.0916,-26.7252
514.0000,-0.4641,-0.3516,1.1599,-54.5191,-110.3817,-28.7710
372.0000,-0.4392,-0.3708,1.1741,-61.1603,-116.4733,-31.2443
454.0000,-0.4609,-0.3879,1.2114,-67.4809,-126.1832,-34.3206
358.0000,-0.4429,-0.4084,1.2207,-70.6260,-134.5038,-36.3511
502.0000,-0.4304,-0.4294,1.2153,-71.0382,-141.4733,-38.5115
460.0000,-0.4126,-0.4429,1.2063,-69.2214,-150.2519,-40.0000
428.0000,-0.4084,-0.4558,1.1958,-67.4351,-161.0763,-41.4122
448.0000,-0.3899,-0.4546,1.1804,-66.8397,-170.2214,-44.0153
471.0000,-0.3486,-0.4678,1.1541,-64.4733,-178.0687,-46.7023
461.0000,-0.3403,-0.5137,1.1270,-59.7176,-187.7481,-48.2672
446.0000,-0.3198,-0.5508,1.0757,-52.6641,-197.5420,-48.2672
392.0000,-0.2839,-0.5632,1.0420,-47.7863,-207.3435,-49.0611
487.0000,-0.2610,-0.5491,1.0164,-46.8702,-215.0382,-50.5420
439.0000,-0.2197,-0.5581,0.9746,-45.1985,-222.6565,-51.1603
448.0000,-0.1875,-0.5671,0.9424,-42.9008,-227.6565,-51.4733
360.0000,-0.1711,-0.5754,0.9561,-42.2061,-232.2214,-53.0229
493.0000,-0.1609,-0.5564,0.9756,-39.6183,-237.4809,-54.0763
487.0000,-0.1497,-0.4995,1.0242,-35.4046,-241.7023,-54.2137
497.0000,-0.1250,-0.4614,1.0371,-33.6489,-244.7023,-56.0382
387.0000,-0.1089,-0.4355,1.0576,-29.7328,-244.9695,-59.1069
458.0000,-0.0952,-0.4219,1.0571,-25.4962,-243.8855,-63.4122
409.0000,-0.0588,-0.3777,1.0093,-27.9618,-240.0382,-66.9084
451.0000,-0.0566,-0.3899,0.9639,-28.6565,-241.6947,-70.2748
476.0000,-0.0090,-0.4470,0.8992,-33.0534,-244.9924,-74.1450
419.0000,-0.0173,-0.4937,0.8828,-42.5573,-243.0382,-77.5420
456.0000,-0.0017,-0.5034,0.8337,-47.5038,-242.8015,-79.8702
451.0000,0.0078,-0.5300,0.8713,-48.8397,-244.5420,-82.9389
367.0000,0.0024,-0.5220,0.8711,-50.1450,-247.1298,-86.0611
470.0000,0.0115,-0.4966,0.8218,-47.8779,-250.1374,-88.0687
277.0000,0.0220,-0.5039,0.8167,-45.3588,-250.1374,-90.8397
550.0000,0.0483,-0.4565,0.7515,-46.2901,-250.1374,-94.3588
377.0000,0.0767,-0.4504,0.7202,-49.1985,-250.1374,-95.8321
438.0000,0.0840,-0.4780,0.6846,-55.5496,-250.1374,-99.5725
379.0000,0.1379,-0.4248,0.5603,-55.6183,-250.1374,-101.3511
432.0000,0.1948,-0.4419,0.5298,-55.3435,-250.1374,-102.2748
489.0000,0.2236,-0.4502,0.5469,-57.5878,-250.1374,-104.9160
373.0000,0.2620,-0.4170,0.4819,-56.7405,-250.1374,-106.0382
448.0000,0.3257,-0.3303,0.3477,-52.6336,-250.1374,-104.9313
493.0000,0.3694,-0.3210,0.2991,-49.7481,-250.1374,-104.0076
432.0000,0.3962,-0.3550,0.3352,-52.7405,-250.1374,-105.1679
422.0000,0.4412,-0.3340,0.2615,-49.5954,-250.1374,-104.8473
450.0000,0.4636,-0.3145,0.1816,-41.4885,-250.1374,-101.7328
421.0000,0.4836,-0.3215,0.2048,-42.4504,-243.7939,-98.9313
443.0000,0.5005,-0.2886,0.1277,-39.4885,-238.9847,-97.4504
471.0000,0.5454,-0.2451,0.0425,-30.5802,-227.4427,-94.2290
423.0000,0.5254,-0.2161,0.0400,-30.6336,-231.2366,-91.3053
469.0000,0.5837,-0.1848,-0.0227,-39.9542,-227.9924,-89.5420
421.0000,0.6580,-0.1616,-0.0625,-41.9695,-214.2595,-87.1832
446.0000,0.6465,-0.1858,-0.0564,-44.3282,-206.7863,-85.3740
416.0000,0.6655,-0.2434,-0.0188,-48.6641,-197.0534,-83.5420
481.0000,0.6802,-0.2529,-0.0186,-47.1450,-186.0076,-81.2595
434.0000,0.6892,-0.2354,-0.0505,-36.9466,-179.6870,-79.0763
447.0000,0.6987,-0.2356,-0.0537,-26.3282,-177.3435,-76.6565
443.0000,0.7329,-0.2363,-0.0903,-16.7099,-173.3206,-74.7252
441.0000,0.7761,-0.2124,-0.1453,-2.3817,-166.1221,-71.0382
447.0000,0.7852,-0.2158,-0.2092,10.7099,-158.2901,-67.4657
452.0000,0.7991,-0.1938,-0.2549,19.4733,-152.8702,-65.0916
448.0000,0.8472,-0.1267,-0.3276,27.6260,-145.9618,-62.3740
433.0000,0.8650,-0.1211,-0.3716,31.6260,-137.5802,-59.6565
479.0000,0.8770,-0.0852,-0.3811,32.6641,-127.3435,-56.5344
439.0000,0.8906,-0.0618,-0.4275,33.5038,-116.0534,-52.4733
491.0000,0.9324,-0.0215,-0.4751,33.1527,-105.1527,-48.0763
444.0000,0.9387,-0.0283,-0.5237,33.1756,-93.8397,-42.8321
441.0000,0.9597,-0.0439,-0.5417,32.4427,-81.4351,-37.3053
473.0000,0.9783,-0.0259,-0.5669,33.6183,-68.2519,-30.7023
455.0000,0.9861,-0.0110,-0.5979,33.2443,-54.1832,-24.1756
476.0000,0.9878,-0.0085,-0.5908,33.7939,-42.1756,-18.5725
442.0000,1.0090,0.0164,-0.6221,32.2672,-29.1145,-12.9618
490.0000,1.0249,0.0330,-0.6160,28.2977,-14.4733,-6.7176
442.0000,1.0300,0.0483,-0.5972,22.3511,0.0076,-1.0076
410.0000,1.0234,0.0413,-0.5654,13.6565,14.1832,4.3588
465.0000,1.0317,0.0151,-0.5032,3.8702,30.3740,9.3588
445.0000,1.0425,-0.0049,-0.4526,-4.3282,48.0534,14.2290
445.0000,1.0225,-0.0459,-0.4148,-12.0687,63.9389,18.8931
474.0000,1.0137,-0.0679,-0.4082,-18.7710,78.2443,23.6031
438.0000,0.9995,-0.0920,-0.3828,-22.7099,89.1527,28.2672
451.0000,0.9834,-0.1123,-0.3362,-25.6870,98.9847,32.3130
441.0000,0.9727,-0.1267,-0.3108,-27.0305,104.9695,35.0916
465.0000,0.9702,-0.1575,-0.2927,-25.0916,111.5115,38.2977
448.0000,0.9480,-0.1621,-0.2798,-21.1374,115.3130,41.5496
487.0000,0.9424,-0.1667,-0.2578,-17.5420,118.2290,44.1450
464.0000,0.9253,-0.1836,-0.2261,-14.9160,122.1374,46.3130
453.0000,0.9160,-0.2117,-0.1392,-16.1756,129.5572,47.2214
473.0000,0.9114,-0.2302,-0.1025,-17.3817,135.7252,48.3359
456.0000,0.8967,-0.2444,-0.0801,-14.3130,141.4427,49.5267
458.0000,0.8831,-0.2585,-0.0498,-13.3664,148.1832,50.8321
465.0000,0.8604,-0.2703,-0.0098,-13.4733,153.2824,51.1374
460.0000,0.8884,-0.2612,0.0005,-9.9008,161.5114,51.5267
466.0000,0.8462,-0.2759,-0.0059,-12.5191,166.4275,51.9695
477.0000,0.8254,-0.2505,-0.0103,-17.2061,171.7481,53.2824
448.0000,0.8196,-0.2734,-0.0166,-16.5954,177.2748,54.3282
475.0000,0.7813,-0.2810,0.0012,-18.8015,178.8702,53.7099
463.0000,0.7759,-0.2771,0.0081,-15.5573,180.3664,53.5115
449.0000,0.7627,-0.2849,0.0042,-9.5496,182.0916,53.9237
449.0000,0.7283,-0.2983,0.0571,-7.4809,184.1756,53.7634
475.0000,0.6885,-0.3032,0.1479,-5.1985,186.0458,52.6794
464.0000,0.6855,-0.2969,0.1499,0.0916,191.8473,52.6489
476.0000,0.6584,-0.3047,0.1750,7.1603,197.4046,53.8244
459.0000,0.6267,-0.3179,0.2183,7.2824,202.3740,55.3359
470.0000,0.6064,-0.3491,0.3098,3.1374,209.1985,55.2748
451.0000,0.5740,-0.3530,0.3291,3.7405,213.3969,55.6718
465.0000,0.5713,-0.3645,0.3396,9.3817,218.3359,56.7099
461.0000,0.5068,-0.4019,0.3804,14.1221,214.1679,57.3969
459.0000,0.5010,-0.4114,0.4517,21.4885,211.8473,56.8015
468.0000,0.4705,-0.4058,0.4629,30.5420,208.1298,55.6489
459.0000,0.4565,-0.3821,0.4407,41.0840,205.9084,55.0763
478.0000,0.4502,-0.3577,0.4229,42.6565,207.1069,54.7710
458.0000,0.4307,-0.3452,0.4263,34.9618,210.7328,54.7557
472.0000,0.4224,-0.3342,0.4399,24.3664,220.8550,53.8092
458.0000,0.3630,-0.3362,0.4231,20.7939,219.0458,53.2137
472.0000,0.3250,-0.3430,0.4546,15.9008,213.3435,53.8092
472.0000,0.3093,-0.3433,0.5247,11.6412,209.2366,52.8626
456.0000,0.2957,-0.3496,0.5811,14.8321,208.3511,51.7099
482.0000,0.2778,-0.3435,0.5991,18.9084,206.0687,52.4198
467.0000,0.2776,-0.3347,0.6418,22.0229,206.2290,55.0153
464.0000,0.2483,-0.3689,0.7351,22.0305,208.8244,56.0305
471.0000,0.2317,-0.3806,0.7507,25.2061,212.1985,56.0076
467.0000,0.2219,-0.3752,0.7100,34.8931,216.1985,57.4351
465.0000,0.1965,-0.3638,0.6924,41.4275,219.8550,59.2519
464.0000,0.1443,-0.3657,0.7383,37.0611,221.0153,59.8244
470.0000,0.1040,-0.3831,0.7883,31.9695,220.2595,58.5649
475.0000,0.0635,-0.3982,0.7676,30.5878,218.6031,58.2519
476.0000,0.0378,-0.3672,0.7214,32.0687,215.0458,59.6412
474.0000,0.0273,-0.3325,0.7004,32.0763,210.5267,61.0382
468.0000,0.0139,-0.3154,0.7209,29.7557,205.2443,61.5802
468.0000,0.0139,-0.3081,0.7261,27.8931,201.4962,61.2366
479.0000,0.0002,-0.3467,0.8042,28.0305,200.1908,60.9542
443.0000,-0.0466,-0.3838,0.9473,20.3588,202.9084,59.8473
480.0000,-0.0586,-0.3806,1.0015,13.8779,206.8015,60.6947
501.0000,-0.0769,-0.3960,1.0017,18.0992,209.8015,64.0534
454.0000,-0.1526,-0.4363,1.0730,20.1145,208.9313,66.4886
472.0000,-0.2004,-0.4746,1.2295,20.8626,205.7863,66.3817
475.0000,-0.2422,-0.4946,1.2583,27.9084,200.0763,66.0076
467.0000,-0.2656,-0.4973,1.2383,41.0229,194.5343,66.1527
480.0000,-0.2629,-0.5122,1.2209,49.8626,191.0305,66.8092
475.0000,-0.2537,-0.4890,1.1206,54.4504,187.0687,66.9237
471.0000,-0.2473,-0.4048,0.9712,63.5115,177.0763,66.2672
466.0000,-0.2397,-0.3054,0.8865,56.7405,164.5343,62.7481
480.0000,-0.2341,-0.2561,0.8835,32.9466,148.9389,55.7710
469.0000,-0.2363,-0.2490,0.9399,5.9084,137.5191,48.3282
476.0000,-0.2249,-0.2949,0.9744,-14.5954,133.1527,44.9771
460.0000,-0.2410,-0.3206,1.0210,-34.8321,129.2748,43.6031
495.0000,-0.2737,-0.4028,1.1492,-49.8015,124.9924,42.6489
466.0000,-0.3220,-0.4863,1.2805,-52.1145,121.0992,42.3740
479.0000,-0.3440,-0.5488,1.3184,-44.1298,118.6031,42.8550
468.0000,-0.3799,-0.6211,1.3455,-25.8168,114.5725,44.2290
475.0000,-0.3708,-0.6296,1.3782,-7.3206,113.7328,43.9618
480.0000,-0.3870,-0.6360,1.3499,12.1069,110.2595,41.9466
469.0000,-0.3918,-0.6384,1.2703,35.6641,104.8550,39.8855
478.0000,-0.3386,-0.5669,1.1724,51.0840,105.1756,38.1221
476.0000,-0.3291,-0.5295,1.0698,55.9924,100.9389,36.3282
473.0000,-0.2920,-0.4587,0.9380,56.0382,96.5038,33.2748
482.0000,-0.2744,-0.3784,0.8342,61.9542,90.2137,30.3053
478.0000,-0.2813,-0.3132,0.7798,55.3282,82.9313,26.4046
471.0000,-0.2905,-0.2825,0.8120,40.9160,75.0611,21.7176
482.0000,-0.3008,-0.3108,0.8628,31.8550,69.8550,16.9618
482.0000,-0.3096,-0.3577,0.9441,23.6870,67.2977,13.1450
473.0000,-0.3271,-0.3875,1.0449,18.6641,63.3511,11.7863
480.0000,-0.3503,-0.4094,1.1089,17.5878,60.0763,11.0000
483.0000,-0.3618,-0.4219,1.1206,18.7557,57.6336,12.1985
482.0000,-0.3706,-0.4119,1.1145,22.6260,53.4809,13.2366
476.0000,-0.3618,-0.3987,1.0935,24.7786,50.5725,14.1603
491.0000,-0.3633,-0.3821,1.0830,23.4351,47.7710,14.7023
469.0000,-0.3459,-0.3708,1.0405,21.7710,48.2214,15.4122
488.0000,-0.3481,-0.3606,0.9968,22.5954,44.5725,15.6718
469.0000,-0.3582,-0.3574,0.9312,23.1298,37.4885,15.9466
485.0000,-0.3413,-0.3540,0.9092,17.4504,35.8779,15.1298
519.0000,-0.3794,-0.3521,0.9199,7.0458,27.4275,12.3969
488.0000,-0.3970,-0.3708,0.9897,-5.8015,11.6947,7.6718
486.0000,-0.3657,-0.3943,1.0413,-17.3282,-3.4122,3.1374
454.0000,-0.3081,-0.4080,1.0935,-22.6031,-11.1527,0.4275
499.0000,-0.2961,-0.4233,1.0754,-24.5802,-14.4427,0.0382
463.0000,-0.2883,-0.4443,1.0308,-22.9847,-15.3588,0.8702
501.0000,-0.2766,-0.4390,0.9697,-21.5496,-12.8244,2.9695
501.0000,-0.2703,-0.4390,0.8955,-18.1298,-7.8015,5.0305
437.0000,-0.2607,-0.4341,0.8123,-11.9542,-3.6565,6.9847
471.0000,-0.2537,-0.4055,0.7617,-3.3435,-1.7939,8.9542
532.0000,-0.2546,-0.3679,0.7361,3.8321,-0.0153,9.6260
468.0000,-0.2676,-0.3457,0.7144,9.7863,1.6565,8.8397
470.0000,-0.2859,-0.3118,0.7068,12.9695,2.7023,8.6412
507.0000,-0.2991,-0.2925,0.7209,14.4504,2.2290,8.0840
499.0000,-0.3113,-0.2637,0.7412,13.2977,1.3511,6.4046
463.0000,-0.3171,-0.2490,0.7830,8.4046,-0.3359,3.7328
414.0000,-0.3408,-0.2664,0.8254,3.5420,-2.7557,1.8015
516.0000,-0.3699,-0.2737,0.8489,-2.3588,-5.6870,0.6870
400.0000,-0.3860,-0.2876,0.9150,-10.2443,-8.9237,-1.0000
567.0000,-0.4036,-0.3091,0.9463,-15.5573,-12.9237,-3.0305
416.0000,-0.4189,-0.3213,0.9819,-19.8168,-17.2443,-4.6183
505.0000,-0.4402,-0.3313,1.0159,-24.9008,-23.0305,-6.1221
471.0000,-0.4568,-0.3484,1.0696,-28.4504,-29.7939,-8.0382
475.0000,-0.4609,-0.3596,1.1023,-30.3206,-36.6260,-9.2824
510.0000,-0.4705,-0.3633,1.1404,-32.9313,-43.1756,-10.7634
491.0000,-0.4736,-0.3450,1.1448,-36.6336,-51.1298,-11.8550
457.0000,-0.4766,-0.3201,1.1521,-41.8321,-59.4809,-12.7481
513.0000,-0.4656,-0.3152,1.1621,-51.3511,-67.2366,-14.6489
489.0000,-0.4597,-0.3333,1.1611,-60.4962,-73.7252,-16.9466
461.0000,-0.4700,-0.3384,1.1707,-66.7710,-81.0076,-19.0000
565.0000,-0.4854,-0.3508,1.1965,-72.7863,-88.6183,-21.1756
430.0000,-0.4934,-0.4028,1.2356,-78.7176,-96.9084,-23.7481
491.0000,-0.5027,-0.4436,1.2751,-77.7176,-105.2061,-26.5496
456.0000,-0.5420,-0.4834,1.2800,-72.8550,-121.4122,-29.0000
445.0000,-0.5012,-0.5166,1.2935,-69.4657,-124.8244,-31.1221
571.0000,-0.4968,-0.5142,1.2339,-66.2901,-133.5954,-33.0382
441.0000,-0.4822,-0.5198,1.2209,-65.4275,-143.9237,-36.2672
466.0000,-0.4448,-0.5649,1.1809,-63.3130,-151.9847,-41.2748
372.0000,-0.4189,-0.5630,1.1516,-61.6183,-158.6947,-45.4733
530.0000,-0.4060,-0.5459,1.1199,-63.6718,-167.4427,-48.4275
506.0000,-0.3989,-0.5488,1.0962,-67.1450,-178.0000,-52.7176
432.0000,-0.3835,-0.5762,1.0918,-74.4580,-184.0305,-58.6565
493.0000,-0.3740,-0.5781,1.0537,-80.1985,-191.5572,-64.1756
564.0000,-0.3362,-0.5376,1.0320,-84.3817,-199.5420,-68.0534
521.0000,-0.2996,-0.5093,1.0332,-90.7939,-207.9389,-73.1908
363.0000,-0.2856,-0.5488,1.0754,-95.8702,-217.8092,-81.0534
395.0000,-0.2546,-0.5994,1.1279,-95.4962,-225.2519,-87.5878
588.0000,-0.2312,-0.6287,1.1282,-90.5344,-231.8931,-92.2824
440.0000,-0.2185,-0.6646,1.1335,-79.1374,-239.9237,-95.3664
475.0000,-0.1917,-0.6968,1.0889,-66.9160,-246.8855,-97.4428
528.0000,-0.1792,-0.6968,0.9666,-50.9695,-250.1374,-99.4962
428.0000,-0.1152,-0.6597,1.0022,-39.7176,-250.1374,-100.6947
406.0000,-0.0896,-0.6157,0.9880,-35.9542,-250.1374,-102.0992
592.0000,-0.0806,-0.5308,0.9150,-31.9084,-250.1374,-101.4198
475.0000,0.0007,-0.4407,0.8381,-40.9160,-250.1374,-100.9542
473.0000,0.0374,-0.4219,0.8386,-53.4809,-245.3969,-102.1832
492.0000,0.0630,-0.4675,0.8496,-63.1985,-236.7176,-102.6260
432.0000,0.0229,-0.4731,0.8474,-72.5802,-238.4809,-104.1450
500.0000,0.0146,-0.4695,0.8052,-73.6947,-238.9084,-105.9008
559.0000,0.0493,-0.4622,0.7429,-70.1603,-238.4809,-106.2672
482.0000,0.0430,-0.5200,0.6997,-67.3817,-240.7786,-108.4580
434.0000,0.0654,-0.5085,0.6462,-63.0916,-244.7099,-110.3206
514.0000,0.1182,-0.4607,0.5730,-58.5038,-245.7863,-109.6183
442.0000,0.1582,-0.4233,0.5212,-62.2061,-244.1145,-109.4275
511.0000,0.1829,-0.4092,0.4780,-64.9008,-244.7633,-110.0840
443.0000,0.1921,-0.4636,0.4814,-67.2061,-243.6412,-111.0687
427.0000,0.2095,-0.4504,0.4712,-68.2061,-243.6947,-112.7405
541.0000,0.2610,-0.3792,0.3962,-60.6870,-245.2137,-111.7023
410.0000,0.2988,-0.4009,0.4009,-55.4427,-241.8931,-111.0763
470.0000,0.3252,-0.4197,0.4204,-52.0458,-235.9847,-111.6718
505.0000,0.3730,-0.4333,0.3726,-40.7939,-226.7176,-110.7481
454.0000,0.3662,-0.4187,0.2976,-32.6947,-222.2443,-110.2901
559.0000,0.3860,-0.3699,0.2329,-23.6641,-222.0687,-108.4046
440.0000,0.4170,-0.4136,0.2532,-20.2137,-217.4886,-108.2748
483.0000,0.4429,-0.3521,0.1812,-15.7099,-214.8550,-108.1145
533.0000,0.4897,-0.3110,0.1023,-7.4885,-212.9237,-105.7023
460.0000,0.4902,-0.3643,0.1028,-13.0076,-207.7099,-105.4962
469.0000,0.4922,-0.2998,0.1602,-24.8550,-202.7176,-105.8321
565.0000,0.5454,-0.2642,0.0559,-23.8855,-203.2519,-105.4275
468.0000,0.5732,-0.2312,0.0034,-33.3282,-198.5802,-104.3435
392.0000,0.5994,-0.1785,-0.0618,-43.3206,-195.6260,-103.9084
523.0000,0.6204,-0.1692,-0.1196,-48.4351,-193.5572,-102.2901
525.0000,0.6509,-0.1785,-0.1228,-56.2824,-191.4427,-100.6947
490.0000,0.6917,-0.1467,-0.1340,-64.5802,-184.0382,-98.8779
493.0000,0.7261,-0.1458,-0.1528,-67.7405,-173.4427,-96.4275
552.0000,0.7500,-0.1484,-0.1772,-65.9771,-163.9237,-93.1527
453.0000,0.7683,-0.1519,-0.1826,-60.2214,-155.1756,-88.4122
466.0000,0.7932,-0.1265,-0.2122,-47.0763,-146.5496,-83.5115
539.0000,0.8279,-0.1038,-0.2822,-30.2061,-139.7176,-77.9695
453.0000,0.8547,-0.0935,-0.3616,-11.9008,-132.7099,-72.2748
493.0000,0.8823,-0.0527,-0.4106,5.9695,-124.4275,-66.0382
456.0000,0.8750,-0.0447,-0.4985,22.4427,-119.3893,-60.0076
505.0000,0.9060,-0.0164,-0.5613,40.2443,-110.5344,-53.5878
465.0000,0.9150,0.0181,-0.6047,53.0916,-101.3970,-47.3435
466.0000,0.9380,0.0347,-0.6431,62.4427,-91.5573,-40.7252
508.0000,0.9641,0.0442,-0.6636,67.5344,-79.0000,-34.0153
470.0000,0.9775,0.0500,-0.6831,68.6336,-65.6336,-26.8702
451.0000,0.9985,0.0688,-0.6768,64.9160,-51.1756,-19.7405
532.0000,1.0098,0.0791,-0.6655,56.4809,-36.0687,-12.7099
485.0000,1.0110,0.0664,-0.6355,46.4504,-19.7863,-5.4198
494.0000,1.0190,0.0488,-0.6111,39.6107,-3.3359,1.8168
465.0000,1.0190,0.0369,-0.5806,34.3969,11.6183,9.4122
532.0000,1.0227,0.0171,-0.5332,29.9847,26.3130,15.9618
510.0000,1.0327,-0.0029,-0.4780,24.4504,43.5191,21.7481
477.0000,1.0383,-0.0220,-0.4250,20.5344,61.4046,26.3588
480.0000,1.0088,-0.0325,-0.3875,18.4733,74.7481,31.2366
498.0000,1.0171,-0.0457,-0.3577,11.9695,90.3206,35.6870
505.0000,1.0137,-0.0676,-0.3118,8.8855,102.3970,39.6260
479.0000,0.9836,-0.1099,-0.2690,7.7328,111.6565,43.3130
515.0000,0.9763,-0.1292,-0.2561,6.7863,119.6870,46.7634
482.0000,0.9573,-0.1401,-0.2593,8.6794,125.0916,50.3588
509.0000,0.9395,-0.1401,-0.2642,10.4580,129.3740,53.6718
502.0000,0.9229,-0.1409,-0.2598,10.6107,132.2137,56.6336
482.0000,0.9077,-0.1406,-0.2261,8.6336,136.2824,58.5344
471.0000,0.9055,-0.1455,-0.2070,4.5267,143.4198,60.4122
524.0000,0.8833,-0.1514,-0.1792,1.7023,148.8626,62.8168
480.0000,0.8665,-0.1472,-0.1384,-0.9847,153.6641,64.6489
515.0000,0.8286,-0.1755,-0.0911,-0.4198,157.9847,66.5878
472.0000,0.8164,-0.1877,-0.0342,-6.6031,164.4733,67.7557
521.0000,0.7983,-0.2163,-0.0107,-0.3588,170.6107,69.6412
489.0000,0.7861,-0.2532,0.0300,1.7023,178.0992,72.2519
487.0000,0.7571,-0.2708,0.0696,0.7099,183.4275,73.6107
493.0000,0.7292,-0.2815,0.0898,3.7328,187.7405,74.9389
488.0000,0.7285,-0.2668,0.0730,4.3893,192.0840,76.4580
484.0000,0.7158,-0.2776,0.1067,5.1985,199.4809,78.6107
498.0000,0.6914,-0.3054,0.1904,0.9771,207.0229,79.6336
481.0000,0.6565,-0.2954,0.2119,-2.0153,212.4046,80.7023
479.0000,0.6648,-0.3110,0.1780,5.4962,222.0687,81.9466
501.0000,0.6023,-0.2827,0.1516,10.2977,225.9924,83.2061
494.0000,0.5574,-0.2456,0.1294,15.4275,221.6336,84.5344
494.0000,0.5181,-0.2781,0.1838,25.1603,213.2290,86.0611
482.0000,0.4944,-0.3384,0.2688,28.7557,211.8626,84.8550
484.0000,0.4968,-0.3887,0.3411,36.1069,218.2214,84.4962
482.0000,0.4290,-0.4026,0.3779,43.7710,217.9466,85.5878
471.0000,0.3984,-0.4175,0.4431,51.0153,215.7405,87.9771
493.0000,0.3906,-0.4614,0.5496,49.5191,223.6870,89.1145
486.0000,0.3799,-0.4148,0.5957,42.5649,236.4809,88.5878
478.0000,0.3376,-0.3694,0.5376,46.0992,242.2748,89.0687
478.0000,0.2900,-0.3389,0.4817,41.9542,241.8397,89.5191
509.0000,0.2432,-0.3037,0.4585,32.2824,232.1679,88.4733
462.0000,0.2209,-0.3174,0.4749,24.0305,219.5496,85.7176
506.0000,0.2131,-0.3318,0.4968,18.0840,210.1527,82.6794
474.0000,0.2163,-0.3801,0.5386,14.6031,209.2901,81.1908
479.0000,0.1807,-0.4260,0.6274,9.5420,207.5191,79.8092
498.0000,0.1536,-0.4619,0.6841,13.8931,206.5191,79.6641
496.0000,0.1387,-0.5237,0.7925,21.9771,210.1450,82.0305
488.0000,0.1182,-0.6025,0.8884,30.8397,222.8244,85.2824
486.0000,0.0615,-0.5635,0.8938,45.7176,228.9313,87.3588
488.0000,0.0220,-0.4788,0.8271,67.0611,227.4427,88.6183
485.0000,0.0000,-0.4146,0.7502,79.4428,220.2595,88.7634
487.0000,-0.0020,-0.3799,0.7397,80.0153,211.4809,85.3206
491.0000,-0.0151,-0.3896,0.7336,74.4962,203.5038,81.2137
488.0000,-0.0308,-0.3750,0.7378,63.8855,196.4886,76.9084
467.0000,-0.0208,-0.3535,0.7739,48.3511,193.2137,74.3435
519.0000,-0.0352,-0.3752,0.8206,32.9084,194.0992,72.2595
464.0000,-0.0471,-0.4133,0.8977,22.4046,195.4886,71.6870
484.0000,-0.1030,-0.5176,1.0488,11.1221,203.1221,71.7557
488.0000,-0.1531,-0.5513,1.0591,10.0763,212.9389,73.6947
494.0000,-0.2314,-0.5303,1.0471,23.5191,214.3893,75.5649
484.0000,-0.2971,-0.4973,1.0305,32.0305,203.9008,75.3511
492.0000,-0.3274,-0.4675,1.0293,35.6641,189.8015,72.3817
484.0000,-0.3352,-0.4614,0.9836,36.4733,177.4198,68.4733
481.0000,-0.3411,-0.4531,0.9414,33.0916,167.6641,65.0992
499.0000,-0.3320,-0.4424,0.9702,20.7481,158.1679,62.0534
487.0000,-0.3210,-0.4395,0.9956,3.2672,149.1221,58.7176
468.0000,-0.2900,-0.4541,1.0068,-9.2901,142.4886,55.9618
508.0000,-0.3096,-0.5322,1.0762,-18.4504,138.3664,53.5344
489.0000,-0.3547,-0.6177,1.1802,-21.5267,133.8931,50.9924
477.0000,-0.3550,-0.6379,1.2402,-17.1832,128.9389,51.1603
496.0000,-0.3872,-0.6296,1.2476,-10.9695,124.4657,51.6336
489.0000,-0.3936,-0.6292,1.2512,-0.3053,121.1832,52.6947
485.0000,-0.3884,-0.5928,1.2344,8.0382,116.4657,51.6183
497.0000,-0.3931,-0.5955,1.2249,16.4656,110.6183,49.0076
494.0000,-0.3799,-0.5786,1.1897,24.4275,103.6870,45.6107
486.0000,-0.3562,-0.5559,1.1604,32.7405,98.2901,42.4656
492.0000,-0.3574,-0.5688,1.1245,35.8244,90.4809,38.9389
469.0000,-0.3345,-0.5898,1.1714,41.2290,85.5878,34.0229
506.0000,-0.3115,-0.5969,1.1768,45.5573,82.8473,28.3206
477.0000,-0.2983,-0.6013,1.1934,54.8092,80.5802,25.1298
490.0000,-0.3013,-0.5935,1.2187,55.8626,81.9389,24.0076
486.0000,-0.2993,-0.5977,1.1895,55.8015,81.6412,23.4351
490.0000,-0.2986,-0.5540,1.1323,58.3893,77.7710,21.6718
481.0000,-0.2971,-0.4946,1.1204,54.4962,69.7099,18.3893
485.0000,-0.2612,-0.4507,1.1306,47.8321,64.8244,13.6489
489.0000,-0.2576,-0.4314,1.0977,40.1756,57.3053,10.2061
487.0000,-0.2537,-0.4373,1.0798,36.2519,50.6565,8.1527
489.0000,-0.2463,-0.4414,1.0659,33.2366,46.0840,7.4962
497.0000,-0.2517,-0.4275,1.0444,29.0763,41.8321,7.4046
488.0000,-0.2588,-0.4238,1.0112,26.9542,38.3511,8.1832
488.0000,-0.2529,-0.4045,0.9592,25.8931,35.8702,8.6260
485.0000,-0.2563,-0.4075,0.9241,25.2137,34.0611,8.9084
485.0000,-0.2639,-0.3979,0.8970,22.5496,34.0229,8.8931
483.0000,-0.2881,-0.3857,0.8652,20.4580,33.5878,9.0153
493.0000,-0.2927,-0.3630,0.8037,18.6260,35.1069,9.4351
489.0000,-0.3215,-0.3430,0.7485,18.6718,33.3969,9.5191
482.0000,-0.3474,-0.3088,0.7224,14.1069,29.8473,9.2595
495.0000,-0.3613,-0.2832,0.7083,8.5267,26.6031,8.7863
457.0000,-0.3525,-0.2637,0.7021,3.1527,26.0840,7.8931
488.0000,-0.3625,-0.2627,0.7043,-2.5878,25.9313,7.1756
496.0000,-0.3723,-0.2773,0.7261,-7.0458,25.0916,6.5038
488.0000,-0.3733,-0.2942,0.7192,-9.1374,24.6718,6.4962
501.0000,-0.3701,-0.3115,0.7231,-8.8321,24.6794,6.0611
499.0000,-0.3774,-0.3181,0.7202,-5.7023,24.9771,5.9389
462.0000,-0.3672,-0.3359,0.7124,-1.6489,25.2824,5.5191
512.0000,-0.3745,-0.3359,0.7043,1.0534,25.2137,4.9160
512.0000,-0.3669,-0.3408,0.7275,2.7023,25.4351,5.0382
486.0000,-0.3599,-0.3450,0.7217,5.3130,26.5725,5.3511
481.0000,-0.3677,-0.3582,0.7141,7.9084,27.6718,5.5725
504.0000,-0.3755,-0.3621,0.7148,9.8473,29.8473,5.4046
429.0000,-0.4058,-0.3555,0.7566,10.2595,24.7786,4.4809
537.0000,-0.4014,-0.3484,0.8035,7.2137,16.9008,1.2214
480.0000,-0.3892,-0.3596,0.8813,3.8092,7.6947,-2.3282
543.0000,-0.3691,-0.3733,0.9558,0.0229,0.2977,-5.0305
473.0000,-0.3657,-0.3870,1.0198,-6.1603,-3.6641,-6.3893
365.0000,-0.3572,-0.3887,1.0437,-10.2443,-4.5038,-5.9542
617.0000,-0.3625,-0.3972,1.0293,-11.0458,-3.6412,-4.6870
274.0000,-0.3687,-0.3953,1.0142,-8.8397,-2.2672,-2.5191
611.0000,-0.3665,-0.3721,0.9583,-5.2061,-1.8702,-0.1145
514.0000,-0.3735,-0.3501,0.9346,-1.0687,-2.9542,2.3664
463.0000,-0.3911,-0.3420,0.9053,3.1298,-4.7023,3.0458
413.0000,-0.4119,-0.3032,0.8853,7.3740,-8.3817,2.7099
560.0000,-0.4438,-0.2668,0.8936,6.0153,-13.4885,1.6794
483.0000,-0.4712,-0.2490,0.9128,-0.8168,-19.3588,0.7481
565.0000,-0.5024,-0.2332,0.9524,-9.8702,-26.0305,-0.1756
497.0000,-0.5249,-0.2544,0.9932,-20.6947,-32.7176,-1.5420
528.0000,-0.5364,-0.2825,1.0442,-31.7481,-39.4504,-2.8092
454.0000,-0.5742,-0.3293,1.1272,-39.5573,-47.2595,-4.6031
454.0000,-0.6052,-0.3806,1.1880,-42.8397,-55.4656,-6.4656
593.0000,-0.6226,-0.4038,1.1995,-40.9313,-64.2519,-8.0153
447.0000,-0.6443,-0.4094,1.2224,-37.8397,-73.5038,-10.5344
478.0000,-0.6450,-0.4021,1.2310,-36.2214,-83.5802,-14.1985
580.0000,-0.6340,-0.3992,1.2139,-36.4122,-92.5496,-17.3893
509.0000,-0.6174,-0.3967,1.1963,-38.5573,-101.0534,-20.5954
502.0000,-0.6008,-0.4153,1.2007,-42.5954,-110.1145,-23.7176
510.0000,-0.5884,-0.4321,1.2190,-47.0534,-119.4580,-26.8855
498.0000,-0.5720,-0.4375,1.2139,-49.8779,-128.0000,-29.5802
563.0000,-0.5549,-0.4526,1.2300,-50.5191,-135.3817,-31.8092
358.0000,-0.5381,-0.4648,1.2476,-50.9389,-143.3282,-34.7328
619.0000,-0.4961,-0.4548,1.2322,-49.6031,-151.0840,-37.1756
464.0000,-0.4763,-0.4587,1.2004,-46.9618,-164.0076,-39.5802
469.0000,-0.4241,-0.4790,1.1985,-46.4809,-167.4504,-43.1145
513.0000,-0.4094,-0.4688,1.1672,-47.1450,-173.5343,-45.2443
482.0000,-0.4106,-0.4841,1.1626,-51.0458,-182.7939,-47.9389
385.0000,-0.3840,-0.4902,1.1323,-52.0763,-189.3282,-50.8092
571.0000,-0.3528,-0.5125,1.1069,-49.4046,-194.0916,-52.3130
471.0000,-0.3564,-0.5396,1.1045,-47.4198,-201.6031,-54.1298
432.0000,-0.3416,-0.5359,1.0769,-43.4275,-209.3282,-55.5191
522.0000,-0.2966,-0.5095,1.0037,-37.3435,-214.2977,-55.8931
524.0000,-0.2517,-0.4941,0.9746,-35.5191,-220.2137,-56.8550
424.0000,-0.2180,-0.4980,0.9729,-36.7786,-224.2901,-58.6718
608.0000,-0.1787,-0.5027,0.9463,-36.6489,-228.1679,-60.0763
556.0000,-0.1614,-0.4951,0.9702,-35.9771,-230.7557,-61.9542
471.0000,-0.1638,-0.5295,1.0107,-34.9924,-235.0992,-65.6107
414.0000,-0.1440,-0.5259,0.9929,-27.3664,-237.1908,-67.0534
513.0000,-0.1208,-0.5505,0.9729,-15.3359,-236.8550,-67.3511
538.0000,-0.1414,-0.5950,1.0088,-6.6794,-237.4198,-68.7710
433.0000,-0.1602,-0.6082,0.9958,1.2290,-239.7405,-70.3283
541.0000,-0.1414,-0.5769,0.8923,10.2137,-241.0687,-69.5802
420.0000,-0.0984,-0.5046,0.7527,14.2824,-242.1450,-68.3511
512.0000,-0.0696,-0.4517,0.7109,11.0916,-245.1298,-68.9313
444.0000,-0.0198,-0.3660,0.6360,0.9084,-249.5878,-70.9618
490.0000,0.0254,-0.3147,0.6067,-13.0000,-250.1374,-73.7710
458.0000,0.0637,-0.2947,0.5862,-31.6336,-250.1374,-77.8244
521.0000,0.1252,-0.2576,0.5251,-47.9160,-250.1374,-80.4198
475.0000,0.1877,-0.2378,0.4790,-58.8626,-250.1374,-82.0458
490.0000,0.2402,-0.2681,0.4622,-65.7099,-250.1374,-84.3740
503.0000,0.2781,-0.3167,0.4702,-69.7786,-250.1374,-86.6870
492.0000,0.3206,-0.3413,0.4517,-68.5115,-250.1374,-86.7939
513.0000,0.3577,-0.3650,0.4177,-64.0840,-247.2290,-85.5954
485.0000,0.3728,-0.3708,0.4175,-58.2595,-239.2366,-84.2290
536.0000,0.3911,-0.3979,0.4268,-49.1527,-228.4504,-83.1908
464.0000,0.3662,-0.4185,0.4353,-42.4962,-222.2061,-83.4428
518.0000,0.3938,-0.3584,0.3623,-34.5802,-215.3664,-81.8397
477.0000,0.4214,-0.2998,0.2737,-26.2061,-210.6794,-79.3664
489.0000,0.4138,-0.2847,0.2322,-25.4962,-211.0763,-78.7176
456.0000,0.4548,-0.2578,0.1636,-27.8015,-210.3817,-78.9924
562.0000,0.4998,-0.2327,0.1082,-29.2519,-210.6870,-77.9924
467.0000,0.5337,-0.2393,0.0974,-33.2672,-208.6488,-75.9771
543.0000,0.5518,-0.2603,0.1497,-38.8779,-204.7405,-75.0840
475.0000,0.5688,-0.3113,0.1929,-42.3817,-199.7099,-75.6794
502.0000,0.6018,-0.3162,0.1887,-35.7786,-194.5191,-74.7939
528.0000,0.6331,-0.2949,0.1997,-25.4198,-188.3893,-72.9084
459.0000,0.6338,-0.3000,0.2187,-16.5573,-182.6794,-70.0916
444.0000,0.6655,-0.2896,0.1865,-13.9160,-175.1221,-69.2214
642.0000,0.6882,-0.2229,0.0889,-9.1221,-169.8244,-66.3817
507.0000,0.7307,-0.2131,0.0107,-7.1832,-162.3664,-62.2366
507.0000,0.7126,-0.2612,0.0271,-13.2672,-155.9771,-60.9389
481.0000,0.7415,-0.2820,-0.0247,-13.0534,-149.0916,-61.5496
468.0000,0.7612,-0.2378,-0.0527,-6.8397,-142.3130,-59.0763
525.0000,0.7610,-0.1536,-0.1504,-3.2977,-145.6870,-55.9160
501.0000,0.8196,-0.1169,-0.2158,-3.7786,-143.1832,-52.9389
469.0000,0.8555,-0.1213,-0.2673,-7.6794,-135.8015,-51.0534
515.0000,0.8770,-0.1121,-0.2842,-11.6870,-128.1832,-48.0687
500.0000,0.8931,-0.1401,-0.2959,-17.7328,-120.1832,-45.4275
455.0000,0.9229,-0.1348,-0.2983,-19.9771,-110.9008,-42.7557
498.0000,0.9490,-0.1548,-0.2715,-17.3740,-100.6641,-39.8702
502.0000,0.9714,-0.1304,-0.3230,-9.2595,-91.2672,-36.2824
534.0000,0.9883,-0.1555,-0.3560,-1.1985,-79.5878,-30.6031
502.0000,1.0076,-0.1506,-0.3853,6.9695,-65.4733,-24.2901
526.0000,0.9993,-0.1587,-0.3833,12.4351,-52.6947,-18.9160
472.0000,0.9946,-0.1372,-0.3994,17.4733,-40.8092,-14.6183
517.0000,1.0042,-0.1104,-0.4094,23.3740,-27.5878,-10.1298
498.0000,1.0129,-0.0862,-0.4346,29.6947,-13.7710,-5.7176
480.0000,1.0369,-0.0820,-0.4265,33.7939,1.4275,-1.8244
504.0000,1.0349,-0.0762,-0.4004,32.8397,16.8550,1.8397
547.0000,1.0471,-0.0693,-0.3970,26.7710,34.8244,5.9160
488.0000,1.0432,-0.0823,-0.3782,18.2977,52.1450,9.3588
490.0000,1.0352,-0.0920,-0.3347,8.9389,67.2443,12.9084
488.0000,1.0225,-0.0959,-0.2874,1.5191,81.9237,16.1679
522.0000,1.0168,-0.1106,-0.2393,-4.0458,95.9389,19.2061
481.0000,0.9980,-0.1428,-0.1965,-7.2061,107.7557,22.0153
474.0000,0.9653,-0.1809,-0.1614,-10.7939,117.4962,24.6183
539.0000,0.9446,-0.2078,-0.1201,-13.7252,126.7252,26.8855
480.0000,0.9255,-0.2292,-0.0967,-14.6031,134.9618,29.0153
501.0000,0.9106,-0.2393,-0.0820,-13.4733,141.7939,30.7786
514.0000,0.9026,-0.2241,-0.0874,-11.5954,147.3740,33.4198
497.0000,0.9084,-0.2222,-0.0581,-11.1756,154.9542,35.7634
494.0000,0.8708,-0.2109,-0.0476,-12.5344,157.0916,36.7481
498.0000,0.8508,-0.1978,-0.0425,-10.5649,158.6336,37.5649
504.0000,0.8198,-0.1868,-0.0322,-6.1221,158.5725,38.8092
496.0000,0.7927,-0.1968,0.0154,-4.5573,159.1069,39.6794
473.0000,0.7754,-0.2131,0.0698,-3.3664,160.2214,40.1908
512.0000,0.7598,-0.2207,0.0837,0.1374,161.0153,41.3740
485.0000,0.7529,-0.2312,0.1194,2.1298,163.2137,43.4046
486.0000,0.7239,-0.2690,0.2151,-0.5573,168.1527,43.8626
501.0000,0.6948,-0.2678,0.2659,-0.9466,172.1756,43.9084
515.0000,0.6941,-0.2629,0.2886,2.0534,177.6183,45.5725
488.0000,0.6841,-0.2769,0.2883,4.8168,183.7099,47.9695
493.0000,0.6726,-0.2698,0.3032,2.1908,189.5191,49.7328
499.0000,0.6428,-0.2683,0.3130,3.9924,191.9771,51.1908
482.0000,0.6194,-0.2703,0.2910,5.9695,196.8321,52.2214
506.0000,0.5889,-0.2527,0.2700,8.2061,198.1145,53.6183
532.0000,0.5496,-0.2495,0.2620,7.6489,196.7786,54.8626
473.0000,0.5334,-0.2944,0.3154,7.2366,195.5649,54.7710
503.0000,0.5032,-0.3010,0.3677,6.5191,195.3817,54.1908
518.0000,0.4900,-0.2739,0.3625,7.4656,194.9313,55.3130
479.0000,0.4666,-0.2627,0.3652,10.3282,196.0000,57.4962
492.0000,0.4338,-0.2964,0.4358,2.8397,198.1374,57.8779
491.0000,0.4009,-0.3079,0.4695,-2.1832,198.5191,57.7328
491.0000,0.3826,-0.2886,0.4668,-4.0763,198.6717,58.7176
483.0000,0.3496,-0.3022,0.5400,-8.1374,200.6260,60.9771
488.0000,0.3206,-0.3362,0.6145,-11.2672,202.5878,60.9924
538.0000,0.3030,-0.3318,0.6384,-6.5954,205.1221,62.1679
482.0000,0.2661,-0.3408,0.6106,4.1374,203.1298,65.4809
497.0000,0.2344,-0.3462,0.6338,9.1908,200.9542,68.4428
490.0000,0.2090,-0.4070,0.7458,13.7252,202.1908,68.9466
482.0000,0.1907,-0.4197,0.7886,20.1527,204.2519,69.2519
504.0000,0.1614,-0.4087,0.7556,31.4504,203.6870,70.9084
490.0000,0.1348,-0.3604,0.7131,38.9313,202.7786,72.4580
493.0000,0.1287,-0.3181,0.6924,40.6718,202.0000,72.7328
476.0000,0.1140,-0.2935,0.6956,36.6031,199.7405,71.6183
529.0000,0.0867,-0.2878,0.7175,28.0153,197.6947,70.8015
488.0000,0.0576,-0.3408,0.7991,17.0534,198.4122,69.4046
493.0000,0.0078,-0.3911,0.8909,11.1527,198.6260,68.2901
476.0000,-0.0227,-0.4243,0.9473,14.5802,197.4198,68.9237
511.0000,-0.0474,-0.4243,0.9878,22.4046,195.2366,70.3130
493.0000,-0.0759,-0.4539,1.0461,31.4504,192.9313,71.2366
494.0000,-0.1064,-0.4817,1.0750,39.3817,190.7176,71.6794
488.0000,-0.1086,-0.4758,1.0464,46.7786,191.6488,72.3206
496.0000,-0.1069,-0.4292,0.9971,50.8779,194.3740,73.3130
490.0000,-0.1335,-0.4045,0.9917,48.2214,194.0305,72.4886
479.0000,-0.1699,-0.3926,0.9487,42.2519,189.1603,69.4733
510.0000,-0.1943,-0.3352,0.9033,38.8168,179.8626,67.2977
484.0000,-0.1846,-0.2861,0.8982,28.8168,171.8168,64.1298
486.0000,-0.2102,-0.2917,0.9380,8.2443,162.7710,59.1145
511.0000,-0.2185,-0.3623,1.0112,-9.4733,160.3817,54.1298
490.0000,-0.2837,-0.4263,1.0618,-22.5954,152.9542,51.6336
507.0000,-0.2935,-0.4824,1.0847,-31.4656,151.9160,50.4733
494.0000,-0.3208,-0.5347,1.1213,-27.8244,147.3130,50.9924
487.0000,-0.3413,-0.5784,1.1514,-19.6031,141.7328,50.8779
493.0000,-0.3384,-0.5872,1.1453,-3.8244,134.2061,50.6870
489.0000,-0.2976,-0.5532,1.1316,10.0534,130.1985,50.5878
503.0000,-0.2700,-0.5415,1.1318,18.2672,129.0000,48.9542
498.0000,-0.2776,-0.5344,1.0579,23.3664,125.8397,47.0916
493.0000,-0.2476,-0.5039,0.9841,32.8092,126.4733,46.8321
483.0000,-0.2930,-0.4688,0.9746,36.4275,120.0305,44.4656
476.0000,-0.3140,-0.4185,0.9915,30.8855,111.8855,40.2519
523.0000,-0.3296,-0.4043,0.9868,26.5420,103.0382,36.4504
486.0000,-0.3147,-0.4067,1.0066,26.2137,104.1756,32.8092
491.0000,-0.3728,-0.3870,1.0181,9.2137,97.2137,29.0153
487.0000,-0.3877,-0.4019,1.0491,1.9389,86.7863,26.4198
505.0000,-0.3669,-0.4407,1.0947,-1.1450,83.8092,23.6870
494.0000,-0.3708,-0.4668,1.1250,-3.2519,79.2824,20.2137
494.0000,-0.3792,-0.4939,1.1860,1.9313,73.5725,16.9466
493.0000,-0.3904,-0.5193,1.2324,7.0534,69.2977,15.7252
480.0000,-0.3860,-0.5415,1.2466,12.5725,65.9313,15.7481
499.0000,-0.3811,-0.5342,1.2461,18.9008,61.3511,16.1985
490.0000,-0.3704,-0.5129,1.2351,24.7863,56.6718,15.9847
490.0000,-0.3481,-0.4941,1.2031,29.2137,52.0000,16.0916
499.0000,-0.3340,-0.4622,1.1567,33.3435,48.8321,15.1374
492.0000,-0.3308,-0.4275,1.0999,34.9924,42.8473,13.8168
489.0000,-0.3115,-0.3958,1.0535,34.2366,39.8092,13.5038
495.0000,-0.3010,-0.3606,0.9958,30.7252,36.3664,13.5038
494.0000,-0.2888,-0.3296,0.9431,26.0076,36.0153,13.2824
485.0000,-0.2905,-0.3032,0.8660,21.1756,33.9008,12.9084
499.0000,-0.2900,-0.2847,0.8376,18.0153,31.6870,12.1221
506.0000,-0.2988,-0.2781,0.7961,13.7863,30.5954,11.3664
488.0000,-0.2954,-0.2751,0.7600,7.5038,29.8397,10.8550
497.0000,-0.2920,-0.2776,0.7473,0.5191,29.4580,10.4962
491.0000,-0.3049,-0.2859,0.7510,-5.3359,29.5496,10.1527
482.0000,-0.3115,-0.2874,0.7549,-9.8702,30.5420,10.5191
505.0000,-0.3267,-0.3018,0.7424,-12.4962,31.4504,10.6031
500.0000,-0.3430,-0.3230,0.7617,-13.6183,31.0229,10.4962
477.0000,-0.3735,-0.3618,0.7773,-14.3206,28.6107,9.5573
496.0000,-0.3928,-0.3918,0.8132,-14.5573,24.2977,7.4962
491.0000,-0.3877,-0.4116,0.8518,-15.3359,18.3206,5.3969
481.0000,-0.3857,-0.4250,0.8787,-16.9389,12.8626,3.2748
488.0000,-0.3792,-0.4167,0.8818,-17.9008,7.4809,1.5496
515.0000,-0.3723,-0.4326,0.8765,-18.1374,4.2214,1.0534
459.0000,-0.3665,-0.4290,0.8489,-17.7557,3.7176,1.0458
518.0000,-0.3596,-0.4358,0.8176,-14.7786,4.3969,1.7634
481.0000,-0.3645,-0.4063,0.7844,-9.7023,4.8397,2.9008
507.0000,-0.3525,-0.3972,0.7590,-2.9542,5.4885,4.2443
444.0000,-0.3550,-0.3657,0.7563,3.2290,5.8015,5.2595
565.0000,-0.3508,-0.3545,0.7566,8.4885,6.2824,5.8626
480.0000,-0.3562,-0.3318,0.7542,10.7176,7.1374,5.9618
398.0000,-0.3630,-0.3218,0.7632,9.6336,7.4580,4.9618
583.0000,-0.3745,-0.3237,0.7783,7.1756,6.5115,4.1603
412.0000,-0.3870,-0.3140,0.8064,3.9084,4.4580,2.9160
550.0000,-0.4097,-0.3228,0.8376,-2.1908,1.3053,1.3969
518.0000,-0.4209,-0.3313,0.8596,-5.8321,-1.5344,-0.0687
433.0000,-0.4177,-0.3303,0.8772,-8.7176,-4.7863,-0.8779
540.0000,-0.4302,-0.3276,0.9011,-13.1985,-8.7786,-1.7023
430.0000,-0.4236,-0.3049,0.9023,-17.0687,-12.8473,-2.1603
601.0000,-0.4214,-0.3052,0.9092,-19.7557,-16.5802,-2.5115
395.0000,-0.4226,-0.3154,0.9248,-22.6412,-20.3359,-2.5344
546.0000,-0.4270,-0.3181,0.9546,-26.2443,-23.1603,-1.9924
453.0000,-0.4358,-0.3328,0.9868,-28.3511,-26.8626,-2.2061
412.0000,-0.4604,-0.3506,1.0261,-28.6183,-31.3282,-3.0382
615.0000,-0.4802,-0.3684,1.0496,-27.9924,-36.2214,-4.5725
488.0000,-0.5046,-0.3799,1.0698,-25.8092,-42.5802,-5.6565
387.0000,-0.5132,-0.3962,1.0862,-22.8168,-50.2061,-7.4198
688.0000,-0.5254,-0.4009,1.0945,-21.8626,-59.2672,-9.3817
437.0000,-0.5159,-0.4043,1.1306,-22.6870,-66.9237,-10.9008
491.0000,-0.5149,-0.4224,1.1572,-23.3282,-73.5954,-12.4198
565.0000,-0.5015,-0.4441,1.1765,-22.9771,-79.9695,-14.1450
465.0000,-0.4778,-0.4619,1.1848,-20.4122,-87.1145,-16.9542
347.0000,-0.4656,-0.4727,1.2065,-16.9924,-95.3588,-20.3359
551.0000,-0.4731,-0.4807,1.2256,-13.9466,-102.5954,-23.0305
569.0000,-0.4675,-0.4841,1.2161,-10.0916,-109.7481,-24.3511
521.0000,-0.4368,-0.4631,1.1853,-6.3130,-114.8015,-25.4198
482.0000,-0.4111,-0.4536,1.1829,-5.2443,-120.0305,-27.2443
447.0000,-0.4063,-0.4563,1.1997,-4.4656,-126.2290,-29.6260
698.0000,-0.4429,-0.4497,1.2112,-1.6107,-139.5802,-31.5496
480.0000,-0.4050,-0.4473,1.2319,-0.5344,-143.0000,-33.0000
555.0000,-0.4106,-0.4270,1.2605,0.5115,-148.8321,-34.5954
259.0000,-0.4170,-0.3958,1.2485,1.5802,-158.0763,-34.8244
714.0000,-0.4055,-0.3723,1.2043,1.6107,-165.7557,-35.6183
389.0000,-0.4004,-0.3586,1.1936,1.4656,-171.9847,-36.9542
513.0000,-0.3970,-0.3611,1.1694,-1.1756,-179.7252,-38.2290
418.0000,-0.4045,-0.3694,1.1301,-7.0229,-186.1908,-39.2672
598.0000,-0.3909,-0.3938,1.0955,-14.4046,-193.3130,-40.6718
515.0000,-0.3989,-0.4229,1.0950,-21.9542,-200.6947,-42.9847
480.0000,-0.4014,-0.4355,1.1228,-29.8779,-208.0763,-45.7786
594.0000,-0.3887,-0.4448,1.1274,-36.0458,-214.9542,-48.2901
468.0000,-0.3796,-0.4399,1.1309,-38.9618,-221.3511,-50.1069
558.0000,-0.3518,-0.4309,1.1072,-41.2061,-226.2290,-51.8931
494.0000,-0.3047,-0.4001,1.0312,-42.4809,-232.4427,-52.7099
459.0000,-0.2463,-0.3682,0.9541,-44.7710,-236.8397,-53.9237
589.0000,-0.1897,-0.3684,0.8848,-51.3817,-241.7023,-55.6794
463.0000,-0.1377,-0.3508,0.8691,-60.3969,-247.5954,-57.9389
510.0000,-0.0955,-0.3662,0.8218,-66.9389,-250.1374,-60.3206
548.0000,-0.0513,-0.3757,0.7683,-70.3053,-250.1374,-61.2519
367.0000,-0.0100,-0.4006,0.7627,-72.8473,-250.1374,-61.4122
548.0000,0.0276,-0.3796,0.7039,-72.9847,-250.1374,-61.7939
564.0000,0.0632,-0.3899,0.6792,-69.0687,-250.1374,-61.5344
489.0000,0.0813,-0.4243,0.7073,-69.1832,-250.1374,-63.1069
544.0000,0.1145,-0.4268,0.6729,-66.2061,-250.1374,-62.9542
472.0000,0.1160,-0.4438,0.6406,-59.6183,-250.1374,-63.7023
521.0000,0.1675,-0.4075,0.5872,-54.6947,-250.1374,-62.8244
521.0000,0.2261,-0.4255,0.5701,-49.0611,-250.1374,-62.2137
440.0000,0.2405,-0.4448,0.5784,-48.8779,-249.9084,-63.2290
547.0000,0.2798,-0.3962,0.5117,-43.4580,-247.6488,-62.5038
428.0000,0.3079,-0.3708,0.5183,-43.9695,-242.7252,-62.8855
479.0000,0.3269,-0.3645,0.5229,-44.1603,-237.6183,-65.0534
473.0000,0.3228,-0.3489,0.4414,-43.2443,-241.0611,-66.4809
458.0000,0.3528,-0.3882,0.4485,-44.4885,-238.4580,-68.4504
538.0000,0.3574,-0.4075,0.4885,-48.5954,-236.2443,-71.4657
410.0000,0.3955,-0.3513,0.4307,-48.0992,-234.8092,-71.4198
500.0000,0.4417,-0.3684,0.3479,-48.5573,-232.5343,-71.2977
546.0000,0.4807,-0.3777,0.3037,-50.9618,-227.2519,-71.3588
501.0000,0.5173,-0.3823,0.3054,-53.6183,-221.1298,-72.2214
566.0000,0.5334,-0.3669,0.2944,-56.9618,-215.0687,-73.7099
567.0000,0.5889,-0.3462,0.2383,-57.7863,-207.3435,-74.0382
441.0000,0.5891,-0.3850,0.2122,-54.5496,-199.4351,-75.2901
531.0000,0.5999,-0.3760,0.1626,-47.2443,-191.6260,-76.5649
506.0000,0.6165,-0.3496,0.1030,-38.8626,-186.8550,-76.5878
438.0000,0.6318,-0.3347,0.0737,-33.4122,-183.0687,-76.5802
520.0000,0.6536,-0.2966,0.0588,-35.9084,-176.5038,-77.4657
472.0000,0.6943,-0.2375,-0.0200,-35.4122,-170.3817,-76.6794
469.0000,0.7102,-0.2844,-0.0269,-39.9695,-162.4351,-77.4657
493.0000,0.6665,-0.2507,0.0166,-42.6260,-165.0076,-76.2366
507.0000,0.7166,-0.2483,-0.0212,-44.4962,-163.4275,-75.7786
483.0000,0.7805,-0.2385,-0.0720,-40.4427,-151.9924,-72.5267
450.0000,0.7722,-0.2461,-0.0605,-36.0458,-143.9847,-68.8321
521.0000,0.7690,-0.2629,-0.0342,-35.8092,-140.3817,-67.2061
475.0000,0.7932,-0.2080,-0.1128,-29.4733,-138.7863,-65.7634
497.0000,0.8213,-0.1758,-0.1641,-27.4962,-135.0305,-63.5344
522.0000,0.8406,-0.1414,-0.1912,-33.4275,-129.7176,-61.0153
495.0000,0.8674,-0.1289,-0.2400,-36.5573,-123.7557,-58.2519
481.0000,0.8838,-0.1724,-0.2715,-37.6870,-115.2748,-55.3740
484.0000,0.8889,-0.2236,-0.2815,-37.1145,-106.9847,-52.6565
480.0000,0.9202,-0.2114,-0.3118,-28.9924,-99.2977,-49.4351
526.0000,0.9385,-0.1873,-0.3621,-16.3359,-93.5038,-45.3282
527.0000,0.9509,-0.1609,-0.3918,-3.7328,-88.5802,-40.9237
497.0000,0.9685,-0.1245,-0.4417,7.6489,-81.8855,-35.5878
469.0000,0.9875,-0.1040,-0.4844,17.0153,-71.7405,-30.9695
548.0000,0.9912,-0.0674,-0.5227,21.9695,-61.7939,-26.5344
492.0000,1.0056,-0.0403,-0.5168,24.9084,-48.6260,-22.6565
496.0000,1.0039,-0.0161,-0.5156,25.9618,-35.3588,-19.2061
521.0000,1.0229,0.0059,-0.5017,25.8855,-19.4809,-14.6870
510.0000,1.0256,0.0061,-0.5037,26.0076,-3.7634,-8.9924
494.0000,1.0198,-0.0046,-0.4797,23.5725,11.7710,-3.1603
504.0000,1.0249,-0.0164,-0.4314,18.5344,29.0840,2.2901
489.0000,1.0161,-0.0212,-0.4009,12.0153,46.8473,7.2137
500.0000,1.0005,-0.0332,-0.3743,6.4656,63.1527,11.7099
507.0000,0.9856,-0.0508,-0.3535,3.3893,77.7023,17.3435
476.0000,0.9751,-0.0750,-0.3040,-1.4351,90.0153,22.2137
493.0000,0.9685,-0.0886,-0.2732,-7.0000,106.0992,26.3359
512.0000,0.9473,-0.1042,-0.2695,-10.5115,119.5649,29.6031
495.0000,0.9187,-0.1174,-0.2625,-14.4198,129.2137,32.7557
478.0000,0.9053,-0.1167,-0.2517,-17.3282,137.9695,36.5344
531.0000,0.8965,-0.1218,-0.2390,-19.7099,145.6412,39.4656
495.0000,0.8796,-0.1348,-0.2109,-20.6183,153.4886,42.1756
493.0000,0.8594,-0.1436,-0.1936,-18.8321,158.1221,45.0153
518.0000,0.8367,-0.1438,-0.1904,-15.1908,161.3588,47.6031
494.0000,0.8271,-0.1355,-0.1785,-10.6489,164.7786,50.0840
498.0000,0.8152,-0.1426,-0.1262,-6.3664,169.7023,51.9618
530.0000,0.8101,-0.1521,-0.0703,-4.8321,177.2672,53.4504
480.0000,0.7712,-0.1768,-0.0317,-5.7405,184.8015,55.0611
516.0000,0.7549,-0.1865,-0.0095,-3.6947,191.9695,56.9160
493.0000,0.7346,-0.2112,0.0403,-2.2137,197.5114,59.3359
493.0000,0.6992,-0.2476,0.1067,-3.9542,203.2061,60.9618
513.0000,0.6831,-0.2729,0.1433,-0.0382,210.0000,62.6489
505.0000,0.6572,-0.3054,0.1558,4.5573,212.4656,65.2443
491.0000,0.6382,-0.2893,0.1692,15.4656,214.1756,68.6031
500.0000,0.6470,-0.2805,0.1733,13.4198,217.2061,70.5802
507.0000,0.6077,-0.2822,0.1946,16.3893,218.3740,71.5649
485.0000,0.6003,-0.2537,0.1685,21.3664,223.0534,72.4962
512.0000,0.5657,-0.2271,0.1575,23.1145,225.6641,72.5878
493.0000,0.4983,-0.2385,0.2136,20.9847,221.2824,72.0840
475.0000,0.4487,-0.2505,0.3101,10.4962,215.9695,70.1908
489.0000,0.4314,-0.2822,0.4004,6.5344,216.1679,68.6183
490.0000,0.3889,-0.3618,0.4766,3.4198,216.5114,68.0916
510.0000,0.3579,-0.3979,0.5449,5.9542,212.8473,69.4275
485.0000,0.3542,-0.4661,0.6284,8.9847,212.6641,71.3511
499.0000,0.3274,-0.4929,0.7378,9.6183,215.5267,72.2290
483.0000,0.3384,-0.4565,0.7173,14.9695,221.2290,73.2595
518.0000,0.3276,-0.4263,0.6377,24.9237,223.6794,75.5802
494.0000,0.3064,-0.3967,0.5903,29.5954,223.2366,76.9618
499.0000,0.2769,-0.3716,0.5693,33.6718,218.6183,75.8626
490.0000,0.2366,-0.3567,0.5852,33.7710,212.5878,73.9466
498.0000,0.2004,-0.3445,0.6416,31.0916,206.8168,72.1450
492.0000,0.1831,-0.3220,0.6843,27.1985,202.6488,70.9771
501.0000,0.1665,-0.3271,0.7556,21.1908,201.1527,70.1374
495.0000,0.1411,-0.3706,0.8323,15.6260,201.5954,69.9160
499.0000,0.1125,-0.4092,0.8743,14.3359,201.8168,70.3740
496.0000,0.0894,-0.4465,0.8992,18.0305,202.4656,72.2366
502.0000,0.0735,-0.4907,0.9839,18.0763,208.2061,73.6870
493.0000,0.0466,-0.4937,0.9490,21.4198,215.4351,73.6183
504.0000,-0.0007,-0.4741,0.8870,33.5038,217.6870,74.1908
498.0000,-0.0525,-0.4397,0.8391,38.5038,212.2977,74.3359
499.0000,-0.0813,-0.3999,0.8337,36.9389,204.3740,72.0916
470.0000,-0.0950,-0.3733,0.8330,34.6718,198.7023,69.1527
516.0000,-0.1125,-0.3599,0.8445,26.2214,192.2366,65.2214
488.0000,-0.1428,-0.3625,0.8804,13.8855,185.0458,62.2061
492.0000,-0.1670,-0.4238,0.9712,0.2977,179.6870,59.3969
487.0000,-0.1890,-0.4836,1.0332,-8.3893,176.9389,58.0763
500.0000,-0.2056,-0.5264,1.0623,-6.4962,175.7481,58.6489
500.0000,-0.2419,-0.5706,1.0798,-1.3359,172.1908,59.4198
495.0000,-0.2539,-0.5771,1.1326,3.8550,167.8015,59.4885
489.0000,-0.2681,-0.5803,1.1101,13.3817,163.7481,59.9084
484.0000,-0.2676,-0.5593,1.0503,24.7481,160.1679,60.5802
512.0000,-0.2776,-0.5352,1.0300,30.2214,154.8702,61.0153
493.0000,-0.3044,-0.5298,1.0789,29.2137,149.1985,58.3740
493.0000,-0.3208,-0.5139,1.0957,28.5191,143.7252,55.4809
457.0000,-0.3179,-0.4841,1.0718,29.3206,137.8321,53.6718
541.0000,-0.3323,-0.4375,1.0615,25.8015,130.4122,51.5344
489.0000,-0.3167,-0.4304,1.0833,20.6794,123.8931,49.3511
494.0000,-0.3357,-0.5010,1.1226,16.6336,119.6336,46.5496
495.0000,-0.3506,-0.5173,1.1458,16.3435,115.7099,44.4656
456.0000,-0.3450,-0.5229,1.1392,20.2519,111.3588,44.0916
527.0000,-0.3320,-0.5027,1.1016,26.1221,105.2519,44.0534
482.0000,-0.3047,-0.4827,1.0625,31.5267,100.5649,43.5725
488.0000,-0.2996,-0.4861,1.0564,35.4580,96.7023,41.4885
515.0000,-0.2961,-0.4792,1.0535,36.4580,93.1908,39.6641
487.0000,-0.2781,-0.4656,1.0088,31.4809,92.4504,38.7710
500.0000,-0.2913,-0.4641,0.9807,27.0534,94.1908,37.4733
489.0000,-0.3096,-0.4438,0.9556,21.6947,89.8473,35.6412
508.0000,-0.3335,-0.3972,0.9229,15.6107,83.3130,33.3206
484.0000,-0.3491,-0.3672,0.9175,8.2595,74.1374,29.9313
492.0000,-0.3472,-0.3635,0.9360,-0.3511,68.7939,26.0916
498.0000,-0.3528,-0.3772,0.9717,-7.8015,64.8855,22.7328
501.0000,-0.3689,-0.4092,0.9790,-12.8168,60.4733,20.2595
494.0000,-0.3684,-0.4509,0.9658,-14.2595,56.0916,18.8626
489.0000,-0.3748,-0.4810,0.9995,-13.0687,52.8321,17.3511
490.0000,-0.3699,-0.5303,1.0146,-10.7634,49.0611,14.8779
495.0000,-0.3638,-0.5305,1.0107,-3.3664,44.2977,13.5496
503.0000,-0.3650,-0.5244,1.0134,3.2366,40.0916,13.7786
488.0000,-0.3677,-0.5186,0.9939,4.7939,37.2672,13.8931
503.0000,-0.3616,-0.5083,0.9832,5.8473,34.2977,12.8168
498.0000,-0.3594,-0.4792,0.9641,6.1908,31.1527,10.7710
486.0000,-0.3503,-0.4695,0.9597,4.9924,26.9771,8.4046
497.0000,-0.3562,-0.4707,0.9492,4.2061,23.5114,7.0611
497.0000,-0.3386,-0.4526,0.9331,4.1069,20.6412,5.9847
459.0000,-0.3281,-0.4387,0.9233,3.0840,17.8321,5.0916
533.0000,-0.3171,-0.4207,0.9097,0.7710,15.8168,4.7252
468.0000,-0.3086,-0.4148,0.9106,-1.4275,14.3282,3.8473
482.0000,-0.2949,-0.4053,0.8884,-1.9160,13.9008,4.0611
536.0000,-0.2908,-0.4084,0.8833,-0.8702,13.9160,4.3053
444.0000,-0.2849,-0.4143,0.8843,1.6870,13.2137,4.4351
520.0000,-0.2761,-0.4194,0.8804,4.8015,12.1145,4.3206
476.0000,-0.2793,-0.4148,0.8730,7.1069,11.8931,4.8244
567.0000,-0.2781,-0.4031,0.8596,8.7176,12.4427,5.5649
483.0000,-0.2825,-0.4006,0.8518,7.1145,14.1527,6.0076
549.0000,-0.2842,-0.4011,0.8196,2.9237,17.3359,6.3817
538.0000,-0.3118,-0.3809,0.8057,3.0534,15.6260,7.6641
503.0000,-0.3125,-0.3618,0.8030,2.9313,14.8855,7.6641
512.0000,-0.3350,-0.3552,0.8164,1.4046,9.7863,5.7634
493.0000,-0.3540,-0.3550,0.8555,-0.0992,4.7710,4.4046
536.0000,-0.3774,-0.3699,0.8792,-2.8168,0.8855,3.0916
522.0000,-0.3918,-0.3845,0.8860,-7.0076,-3.2214,2.8702
450.0000,-0.4106,-0.4023,0.9238,-9.4122,-9.1374,2.4275
455.0000,-0.4097,-0.4043,0.9541,-13.2977,-15.1298,1.2366
576.0000,-0.4177,-0.4160,0.9878,-15.7710,-20.9466,-0.8473
474.0000,-0.4287,-0.4307,1.0308,-15.7786,-26.9466,-2.1298
509.0000,-0.4343,-0.4563,1.0757,-15.2824,-32.9771,-3.4122
483.0000,-0.4392,-0.4661,1.1013,-12.7023,-38.0763,-4.5038
496.0000,-0.4473,-0.4661,1.1062,-7.9847,-43.6031,-5.5573
622.0000,-0.4558,-0.4478,1.1062,-5.8473,-49.5725,-7.3969
485.0000,-0.4529,-0.4382,1.1245,-4.8321,-56.6107,-10.4962
441.0000,-0.4495,-0.4438,1.1309,-5.1221,-63.2366,-13.8779
542.0000,-0.4436,-0.4324,1.1406,-8.9771,-69.2595,-17.1832
500.0000,-0.4158,-0.4177,1.1504,-14.6183,-75.0229,-19.8321
527.0000,-0.4233,-0.4314,1.1575,-21.1756,-80.9084,-21.1374
494.0000,-0.4436,-0.4695,1.1978,-24.1298,-87.0687,-23.9542
548.0000,-0.4656,-0.4663,1.2205,-25.0992,-94.4122,-27.3740
483.0000,-0.4504,-0.4551,1.2419,-25.3893,-102.1069,-29.9084
524.0000,-0.4578,-0.4709,1.2505,-26.3053,-109.7634,-32.2519
521.0000,-0.4558,-0.4714,1.2285,-27.2672,-117.4657,-34.2901
483.0000,-0.4514,-0.4849,1.2278,-28.3282,-124.4198,-36.7176
570.0000,-0.4343,-0.4653,1.2063,-30.0916,-130.9084,-39.1985
509.0000,-0.4287,-0.4763,1.2090,-31.1298,-138.1603,-41.6183
412.0000,-0.4121,-0.4783,1.2097,-30.3359,-145.3893,-44.1908
583.0000,-0.3906,-0.4871,1.1926,-27.9237,-153.2748,-46.1832
487.0000,-0.3733,-0.4785,1.1885,-25.7405,-160.9389,-47.3817
512.0000,-0.3704,-0.4807,1.1997,-26.0076,-168.9008,-50.0840
390.0000,-0.3438,-0.4771,1.1543,-25.5420,-174.4046,-51.8550
539.0000,-0.3113,-0.4524,1.0674,-25.1679,-179.8931,-52.5878
590.0000,-0.2712,-0.4448,1.0530,-27.4275,-185.3893,-54.2061
421.0000,-0.2476,-0.4653,1.0625,-30.3817,-191.2748,-56.1145
532.0000,-0.2178,-0.4580,1.0632,-31.6031,-195.6488,-57.9389
524.0000,-0.1985,-0.4504,1.0403,-30.0916,-198.3969,-58.6641
514.0000,-0.1865,-0.4866,1.0298,-24.6718,-201.2595,-59.6031
506.0000,-0.1714,-0.5137,1.0134,-17.3740,-204.4046,-60.5573
493.0000,-0.1482,-0.5144,0.9749,-10.3817,-207.1374,-60.9237
490.0000,-0.1379,-0.4858,0.9465,-5.2901,-209.8626,-61.1908
506.0000,-0.1128,-0.4492,0.9187,-4.8779,-212.3130,-61.5954
497.0000,-0.1028,-0.4309,0.9036,-6.0916,-216.7023,-62.1145
579.0000,-0.0796,-0.4058,0.8589,-9.4198,-220.5038,-62.1450
500.0000,-0.0437,-0.3845,0.8586,-15.2824,-222.3511,-62.9847
500.0000,-0.0198,-0.3970,0.8713,-21.4885,-222.3740,-65.1221
473.0000,0.0105,-0.3877,0.8367,-22.7710,-223.8092,-66.3435
510.0000,0.0381,-0.3826,0.8123,-23.1450,-227.3206,-66.3893
527.0000,0.0508,-0.3911,0.8396,-26.4885,-230.5343,-67.6412
490.0000,0.0564,-0.4346,0.8503,-30.3817,-230.7405,-70.1069
486.0000,0.0842,-0.4207,0.7942,-29.4962,-230.2290,-70.7023
553.0000,0.0940,-0.4351,0.7861,-28.8321,-229.5343,-70.3053
488.0000,0.0969,-0.4624,0.7881,-31.5114,-230.7863,-72.1374
484.0000,0.1250,-0.4753,0.8137,-30.2443,-230.2748,-73.7786
521.0000,0.1396,-0.4736,0.7786,-30.9466,-228.2061,-75.6870
461.0000,0.1370,-0.4326,0.7195,-29.4275,-227.6336,-76.0611
554.0000,0.1599,-0.3831,0.6311,-27.4122,-230.6107,-75.3817
491.0000,0.2136,-0.3420,0.5664,-30.2824,-233.5038,-75.5344
491.0000,0.2588,-0.3103,0.5168,-33.9313,-235.2977,-76.7786
591.0000,0.3010,-0.3145,0.5208,-35.9237,-233.8779,-78.3893
492.0000,0.3000,-0.3726,0.5491,-40.1374,-234.1679,-81.7099
515.0000,0.3396,-0.3416,0.4910,-36.1527,-232.9466,-81.4580
497.0000,0.3582,-0.3394,0.4492,-29.5573,-232.5649,-79.6336
506.0000,0.3796,-0.3269,0.4158,-23.1221,-232.9924,-78.6565
508.0000,0.4138,-0.3372,0.3936,-17.0305,-232.4198,-78.2443
476.0000,0.4551,-0.3110,0.3074,-11.5038,-226.9160,-76.9466
502.0000,0.4607,-0.2661,0.2864,-4.5420,-227.9771,-73.2214
520.0000,0.4495,-0.3447,0.3513,-10.0076,-225.0458,-73.8473
499.0000,0.4902,-0.3054,0.2874,-7.7786,-219.9389,-72.5267
478.0000,0.4983,-0.2791,0.2410,-1.8855,-216.8321,-69.5038
496.0000,0.4893,-0.2227,0.1936,-5.2061,-218.0305,-67.2137
513.0000,0.5420,-0.1860,0.1123,-8.4122,-216.5496,-65.8168
475.0000,0.5667,-0.2048,0.0820,-13.5802,-214.4962,-65.8702
555.0000,0.5859,-0.2231,0.0515,-20.6183,-212.3817,-66.0458
470.0000,0.6211,-0.2441,0.0498,-26.6183,-208.0916,-66.7710
493.0000,0.6423,-0.2400,0.0376,-29.5114,-204.2366,-67.5191
487.0000,0.6794,-0.2161,0.0181,-25.0916,-201.9695,-66.4046
496.0000,0.6826,-0.2607,-0.0376,-20.5038,-198.7939,-64.9771
472.0000,0.7075,-0.2463,-0.0667,-15.1679,-192.4427,-62.8244
421.0000,0.7163,-0.2512,-0.0815,-11.0840,-186.6717,-62.0534
463.0000,0.7346,-0.2256,-0.0996,-7.0611,-179.5572,-60.5115
551.0000,0.7554,-0.2029,-0.1130,-6.9389,-174.0382,-59.7710
495.0000,0.7842,-0.1631,-0.1641,-3.2519,-167.7405,-57.9160
482.0000,0.7949,-0.1777,-0.2166,1.3130,-159.0305,-56.3130
515.0000,0.8162,-0.1765,-0.2351,6.1756,-151.1069,-54.0305
498.0000,0.8425,-0.1475,-0.2722,13.0611,-144.0076,-51.1527
499.0000,0.8645,-0.1387,-0.3132,20.0382,-137.4656,-47.6870
517.0000,0.8687,-0.1421,-0.3479,26.8168,-129.5114,-44.4580
473.0000,0.8945,-0.1204,-0.3757,31.0992,-120.3664,-41.3130
546.0000,0.9109,-0.0911,-0.4246,31.4809,-109.7405,-38.4504
477.0000,0.9385,-0.0859,-0.4363,27.7863,-97.4198,-35.5038
455.0000,0.9409,-0.0798,-0.4727,22.6718,-86.8397,-32.9313
496.0000,0.9595,-0.0579,-0.5107,17.1603,-76.6336,-28.9924
508.0000,0.9680,-0.0605,-0.5369,11.1832,-66.2519,-25.0611
487.0000,0.9856,-0.0706,-0.5413,6.8855,-54.9237,-21.0153
492.0000,0.9963,-0.0869,-0.5308,4.4122,-44.3740,-17.4885
513.0000,1.0037,-0.0681,-0.5342,2.6412,-33.4733,-14.1908
551.0000,1.0117,-0.0540,-0.5559,1.4427,-22.4580,-10.7863
489.0000,1.0203,-0.0461,-0.5513,-1.4962,-9.3893,-7.3511
495.0000,1.0352,-0.0283,-0.5308,-4.5115,4.7634,-3.4198
465.0000,1.0383,-0.0415,-0.5286,-8.5878,19.5267,0.1374
521.0000,1.0413,-0.0464,-0.5017,-11.1221,33.7099,3.3969
502.0000,1.0457,-0.0742,-0.4692,-11.5496,48.2824,6.3740
493.0000,1.0396,-0.1008,-0.4163,-12.6947,63.4656,8.7176
497.0000,1.0303,-0.1069,-0.3892,-13.1679,77.7786,12.0305
525.0000,1.0220,-0.1250,-0.3740,-13.5954,90.7634,15.8015
485.0000,1.0110,-0.1221,-0.3582,-17.4733,102.8015,18.9008
514.0000,1.0068,-0.1270,-0.3337,-23.1832,114.4504,21.0687
520.0000,0.9968,-0.1277,-0.3242,-28.4351,125.4809,22.7328
475.0000,0.9739,-0.1130,-0.3320,-31.2672,133.2290,24.5267
522.0000,0.9517,-0.1096,-0.3176,-33.3206,138.4046,26.9542
489.0000,0.9456,-0.0957,-0.3337,-33.3282,142.5267,29.1985
516.0000,0.9370,-0.0906,-0.2954,-33.7252,147.4580,30.6183
496.0000,0.9219,-0.0874,-0.2778,-35.8931,153.3053,31.5267
504.0000,0.9124,-0.0925,-0.2622,-36.0076,158.1527,32.8855
477.0000,0.8977,-0.1240,-0.2151,-35.6031,162.9695,34.6947
499.0000,0.8787,-0.1401,-0.1516,-34.6412,168.6260,35.7023
503.0000,0.8677,-0.1538,-0.1162,-31.0992,173.8473,37.8931
515.0000,0.8523,-0.1641,-0.0938,-26.2824,178.4733,40.9237
505.0000,0.8313,-0.1863,-0.0554,-22.0382,183.8779,44.1908
487.0000,0.7959,-0.2158,-0.0205,-20.6031,190.3206,46.7328
545.0000,0.7832,-0.2097,0.0183,-19.8702,197.4580,49.0382
497.0000,0.7666,-0.1892,-0.0042,-18.4580,203.8015,51.5115
512.0000,0.7454,-0.1599,-0.0186,-16.7023,208.1756,54.4962
493.0000,0.7170,-0.1370,-0.0432,-16.3817,210.0153,56.2824
513.0000,0.6846,-0.1348,-0.0398,-15.4809,210.0305,57.7863
513.0000,0.6472,-0.1802,0.0408,-17.6565,212.1221,58.2748
465.0000,0.5935,-0.2207,0.1321,-20.1832,215.0458,58.7634
582.0000,0.5681,-0.2205,0.1633,-15.1679,216.5878,61.1985
507.0000,0.5476,-0.2231,0.1782,-8.1069,217.2672,64.5725
495.0000,0.5273,-0.2371,0.2380,-3.8779,219.0458,66.6641
506.0000,0.5149,-0.2371,0.2559,-0.0076,221.2977,67.0458
505.0000,0.4983,-0.2229,0.2510,5.2443,223.0916,68.4580
494.0000,0.4688,-0.2285,0.2512,5.0611,225.4427,70.9771
494.0000,0.4248,-0.2466,0.2607,3.9389,227.0687,72.7099
539.0000,0.3862,-0.2349,0.2720,2.0076,226.3435,74.0229
487.0000,0.3701,-0.2217,0.3013,-1.7099,225.7023,75.5573
501.0000,0.3384,-0.2642,0.3862,-7.1756,225.3817,76.6107
509.0000,0.2869,-0.2817,0.4951,-11.3130,224.8168,76.6031
488.0000,0.2781,-0.2732,0.5811,-12.1069,227.9695,77.7710
494.0000,0.2429,-0.3076,0.6719,-14.0687,232.6641,78.5191
523.0000,0.2109,-0.3281,0.7058,-14.2519,237.3511,78.6947
520.0000,0.1826,-0.3567,0.6863,-11.1679,240.9466,79.4046
492.0000,0.1528,-0.3887,0.6965,-13.4275,244.2748,81.3588
507.0000,0.1116,-0.4219,0.7031,-12.9542,245.6717,82.3130
493.0000,0.0818,-0.4387,0.6653,-4.8321,241.8702,83.0229
494.0000,0.0637,-0.4468,0.6626,4.7939,235.6183,83.2290
504.0000,0.0251,-0.4448,0.6946,10.5954,228.6641,81.2672
525.0000,0.0068,-0.4377,0.7002,17.3435,221.2443,79.4809
487.0000,-0.0122,-0.4619,0.7769,23.8092,217.4962,78.7939
510.0000,-0.0359,-0.4714,0.8979,25.7863,217.8550,78.7252
491.0000,-0.0398,-0.4473,0.9634,29.7557,220.4427,79.2214
505.0000,-0.0562,-0.4219,0.9519,35.6107,223.0000,80.8397
505.0000,-0.0796,-0.4082,0.9978,38.4046,224.7252,81.4351
502.0000,-0.1094,-0.3999,0.9709,38.1298,223.0153,81.1145
516.0000,-0.1284,-0.3726,0.9373,37.5420,217.7099,80.4809
513.0000,-0.1292,-0.3406,0.9011,28.9847,211.6260,78.3435
494.0000,-0.1423,-0.3560,0.9412,14.5420,206.6412,74.9847
506.0000,-0.1497,-0.3962,0.9846,2.4504,202.5496,71.6947
511.0000,-0.1555,-0.4258,1.0022,-3.1374,199.3435,71.6183
489.0000,-0.1780,-0.4712,1.0452,-5.3588,198.2519,73.6641
518.0000,-0.2029,-0.5054,1.1121,-6.3053,197.1756,76.0382
505.0000,-0.2007,-0.4966,1.1526,-2.0458,196.0305,78.1221
496.0000,-0.2083,-0.4670,1.1289,6.7023,194.4886,80.4122
496.0000,-0.2080,-0.4512,1.0745,15.0992,191.5572,81.6718
512.0000,-0.1970,-0.4351,1.0457,18.0382,189.6565,80.8092
495.0000,-0.2024,-0.4382,0.9797,16.2366,186.9313,79.1679
496.0000,-0.2351,-0.4417,0.9312,14.7252,181.0382,77.0992
505.0000,-0.2910,-0.4753,0.9475,3.7099,170.1985,73.3130
499.0000,-0.3228,-0.4790,0.9719,-8.8931,159.8550,69.4886
498.0000,-0.3457,-0.5037,1.0264,-20.0916,153.5496,66.5038
496.0000,-0.3989,-0.5222,1.1370,-30.3969,150.2443,63.6794
501.0000,-0.4460,-0.5571,1.1968,-37.0534,146.4962,60.0916
507.0000,-0.4958,-0.6008,1.2537,-35.3588,140.9695,57.2595
515.0000,-0.5227,-0.6262,1.2527,-27.7634,134.9466,54.3511
487.0000,-0.5430,-0.6504,1.2627,-18.8015,128.1527,50.5115
498.0000,-0.5386,-0.6667,1.2432,-5.7099,122.4733,46.3282
509.0000,-0.5374,-0.7141,1.1887,10.2824,113.9313,42.2748
501.0000,-0.4915,-0.7192,1.2075,27.8779,102.8931,35.5954
494.0000,-0.4727,-0.6780,1.2249,44.2977,92.1221,29.0229
512.0000,-0.4587,-0.6768,1.2769,51.2366,85.7634,26.4733
498.0000,-0.4548,-0.6978,1.2788,49.8168,81.7405,25.1527
502.0000,-0.4224,-0.6785,1.2637,46.8397,75.8092,23.0153
501.0000,-0.3970,-0.6511,1.2939,43.4122,68.2443,20.3893
499.0000,-0.3816,-0.6504,1.3416,41.3206,62.5038,16.5878
497.0000,-0.3940,-0.6460,1.3293,42.2824,56.9542,12.9542
507.0000,-0.3999,-0.6228,1.2700,45.9313,51.9466,10.6412
464.0000,-0.4011,-0.5703,1.2051,47.3817,44.8168,9.0153
552.0000,-0.3704,-0.5010,1.1348,44.9924,38.0687,8.3893
552.0000,-0.3550,-0.4500,1.0674,39.0534,33.0611,7.0305
484.0000,-0.3481,-0.4219,1.0403,30.3282,29.5344,6.4351
486.0000,-0.3682,-0.4187,1.0310,22.5802,24.6794,4.7099
405.0000,-0.3838,-0.4116,1.0015,15.6107,20.0763,3.0229
575.0000,-0.4036,-0.3955,0.9309,13.7252,15.8015,2.6412
496.0000,-0.3999,-0.3777,0.8762,12.4351,9.9924,2.4122
455.0000,-0.4097,-0.3318,0.8479,7.6260,3.9771,2.0382
536.0000,-0.4114,-0.3000,0.8025,0.4580,-0.6183,0.8321
552.0000,-0.4148,-0.2900,0.7808,-8.0000,-3.0916,-0.8092
398.0000,-0.4351,-0.3193,0.7888,-15.0840,-5.1985,-1.7328
550.0000,-0.4500,-0.3564,0.8147,-19.5267,-9.0534,-2.6641
516.0000,-0.4587,-0.3828,0.8220,-19.6183,-13.3740,-3.6412
551.0000,-0.4526,-0.3877,0.8237,-13.7023,-18.8702,-5.6641
494.0000,-0.4514,-0.3960,0.8640,-5.7405,-24.5649,-7.4656
489.0000,-0.4829,-0.3843,0.8713,-2.2061,-29.3588,-6.9466
439.0000,-0.4949,-0.3726,0.8672,-1.2901,-33.0687,-5.3053
570.0000,-0.5022,-0.3687,0.8850,-2.6718,-36.1527,-5.2672
440.0000,-0.4949,-0.3552,0.9009,-2.8321,-39.2977,-5.6336
528.0000,-0.4951,-0.3630,0.9216,-4.0076,-44.3817,-6.2519
383.0000,-0.5071,-0.3762,0.9500,-3.6794,-50.7710,-7.0229
584.0000,-0.5281,-0.3760,0.9819,-3.2901,-57.8244,-9.1832
437.0000,-0.5212,-0.3799,1.0061,-5.2137,-65.2443,-11.5573
510.0000,-0.5298,-0.3745,1.0415,-8.7786,-72.9618,-13.7557
460.0000,-0.5334,-0.3535,1.0840,-14.7099,-79.9160,-15.9008
535.0000,-0.5247,-0.3528,1.1270,-20.2061,-86.0916,-18.3130
483.0000,-0.5308,-0.3882,1.1631,-24.9008,-92.3970,-21.4122
501.0000,-0.5300,-0.4048,1.1882,-27.5038,-99.8321,-24.4885
529.0000,-0.5205,-0.4170,1.2053,-28.6641,-107.8015,-27.4275
446.0000,-0.5132,-0.4124,1.2100,-30.9695,-114.9847,-29.6260
550.0000,-0.5066,-0.4272,1.2095,-32.8855,-122.1985,-31.8015
402.0000,-0.5056,-0.4409,1.2187,-34.7634,-129.5725,-34.2901
589.0000,-0.4956,-0.4453,1.1899,-34.7786,-136.5114,-36.9084
440.0000,-0.4946,-0.4641,1.1953,-36.0992,-144.0076,-39.4198
520.0000,-0.4893,-0.4634,1.1985,-38.5802,-153.3053,-42.0382
463.0000,-0.4741,-0.4666,1.2134,-40.6260,-162.8244,-44.3130
541.0000,-0.4614,-0.4641,1.2048,-44.4656,-172.5267,-47.5725
583.0000,-0.4258,-0.4631,1.2073,-48.2672,-180.2748,-50.6260
415.0000,-0.3965,-0.4812,1.2417,-53.1298,-186.9389,-53.0840
528.0000,-0.3838,-0.4873,1.2224,-57.6718,-193.3206,-56.4351
365.0000,-0.3438,-0.4963,1.1755,-57.1069,-198.7099,-58.6489
607.0000,-0.3015,-0.5042,1.0776,-55.0687,-204.3511,-60.7939
463.0000,-0.2632,-0.5029,1.0430,-54.4733,-211.0000,-63.5191
146.0000,-0.2319,-0.5181,1.0120,-54.4427,-216.8473,-66.8397
790.0000,-0.1726,-0.5291,0.9849,-52.5115,-222.2824,-68.9237
336.0000,-0.1526,-0.5891,1.0559,-49.5420,-224.7481,-70.6641
446.0000,-0.1614,-0.6050,1.1069,-47.4046,-226.6717,-72.8779
489.0000,-0.1272,-0.5698,1.0071,-37.3206,-228.9160,-71.9847
451.0000,-0.0637,-0.5085,0.8877,-26.0076,-234.7710,-71.3053
590.0000,-0.0305,-0.4836,0.7927,-21.0000,-237.7176,-71.7252
454.0000,0.0361,-0.5286,0.7944,-18.9542,-235.9847,-75.0687
492.0000,0.0410,-0.5068,0.7515,-18.9695,-236.9924,-78.2748
574.0000,0.0774,-0.4968,0.7625,-22.0458,-234.0840,-78.4962
336.0000,0.0527,-0.5110,0.8196,-28.3969,-231.6641,-79.7634
636.0000,0.0608,-0.4661,0.7761,-26.5649,-229.6717,-79.0840
565.0000,0.0593,-0.4846,0.7480,-21.5649,-229.4351,-79.4733
435.0000,0.0447,-0.4739,0.7310,-19.8626,-233.5725,-81.8168
451.0000,0.0833,-0.4324,0.6541,-17.8626,-235.3282,-83.1298
529.0000,0.1187,-0.4067,0.5752,-18.1985,-240.4962,-83.6947
451.0000,0.1604,-0.3762,0.5693,-27.6565,-243.6717,-84.8244
447.0000,0.2034,-0.3628,0.5503,-36.2824,-244.9466,-86.7710
575.0000,0.2295,-0.3665,0.5903,-45.7710,-243.6717,-87.9008
451.0000,0.2437,-0.3884,0.6233,-55.3740,-239.8702,-89.0763
473.0000,0.2292,-0.4077,0.5889,-59.0916,-236.3130,-89.9924
602.0000,0.2473,-0.3831,0.5525,-54.7710,-235.0840,-88.2901
525.0000,0.2383,-0.4614,0.6299,-54.0840,-231.0611,-87.7481
439.0000,0.2263,-0.4624,0.6479,-52.1679,-228.0916,-89.4428
559.0000,0.2822,-0.3992,0.5012,-37.1832,-224.4809,-87.8015
507.0000,0.2771,-0.3960,0.4431,-30.5038,-226.0687,-86.9160
449.0000,0.2805,-0.3994,0.4314,-30.5496,-228.2824,-89.1450
566.0000,0.3501,-0.3447,0.3525,-23.6489,-229.3817,-90.3588
435.0000,0.3894,-0.3445,0.3262,-26.9771,-228.6641,-92.5878
544.0000,0.4089,-0.2795,0.2915,-33.2443,-229.5114,-93.9084
491.0000,0.4517,-0.2632,0.2815,-35.6870,-229.6031,-94.5802
440.0000,0.4463,-0.3408,0.3630,-48.8015,-229.1145,-99.0305
520.0000,0.4946,-0.3020,0.3228,-51.0840,-223.0687,-100.0153
509.0000,0.5466,-0.3289,0.1951,-44.6107,-216.6412,-100.3588
511.0000,0.5056,-0.3181,0.1902,-37.3053,-217.9847,-97.6947
459.0000,0.5400,-0.3506,0.1995,-34.2977,-217.9924,-97.6183
486.0000,0.6060,-0.3196,0.1311,-25.6947,-212.1679,-97.6260
474.0000,0.6494,-0.2637,0.0347,-17.1298,-205.2595,-95.7634
529.0000,0.6538,-0.2097,-0.0481,-17.3511,-201.4809,-93.7863
506.0000,0.6926,-0.1638,-0.1113,-17.6260,-197.5572,-91.6031
501.0000,0.7236,-0.1450,-0.1577,-20.3740,-193.8015,-90.5496
537.0000,0.7598,-0.1072,-0.2039,-26.1069,-188.0153,-88.8702
482.0000,0.7927,-0.0842,-0.2405,-31.7176,-182.2977,-86.9695
459.0000,0.8379,-0.0769,-0.3105,-34.9313,-173.5572,-84.1450
460.0000,0.8562,-0.0930,-0.3618,-30.6947,-166.0000,-79.7328
476.0000,0.8982,-0.0796,-0.4028,-21.1450,-158.7863,-74.0076
464.0000,0.9180,-0.0642,-0.4639,-7.6641,-151.7328,-67.7481
486.0000,0.9299,-0.0520,-0.5371,6.8397,-142.9008,-60.9847
512.0000,0.9319,-0.0332,-0.6011,19.5725,-133.6717,-53.7939
438.0000,0.9365,-0.0068,-0.6448,29.7176,-122.5649,-46.6336
434.0000,0.9524,0.0337,-0.6777,35.6947,-109.5496,-40.3435
467.0000,0.9836,0.0569,-0.6863,38.5954,-93.7863,-33.6336
467.0000,0.9963,0.0627,-0.6899,36.7710,-74.2748,-26.3206
488.0000,1.0159,0.0713,-0.6743,32.9771,-53.8550,-19.2748
490.0000,1.0176,0.0806,-0.6843,28.7099,-34.1069,-12.6412
469.0000,1.0322,0.0845,-0.6672,24.9924,-14.8550,-6.5191
513.0000,1.0322,0.0759,-0.6619,19.7863,2.9695,-0.7023
515.0000,1.0232,0.0669,-0.6255,13.0992,20.5649,4.5573
467.0000,1.0186,0.0542,-0.5911,4.6565,38.3282,9.6183
542.0000,1.0120,0.0457,-0.5618,-3.5649,54.2366,15.1069
484.0000,1.0046,0.0293,-0.5205,-9.1679,68.9389,21.0229
525.0000,0.9800,-0.0073,-0.4478,-11.6565,82.0611,25.6947
466.0000,0.9648,-0.0386,-0.3750,-12.0153,94.1832,29.7710
494.0000,0.9587,-0.0591,-0.3235,-11.2672,105.3206,34.0916
500.0000,0.9507,-0.0862,-0.2861,-9.8092,115.5344,38.5038
474.0000,0.9331,-0.1108,-0.2405,-9.9237,126.3817,42.3588
487.0000,0.9282,-0.1331,-0.1980,-12.7634,137.2366,45.6565
482.0000,0.9199,-0.1252,-0.1865,-17.3893,148.5954,48.9695
475.0000,0.8999,-0.1240,-0.2009,-18.7176,156.1832,51.9771
494.0000,0.8665,-0.1365,-0.2026,-18.8397,159.4809,54.5420
484.0000,0.8535,-0.1375,-0.1770,-19.5344,159.5267,56.3130
490.0000,0.8523,-0.1309,-0.1721,-15.6260,159.5954,57.6260
509.0000,0.8462,-0.1467,-0.1562,-9.9008,160.9237,60.0611
471.0000,0.8154,-0.1497,-0.1416,-7.5649,159.5496,61.9618
526.0000,0.7974,-0.1494,-0.1135,-5.3588,161.5954,63.3435
489.0000,0.7871,-0.1553,-0.0935,-5.2748,165.9618,64.3588
490.0000,0.7710,-0.1799,-0.0322,-4.6641,171.3588,65.1527
480.0000,0.7620,-0.1870,0.0085,-3.7557,176.3206,66.3206
492.0000,0.7476,-0.1953,0.0459,0.3893,181.9389,68.5725
511.0000,0.7332,-0.2131,0.0693,5.2977,187.0992,71.0916
470.0000,0.7358,-0.2280,0.0952,7.7176,196.7710,73.6641
484.0000,0.7102,-0.2200,0.1101,7.5573,206.0458,75.9847
510.0000,0.6831,-0.2380,0.1118,10.0458,213.3740,78.0992
474.0000,0.6501,-0.2688,0.1128,12.3282,221.4886,79.9008
507.0000,0.6106,-0.2534,0.1067,16.7863,222.6107,82.0153
508.0000,0.5894,-0.2329,0.1179,24.9160,222.3664,83.9313
477.0000,0.5469,-0.2612,0.1487,29.6336,220.1832,84.5420
495.0000,0.4980,-0.2866,0.2205,28.9542,218.0840,83.3893
499.0000,0.4753,-0.2917,0.2590,30.8168,217.0153,82.2824
480.0000,0.4685,-0.2998,0.3313,23.4885,223.3435,82.5649
490.0000,0.4399,-0.3149,0.3945,14.2595,231.3282,82.2290
509.0000,0.3994,-0.3315,0.4163,10.2748,234.8321,81.6260
488.0000,0.3701,-0.3647,0.4341,8.7099,234.2977,82.1145
521.0000,0.3474,-0.4028,0.5127,8.0687,234.5649,82.5954
485.0000,0.3062,-0.4424,0.5894,9.6641,235.4809,82.2366
489.0000,0.2576,-0.4424,0.6760,14.9695,233.6107,82.4504
508.0000,0.2305,-0.4187,0.6680,19.8397,227.1832,82.5725
490.0000,0.2300,-0.3772,0.6379,20.5954,223.9542,82.5115
497.0000,0.2344,-0.3892,0.6404,18.8626,226.3282,82.2290
498.0000,0.1685,-0.4958,0.7800,13.9237,227.4580,79.5344
484.0000,0.1294,-0.5220,0.8347,10.9924,227.3435,76.3206
489.0000,0.1038,-0.4824,0.7996,18.4198,223.5114,75.0305
514.0000,0.0730,-0.4524,0.7771,23.2214,216.6794,74.7481
490.0000,0.0693,-0.4434,0.7947,22.5878,210.6260,72.9847
492.0000,0.0547,-0.4568,0.8069,23.3435,207.1298,70.7863
507.0000,0.0574,-0.4475,0.7729,25.9618,205.5802,69.6718
489.0000,0.0427,-0.4578,0.8320,25.9695,205.1908,70.1069
485.0000,-0.0007,-0.4678,0.9375,23.6183,204.8473,69.0992
513.0000,-0.0054,-0.4717,0.9526,26.1832,204.3130,69.6870
494.0000,-0.0125,-0.4417,0.8853,33.5496,203.6565,72.8779
479.0000,-0.0098,-0.3884,0.8728,37.9695,202.8550,75.2366
516.0000,-0.0132,-0.3679,0.8606,37.4275,199.9008,75.1069
487.0000,-0.0344,-0.3596,0.8889,33.1603,196.2443,73.6565
451.0000,-0.0713,-0.4053,0.9717,22.9466,196.8626,70.6183
559.0000,-0.1072,-0.4219,0.9663,17.2443,197.6641,69.3817
489.0000,-0.1426,-0.4260,0.9402,18.1374,194.7176,71.0687
487.0000,-0.1992,-0.4395,0.9954,17.1221,188.3740,72.0076
501.0000,-0.2187,-0.4814,1.0598,17.7634,182.1069,71.0076
490.0000,-0.2432,-0.5049,1.1055,23.6794,177.4656,69.2290
501.0000,-0.2813,-0.5254,1.1736,30.1756,174.9160,68.2977
507.0000,-0.3032,-0.5273,1.2207,33.3053,173.5878,68.1069
500.0000,-0.3040,-0.5068,1.1760,35.9084,172.5802,68.6412
492.0000,-0.3176,-0.4802,1.0898,37.9389,169.3359,68.3511
480.0000,-0.3352,-0.4341,1.0508,33.2672,161.9771,65.3664
495.0000,-0.3538,-0.4160,1.0327,18.2901,153.7176,60.0992
510.0000,-0.3411,-0.3892,0.9719,4.3053,146.0458,55.3435
494.0000,-0.3469,-0.3762,0.9487,-8.5038,138.9008,51.1298
514.0000,-0.3662,-0.3777,0.9600,-25.4198,130.8626,46.9466
513.0000,-0.3855,-0.4021,1.0159,-40.2672,122.5115,43.3664
496.0000,-0.4368,-0.4736,1.1230,-47.9771,114.4198,39.0611
472.0000,-0.4795,-0.5481,1.1802,-48.8168,108.1069,36.1298
513.0000,-0.4851,-0.6255,1.1899,-36.0687,103.2824,35.5954