raw_emg,raw_ax,raw_ay,raw_az,raw_gx,raw_gy,raw_gz
244.0000,-0.1802,-0.2178,0.8540,-3.5954,0.3588,-0.0840
222.0000,-0.1790,-0.2217,0.8442,-3.4580,0.1908,-0.2824
226.0000,-0.1785,-0.2161,0.8354,-3.1832,0.2977,-0.3511
212.0000,-0.1807,-0.2222,0.8494,-3.4351,0.1603,-0.2214
205.0000,-0.1816,-0.2214,0.8345,-3.5420,0.1450,-0.2061
210.0000,-0.1853,-0.2229,0.8396,-3.4351,0.3740,-0.4275
209.0000,-0.1833,-0.2290,0.8442,-2.9618,0.5267,-0.4580
204.0000,-0.1790,-0.2288,0.8345,-2.4198,0.3740,-0.5344
189.0000,-0.1772,-0.2214,0.8403,-2.2595,0.2901,-0.5115
203.0000,-0.1833,-0.2224,0.8491,-2.0153,0.2595,-0.6718
214.0000,-0.1851,-0.2222,0.8489,-2.0992,0.0763,-0.8855
213.0000,-0.1743,-0.2307,0.8535,-2.5954,0.4275,-0.6107
206.0000,-0.1799,-0.2227,0.8503,-2.6718,0.4809,-1.0687
207.0000,-0.1785,-0.2246,0.8557,-2.1603,0.7481,-0.6947
210.0000,-0.1802,-0.2180,0.8521,-1.9160,0.6565,-0.8015
217.0000,-0.1782,-0.2161,0.8496,-1.8015,0.5344,-0.5878
222.0000,-0.1763,-0.2158,0.8381,-1.8244,0.3130,-0.7863
206.0000,-0.1775,-0.2197,0.8552,-2.3740,0.3359,-0.3664
211.0000,-0.1765,-0.2129,0.8501,-2.8855,0.1679,-0.3511
222.0000,-0.1760,-0.2156,0.8518,-3.5954,0.3282,-0.2672
233.0000,-0.1809,-0.2166,0.8599,-4.1450,0.2824,-0.0382
216.0000,-0.1711,-0.2100,0.8572,-4.4046,0.2366,0.1450
223.0000,-0.1726,-0.2131,0.8569,-4.2824,0.1298,0.2595
212.0000,-0.1846,-0.2197,0.8552,-4.4198,0.2443,0.2977
227.0000,-0.1794,-0.2275,0.8484,-4.1832,0.2214,0.1603
236.0000,-0.1785,-0.2288,0.8523,-3.9237,0.0611,0.1679
225.0000,-0.1819,-0.2358,0.8430,-3.8473,0.0076,0.1908
229.0000,-0.1741,-0.2322,0.8435,-3.3130,0.2519,0.3053
238.0000,-0.1772,-0.2322,0.8433,-3.0000,0.1679,-0.0153
227.0000,-0.1743,-0.2241,0.8376,-3.2748,0.3053,-0.1374
236.0000,-0.1733,-0.2229,0.8372,-3.6947,0.3359,-0.3130
237.0000,-0.1765,-0.2214,0.8416,-3.7786,0.5420,-0.6870
244.0000,-0.1743,-0.2239,0.8423,-4.0916,0.7176,-0.5267
239.0000,-0.1821,-0.2297,0.8430,-3.8321,0.6794,-0.4504
235.0000,-0.1738,-0.2271,0.8462,-3.6183,0.4580,-0.6412
245.0000,-0.1814,-0.2207,0.8496,-3.3740,0.3053,-0.3817
239.0000,-0.1772,-0.2227,0.8489,-3.4198,0.3282,-0.4504
250.0000,-0.1763,-0.2263,0.8496,-3.5191,0.1527,-0.3206
244.0000,-0.1787,-0.2249,0.8516,-3.6031,0.5725,-0.1298
258.0000,-0.1755,-0.2302,0.8433,-3.6947,0.7863,-0.1374
255.0000,-0.1833,-0.2163,0.8538,-3.6031,0.1527,0.0916
252.0000,-0.1804,-0.2192,0.8467,-3.6336,0.1603,0.0840
252.0000,-0.1792,-0.2178,0.8469,-3.6412,-0.0076,-0.1221
257.0000,-0.1821,-0.2212,0.8420,-3.7710,0.1603,-0.3740
263.0000,-0.1768,-0.2224,0.8464,-3.8702,-0.0153,-0.3664
268.0000,-0.1755,-0.2280,0.8401,-4.2748,0.1221,-0.4275
260.0000,-0.1760,-0.2197,0.8474,-4.8626,0.2290,-0.3740
261.0000,-0.1785,-0.2234,0.8477,-4.8855,0.1832,-0.4122
262.0000,-0.1816,-0.2234,0.8545,-4.7634,-0.1527,-0.3740
271.0000,-0.1824,-0.2236,0.8420,-4.7557,0.0992,-0.3664
264.0000,-0.1807,-0.2217,0.8430,-4.8779,0.0763,-0.3817
270.0000,-0.1819,-0.2234,0.8430,-5.4122,0.0763,-0.0916
264.0000,-0.1780,-0.2195,0.8379,-5.3130,-0.2214,0.2366
266.0000,-0.1694,-0.2170,0.8464,-5.1679,-0.2290,0.1145
269.0000,-0.1750,-0.2151,0.8477,-5.1756,-0.3206,0.1145
279.0000,-0.1782,-0.2166,0.8572,-5.2137,-0.0611,-0.0534
273.0000,-0.1755,-0.2244,0.8574,-5.1985,0.2748,-0.1298
265.0000,-0.1755,-0.2236,0.8516,-4.8931,0.2366,-0.0763
283.0000,-0.1814,-0.2324,0.8508,-4.7939,0.5191,-0.2214
286.0000,-0.1677,-0.2346,0.8564,-4.6870,0.5649,-0.4962
291.0000,-0.1687,-0.2290,0.8518,-4.7863,0.5191,-0.5115
284.0000,-0.1724,-0.2275,0.8484,-4.8015,0.7710,-0.3206
272.0000,-0.1711,-0.2288,0.8425,-4.9924,0.9771,-0.7252
300.0000,-0.1733,-0.2234,0.8420,-4.8092,1.3435,-0.5802
277.0000,-0.1770,-0.2271,0.8462,-4.5344,1.1908,-0.4351
287.0000,-0.1802,-0.2268,0.8508,-4.0534,0.9008,-0.6260
288.0000,-0.1760,-0.2236,0.8489,-3.8473,0.9466,-0.5420
287.0000,-0.1741,-0.2292,0.8486,-3.5878,1.1679,-0.3893
289.0000,-0.1758,-0.2346,0.8425,-3.4733,1.2290,-0.0992
281.0000,-0.1753,-0.2339,0.8486,-3.5267,1.0229,-0.2290
302.0000,-0.1760,-0.2278,0.8425,-4.0840,1.0916,-0.2214
293.0000,-0.1711,-0.2278,0.8403,-4.6412,1.1908,-0.1603
297.0000,-0.1785,-0.2324,0.8511,-4.9695,1.5802,-0.3435
294.0000,-0.1746,-0.2356,0.8350,-4.7405,1.7099,-0.3893
318.0000,-0.1838,-0.2358,0.8538,-4.3282,1.4122,0.1374
297.0000,-0.1792,-0.2275,0.8606,-3.8550,1.1985,-0.2901
289.0000,-0.1755,-0.2268,0.8464,-3.6260,1.5802,-0.8550
310.0000,-0.1780,-0.2415,0.8430,-3.2443,1.7557,-0.5420
294.0000,-0.1731,-0.2310,0.8437,-3.2519,1.5344,-0.3893
316.0000,-0.1729,-0.2256,0.8511,-3.4427,1.6107,-0.3969
287.0000,-0.1760,-0.2283,0.8579,-3.9771,1.9695,-0.3588
318.0000,-0.1770,-0.2361,0.8591,-4.6489,2.3282,-0.3664
305.0000,-0.1697,-0.2234,0.8628,-4.4656,2.5649,-0.1374
295.0000,-0.1672,-0.2253,0.8582,-4.4427,2.0840,0.3282
311.0000,-0.1689,-0.2136,0.8579,-5.5802,1.8550,0.5344
321.0000,-0.1611,-0.2061,0.8708,-7.7481,1.7557,0.6336
300.0000,-0.1692,-0.2185,0.8774,-11.9924,2.3740,1.1679
341.0000,-0.1738,-0.2346,0.8547,-16.0382,3.6031,2.3511
279.0000,-0.1675,-0.2158,0.8562,-15.9008,3.5267,3.1832
331.0000,-0.1636,-0.2004,0.8608,-15.4885,2.5725,3.6412
325.0000,-0.1624,-0.1995,0.8774,-16.4962,1.7863,3.1145
314.0000,-0.1597,-0.1936,0.9014,-16.5191,1.1069,3.1908
325.0000,-0.1492,-0.2231,0.9165,-16.4046,0.4504,4.2901
330.0000,-0.1372,-0.2314,0.9277,-16.6183,0.3206,6.0229
276.0000,-0.1252,-0.2349,0.9519,-16.3511,-0.1908,7.2290
338.0000,-0.1206,-0.2319,0.9680,-16.0916,-0.7786,8.0305
363.0000,-0.1206,-0.2612,0.9944,-15.4733,-2.0305,8.4427
269.0000,-0.1416,-0.2830,1.0110,-12.9542,-4.0840,8.5649
356.0000,-0.1470,-0.2947,1.0479,-7.9466,-6.4809,8.4656
325.0000,-0.1572,-0.3040,1.0693,-3.6183,-9.7023,7.9847
350.0000,-0.1694,-0.3220,1.0903,1.5038,-13.3282,7.4198
307.0000,-0.1697,-0.3320,1.1184,5.6412,-16.6107,6.2443
345.0000,-0.2039,-0.3411,1.1426,8.4656,-20.4351,5.0458
290.0000,-0.2021,-0.3521,1.1667,11.5496,-25.4885,3.4504
351.0000,-0.2239,-0.3442,1.2102,14.2977,-31.1374,1.4733
318.0000,-0.2371,-0.3489,1.2183,15.4427,-37.2061,-1.3740
306.0000,-0.2083,-0.3716,1.2285,16.8855,-44.4198,-5.4504
380.0000,-0.2053,-0.3557,1.2644,18.3130,-52.5191,-9.8092
307.0000,-0.2561,-0.3225,1.3127,13.0992,-61.0229,-11.0916
322.0000,-0.2822,-0.3469,1.3457,4.9008,-67.4046,-12.0687
462.0000,-0.3096,-0.3779,1.3394,3.3969,-74.5573,-15.6031
277.0000,-0.3162,-0.4067,1.3518,6.9008,-81.7252,-18.2443
343.0000,-0.3296,-0.4197,1.3457,11.9237,-89.3130,-19.7481
274.0000,-0.3340,-0.4202,1.3789,15.2672,-97.2901,-21.4351
458.0000,-0.3589,-0.4287,1.4121,18.0305,-106.9618,-24.0000
316.0000,-0.3862,-0.4231,1.4543,21.6641,-117.3511,-27.3206
348.0000,-0.4014,-0.4045,1.4653,22.1450,-127.3206,-30.0916
352.0000,-0.4172,-0.3904,1.4485,21.3588,-137.1603,-33.8015
304.0000,-0.4133,-0.3618,1.4243,18.9313,-148.0916,-36.8168
276.0000,-0.3914,-0.3135,1.4189,14.2977,-160.3740,-40.4275
406.0000,-0.3706,-0.3052,1.4136,7.8092,-171.0992,-44.9313
354.0000,-0.3508,-0.3245,1.4028,1.1450,-180.5572,-48.4198
305.0000,-0.3391,-0.3396,1.4021,-4.7939,-189.6183,-51.6183
461.0000,-0.3428,-0.3528,1.3816,-7.4885,-198.3053,-53.6107
396.0000,-0.3423,-0.3662,1.3745,-2.2595,-206.8779,-55.2977
316.0000,-0.3552,-0.3896,1.3738,5.6947,-215.6336,-56.3282
321.0000,-0.3628,-0.3665,1.3274,17.0229,-224.5496,-54.5802
462.0000,-0.3279,-0.2825,1.2976,26.6947,-231.4886,-51.9466
305.0000,-0.3245,-0.2119,1.2622,27.5954,-241.3053,-50.8779
296.0000,-0.2883,-0.1536,1.1973,28.9237,-249.2137,-50.1679
605.0000,-0.2629,-0.1372,1.1367,26.7023,-250.1374,-48.2137
287.0000,-0.2554,-0.1458,1.1467,16.1985,-250.1374,-46.7863
310.0000,-0.2410,-0.1689,1.0916,11.1069,-250.1374,-44.9847
379.0000,-0.2019,-0.1807,1.0291,4.5038,-250.1374,-43.1756
269.0000,-0.1895,-0.1997,1.0105,-2.5496,-250.1374,-43.5954
431.0000,-0.1606,-0.2336,0.9485,-3.4351,-250.1374,-44.5420
327.0000,-0.1472,-0.2686,0.9290,-1.9847,-250.1374,-46.7634
381.0000,-0.1433,-0.2673,0.9314,-0.8855,-250.1374,-51.1527
323.0000,-0.1348,-0.2908,0.8884,2.0076,-250.1374,-55.3664
347.0000,-0.1064,-0.2739,0.7776,5.9847,-250.1374,-58.1832
330.0000,-0.0398,-0.2478,0.6196,4.4962,-250.1374,-59.0382
306.0000,0.0022,-0.2153,0.5237,2.7634,-250.1374,-62.4351
436.0000,0.0793,-0.2202,0.4705,-1.9847,-250.1374,-66.4504
351.0000,0.0898,-0.2520,0.5054,-6.8397,-250.1374,-72.5649
322.0000,0.1362,-0.2244,0.5007,-13.7634,-250.1374,-74.7099
358.0000,0.1765,-0.1179,0.3831,-15.7252,-250.1374,-75.1832
343.0000,0.2185,-0.1013,0.3145,-19.8855,-250.1374,-78.4046
375.0000,0.2361,-0.1414,0.2661,-27.9389,-250.1374,-82.5191
361.0000,0.2747,-0.1404,0.1528,-22.9618,-250.1374,-85.2977
351.0000,0.3318,-0.1050,0.0591,-21.7557,-250.1374,-85.0992
361.0000,0.3845,-0.0530,-0.0518,-20.6031,-250.1374,-85.1603
366.0000,0.4282,-0.0879,-0.1128,-14.7176,-250.1374,-85.8702
373.0000,0.4663,-0.0845,-0.1765,-8.7023,-250.1374,-84.6794
365.0000,0.5215,-0.0300,-0.2187,1.0305,-250.1374,-81.8702
357.0000,0.5432,-0.0034,-0.2693,9.0076,-250.1374,-79.7481
355.0000,0.5747,0.0283,-0.3540,20.3664,-241.6565,-76.0763
357.0000,0.6260,0.0496,-0.4421,35.7099,-230.8092,-71.4046
354.0000,0.6721,0.0688,-0.4990,49.2901,-218.5572,-67.6260
365.0000,0.7275,0.0771,-0.5811,60.7557,-204.1527,-61.0611
349.0000,0.7874,0.1055,-0.6646,66.7786,-188.0687,-53.8626
392.0000,0.8320,0.1765,-0.7771,69.3359,-171.4198,-46.8550
377.0000,0.8926,0.2310,-0.8982,62.4809,-152.9389,-42.8473
406.0000,0.9231,0.2671,-0.9600,49.9084,-135.0763,-38.7099
371.0000,0.9756,0.3293,-1.0574,34.2061,-113.2519,-34.6718
356.0000,0.9949,0.3262,-1.0601,10.3435,-90.7557,-32.0076
372.0000,1.0129,0.3420,-1.0413,-17.7176,-67.2061,-27.1221
387.0000,1.0408,0.3179,-1.0010,-39.2595,-43.0687,-20.1298
399.0000,1.0625,0.3027,-0.9287,-53.4656,-18.2977,-16.3282
377.0000,1.0637,0.2803,-0.8398,-60.9160,3.7786,-11.5267
405.0000,1.0718,0.2559,-0.7561,-65.3053,25.9695,-6.0229
369.0000,1.0532,0.2473,-0.7043,-66.6107,47.9618,0.7405
468.0000,1.0112,0.2156,-0.6433,-65.6107,67.5420,7.2672
370.0000,0.9946,0.2373,-0.5686,-63.2748,86.3970,14.6260
376.0000,0.9719,0.2256,-0.5203,-59.8397,101.3130,21.0992
388.0000,0.9392,0.2251,-0.4485,-56.1985,113.7328,27.0687
378.0000,0.9138,0.2012,-0.3743,-57.6489,125.8397,33.0763
383.0000,0.8909,0.2297,-0.3149,-63.6947,139.6260,38.2672
379.0000,0.8582,0.2407,-0.2512,-65.5420,147.9084,42.2595
396.0000,0.8237,0.2397,-0.2048,-71.4046,152.4580,46.3053
384.0000,0.8203,0.2227,-0.1626,-76.9847,156.3893,49.6489
395.0000,0.8188,0.2073,-0.1069,-81.7863,160.9695,53.6031
378.0000,0.8015,0.1724,-0.0647,-88.4351,165.8779,58.6565
382.0000,0.7891,0.1633,-0.0093,-91.9008,169.5420,62.6260
369.0000,0.7617,0.1289,0.0483,-91.1908,172.6641,65.6947
401.0000,0.7290,0.0737,0.0757,-87.9924,174.5802,69.0229
376.0000,0.7410,0.0300,0.1267,-79.9160,180.3969,72.0076
396.0000,0.7166,-0.0249,0.1487,-72.1069,185.9618,76.6489
411.0000,0.6919,-0.0327,0.1355,-64.2214,189.7328,81.3206
419.0000,0.6509,-0.0730,0.1775,-54.4275,191.4733,83.5115
398.0000,0.6292,-0.1001,0.2468,-48.2824,192.8550,84.5496
393.0000,0.6331,-0.0981,0.2896,-40.0000,196.2519,85.7328
386.0000,0.5967,-0.1301,0.2932,-34.5878,200.1221,87.6031
397.0000,0.5676,-0.1199,0.3208,-33.1069,200.1832,88.7023
402.0000,0.5620,-0.1113,0.3459,-31.6565,199.7786,88.6794
399.0000,0.5435,-0.1399,0.3860,-38.3206,202.5802,87.6794
394.0000,0.5088,-0.1467,0.4028,-43.6412,203.0992,86.8015
397.0000,0.4824,-0.1416,0.4509,-52.1374,203.5191,86.6031
423.0000,0.4402,-0.1978,0.5217,-57.5573,201.3435,84.9237
403.0000,0.4185,-0.2627,0.5984,-60.8092,200.7939,83.5725
388.0000,0.4026,-0.3279,0.6160,-55.7328,200.6488,84.2595
425.0000,0.3699,-0.3511,0.5979,-46.1832,199.2595,85.5649
401.0000,0.3508,-0.3931,0.6555,-40.9771,198.8244,84.7634
396.0000,0.3323,-0.4348,0.7144,-33.5420,201.0611,83.7099
400.0000,0.3167,-0.4224,0.6501,-20.7710,201.5191,84.4657
407.0000,0.2820,-0.3813,0.6150,-12.0229,197.8702,84.0382
404.0000,0.2922,-0.3208,0.5901,-11.2443,197.6031,81.3740
405.0000,0.2693,-0.2695,0.5847,-18.2901,191.8168,79.3206
405.0000,0.2761,-0.2527,0.6194,-28.0076,187.0992,77.6947
406.0000,0.2537,-0.2537,0.8235,-46.3969,185.0611,74.3130
404.0000,0.2407,-0.3110,0.9478,-55.1985,185.5267,70.7252
388.0000,0.2002,-0.4392,0.9080,-51.3588,185.6641,70.7939
433.0000,0.1819,-0.5059,0.8459,-32.0534,185.5878,74.3511
413.0000,0.1489,-0.5574,0.8052,-17.5573,184.7939,79.8092
411.0000,0.1501,-0.5859,0.7920,-6.7176,189.0305,80.1756
414.0000,0.1340,-0.5349,0.8259,22.5038,186.0229,81.5496
411.0000,0.1147,-0.4636,0.7839,41.2977,184.4733,80.3206
410.0000,0.0999,-0.3572,0.7373,44.0000,178.2214,78.1221
419.0000,0.0842,-0.2737,0.7886,29.3664,172.8015,74.3359
411.0000,0.0847,-0.2432,0.9185,3.3969,170.1756,68.9313
413.0000,0.0667,-0.2778,0.9856,-19.3893,165.7710,66.0611
405.0000,0.0398,-0.3311,0.9917,-39.5344,163.5343,65.6260
414.0000,0.0159,-0.4270,1.0242,-43.0992,160.0992,63.9847
408.0000,-0.0398,-0.5476,1.0530,-38.5420,152.4351,64.4580
407.0000,-0.0586,-0.6018,1.1040,-27.2290,146.9771,65.2824
419.0000,-0.0605,-0.6123,1.1021,-8.0840,144.3282,67.3817
402.0000,-0.0703,-0.6003,1.0737,12.2901,141.4046,69.1527
409.0000,-0.0933,-0.6072,1.0837,25.8321,138.7863,68.1450
419.0000,-0.1194,-0.5781,1.0491,37.9924,134.4427,67.6031
418.0000,-0.1165,-0.4958,1.0278,43.1603,131.3130,65.4580
411.0000,-0.1360,-0.4080,1.0110,37.7939,124.9847,60.8015
423.0000,-0.1487,-0.3464,1.0635,19.6565,115.8397,55.7710
422.0000,-0.1353,-0.3286,1.1616,-1.5344,108.6183,50.0153
415.0000,-0.1199,-0.3997,1.1567,-18.0153,105.1985,45.0229
417.0000,-0.1458,-0.4934,1.1499,-29.0000,101.1985,43.3282
420.0000,-0.1631,-0.5676,1.1411,-28.8397,96.9313,42.0992
422.0000,-0.1758,-0.5898,1.1580,-19.7634,91.2595,42.0000
422.0000,-0.1633,-0.5601,1.1409,-10.7023,85.6336,42.3053
415.0000,-0.1509,-0.5505,1.1201,1.2824,82.2443,40.7176
423.0000,-0.1592,-0.5625,1.1047,17.2137,77.4809,39.2366
422.0000,-0.1592,-0.5435,1.0879,26.5573,73.0153,39.0305
423.0000,-0.1428,-0.5422,1.1045,31.5420,70.8626,37.2824
419.0000,-0.1404,-0.4993,1.0662,34.0611,69.1374,35.9466
426.0000,-0.1470,-0.4536,1.0225,36.2595,64.8015,34.2748
423.0000,-0.1484,-0.4146,1.0195,33.4122,60.0382,31.3588
421.0000,-0.1470,-0.3928,1.0198,28.9084,54.8473,27.2366
423.0000,-0.1406,-0.4009,1.0259,20.3359,50.3588,22.8244
418.0000,-0.1343,-0.4290,1.0654,13.4580,46.2366,19.5344
422.0000,-0.1248,-0.4404,1.1218,8.5267,43.1756,17.6412
425.0000,-0.1274,-0.4600,1.1235,7.2061,40.3969,15.6641
428.0000,-0.1218,-0.4941,1.1038,12.0840,37.8626,14.2748
416.0000,-0.1304,-0.4890,1.0889,18.0458,34.7405,14.3130
427.0000,-0.1294,-0.4868,1.0779,24.2748,31.6718,13.7939
430.0000,-0.1248,-0.4817,1.0720,31.0305,29.0992,12.8168
433.0000,-0.1174,-0.4778,1.0652,36.1603,27.1145,12.3740
426.0000,-0.1162,-0.4441,1.0452,38.8550,25.2137,12.0992
434.0000,-0.1128,-0.4221,1.0173,39.1908,23.9160,11.4198
428.0000,-0.1240,-0.4167,1.0271,39.5344,22.2137,9.8015
427.0000,-0.1248,-0.3840,0.9822,39.6641,22.2443,9.0534
438.0000,-0.1216,-0.3389,0.9302,41.6107,23.7710,8.8473
426.0000,-0.1343,-0.2769,0.8923,41.2137,23.7710,8.9695
431.0000,-0.1313,-0.2668,0.8489,38.9695,22.3893,8.4809
434.0000,-0.1392,-0.2705,0.8442,39.2061,20.9771,6.6260
420.0000,-0.1477,-0.2959,0.8276,37.5344,20.0305,4.6412
430.0000,-0.1406,-0.3091,0.8357,33.7863,19.6794,3.2595
433.0000,-0.1477,-0.3154,0.8174,30.4504,18.2901,2.2977
433.0000,-0.1494,-0.3213,0.8206,27.1985,16.8244,1.1679
430.0000,-0.1589,-0.2957,0.8472,18.8779,14.2214,-0.4275
435.0000,-0.1733,-0.2634,0.9175,5.0611,8.6718,-3.6718
427.0000,-0.1680,-0.2695,0.9888,-10.8321,3.4809,-8.0992
429.0000,-0.1514,-0.3237,1.0291,-22.9466,0.0611,-10.2672
427.0000,-0.1406,-0.3601,1.0305,-24.0840,0.4809,-9.2672
445.0000,-0.1401,-0.3687,0.9712,-16.3817,2.2214,-5.8550
439.0000,-0.1384,-0.3445,0.9104,-3.8626,2.5191,-2.1756
415.0000,-0.1399,-0.3079,0.8484,9.9695,1.3282,0.3053
437.0000,-0.1296,-0.2708,0.8130,21.4198,0.4351,1.0916
432.0000,-0.1245,-0.2341,0.7847,26.1985,0.1069,1.6260
449.0000,-0.1206,-0.2168,0.7883,23.5496,0.3053,2.3435
404.0000,-0.1223,-0.2092,0.8054,17.6870,1.8397,1.7786
447.0000,-0.1230,-0.2222,0.8203,10.6794,4.1679,1.3130
453.0000,-0.1318,-0.2310,0.8325,4.5649,4.9466,0.9008
397.0000,-0.1282,-0.2520,0.8318,0.9084,4.5878,0.9389
439.0000,-0.1416,-0.2773,0.8628,1.6183,3.6489,0.6260
446.0000,-0.1353,-0.2898,0.8564,5.1145,2.7939,1.0382
427.0000,-0.1396,-0.3140,0.9001,7.8550,1.7863,0.9847
444.0000,-0.1470,-0.3313,0.9253,7.7481,1.5115,1.0840
413.0000,-0.1543,-0.3430,0.9304,4.0000,2.0153,3.0076
414.0000,-0.1587,-0.3218,0.9004,4.6489,2.6718,4.9008
471.0000,-0.1692,-0.2998,0.9185,7.7939,1.3206,4.7863
419.0000,-0.1714,-0.2891,0.9382,10.5496,-0.7634,4.7786
512.0000,-0.1780,-0.2900,1.0093,16.9466,-4.0534,3.5725
390.0000,-0.1697,-0.3162,1.0608,22.6718,-7.1985,3.2290
465.0000,-0.1731,-0.3406,1.1045,25.6107,-10.3206,4.6031
461.0000,-0.1738,-0.3430,1.1682,30.0153,-14.7481,5.6107
436.0000,-0.2026,-0.3276,1.2307,31.9847,-20.0229,5.5802
468.0000,-0.2317,-0.3237,1.2954,33.4580,-27.4504,4.7863
382.0000,-0.2661,-0.2998,1.3435,30.4504,-35.3893,2.7863
437.0000,-0.3218,-0.2842,1.3750,24.1298,-45.6641,-0.1145
429.0000,-0.3640,-0.2400,1.4072,16.4809,-58.0763,-3.9160
497.0000,-0.4141,-0.2485,1.4551,5.4809,-73.3588,-9.0305
387.0000,-0.4487,-0.2649,1.5325,-6.1221,-89.6794,-14.6565
476.0000,-0.4868,-0.3250,1.6418,-17.4809,-104.8321,-18.6183
430.0000,-0.5210,-0.3674,1.7029,-22.9695,-117.9160,-20.3206
432.0000,-0.5469,-0.3843,1.7205,-21.5267,-132.6107,-19.8550
561.0000,-0.5354,-0.3931,1.7075,-16.8626,-147.9695,-20.3511
376.0000,-0.5259,-0.4097,1.7773,-10.3740,-163.6260,-23.3053
439.0000,-0.5090,-0.3755,1.7505,-5.5878,-176.8855,-24.7023
411.0000,-0.4915,-0.3250,1.6531,-4.2824,-188.7710,-23.7786
486.0000,-0.4910,-0.2729,1.5808,-9.4275,-203.0534,-24.6641
367.0000,-0.4631,-0.2375,1.5342,-20.3740,-217.9924,-25.2824
418.0000,-0.4363,-0.2214,1.4985,-33.6107,-231.1374,-27.0153
456.0000,-0.4131,-0.2449,1.4819,-45.2748,-242.9466,-28.7328
485.0000,-0.4185,-0.3074,1.5383,-53.0076,-250.1374,-31.4656
394.0000,-0.3972,-0.3303,1.5369,-54.4198,-250.1374,-32.7863
467.0000,-0.3992,-0.3840,1.4827,-49.1069,-250.1374,-34.5954
511.0000,-0.4070,-0.4475,1.4812,-43.7863,-250.1374,-37.8092
353.0000,-0.4180,-0.4812,1.4473,-33.6641,-250.1374,-41.9008
447.0000,-0.4299,-0.5366,1.3572,-25.8855,-250.1374,-44.7481
474.0000,-0.4441,-0.5461,1.2715,-17.1450,-250.1374,-49.6183
396.0000,-0.4668,-0.5527,1.2295,-14.5802,-250.1374,-55.4733
454.0000,-0.4253,-0.5044,1.1323,-11.1069,-250.1374,-60.6183
445.0000,-0.3879,-0.4580,1.0210,-12.4885,-250.1374,-65.8473
437.0000,-0.3125,-0.4089,0.9294,-20.8321,-250.1374,-73.0763
446.0000,-0.2170,-0.3547,0.8093,-26.8855,-250.1374,-80.7023
411.0000,-0.1106,-0.2588,0.6584,-37.3206,-250.1374,-86.6565
531.0000,-0.0332,-0.1821,0.5425,-51.6718,-250.1374,-94.2824
424.0000,0.0225,-0.2000,0.4788,-69.2672,-250.1374,-102.6870
436.0000,0.0835,-0.1624,0.3320,-80.0763,-250.1374,-108.0000
412.0000,0.0920,-0.2136,0.2407,-85.5344,-250.1374,-111.8779
472.0000,0.1021,-0.1663,0.0913,-85.1145,-250.1374,-112.6489
481.0000,0.1030,-0.1460,-0.0107,-69.2366,-250.1374,-113.5115
427.0000,0.1150,-0.1897,-0.0610,-51.8855,-250.1374,-113.5344
465.0000,0.1487,-0.1692,-0.1138,-30.6489,-250.1374,-111.3359
453.0000,0.1672,-0.1594,-0.1272,1.0000,-250.1374,-108.9695
435.0000,0.2131,-0.1643,-0.1914,15.5420,-250.1374,-103.1450
464.0000,0.2681,-0.0901,-0.3210,31.6107,-250.1374,-98.0153
454.0000,0.3059,0.0022,-0.4578,46.1832,-250.1374,-95.0000
467.0000,0.3347,0.0320,-0.5254,45.3282,-250.1374,-91.6947
488.0000,0.4104,0.0186,-0.5796,41.8321,-250.1374,-89.2595
451.0000,0.5164,0.0120,-0.6418,41.4046,-250.1374,-85.8473
448.0000,0.5779,-0.0081,-0.6785,37.7557,-240.4351,-83.4504
444.0000,0.6455,0.0654,-0.8350,42.1527,-222.6641,-77.4962
470.0000,0.7327,0.0676,-1.0034,51.3664,-205.9771,-72.6870
468.0000,0.7937,0.1052,-1.0901,60.0229,-187.3588,-68.4962
452.0000,0.8657,0.1755,-1.2070,65.9924,-167.3359,-63.7710
460.0000,0.9719,0.2092,-1.2864,56.9618,-141.3511,-55.9924
456.0000,1.0217,0.3059,-1.3604,45.8855,-114.9695,-48.4046
462.0000,1.0750,0.3528,-1.3911,25.0611,-83.0992,-42.9237
463.0000,1.0925,0.3811,-1.3545,-0.5954,-51.2214,-36.5954
441.0000,1.1208,0.3965,-1.2856,-27.3130,-18.1450,-28.9542
472.0000,1.1228,0.4216,-1.2256,-52.4504,16.9389,-21.2214
481.0000,1.1147,0.3955,-1.1309,-73.8779,50.8244,-13.9160
452.0000,1.0925,0.3528,-1.0100,-85.4657,81.0382,-5.6947
447.0000,1.0349,0.3132,-0.8984,-88.9466,105.2672,3.9466
448.0000,1.0024,0.2932,-0.8074,-92.3130,129.2672,14.0534
443.0000,0.9868,0.3069,-0.7695,-96.4122,152.1756,23.2443
497.0000,0.9158,0.2573,-0.7078,-95.3130,164.3664,30.6412
462.0000,0.8845,0.2505,-0.6274,-100.4351,179.0840,39.6565
445.0000,0.8398,0.2258,-0.5310,-103.0382,191.0076,45.7786
455.0000,0.7961,0.1934,-0.4438,-107.5038,201.1756,52.3206
430.0000,0.7588,0.1711,-0.3376,-111.6336,208.6488,57.9618
474.0000,0.7344,0.1172,-0.2654,-113.2443,213.2443,63.8397
449.0000,0.7192,0.1023,-0.1960,-115.8931,218.5649,69.6947
444.0000,0.6802,0.0371,-0.0537,-114.3283,221.6412,74.0840
463.0000,0.6797,-0.0112,0.0535,-112.3283,225.7786,79.4809
462.0000,0.6763,-0.0630,0.0994,-103.3970,228.6870,85.0840
453.0000,0.6377,-0.0945,0.1052,-90.7863,229.8855,89.4046
459.0000,0.6045,-0.1206,0.1511,-77.2137,229.4809,93.1374
465.0000,0.5833,-0.1838,0.1995,-65.2672,228.9847,96.6336
461.0000,0.5603,-0.2449,0.2485,-54.5878,231.4198,98.8779
466.0000,0.5320,-0.2590,0.2700,-44.8321,233.8702,101.2290
455.0000,0.4973,-0.2798,0.2764,-31.0305,233.7023,102.6336
488.0000,0.4636,-0.3005,0.3074,-20.2443,229.3664,103.3206
458.0000,0.4431,-0.3162,0.4316,-13.3893,224.2977,101.9847
459.0000,0.4333,-0.2825,0.5740,-6.1298,218.9313,100.2519
462.0000,0.4363,-0.2747,0.6235,-3.5954,217.4351,98.5191
471.0000,0.4346,-0.2883,0.6599,-2.5420,216.4504,94.9313
465.0000,0.3945,-0.3943,0.7217,-5.9695,217.0305,89.9695
460.0000,0.3589,-0.5044,0.7620,-8.0534,216.3511,88.1374
460.0000,0.3687,-0.5193,0.7434,-8.0076,219.8702,88.8092
470.0000,0.3176,-0.4749,0.6948,-1.5115,220.0763,88.0534
461.0000,0.2791,-0.4478,0.6816,4.6183,216.5572,83.7405
462.0000,0.2456,-0.4529,0.7090,5.8015,210.8473,78.9618
463.0000,0.2295,-0.4055,0.7156,7.5802,206.7176,74.6565
462.0000,0.2258,-0.3843,0.7288,6.2519,203.7786,70.8168
465.0000,0.2007,-0.3611,0.8008,-3.0840,199.8931,68.5267
465.0000,0.2114,-0.3657,0.9827,-13.5496,195.0229,64.1450
463.0000,0.2163,-0.4170,1.0215,-17.1221,192.6947,60.9008
455.0000,0.2073,-0.4971,0.9377,-7.4427,191.9160,59.5191
476.0000,0.1858,-0.5034,0.8652,1.4733,191.2443,62.2061
461.0000,0.1626,-0.5364,0.9119,4.4122,191.2824,62.4275
465.0000,0.1641,-0.5540,0.9592,6.3359,191.5802,63.2595
464.0000,0.1255,-0.5273,0.8564,26.1679,190.2595,63.4275
452.0000,0.0808,-0.4861,0.7832,44.2901,184.6870,63.3282
466.0000,0.0608,-0.4170,0.8123,45.9237,179.1756,62.0076
463.0000,0.0415,-0.3516,0.9009,42.3511,171.4886,57.9389
462.0000,0.0532,-0.3296,0.9026,34.2977,169.5191,56.2366
469.0000,0.0383,-0.3303,0.9023,18.9237,169.3740,54.9237
461.0000,-0.0215,-0.3423,0.9409,2.9924,162.0840,54.8550
459.0000,0.0049,-0.3835,0.9883,-6.6718,156.9313,55.5496
460.0000,0.0181,-0.4331,1.0007,-7.4122,156.8626,54.8473
473.0000,-0.0295,-0.4600,0.9910,-2.6870,151.6870,56.1603
456.0000,-0.0471,-0.4468,0.9807,0.2977,147.9695,59.0305
460.0000,-0.0427,-0.4678,1.0244,5.9313,144.0534,59.0687
477.0000,-0.0723,-0.4690,1.0481,11.9695,140.6183,58.9389
461.0000,-0.1140,-0.4722,1.0642,17.7863,134.5496,59.1908
465.0000,-0.1519,-0.4568,1.0750,20.3893,128.9084,58.8550
465.0000,-0.1768,-0.4387,1.0859,23.5420,123.4351,57.6718
467.0000,-0.1885,-0.4312,1.0859,24.4885,117.4657,55.8321
464.0000,-0.1987,-0.4216,1.0925,21.7710,110.0611,53.8855
467.0000,-0.1719,-0.4167,1.1104,18.4275,104.5802,51.1679
461.0000,-0.1670,-0.4292,1.0999,15.1298,100.6489,49.0611
464.0000,-0.1499,-0.4106,1.0442,12.0000,98.5802,48.1145
460.0000,-0.1606,-0.4170,1.0300,6.5649,94.8321,47.1374
467.0000,-0.1433,-0.4216,1.0542,3.8321,91.0000,45.3664
467.0000,-0.1404,-0.4180,1.0554,6.7786,89.2519,43.4198
467.0000,-0.1423,-0.4175,1.0171,9.7863,86.8626,42.5802
468.0000,-0.1436,-0.4287,0.9937,13.7481,85.9771,43.0000
446.0000,-0.1511,-0.4316,0.9973,15.0840,83.1450,43.2519
493.0000,-0.1597,-0.4089,0.9885,16.9237,80.4657,41.5496
466.0000,-0.1648,-0.3789,0.9900,14.2443,78.9924,40.3511
466.0000,-0.1736,-0.3535,0.9922,13.4046,75.1221,36.3740
472.0000,-0.2024,-0.3853,1.0325,10.7710,71.1298,32.7786
455.0000,-0.2083,-0.4016,1.0320,9.0076,67.5878,31.0687
477.0000,-0.2148,-0.4177,1.0249,9.5802,65.7710,29.8931
474.0000,-0.2300,-0.4343,1.0171,12.8092,63.2214,28.3664
468.0000,-0.2334,-0.4385,1.0188,15.7099,59.3511,26.3969
455.0000,-0.2156,-0.4365,1.0200,17.1450,55.8244,25.2519
485.0000,-0.1892,-0.4282,1.0032,19.9008,54.5954,22.3969
456.0000,-0.1934,-0.4263,0.9846,23.5649,52.1145,20.2672
482.0000,-0.1997,-0.4009,1.0068,21.8015,47.5344,18.6489
486.0000,-0.1858,-0.3958,1.0237,20.0916,43.8779,16.7023
447.0000,-0.1807,-0.4038,1.0327,17.9618,42.0840,14.5573
484.0000,-0.1865,-0.4160,1.0410,17.6870,39.9389,14.0076
481.0000,-0.1851,-0.4146,1.0615,18.4962,36.5802,13.7405
442.0000,-0.2056,-0.4126,1.0918,19.2214,32.6641,12.7939
408.0000,-0.1975,-0.4175,1.0745,20.1221,28.4885,12.0076
571.0000,-0.1963,-0.4031,1.0898,21.8397,24.8855,10.6947
429.0000,-0.2063,-0.4287,1.1165,22.9160,19.4046,8.9847
489.0000,-0.2227,-0.4526,1.1553,18.6260,14.1603,7.2290
472.0000,-0.2344,-0.4546,1.2048,16.2901,7.3130,3.6031
397.0000,-0.2590,-0.4849,1.2849,10.4275,-1.5725,0.1374
579.0000,-0.2537,-0.5095,1.3159,6.1145,-10.1450,-0.9924
235.0000,-0.2532,-0.5552,1.3250,13.8244,-16.0153,0.0000
620.0000,-0.2734,-0.5559,1.3425,30.9618,-20.9542,2.0763
570.0000,-0.2913,-0.5322,1.3359,52.3435,-29.6641,5.2901
386.0000,-0.2944,-0.4978,1.3738,72.8092,-39.2290,7.0229
413.0000,-0.2847,-0.4460,1.4346,91.0229,-49.4885,6.4580
547.0000,-0.3157,-0.4309,1.4705,108.6183,-60.6489,7.2901
421.0000,-0.3623,-0.3977,1.5217,120.6412,-72.9389,9.2137
345.0000,-0.3950,-0.3206,1.5571,127.8855,-86.8855,11.0840
613.0000,-0.4065,-0.2388,1.5632,128.0840,-101.2672,12.3359
391.0000,-0.4153,-0.1768,1.5781,117.9008,-117.2824,9.6641
553.0000,-0.4321,-0.1301,1.6199,98.4275,-133.9695,5.8626
479.0000,-0.4143,-0.0864,1.6597,66.9313,-146.9924,2.1756
436.0000,-0.4097,-0.0808,1.6724,33.3511,-161.5191,-3.2443
503.0000,-0.4058,-0.0767,1.6453,-0.9618,-174.1908,-9.0000
398.0000,-0.3928,-0.1396,1.6125,-27.9237,-185.5572,-15.8473
530.0000,-0.3965,-0.1965,1.5837,-41.0687,-199.5954,-21.5344
449.0000,-0.3704,-0.2275,1.5281,-50.1985,-210.7863,-25.3053
541.0000,-0.3667,-0.2634,1.5095,-51.7176,-222.2748,-29.4198
477.0000,-0.3582,-0.2991,1.5059,-47.5496,-233.4809,-32.6565
487.0000,-0.3550,-0.3171,1.5049,-41.6412,-244.4198,-33.7863
405.0000,-0.3313,-0.2971,1.4468,-35.6870,-250.1374,-34.7099
514.0000,-0.3154,-0.2979,1.3884,-33.9924,-250.1374,-35.9695
388.0000,-0.2795,-0.2832,1.2822,-36.3282,-250.1374,-37.2061
546.0000,-0.2512,-0.2566,1.1978,-37.8626,-250.1374,-39.2901
425.0000,-0.2263,-0.2310,1.1526,-43.5038,-250.1374,-43.1450
542.0000,-0.2178,-0.2241,1.1091,-48.3511,-250.1374,-48.0000
356.0000,-0.2119,-0.2620,1.0923,-52.1298,-250.1374,-51.6260
543.0000,-0.2007,-0.2651,1.0193,-54.6260,-250.1374,-52.5802
382.0000,-0.1860,-0.2705,0.9641,-48.9084,-250.1374,-55.0687
646.0000,-0.1865,-0.2949,0.9209,-41.1679,-250.1374,-57.1908
424.0000,-0.1858,-0.3020,0.8887,-33.2977,-250.1374,-57.9008
431.0000,-0.1812,-0.3010,0.8962,-21.3435,-250.1374,-59.5344
594.0000,-0.1577,-0.2615,0.8286,-15.1374,-250.1374,-58.1908
477.0000,-0.1406,-0.2187,0.7249,-12.0763,-250.1374,-57.1221
507.0000,-0.1130,-0.2104,0.6184,-11.4580,-250.1374,-57.5649
485.0000,-0.0801,-0.1804,0.5518,-15.7023,-250.1374,-58.5344
409.0000,-0.0474,-0.1208,0.4492,-20.6641,-250.1374,-59.8168
558.0000,-0.0300,-0.1387,0.4480,-28.5267,-250.1374,-63.5573
458.0000,-0.0305,-0.1692,0.4895,-46.0458,-250.1374,-67.1756
478.0000,0.0076,-0.1497,0.3792,-49.2901,-250.1374,-68.6870
478.0000,0.0283,-0.1873,0.3076,-50.4580,-250.1374,-71.0382
481.0000,0.0713,-0.2090,0.2976,-52.2214,-250.1374,-74.2061
448.0000,0.1206,-0.2151,0.2522,-50.8321,-250.1374,-76.7099
455.0000,0.1729,-0.1941,0.1794,-45.3664,-250.1374,-79.2519
486.0000,0.2048,-0.2129,0.0881,-42.9695,-250.1374,-81.8626
403.0000,0.2661,-0.2153,0.0337,-46.3053,-250.1374,-84.1985
438.0000,0.3054,-0.2378,-0.0461,-44.6031,-250.1374,-87.5649
518.0000,0.3149,-0.2319,-0.0991,-38.2137,-250.1374,-89.4657
398.0000,0.3259,-0.3052,-0.0996,-29.4733,-250.1374,-92.9618
476.0000,0.3801,-0.2839,-0.1252,-15.4351,-250.1374,-92.1527
436.0000,0.4526,-0.2717,-0.1821,11.2061,-250.1374,-92.2595
493.0000,0.4934,-0.2144,-0.2822,29.4351,-245.6107,-90.1527
463.0000,0.5503,-0.1572,-0.3374,48.3359,-238.0305,-89.6412
490.0000,0.6318,-0.0557,-0.5034,63.8168,-228.9389,-86.3588
504.0000,0.7117,-0.0159,-0.6157,66.9618,-214.2366,-84.1069
482.0000,0.7551,0.0295,-0.7395,69.3664,-201.8931,-81.4122
458.0000,0.7798,0.1570,-0.9497,68.8473,-191.6641,-75.3740
482.0000,0.8813,0.2705,-1.1453,63.3282,-174.4046,-70.4657
490.0000,0.9827,0.3694,-1.3123,52.3511,-158.3893,-67.1069
532.0000,1.0317,0.4607,-1.4250,32.9084,-142.0305,-61.4656
476.0000,1.1025,0.5134,-1.4436,5.8855,-120.5267,-55.6183
471.0000,1.1653,0.5454,-1.4363,-26.7786,-89.3817,-47.5496
505.0000,1.2168,0.5305,-1.3660,-57.7481,-49.8931,-37.7481
461.0000,1.2471,0.4751,-1.3149,-85.2061,-9.2214,-24.4885
450.0000,1.2290,0.4504,-1.2405,-97.6489,29.6412,-11.3206
480.0000,1.1782,0.3857,-1.1531,-95.9008,62.4427,0.9618
471.0000,1.1326,0.3574,-1.0647,-84.0076,88.8931,12.7786
471.0000,1.0867,0.3660,-0.9805,-76.3053,113.5115,25.2061
474.0000,1.0342,0.3401,-0.8428,-67.2366,134.0229,34.1145
474.0000,0.9763,0.2976,-0.7341,-61.6870,148.3435,42.0305
477.0000,0.9119,0.2468,-0.5867,-61.4351,160.3282,49.9695
469.0000,0.8813,0.2048,-0.4905,-65.2901,172.2443,57.3206
484.0000,0.8533,0.2065,-0.4407,-71.2824,183.7939,64.2366
471.0000,0.8130,0.1909,-0.3872,-77.5420,191.4962,69.6489
502.0000,0.7783,0.1626,-0.3174,-85.0458,195.9008,74.5573
471.0000,0.7495,0.1238,-0.2493,-88.7252,197.9084,77.5954
469.0000,0.7666,0.0771,-0.1550,-90.2748,201.1756,79.5420
464.0000,0.7107,0.0247,-0.0764,-90.4580,202.3511,83.0611
478.0000,0.6929,0.0100,-0.0229,-88.2443,206.3817,84.9466
469.0000,0.6592,-0.0410,0.0098,-83.4122,208.7557,87.4657
481.0000,0.6472,-0.0840,0.0500,-79.5496,212.5038,91.1985
475.0000,0.6396,-0.1233,0.0840,-71.7099,217.6641,94.0076
483.0000,0.6299,-0.1506,0.1245,-63.0687,224.9160,97.0000
484.0000,0.5713,-0.1733,0.1396,-48.7023,226.9160,98.8321
480.0000,0.5579,-0.2009,0.1802,-46.6489,234.3511,102.0382
463.0000,0.5344,-0.2102,0.1926,-34.7099,240.1756,102.1145
484.0000,0.4709,-0.2192,0.1885,-18.3511,239.6794,101.7557
464.0000,0.4365,-0.2214,0.2195,-9.9389,237.4962,100.4351
477.0000,0.4277,-0.2319,0.2729,-6.7405,236.8702,98.9618
471.0000,0.4243,-0.2446,0.2964,-1.9313,237.2901,98.4504
485.0000,0.4116,-0.2354,0.3450,-1.7405,238.4046,98.4046
490.0000,0.3892,-0.2161,0.3999,-3.4198,237.4046,97.3206
488.0000,0.3708,-0.2393,0.4995,-7.5878,236.0992,95.7634
486.0000,0.3657,-0.2485,0.5923,-14.6260,238.4580,94.5344
483.0000,0.3496,-0.2803,0.6123,-22.5038,243.1985,93.4122
482.0000,0.2856,-0.3596,0.6194,-27.6641,244.3435,92.3435
497.0000,0.2419,-0.3940,0.6323,-23.6107,243.3053,91.6718
460.0000,0.2300,-0.4243,0.6404,-17.4046,241.2595,91.1450
517.0000,0.1963,-0.4495,0.6692,-7.4656,236.4962,89.9771
464.0000,0.1887,-0.4670,0.7070,5.7405,233.0611,88.0763
486.0000,0.1624,-0.5078,0.7708,18.4198,227.8168,86.3053
480.0000,0.1550,-0.4595,0.8188,27.3969,223.6488,86.2824
487.0000,0.1843,-0.4241,0.8699,28.3359,223.5343,84.4886
477.0000,0.1499,-0.4260,0.9048,27.3206,220.5343,82.4962
483.0000,0.1130,-0.4268,0.8923,23.9847,215.7863,81.0611
482.0000,0.1128,-0.3994,0.9214,23.3282,212.7328,78.6031
479.0000,0.1399,-0.3579,0.9553,17.2748,209.2595,76.1985
486.0000,0.1287,-0.3635,0.9922,11.1069,205.0229,71.3053
475.0000,0.0569,-0.4502,1.0613,4.7634,194.6717,66.6336
481.0000,0.0591,-0.5142,1.0872,10.0076,196.9237,66.5954
477.0000,0.0081,-0.5039,1.0999,4.6107,194.4504,69.1450
487.0000,-0.0452,-0.4966,1.1055,8.0229,185.1908,68.8779
471.0000,-0.0430,-0.5076,1.0754,19.8855,178.0687,67.3053
481.0000,-0.0403,-0.4968,1.1194,30.0763,175.3130,63.2214
474.0000,-0.0864,-0.5117,1.1416,36.3664,166.3893,60.2595
493.0000,-0.0876,-0.4612,1.1489,35.7481,158.5191,58.7328
476.0000,-0.0569,-0.4307,1.1375,32.3511,154.3740,55.9695
480.0000,-0.0469,-0.4045,1.1111,25.3664,152.4427,52.9313
471.0000,-0.0894,-0.4287,1.1511,15.6260,146.7023,48.9695
495.0000,-0.1064,-0.4443,1.1741,9.6031,140.8855,46.5420
478.0000,-0.1311,-0.4763,1.1790,10.0458,136.2214,44.1908
482.0000,-0.1541,-0.5073,1.1521,11.1679,131.7328,42.7252
481.0000,-0.1812,-0.4990,1.1531,10.0000,126.4046,41.9160
475.0000,-0.1917,-0.4575,1.1694,12.6870,119.5191,38.6794
500.0000,-0.2075,-0.4290,1.0935,10.3969,113.5725,36.6870
480.0000,-0.2122,-0.4409,1.0911,14.3435,105.1756,32.6947
496.0000,-0.2285,-0.4326,1.1372,11.0382,97.1450,30.3359
469.0000,-0.2083,-0.4365,1.2207,7.2595,92.1985,27.3893
479.0000,-0.2200,-0.4673,1.2249,6.5954,86.1679,25.4351
487.0000,-0.2148,-0.4829,1.1841,10.5115,82.3588,24.8855
478.0000,-0.2249,-0.4692,1.1633,13.9847,77.6412,25.3130
480.0000,-0.2126,-0.4504,1.1467,19.4275,72.4809,24.0916
476.0000,-0.1892,-0.4368,1.1069,24.1756,67.8397,22.1221
493.0000,-0.1904,-0.3967,1.0820,27.1985,63.6260,20.6641
468.0000,-0.1604,-0.3899,1.0564,28.6565,59.7634,19.4733
490.0000,-0.1467,-0.3911,1.0203,28.6031,58.2290,18.8473
469.0000,-0.1428,-0.3721,0.9927,28.2366,56.5573,19.5496
473.0000,-0.1331,-0.3379,0.9617,29.8779,54.3664,19.9924
486.0000,-0.1343,-0.2939,0.9329,30.8168,51.3206,19.5573
477.0000,-0.1138,-0.2876,0.9539,28.4962,48.8855,17.2901
489.0000,-0.1057,-0.3037,0.9497,20.6107,47.4351,15.5954
431.0000,-0.1277,-0.3042,0.9270,16.7557,45.3588,15.0763
527.0000,-0.1355,-0.3079,0.9172,12.7634,43.0611,15.3664
479.0000,-0.1511,-0.2915,0.9382,7.3817,41.1908,14.4351
475.0000,-0.1460,-0.3000,0.9893,3.3511,37.9389,13.4046
472.0000,-0.1370,-0.3276,1.0300,0.0458,35.3206,12.6183
481.0000,-0.1394,-0.3376,1.0305,-1.2595,33.9618,12.6565
480.0000,-0.1313,-0.3623,1.0027,-1.3664,33.5115,13.4122
530.0000,-0.1587,-0.3718,1.0098,0.3282,29.9389,13.2901
452.0000,-0.1721,-0.3953,1.0452,1.0840,26.2977,12.4733
563.0000,-0.1914,-0.4043,1.0781,3.7863,21.8092,11.9847
410.0000,-0.1938,-0.4104,1.1045,9.5267,18.0382,11.5344
425.0000,-0.2241,-0.4272,1.1438,16.5573,13.5954,11.1908
558.0000,-0.2676,-0.4338,1.1936,23.5649,5.3740,10.9618
507.0000,-0.2622,-0.4368,1.2510,34.3130,-0.2061,9.0992
357.0000,-0.2705,-0.4424,1.2754,40.4351,-7.1374,8.7099
382.0000,-0.2593,-0.4341,1.2917,48.4351,-14.7634,7.8779
698.0000,-0.2515,-0.4248,1.3025,54.9771,-23.6565,7.6641
455.0000,-0.2434,-0.4158,1.3228,59.5115,-31.4656,7.4046
451.0000,-0.2449,-0.3926,1.3477,61.9466,-39.1450,6.7328
429.0000,-0.2729,-0.3589,1.3555,63.0458,-48.4122,7.0992
534.0000,-0.2930,-0.3389,1.3665,62.2290,-57.4198,6.5038
490.0000,-0.3066,-0.3027,1.3706,61.9924,-67.3053,4.4351
422.0000,-0.3245,-0.2722,1.3953,59.8855,-80.4657,1.4427
500.0000,-0.3174,-0.2305,1.4531,49.3206,-92.4198,-1.8397
558.0000,-0.3176,-0.2205,1.4751,36.9008,-102.9008,-5.0916
455.0000,-0.3140,-0.2476,1.5356,22.6412,-111.9924,-7.9771
494.0000,-0.3328,-0.2932,1.5808,11.3359,-122.3588,-10.2214
417.0000,-0.3521,-0.3042,1.5767,6.6260,-132.3664,-12.1374
505.0000,-0.3320,-0.3137,1.5222,1.1145,-141.5649,-13.7328
491.0000,-0.3418,-0.3020,1.4976,-0.8015,-154.5267,-18.2672
385.0000,-0.3369,-0.3032,1.4753,-3.0458,-167.1069,-23.6565
652.0000,-0.3298,-0.3162,1.4827,-6.3817,-178.8168,-28.9847
479.0000,-0.3245,-0.3564,1.5078,-9.2901,-189.1221,-33.6641
426.0000,-0.3296,-0.3945,1.5334,-12.0382,-198.8779,-37.5420
539.0000,-0.3313,-0.3979,1.4871,-7.7099,-208.2977,-39.8931
389.0000,-0.3149,-0.4031,1.4573,-3.0458,-218.4733,-42.1908
519.0000,-0.2959,-0.3733,1.3787,0.6947,-228.5572,-44.7863
507.0000,-0.2673,-0.3467,1.3667,1.5954,-239.1221,-47.2595
456.0000,-0.2590,-0.3245,1.3911,-2.5038,-249.3740,-51.1985
468.0000,-0.2329,-0.3137,1.3445,-4.3130,-250.1374,-53.6260
534.0000,-0.2405,-0.3035,1.2979,-4.9924,-250.1374,-54.2901
404.0000,-0.2422,-0.2485,1.2583,-12.3206,-250.1374,-54.9084
478.0000,-0.2126,-0.2332,1.1741,-18.5191,-250.1374,-56.8092
428.0000,-0.1975,-0.2278,1.0942,-26.4733,-250.1374,-58.4046
545.0000,-0.1882,-0.2131,1.0759,-38.0305,-250.1374,-61.3893
418.0000,-0.1887,-0.2468,1.1023,-50.3817,-250.1374,-66.2672
505.0000,-0.1721,-0.2402,1.0195,-56.5115,-250.1374,-69.1221
463.0000,-0.1516,-0.2344,0.9111,-54.3130,-250.1374,-71.6489
481.0000,-0.1074,-0.2576,0.8401,-57.0763,-250.1374,-74.3970
417.0000,-0.0530,-0.2385,0.7336,-52.7557,-250.1374,-77.0840
570.0000,-0.0225,-0.2446,0.6160,-47.4275,-250.1374,-79.6641
486.0000,-0.0251,-0.2603,0.5830,-46.6412,-250.1374,-82.6489
475.0000,-0.0090,-0.2703,0.5498,-46.8931,-250.1374,-83.9847
430.0000,0.0271,-0.2249,0.4956,-43.3893,-250.1374,-84.3588
555.0000,0.0417,-0.1521,0.4590,-42.9542,-250.1374,-85.8015
396.0000,0.0107,-0.1516,0.5503,-42.7939,-250.1374,-91.9313
463.0000,0.0339,-0.1648,0.5332,-40.1450,-250.1374,-96.8702
494.0000,0.0667,-0.2341,0.4114,-34.0916,-250.1374,-98.9389
498.0000,0.0862,-0.2529,0.2693,-30.2366,-250.1374,-99.6489
493.0000,0.0867,-0.1824,0.1750,-31.8321,-250.1374,-98.7405
492.0000,0.1421,-0.1313,0.0627,-29.3588,-250.1374,-100.9542
481.0000,0.2061,-0.0876,-0.0808,-28.2595,-250.1374,-104.9313
496.0000,0.2686,-0.1174,-0.1545,-27.7710,-250.1374,-108.8321
526.0000,0.3313,-0.0703,-0.1707,-18.3969,-250.1374,-111.1603
451.0000,0.4216,-0.0613,-0.2815,-7.9389,-250.1374,-110.1450
498.0000,0.5061,-0.0303,-0.4224,5.4656,-250.1374,-108.0305
448.0000,0.5615,0.0105,-0.5142,23.4122,-250.1374,-104.7405
473.0000,0.6624,0.0872,-0.6870,38.4427,-250.1374,-98.2443
490.0000,0.7278,0.1792,-0.9358,55.9237,-237.6412,-95.0305
508.0000,0.7917,0.2991,-1.2271,67.9924,-220.3664,-89.1145
489.0000,0.8479,0.3479,-1.4167,67.8168,-196.3664,-78.1985
503.0000,0.9368,0.4634,-1.6338,58.1450,-170.2519,-67.5878
513.0000,1.0142,0.5503,-1.7676,38.5573,-139.3130,-57.1221
481.0000,1.0427,0.6011,-1.7781,13.1221,-107.6336,-46.3053
468.0000,1.0850,0.6484,-1.6738,-9.9389,-74.8244,-35.1069
562.0000,1.1313,0.6240,-1.5322,-38.6260,-34.2061,-23.9771
450.0000,1.1270,0.5396,-1.3928,-65.4886,8.0992,-11.2748
502.0000,1.1121,0.4597,-1.2356,-82.4504,46.2290,3.8244
493.0000,1.0913,0.4133,-1.1042,-84.7328,83.4809,17.8397
472.0000,1.0454,0.3369,-0.9717,-76.5649,112.9847,30.0687
508.0000,0.9756,0.2803,-0.9033,-76.3893,136.1527,44.0153
479.0000,0.9094,0.2942,-0.8003,-71.0763,154.8092,54.0534
502.0000,0.8567,0.2651,-0.7024,-66.7710,168.7405,61.8321
539.0000,0.8115,0.2632,-0.6111,-69.4657,179.6794,68.3893
481.0000,0.7637,0.2300,-0.4954,-71.7099,184.5954,74.2214
503.0000,0.7471,0.2131,-0.4077,-81.4122,189.8626,80.8626
482.0000,0.7283,0.1582,-0.2671,-92.2519,194.5878,84.7481
476.0000,0.7063,0.1130,-0.1440,-100.4657,197.5191,88.0458
448.0000,0.7068,0.0989,-0.0581,-107.4122,200.4733,91.7405
500.0000,0.7029,0.0503,0.0037,-108.1756,202.7099,94.6489
476.0000,0.6870,-0.0078,0.0818,-103.0763,204.3206,97.3206
482.0000,0.6763,-0.0833,0.1555,-99.6794,206.6641,101.0229
477.0000,0.6558,-0.1416,0.1638,-89.4657,211.5649,105.0611
491.0000,0.6479,-0.1655,0.1868,-73.4504,216.6565,109.7557
490.0000,0.6008,-0.1824,0.1877,-55.7328,218.0992,111.6336
474.0000,0.5715,-0.1953,0.2190,-38.6183,216.9389,111.6107
477.0000,0.5439,-0.2441,0.2773,-23.8473,215.2824,109.4351
489.0000,0.5361,-0.2437,0.3066,-13.7405,217.1603,109.0076
477.0000,0.5112,-0.2542,0.2966,-8.3664,218.5038,108.9771
477.0000,0.4741,-0.2529,0.3052,-4.9313,218.1908,109.7252
492.0000,0.4553,-0.1829,0.3977,-6.8550,215.6412,109.1450
499.0000,0.4526,-0.1606,0.5056,-12.2137,215.8321,104.7023
483.0000,0.4353,-0.2336,0.5759,-12.5878,214.2977,98.9924
475.0000,0.4250,-0.3054,0.5908,-9.1908,213.1069,97.5954
498.0000,0.4236,-0.3318,0.5747,-7.1450,217.1374,98.9618
476.0000,0.3643,-0.3679,0.5906,-8.0840,216.7710,99.4886
508.0000,0.3726,-0.4075,0.6199,-9.3969,223.2443,99.2366
492.0000,0.3237,-0.4316,0.5923,-7.3130,225.7786,99.9542
482.0000,0.2693,-0.3850,0.5627,-2.6870,226.0229,99.0916
503.0000,0.2217,-0.3875,0.5764,4.6107,221.4580,93.4886
488.0000,0.1699,-0.4282,0.5852,7.5267,212.2672,89.8397
492.0000,0.1475,-0.4585,0.6731,9.7863,206.2061,85.8855
486.0000,0.1426,-0.4282,0.8218,9.1298,201.3206,83.9237
488.0000,0.1604,-0.3716,0.9517,1.9924,198.9771,82.0458
486.0000,0.1589,-0.4189,0.9568,-1.6489,197.1527,77.9695
486.0000,0.1641,-0.4807,0.9578,-0.4885,197.5496,75.7481
482.0000,0.1492,-0.5166,0.9465,2.9771,196.9389,74.7710
485.0000,0.1526,-0.5403,0.9097,0.4809,199.8855,76.3893
476.0000,0.1545,-0.4998,0.8069,-0.0534,204.5496,78.6947
476.0000,0.1035,-0.4309,0.7117,8.9847,201.0153,78.5954
495.0000,0.0718,-0.4009,0.7217,16.0305,193.0229,75.2595
488.0000,0.0386,-0.3430,0.7532,9.4962,182.6412,71.0687
483.0000,0.0393,-0.4126,0.8933,0.9160,179.4733,65.7252
495.0000,0.0112,-0.4580,0.9910,-3.8015,178.7786,64.7710
478.0000,-0.0537,-0.4524,1.0608,-13.7405,170.0992,68.7023
478.0000,-0.0474,-0.4561,1.1404,-15.7786,166.3359,70.3893
484.0000,-0.0374,-0.4941,1.1501,-8.9313,162.3740,67.6031
477.0000,-0.0330,-0.5217,1.1543,-2.6718,159.4122,64.5420
481.0000,-0.0500,-0.5796,1.1448,14.5420,153.4351,61.0153
499.0000,-0.0515,-0.6143,1.0852,29.2214,149.6336,62.1069
484.0000,-0.0049,-0.6091,1.0857,31.8855,151.5878,63.4198
481.0000,0.0176,-0.5554,1.0061,42.2061,152.6794,63.9008
489.0000,-0.0042,-0.4822,0.9014,50.3359,148.5038,62.1527
481.0000,-0.0566,-0.3733,0.8787,47.1069,138.4198,58.4351
467.0000,-0.0708,-0.3230,0.9514,32.7328,131.1069,50.8092
496.0000,-0.0762,-0.3745,1.0439,14.8015,125.4809,43.1221
482.0000,-0.1306,-0.4590,1.1052,-1.6718,118.4886,41.5954
475.0000,-0.1138,-0.4812,1.1470,-11.9618,116.2061,42.3588
491.0000,-0.1458,-0.4968,1.1936,-17.1145,111.5420,42.5344
486.0000,-0.1602,-0.5366,1.1863,-14.5878,105.5191,40.3511
479.0000,-0.1692,-0.5691,1.1826,-5.0992,100.8244,37.4504
487.0000,-0.1926,-0.6125,1.1909,7.0611,95.5573,35.8092
481.0000,-0.1897,-0.6055,1.1560,17.4885,92.7252,35.9466
494.0000,-0.1572,-0.5811,1.1123,32.6031,90.5878,35.7252
493.0000,-0.1748,-0.5469,1.0601,48.2824,86.0992,34.6260
477.0000,-0.1814,-0.4907,1.0535,57.6107,79.2290,31.7023
485.0000,-0.1624,-0.4568,1.0493,60.6489,73.6031,28.2977
476.0000,-0.1531,-0.4121,1.0691,58.7710,70.9313,25.0229
491.0000,-0.1655,-0.3972,1.0830,54.7099,65.9389,23.0382
500.0000,-0.1655,-0.3948,1.1082,46.4885,63.2443,21.2290
437.0000,-0.1494,-0.3933,1.1133,39.3435,60.9618,18.1603
527.0000,-0.1394,-0.3823,1.1179,32.7786,58.1756,16.9389
448.0000,-0.1497,-0.3733,1.1150,25.8321,54.1679,15.8397
559.0000,-0.1609,-0.3870,1.1309,22.1527,49.5115,13.5191
451.0000,-0.1609,-0.4126,1.1562,16.6031,46.8626,12.3588
478.0000,-0.1670,-0.4392,1.2078,17.9389,45.1145,11.6489
588.0000,-0.1860,-0.4690,1.2185,24.2443,43.6260,12.1603
378.0000,-0.1875,-0.4951,1.2053,37.1985,44.3969,13.7634
486.0000,-0.1912,-0.5264,1.1697,55.1679,45.5878,16.1832
467.0000,-0.1975,-0.5208,1.1052,76.3359,45.5115,20.0076
488.0000,-0.2195,-0.5183,1.0557,98.6412,42.8397,21.2366
480.0000,-0.3413,-0.4915,1.1689,108.9618,23.1374,15.7023
484.0000,-0.3118,-0.3381,1.4614,84.2901,5.4580,6.7023
480.0000,-0.2334,-0.3352,1.4695,42.6412,-22.2748,-2.3206
424.0000,-0.1362,-0.4861,1.3979,28.9237,-39.0153,-8.6794
564.0000,-0.0891,-0.5881,1.3435,38.4733,-25.0229,-9.6107
461.0000,-0.1570,-0.5747,1.1873,60.4122,-14.5878,-3.2672
455.0000,-0.2073,-0.4609,1.0662,83.3130,-26.3435,5.4198
558.0000,-0.1746,-0.2920,1.0144,96.9847,-35.7557,9.7023
438.0000,-0.1377,-0.2158,0.9849,103.7328,-30.7023,6.9084
508.0000,-0.1555,-0.1741,0.9670,103.7099,-30.9313,1.9695
469.0000,-0.2104,-0.1079,0.9827,90.5573,-41.7481,0.1298
537.0000,-0.2427,-0.0247,1.0623,70.8702,-52.1679,-4.2672
483.0000,-0.2512,-0.0039,1.1431,50.0763,-58.0611,-11.1450
510.0000,-0.3096,-0.0439,1.2312,30.6565,-65.8168,-16.3206
380.0000,-0.3804,-0.1331,1.3301,14.5496,-76.8473,-18.7176
513.0000,-0.4263,-0.1909,1.4294,6.9237,-89.3130,-19.1603
570.0000,-0.4426,-0.2266,1.4861,4.5344,-100.0763,-19.1832
436.0000,-0.4597,-0.2410,1.5227,4.9847,-112.0305,-21.2443
461.0000,-0.4648,-0.2415,1.5525,5.6031,-125.0076,-23.1985
306.0000,-0.4697,-0.2273,1.5557,4.0763,-138.2519,-24.2366
707.0000,-0.4802,-0.2002,1.5564,-0.2214,-150.3282,-25.3053
490.0000,-0.5098,-0.2068,1.5925,-4.3511,-163.7939,-28.0153
383.0000,-0.5186,-0.2275,1.6318,-8.4733,-177.4275,-29.3588
550.0000,-0.5168,-0.2415,1.6296,-8.0687,-190.8855,-28.6947
434.0000,-0.5039,-0.2532,1.5994,-4.4198,-202.9084,-29.0611
389.0000,-0.4685,-0.2297,1.5317,-0.0840,-218.0000,-29.1832
622.0000,-0.3967,-0.1926,1.4863,-0.0076,-233.1450,-29.1298
460.0000,-0.3428,-0.1763,1.4656,-5.2672,-247.1832,-31.4733
457.0000,-0.3020,-0.1895,1.4521,-14.6183,-250.1374,-33.3053
512.0000,-0.2759,-0.1548,1.3821,-28.3130,-250.1374,-33.1527
569.0000,-0.2312,-0.1189,1.3201,-44.4809,-250.1374,-35.0000
515.0000,-0.1943,-0.1199,1.2864,-57.1908,-250.1374,-38.9771
398.0000,-0.1519,-0.1421,1.2495,-66.5038,-250.1374,-43.1069
507.0000,-0.1284,-0.2148,1.1653,-70.4809,-250.1374,-45.4275
442.0000,-0.0881,-0.2432,1.0647,-74.9160,-250.1374,-47.5038
438.0000,-0.0605,-0.2510,0.9771,-77.5267,-250.1374,-50.0076
516.0000,-0.0295,-0.2437,0.8862,-78.0534,-250.1374,-51.9695
443.0000,0.0115,-0.2935,0.8625,-77.3893,-250.1374,-56.2672
470.0000,0.0205,-0.3367,0.8677,-74.2595,-250.1374,-59.2061
541.0000,0.0149,-0.3130,0.8416,-68.8168,-250.1374,-61.0916
579.0000,-0.0154,-0.3538,0.8315,-59.5725,-250.1374,-65.3130
400.0000,-0.0063,-0.3040,0.7661,-51.4046,-250.1374,-66.5267
606.0000,-0.0090,-0.2458,0.6409,-35.2137,-250.1374,-68.3740
465.0000,-0.0137,-0.2651,0.5615,-27.3893,-250.1374,-71.3130
456.0000,0.0388,-0.2324,0.4873,-23.6412,-250.1374,-73.4046
470.0000,0.0706,-0.1675,0.3555,-19.8931,-250.1374,-73.0458
503.0000,0.1038,-0.1250,0.2939,-28.2290,-250.1374,-74.3511
480.0000,0.1169,-0.1169,0.2358,-41.3817,-250.1374,-81.0305
424.0000,0.1333,-0.0837,0.1453,-48.0763,-250.1374,-84.6412
530.0000,0.1926,-0.0759,-0.0046,-48.7252,-250.1374,-86.7710
481.0000,0.1929,-0.1497,-0.0518,-43.9542,-250.1374,-90.8092
439.0000,0.2195,-0.2354,-0.0813,-36.7557,-250.1374,-92.6565
493.0000,0.3054,-0.1873,-0.2043,-13.0534,-250.1374,-90.5649
447.0000,0.3643,-0.1987,-0.3054,11.1450,-250.1374,-90.1450
556.0000,0.3870,-0.1489,-0.4119,31.3893,-250.1374,-89.6031
457.0000,0.4612,-0.1304,-0.5671,57.6718,-250.1374,-88.7099
520.0000,0.5713,-0.1072,-0.7354,71.5115,-250.1374,-84.1145
481.0000,0.6245,-0.0708,-0.8281,78.6718,-250.1374,-80.7939
484.0000,0.6809,0.0410,-1.0007,82.5115,-242.2137,-76.6031
495.0000,0.7400,0.1133,-1.2278,89.1679,-219.0382,-72.2748
503.0000,0.8242,0.1833,-1.3721,87.2595,-197.5114,-67.4275
486.0000,0.8989,0.2500,-1.4641,73.5344,-173.5572,-62.9771
476.0000,0.9585,0.3313,-1.5288,54.3282,-147.0382,-56.5878
456.0000,1.0059,0.3813,-1.5730,29.0916,-114.3588,-51.5115
481.0000,1.0359,0.4060,-1.5200,-4.6565,-78.1298,-46.0382
483.0000,1.0828,0.3943,-1.4280,-38.1603,-39.4656,-37.8397
490.0000,1.1362,0.3643,-1.3428,-68.6870,4.8855,-28.0000
496.0000,1.1013,0.3254,-1.2661,-91.7176,45.2137,-16.4733
518.0000,1.0784,0.3245,-1.1299,-107.1298,81.6412,-5.4656
462.0000,1.0078,0.3357,-1.0217,-110.0840,109.3435,5.0076
497.0000,0.9631,0.3345,-0.9692,-111.8321,132.2748,15.5802
519.0000,0.9128,0.2957,-0.8428,-108.9695,151.3664,24.6870
470.0000,0.8640,0.2605,-0.6724,-101.9389,164.4580,33.0382
480.0000,0.8279,0.2356,-0.5464,-96.8321,174.2290,41.8626
487.0000,0.8022,0.2209,-0.4399,-92.6107,184.9847,51.1832
485.0000,0.7813,0.1797,-0.3477,-87.0229,192.7710,57.5420
504.0000,0.7642,0.1560,-0.2537,-85.6489,199.5114,63.9008
480.0000,0.7620,0.1226,-0.1638,-88.6794,207.5267,69.8015
486.0000,0.7405,0.1047,-0.0676,-88.0611,212.2137,74.9084
483.0000,0.7334,0.0835,0.0012,-83.1145,214.8473,78.4504
479.0000,0.6296,0.0251,0.0564,-77.4351,205.8397,80.5038
484.0000,0.7068,0.0244,0.1206,-73.5115,217.8931,83.1832
507.0000,0.6824,-0.0264,0.1326,-65.2977,221.1450,84.1527
478.0000,0.6274,-0.0593,0.1243,-62.3359,220.8855,87.8702
475.0000,0.6111,-0.0908,0.1917,-58.3359,220.8244,90.1450
536.0000,0.6079,-0.1433,0.2573,-49.1069,222.0000,91.4275
489.0000,0.5654,-0.2012,0.3125,-42.7863,221.9084,93.7634
500.0000,0.5581,-0.2112,0.3511,-37.7481,224.3359,94.9160
480.0000,0.5349,-0.2300,0.3721,-24.4656,224.1221,94.2901
497.0000,0.5215,-0.2344,0.3262,-16.9237,220.7557,96.1756
486.0000,0.5125,-0.2024,0.3752,-10.2901,215.8092,94.1221
489.0000,0.5032,-0.2549,0.4780,-6.7786,212.5191,89.9084
491.0000,0.4883,-0.2505,0.5273,-11.0305,212.3435,88.5344
501.0000,0.4915,-0.2144,0.5969,-14.0458,211.8092,87.7939
503.0000,0.4890,-0.2195,0.6057,-15.6412,211.3740,85.4275
482.0000,0.4641,-0.2712,0.6162,-20.8855,210.6488,82.7710
512.0000,0.4524,-0.3342,0.6011,-28.7863,213.6947,83.5496
484.0000,0.4119,-0.3618,0.5728,-31.5649,216.5954,85.5038
496.0000,0.3723,-0.3604,0.5798,-29.4733,217.4504,85.5344
481.0000,0.3140,-0.4126,0.6382,-21.8092,213.8168,84.1908
500.0000,0.2773,-0.4260,0.6836,-12.4275,208.8244,83.3740
486.0000,0.2466,-0.4431,0.7473,4.1908,202.6794,80.5649
491.0000,0.2324,-0.4424,0.7756,7.8168,200.9389,79.6565
496.0000,0.2126,-0.4233,0.7622,11.3511,199.1374,78.1221
473.0000,0.2153,-0.4248,0.7537,13.6183,197.8550,76.9389
510.0000,0.1960,-0.3677,0.7358,5.1908,195.3130,76.4275
479.0000,0.2075,-0.3347,0.7571,-0.7023,193.7405,73.9160
489.0000,0.2139,-0.3547,0.7847,-15.4046,192.8397,71.4809
479.0000,0.2090,-0.3997,0.8064,-19.4122,192.0687,69.0076
488.0000,0.1570,-0.4331,0.8230,-13.4580,187.6412,67.0229
481.0000,0.1353,-0.4331,0.8684,-9.5038,186.5878,66.7710
493.0000,0.0767,-0.4358,0.8887,-6.5191,179.3893,67.7328
494.0000,0.1138,-0.5085,0.9609,3.9847,180.5267,66.9313
488.0000,0.1084,-0.5115,0.9856,13.3511,182.8473,68.8015
494.0000,0.0498,-0.5002,0.9326,23.1603,177.4046,70.4046
486.0000,0.0466,-0.4590,0.8999,30.2595,174.5343,71.0534
489.0000,0.0522,-0.4565,0.9404,30.8244,174.0458,67.8855
489.0000,0.0398,-0.4297,0.8918,23.8015,172.6641,65.1527
498.0000,0.0115,-0.3894,0.8359,17.5725,168.1221,62.8168
474.0000,-0.0161,-0.3374,0.8206,2.8015,165.0763,58.2137
503.0000,-0.0544,-0.3623,0.8442,-15.7786,159.7481,51.8855
490.0000,-0.0830,-0.4084,0.9158,-28.6489,152.9237,46.4275
480.0000,-0.1018,-0.4578,0.9609,-39.4962,149.8550,44.8168
478.0000,-0.1152,-0.4839,1.1064,-45.4809,146.1832,42.5878
508.0000,-0.1289,-0.5837,1.2136,-38.4351,142.7328,39.3359
478.0000,-0.1313,-0.6614,1.2339,-25.3206,140.3817,39.2214
497.0000,-0.1509,-0.6821,1.1746,-3.9618,138.4886,40.4198
489.0000,-0.1846,-0.6611,1.1343,17.2748,133.9695,41.8931
485.0000,-0.1987,-0.6355,1.1443,34.0305,126.1221,40.1069
489.0000,-0.1855,-0.5654,1.1365,48.7252,116.8321,36.8626
488.0000,-0.1741,-0.5071,1.1226,52.2137,108.9771,33.3053
482.0000,-0.1641,-0.4382,1.1189,46.6031,102.4733,28.8779
491.0000,-0.1560,-0.4048,1.1589,34.9237,95.1756,24.8779
491.0000,-0.1335,-0.3696,1.1812,19.6031,89.5573,22.0992
492.0000,-0.1079,-0.3718,1.1555,5.0840,86.2519,18.7405
483.0000,-0.0999,-0.4019,1.1082,-4.6412,83.4580,17.1374
487.0000,-0.1011,-0.4194,1.0803,-8.4962,78.3664,17.2443
492.0000,-0.0908,-0.4397,1.0850,-7.2443,73.6870,17.4733
472.0000,-0.0947,-0.4324,1.0544,-1.3817,69.3359,18.2366
493.0000,-0.0664,-0.4277,1.0349,7.3817,68.3359,19.8244
499.0000,-0.0615,-0.4219,1.0234,15.0916,66.2519,22.2061
491.0000,-0.0657,-0.4268,1.0054,26.0611,64.5649,24.0763
488.0000,-0.0723,-0.4292,0.9812,33.0916,63.9237,26.2137
495.0000,-0.0720,-0.4121,0.9546,39.5878,63.1908,28.5267
474.0000,-0.0771,-0.3828,0.9385,44.9160,60.7099,29.0992
480.0000,-0.1003,-0.3499,0.9810,45.3817,57.7328,27.9466
476.0000,-0.1023,-0.3459,0.9988,43.0534,54.9466,26.4809
498.0000,-0.1152,-0.3447,1.0002,38.4580,52.9847,24.9389
504.0000,-0.1377,-0.3435,0.9990,32.5191,51.6718,23.7863
475.0000,-0.1489,-0.3577,1.0327,27.5038,49.7176,22.3588
477.0000,-0.1697,-0.4063,1.0535,26.3588,47.2901,20.7099
450.0000,-0.1909,-0.4224,1.0647,27.6336,45.0534,19.9771
508.0000,-0.2080,-0.4226,1.0667,27.9618,42.8550,20.3893
491.0000,-0.2336,-0.4041,1.0515,28.2824,38.2901,20.7252
518.0000,-0.2527,-0.3984,1.0728,25.3817,32.5954,16.1221
444.0000,-0.3223,-0.4290,1.2102,15.5420,21.1603,6.0992
513.0000,-0.3438,-0.4707,1.3975,-6.5878,5.8092,-4.2290
506.0000,-0.3135,-0.5566,1.5083,-25.4198,-9.6260,-9.5496
425.0000,-0.2766,-0.6550,1.5103,-25.3206,-15.0229,-7.9847
525.0000,-0.2632,-0.7034,1.3992,0.2290,-10.9618,-2.6336
479.0000,-0.3259,-0.6348,1.2693,36.7099,-15.7634,2.4733
481.0000,-0.3308,-0.5234,1.2029,67.4122,-28.1908,5.9695
464.0000,-0.3008,-0.4126,1.1970,87.9466,-38.7863,4.9771
522.0000,-0.3105,-0.3677,1.2253,95.7099,-44.5496,1.0763
508.0000,-0.3521,-0.2800,1.2461,90.2977,-53.5191,-2.7557
383.0000,-0.3857,-0.2473,1.2886,76.6412,-66.2519,-6.1069
586.0000,-0.4116,-0.2302,1.3291,54.3588,-75.7939,-9.6336
366.0000,-0.4304,-0.2461,1.4336,37.5191,-86.5420,-14.7023
698.0000,-0.4570,-0.2913,1.4934,25.0382,-100.1527,-17.7023
408.0000,-0.4985,-0.3269,1.5940,13.8397,-115.2977,-20.1145
494.0000,-0.5376,-0.3547,1.6392,8.7405,-128.9466,-21.8855
497.0000,-0.5583,-0.3894,1.6309,3.6641,-141.9008,-23.0153
503.0000,-0.5647,-0.3875,1.6167,2.4733,-155.7939,-24.6641
419.0000,-0.5442,-0.3628,1.5774,3.1450,-170.7481,-26.9313
607.0000,-0.4697,-0.3281,1.5354,6.5115,-183.2290,-30.0840
423.0000,-0.4319,-0.3479,1.5249,4.6870,-198.3969,-33.7710
566.0000,-0.3540,-0.3237,1.4866,-4.9695,-210.1679,-35.9771
402.0000,-0.3071,-0.3567,1.4751,-11.9084,-219.0763,-40.2443
524.0000,-0.2703,-0.3789,1.4275,-18.6565,-228.7099,-43.4046
720.0000,-0.2576,-0.3845,1.4214,-19.3969,-240.3359,-45.9160
313.0000,-0.2397,-0.4202,1.4775,-21.5573,-250.1374,-50.7176
603.0000,-0.2205,-0.4119,1.4326,-19.1985,-250.1374,-52.8397
497.0000,-0.2371,-0.4431,1.3872,-11.2443,-250.1374,-55.0916
529.0000,-0.2493,-0.4180,1.3604,-5.9847,-250.1374,-56.6947
448.0000,-0.2341,-0.3816,1.2979,0.3664,-250.1374,-56.5038
505.0000,-0.1995,-0.3464,1.2671,4.4809,-250.1374,-57.8550
492.0000,-0.1624,-0.2913,1.1404,1.3588,-250.1374,-58.0534
493.0000,-0.1377,-0.2354,1.0176,0.5573,-250.1374,-58.5496
499.0000,-0.0879,-0.1670,0.9304,-11.5878,-250.1374,-60.5191
445.0000,-0.0720,-0.1731,0.9080,-29.1298,-250.1374,-66.5802
505.0000,-0.0376,-0.1794,0.8403,-43.6565,-250.1374,-70.7481
525.0000,-0.0125,-0.1997,0.7981,-55.4198,-250.1374,-73.9237
425.0000,-0.0176,-0.2671,0.8071,-67.0611,-250.1374,-79.7176
596.0000,0.0054,-0.2361,0.7166,-64.6870,-250.1374,-82.6947
406.0000,0.0166,-0.2512,0.5774,-60.6794,-250.1374,-84.6031
598.0000,0.0247,-0.1919,0.4175,-57.7710,-250.1374,-87.1374
467.0000,0.0515,-0.2915,0.4482,-48.1527,-250.1374,-93.8473
481.0000,0.0244,-0.3225,0.4412,-36.9924,-250.1374,-96.5267
470.0000,0.0383,-0.2212,0.3245,-14.1527,-250.1374,-95.8626
514.0000,0.0762,-0.2136,0.3164,-11.0534,-250.1374,-94.9695
453.0000,0.0745,-0.1487,0.2368,1.3511,-250.1374,-96.6107
514.0000,0.1194,-0.1387,0.1548,18.9924,-250.1374,-97.3970
486.0000,0.1626,-0.1123,0.0569,30.2061,-250.1374,-96.4198
463.0000,0.2012,-0.1169,-0.0171,33.4427,-250.1374,-96.1450
494.0000,0.2593,-0.1323,-0.0901,43.7557,-250.1374,-95.0076
504.0000,0.3289,-0.0962,-0.2290,45.6107,-250.1374,-90.7557
483.0000,0.3718,-0.0486,-0.3398,48.2443,-250.1374,-89.1985
472.0000,0.4243,-0.0662,-0.5229,55.4504,-250.1374,-89.6107
514.0000,0.4902,-0.0132,-0.7158,59.0153,-250.1374,-86.4122
469.0000,0.5662,0.0271,-0.8894,66.4275,-242.0534,-83.1603
501.0000,0.6204,0.0415,-1.0310,68.0534,-225.5649,-78.9695
499.0000,0.7307,0.1382,-1.1909,69.8626,-205.0458,-74.2519
509.0000,0.7996,0.1636,-1.3098,71.6489,-185.0916,-70.1450
485.0000,0.8894,0.2239,-1.3967,57.9618,-161.1450,-64.6718
477.0000,0.9514,0.2900,-1.4629,39.7099,-133.7099,-60.4656
453.0000,1.0154,0.3364,-1.5098,16.1221,-98.1374,-53.1450
467.0000,1.0415,0.3584,-1.4988,-9.4733,-62.0992,-43.1679
549.0000,1.0815,0.3826,-1.4331,-33.9008,-24.6489,-33.8473
508.0000,1.0972,0.4167,-1.3735,-61.2977,16.4885,-23.3435
482.0000,1.0620,0.4133,-1.3010,-79.6794,53.2519,-13.5725
488.0000,1.0088,0.3555,-1.1912,-90.0611,83.3970,-2.5649
485.0000,0.9844,0.3486,-1.0911,-93.3664,109.6794,8.6031
492.0000,0.9563,0.3191,-0.9558,-89.6794,133.8321,19.3130
491.0000,0.8838,0.2961,-0.8672,-88.7481,151.5343,30.6031
475.0000,0.8738,0.3171,-0.7354,-89.4198,171.2748,39.7786
484.0000,0.8328,0.2966,-0.6729,-89.6031,187.7328,48.5191
501.0000,0.7761,0.2617,-0.5930,-93.8015,200.7405,56.7481
491.0000,0.7505,0.2468,-0.5146,-102.3359,213.1221,65.7786
472.0000,0.7219,0.2363,-0.4727,-110.0382,225.6336,73.1069
495.0000,0.6807,0.1833,-0.4297,-114.7481,236.6336,79.0076
475.0000,0.6152,0.1384,-0.3176,-114.0153,240.5114,84.4122
481.0000,0.5840,0.0840,-0.1799,-114.8473,244.0000,89.7939
495.0000,0.5715,0.0259,-0.0574,-109.1145,250.1298,93.9924
488.0000,0.5474,-0.0386,0.0046,-99.9695,250.1298,99.4504
507.0000,0.5107,-0.0474,0.0232,-96.2977,250.1298,106.9237
489.0000,0.4880,-0.0854,0.1104,-86.2290,250.1298,110.9160
491.0000,0.4688,-0.1089,0.1809,-76.5267,250.1298,114.7176
489.0000,0.4329,-0.1106,0.1851,-68.3893,250.1298,117.6412
502.0000,0.3684,-0.1646,0.2185,-51.5878,250.1298,117.3283
485.0000,0.3223,-0.1985,0.2659,-42.3359,250.1298,118.4657
492.0000,0.3052,-0.1731,0.3821,-38.1679,250.1298,118.1145
484.0000,0.2859,-0.1863,0.4895,-32.9695,250.1298,115.9924
483.0000,0.2512,-0.2332,0.5989,-33.9695,250.1298,113.7557
469.0000,0.2200,-0.3167,0.6750,-28.3893,250.1298,112.3053
488.0000,0.1907,-0.4661,0.7756,-22.9847,250.1298,112.5725
484.0000,0.1653,-0.4917,0.8167,-8.1908,250.1298,113.2061
502.0000,0.1238,-0.5125,0.8289,-0.9160,250.1298,116.2061
497.0000,0.1279,-0.4636,0.7817,12.8779,250.1298,113.2672
490.0000,0.0762,-0.4438,0.8083,30.7252,250.1298,103.5649
498.0000,0.0283,-0.4055,0.7954,32.0076,246.9389,96.5420
490.0000,0.0327,-0.3601,0.8257,15.1450,239.1069,91.1298
543.0000,0.0381,-0.2986,0.9502,-6.2901,231.9847,86.9466
485.0000,0.0439,-0.3376,1.1033,-27.9237,225.7252,80.8855
490.0000,0.0303,-0.4568,1.1497,-37.4198,218.5038,77.4733
487.0000,0.0383,-0.5303,1.1189,-29.1145,214.1374,79.1145
487.0000,0.0596,-0.5186,1.0452,-15.1221,211.7939,82.7023
519.0000,0.0388,-0.5286,1.0535,-11.1985,208.6947,83.1450
484.0000,0.0430,-0.5278,1.0183,-4.7023,209.2061,82.7863
487.0000,-0.0076,-0.5447,0.9844,15.0153,203.0076,80.0687
483.0000,-0.0581,-0.5068,0.9565,26.3053,193.9618,77.4351
509.0000,-0.0723,-0.4512,0.9707,25.0534,188.2061,74.8473
484.0000,-0.1104,-0.4109,1.0242,14.8779,177.1756,72.5954
484.0000,-0.0854,-0.4507,1.1621,6.2595,173.5420,68.2595
493.0000,-0.1309,-0.4751,1.2014,4.0687,170.5114,68.7252
483.0000,-0.1401,-0.4565,1.1946,2.0687,164.2595,69.4733
509.0000,-0.1182,-0.4573,1.1492,3.2214,160.4122,69.0382
490.0000,-0.0957,-0.4988,1.1575,0.6565,157.5191,67.0305
492.0000,-0.1177,-0.4775,1.1052,2.0763,152.3740,64.3740
488.0000,-0.1365,-0.4624,1.0571,-1.1145,147.4427,62.1527
467.0000,-0.1514,-0.4734,1.0801,-6.3511,142.0153,58.4580
522.0000,-0.1882,-0.5132,1.0984,-11.2366,132.4122,56.7710
492.0000,-0.2153,-0.5269,1.1545,-14.8550,126.8473,54.6565
484.0000,-0.2268,-0.5344,1.2083,-6.2061,118.6336,52.5573
493.0000,-0.2532,-0.5549,1.1892,7.0229,110.1221,51.4962
490.0000,-0.2324,-0.5586,1.2075,17.1145,106.3740,49.9084
485.0000,-0.2361,-0.5195,1.1980,27.4351,100.3359,47.3740
494.0000,-0.2207,-0.4871,1.1753,28.4046,94.9695,43.7099
484.0000,-0.2080,-0.4844,1.1113,29.3206,92.3130,41.2901
509.0000,-0.1941,-0.4697,1.0447,30.3588,88.6412,40.1527
503.0000,-0.2063,-0.4683,1.0405,34.5267,85.7405,37.5573
483.0000,-0.1968,-0.4902,1.0398,36.5725,82.4657,36.6794
490.0000,-0.1880,-0.4700,1.0161,40.9466,80.5038,36.2061
473.0000,-0.1904,-0.4526,1.0151,42.8702,77.5573,33.2137
518.0000,-0.1924,-0.4148,1.0234,38.0382,71.8092,29.5496
468.0000,-0.1997,-0.3821,1.0684,29.4809,65.4733,26.8855
472.0000,-0.1812,-0.3914,1.1292,18.1145,59.8931,23.1679
530.0000,-0.1748,-0.4270,1.1487,10.0534,56.5725,19.5878
462.0000,-0.1777,-0.4792,1.1819,7.7405,53.2595,18.1221
515.0000,-0.1760,-0.5156,1.2141,11.2824,48.2519,17.4198
482.0000,-0.1921,-0.5381,1.2456,17.9160,41.6412,16.0382
487.0000,-0.1953,-0.5029,1.2893,25.0305,36.7023,14.8702
504.0000,-0.1875,-0.4871,1.2893,29.8092,32.7252,11.9924
445.0000,-0.2329,-0.5962,1.2529,34.6183,27.0840,8.1298
526.0000,-0.2915,-0.6145,1.2625,37.3130,18.0229,4.4198
462.0000,-0.2800,-0.5935,1.3315,31.4656,6.2137,0.2366
408.0000,-0.2349,-0.5398,1.3655,21.3817,-5.7481,-4.1832
582.0000,-0.1826,-0.5020,1.3154,19.5267,-12.8015,-6.4427
451.0000,-0.2100,-0.4758,1.2581,25.4885,-16.1679,-5.4122
551.0000,-0.2715,-0.4377,1.2322,29.4504,-21.0229,-4.5267
436.0000,-0.2842,-0.4312,1.2439,34.1756,-28.7328,-5.2977
488.0000,-0.2979,-0.4263,1.2559,40.6107,-37.0305,-7.2443
556.0000,-0.3005,-0.4077,1.2339,41.3130,-43.3359,-7.1756
495.0000,-0.3213,-0.3718,1.2791,41.5496,-52.2824,-8.8397
409.0000,-0.3647,-0.3496,1.3074,41.2366,-63.2595,-12.8855
547.0000,-0.3862,-0.3645,1.3284,38.6412,-75.3053,-16.5954
503.0000,-0.3906,-0.3521,1.3499,33.1908,-85.9160,-19.2061
462.0000,-0.4170,-0.3474,1.4187,26.5191,-96.9313,-22.1832
579.0000,-0.4783,-0.3518,1.5139,20.2443,-109.9924,-23.6336
506.0000,-0.5176,-0.3682,1.5925,17.4504,-122.7786,-24.1450
434.0000,-0.5171,-0.3779,1.5803,14.0382,-134.3740,-23.6031
474.0000,-0.4954,-0.3596,1.5405,13.3130,-146.7099,-26.6260
509.0000,-0.4946,-0.3428,1.5364,10.6947,-161.3053,-31.2519
352.0000,-0.4778,-0.3308,1.5029,2.0763,-176.5267,-35.0840
526.0000,-0.4492,-0.3257,1.5068,-7.3359,-187.1450,-39.5420
467.0000,-0.4294,-0.3723,1.5225,-14.6260,-196.7023,-44.8397
509.0000,-0.4170,-0.4185,1.5320,-15.7252,-207.4962,-48.1145
519.0000,-0.4011,-0.4341,1.4939,-8.7939,-218.1527,-50.1527
377.0000,-0.3894,-0.4575,1.4563,1.2901,-228.9695,-51.9008
525.0000,-0.3433,-0.4089,1.4336,13.8397,-239.4046,-53.1298
545.0000,-0.3220,-0.3796,1.4036,19.9084,-250.0153,-55.1756
512.0000,-0.3044,-0.3425,1.3750,18.4733,-250.1374,-57.8473
414.0000,-0.2891,-0.3125,1.2949,13.6412,-250.1374,-58.3588
459.0000,-0.2634,-0.2722,1.2627,8.7939,-250.1374,-59.8626
647.0000,-0.2729,-0.2429,1.1768,1.2519,-250.1374,-61.7328
467.0000,-0.2600,-0.2419,1.1978,-11.6870,-250.1374,-63.5802
440.0000,-0.2373,-0.2253,1.1091,-18.3969,-250.1374,-63.9237
518.0000,-0.2251,-0.2322,1.0715,-26.5191,-250.1374,-62.9160
434.0000,-0.2202,-0.2078,1.1003,-33.6031,-250.1374,-65.1221
482.0000,-0.2053,-0.2356,1.0332,-31.7328,-250.1374,-67.2977
509.0000,-0.1658,-0.2710,0.9749,-29.4733,-250.1374,-67.5496
486.0000,-0.1562,-0.2783,0.8667,-22.7023,-250.1374,-66.6565
475.0000,-0.1072,-0.2542,0.7463,-15.9084,-250.1374,-65.6260
477.0000,-0.0867,-0.2476,0.6519,-8.5191,-250.1374,-65.6641
475.0000,-0.0630,-0.2417,0.6201,-4.8702,-250.1374,-66.2901
515.0000,-0.0347,-0.2266,0.5496,-5.0611,-250.1374,-66.1298
466.0000,-0.0142,-0.2292,0.5239,-5.0763,-250.1374,-68.0840
473.0000,-0.0037,-0.2205,0.4182,-5.1298,-250.1374,-70.8015
499.0000,0.0078,-0.1860,0.3728,-8.7099,-250.1374,-71.7099
496.0000,0.0344,-0.1414,0.2568,-11.7939,-250.1374,-74.4504
479.0000,0.0657,-0.2061,0.2112,-12.5115,-250.1374,-80.2137
496.0000,0.0964,-0.2024,0.1326,-15.3130,-250.1374,-80.9313
495.0000,0.1475,-0.1987,-0.0159,-5.4122,-250.1374,-79.0687
467.0000,0.2117,-0.1653,-0.0942,10.3359,-250.1374,-79.1069
503.0000,0.2380,-0.1948,-0.1890,28.1603,-250.1374,-79.3740
483.0000,0.2949,-0.1892,-0.2837,54.4046,-250.1374,-78.6947
463.0000,0.3633,-0.1775,-0.4333,83.0153,-250.1374,-75.2672
492.0000,0.4219,-0.1543,-0.5627,98.6870,-250.1374,-73.0000
440.0000,0.4683,-0.0813,-0.7188,112.5038,-250.1374,-69.8473
400.0000,0.5833,-0.0090,-0.8894,113.8931,-250.1374,-66.5115
490.0000,0.6370,0.0017,-0.9785,99.0916,-246.9695,-67.9771
488.0000,0.7107,0.1155,-1.1807,76.6183,-225.8244,-67.0076
479.0000,0.8076,0.2288,-1.4377,54.7481,-204.5267,-64.7099
548.0000,0.9001,0.2539,-1.5986,19.1450,-179.2672,-62.5725
498.0000,0.9587,0.2661,-1.6384,-14.9466,-149.3969,-60.2824
465.0000,0.9988,0.2180,-1.6353,-43.9695,-117.3740,-54.8168
513.0000,1.0122,0.2803,-1.6289,-65.2137,-87.2595,-47.5267
487.0000,1.0461,0.3403,-1.5554,-83.5954,-54.6870,-41.7023
502.0000,1.1218,0.3843,-1.4426,-108.1374,-14.7481,-33.7023
499.0000,1.1265,0.3354,-1.3198,-118.9237,25.3206,-24.6183
482.0000,1.0686,0.2437,-1.2039,-123.0534,59.2061,-12.1069
541.0000,1.0288,0.2222,-1.0774,-122.3664,94.9160,1.4504
518.0000,0.9768,0.1794,-0.9446,-108.5038,121.9008,14.0000
468.0000,0.9233,0.2366,-0.8445,-100.3664,144.5725,27.0611
561.0000,0.8704,0.2231,-0.7488,-87.0458,159.3130,34.1679
481.0000,0.8110,0.1846,-0.6455,-77.4046,168.1527,40.0382
496.0000,0.8008,0.1897,-0.5449,-80.7786,178.7863,47.2137
491.0000,0.7903,0.1716,-0.4385,-87.5954,190.5954,53.5267
510.0000,0.7769,0.1362,-0.3169,-97.2672,200.5878,59.1679
494.0000,0.7305,0.0950,-0.2026,-106.8321,204.7099,63.8855
492.0000,0.7488,0.0620,-0.1243,-110.4733,211.6794,68.0153
487.0000,0.7278,0.0227,-0.0225,-106.0992,214.5191,71.3435
472.0000,0.6909,-0.0264,0.0527,-104.8550,214.8321,75.2061
503.0000,0.7000,-0.0386,0.0635,-99.0382,216.9084,78.1756
495.0000,0.6729,-0.0767,0.1011,-88.9084,217.6717,80.4962
491.0000,0.6694,-0.0908,0.1306,-84.2901,219.1908,84.3359
473.0000,0.6589,-0.1016,0.1724,-77.1832,220.8855,87.3893
496.0000,0.6450,-0.1311,0.2393,-67.2061,224.3130,88.1985
485.0000,0.5994,-0.1731,0.2729,-54.3817,223.6641,89.1908
493.0000,0.5828,-0.2117,0.3206,-41.9847,223.7481,91.0458
492.0000,0.6006,-0.2117,0.3196,-33.2214,227.9466,91.9924
485.0000,0.5798,-0.2053,0.2927,-22.9771,230.6336,92.4962
488.0000,0.5493,-0.1799,0.2825,-17.2290,230.3511,92.0076
485.0000,0.5237,-0.1821,0.3467,-18.3130,228.8092,89.3817
488.0000,0.5071,-0.2434,0.4333,-20.4122,227.6794,86.8550
489.0000,0.5078,-0.2520,0.4624,-18.8168,229.8092,86.6489
506.0000,0.4849,-0.2549,0.4724,-15.3359,229.9084,86.5496
493.0000,0.4990,-0.2312,0.4736,-8.7328,230.8244,85.2748
508.0000,0.4321,-0.2493,0.4609,-6.6641,225.7099,84.7481
492.0000,0.4192,-0.2815,0.5032,-3.4275,225.6488,83.4962
487.0000,0.4119,-0.2983,0.5537,-7.3893,230.3206,83.5954
498.0000,0.3679,-0.2976,0.5759,-4.4275,231.3969,84.0840
495.0000,0.3267,-0.3308,0.6321,0.6870,231.0611,85.5649
494.0000,0.3208,-0.3491,0.6750,-4.6031,235.1221,87.1908
488.0000,0.3115,-0.3486,0.6555,9.4122,235.8931,85.7481
494.0000,0.2498,-0.3562,0.6077,16.9313,234.0382,86.2061
492.0000,0.2332,-0.3081,0.5830,23.1832,229.6488,85.1679
491.0000,0.2273,-0.2764,0.6321,25.5649,225.0305,82.3435
493.0000,0.2009,-0.2598,0.7202,14.2214,223.3740,79.6412
492.0000,0.1885,-0.2603,0.7314,-2.0153,224.8855,77.7176
484.0000,0.1702,-0.2678,0.6934,-8.7481,227.4198,77.9695
501.0000,0.1189,-0.3037,0.6924,-10.0076,224.3359,79.6260
491.0000,0.0845,-0.2856,0.7429,-11.8931,222.6794,81.4886
493.0000,0.0540,-0.3318,0.8530,-8.0611,221.5420,80.3359
493.0000,0.0396,-0.3750,0.9233,-1.6794,222.3740,80.2061
495.0000,-0.0300,-0.4631,0.9421,-5.4656,221.8702,84.2977
454.0000,-0.0669,-0.4846,0.9082,3.5038,223.7328,87.1756
498.0000,-0.1411,-0.4954,0.9343,16.6031,223.4046,86.1832
481.0000,-0.2146,-0.4426,1.0159,14.8779,214.4733,82.8092
486.0000,-0.3135,-0.4773,1.1028,17.6412,196.9237,77.9313
490.0000,-0.2920,-0.5354,1.0920,20.9924,188.1450,74.7634
495.0000,-0.2881,-0.5400,1.1108,21.7939,182.7328,74.1756
490.0000,-0.3159,-0.5430,1.1177,22.0000,172.0840,75.2290
491.0000,-0.3149,-0.4929,1.1885,17.6031,161.6107,74.7939