raw_emg,raw_ax,raw_ay,raw_az,raw_gx,raw_gy,raw_gz
6.0000,-0.2395,-0.1917,0.8669,-3.2672,1.7176,-0.1298
7.0000,-0.2446,-0.1980,0.8621,-2.9542,1.7176,-0.2137
6.0000,-0.2344,-0.1904,0.8525,-2.4122,1.8702,-0.1374
6.0000,-0.2407,-0.1836,0.8616,-2.0229,1.9084,0.0382
6.0000,-0.2375,-0.1890,0.8601,-1.7328,2.0763,-0.3206
6.0000,-0.2419,-0.1855,0.8572,-1.9084,2.0458,-0.1450
6.0000,-0.2444,-0.1853,0.8457,-2.1374,1.8321,-0.3511
6.0000,-0.2439,-0.1826,0.8503,-2.5038,1.7634,-0.3893
6.0000,-0.2346,-0.1799,0.8489,-2.7023,1.7405,-0.2748
6.0000,-0.2358,-0.1809,0.8447,-2.5802,1.5573,-0.4733
6.0000,-0.2405,-0.1775,0.8354,-2.8397,1.2366,-0.5573
5.0000,-0.2351,-0.1826,0.8455,-3.4656,1.3664,-0.5115
5.0000,-0.2410,-0.1731,0.8420,-3.4504,1.6107,-0.5573
6.0000,-0.2437,-0.1846,0.8535,-3.5649,1.6031,-0.4122
6.0000,-0.2383,-0.1731,0.8484,-3.1756,1.8779,-0.1374
6.0000,-0.2456,-0.1799,0.8452,-2.8626,1.6336,-0.2519
6.0000,-0.2488,-0.1892,0.8442,-3.2519,1.8321,0.1908
5.0000,-0.2402,-0.1809,0.8523,-3.5267,1.5802,0.2672
5.0000,-0.2390,-0.1860,0.8435,-3.8015,1.7176,0.1298
6.0000,-0.2388,-0.1765,0.8433,-3.8092,1.9695,0.1908
6.0000,-0.2310,-0.1724,0.8511,-4.0687,1.9847,0.1985
6.0000,-0.2476,-0.1689,0.8540,-4.1679,1.7557,0.2595
6.0000,-0.2395,-0.1829,0.8455,-4.1832,1.9008,0.4122
6.0000,-0.2371,-0.1794,0.8457,-4.6107,2.1603,0.2290
6.0000,-0.2375,-0.1802,0.8479,-4.7405,2.1908,0.0229
6.0000,-0.2371,-0.1802,0.8552,-4.8397,2.5954,0.1908
6.0000,-0.2227,-0.1724,0.8467,-5.3664,3.0153,0.2519
6.0000,-0.2224,-0.1782,0.8503,-5.5573,3.7634,0.1374
6.0000,-0.2285,-0.1809,0.8450,-5.9924,4.0916,0.0916
6.0000,-0.2197,-0.1814,0.8337,-6.6794,4.7405,0.1450
6.0000,-0.2173,-0.1899,0.8572,-6.9542,5.3359,0.1298
5.0000,-0.2207,-0.1963,0.8572,-6.4427,5.7252,0.1756
6.0000,-0.2180,-0.1863,0.8567,-6.5573,6.3511,0.4046
6.0000,-0.2161,-0.1921,0.8684,-6.1450,6.8244,0.1527
6.0000,-0.2217,-0.1943,0.8879,-6.2519,6.9008,-0.1756
6.0000,-0.2195,-0.1941,0.8884,-6.7634,7.3893,-0.5115
6.0000,-0.2117,-0.2004,0.8918,-6.3435,8.1374,-0.4962
6.0000,-0.2192,-0.2004,0.8940,-5.3282,8.5878,-0.7328
7.0000,-0.2102,-0.2051,0.8850,-4.3435,8.7786,-0.8092
7.0000,-0.2151,-0.2051,0.8967,-3.0458,8.4733,-0.8702
118.0000,-0.2083,-0.2004,0.8896,-1.0153,8.7099,-0.6565
134.0000,-0.2021,-0.2014,0.8918,0.9237,8.7252,-0.8550
135.0000,-0.1958,-0.1978,0.8909,2.2672,8.4885,-0.9542
128.0000,-0.2000,-0.2009,0.8997,3.2366,8.7863,-1.2901
205.0000,-0.1882,-0.1917,0.8982,3.9771,9.2901,-1.0916
157.0000,-0.1943,-0.1921,0.9199,4.7099,9.9084,-0.4351
249.0000,-0.1934,-0.1877,0.9255,5.4809,10.0763,-0.0458
157.0000,-0.1909,-0.1980,0.9377,6.9618,10.8931,0.8015
182.0000,-0.2061,-0.2090,0.9568,10.5802,11.4198,1.9695
194.0000,-0.2124,-0.2227,0.9802,16.5420,12.3206,3.6260
194.0000,-0.2117,-0.2119,0.9858,22.5649,12.3053,5.6718
182.0000,-0.2168,-0.1948,0.9631,28.3664,11.6107,7.0687
232.0000,-0.2363,-0.1995,0.9573,33.8397,9.8397,8.0000
224.0000,-0.2463,-0.1963,0.9414,36.8397,7.5649,8.3206
210.0000,-0.2534,-0.1887,0.9192,37.4427,4.9618,7.7710
209.0000,-0.2488,-0.1597,0.9106,34.3435,4.0000,7.0382
218.0000,-0.2454,-0.1423,0.8977,28.5038,2.2137,5.5954
244.0000,-0.2402,-0.1589,0.8872,22.5496,0.3130,3.7176
209.0000,-0.2380,-0.1768,0.8906,15.2901,-2.1145,2.7710
212.0000,-0.2583,-0.1836,0.9216,8.6565,-4.1756,3.4275
271.0000,-0.2778,-0.1738,0.9368,7.5573,-3.6718,3.7023
230.0000,-0.3003,-0.1692,0.9463,8.4275,-3.8168,2.5573
305.0000,-0.3340,-0.1785,0.9812,10.7481,-6.7405,1.5344
229.0000,-0.3337,-0.1868,1.0090,14.8779,-9.7176,1.4809
234.0000,-0.3533,-0.1853,1.0452,18.0840,-11.4809,2.0305
322.0000,-0.3757,-0.1870,1.0710,21.7405,-12.3359,2.7099
227.0000,-0.3955,-0.1777,1.0933,26.1450,-14.2137,3.8168
267.0000,-0.4006,-0.1599,1.1140,29.3740,-17.2977,5.0305
110.0000,-0.3989,-0.1448,1.1072,31.1832,-21.4580,6.2061
280.0000,-0.4160,-0.1223,1.1089,33.1527,-26.4275,7.0458
333.0000,-0.4382,-0.0913,1.1033,33.6794,-32.5725,7.6565
245.0000,-0.4629,-0.0564,1.1536,31.0305,-40.9847,6.3359
193.0000,-0.4700,-0.0364,1.1865,25.8550,-47.8626,4.8702
445.0000,-0.4780,-0.0125,1.2085,19.8092,-54.7099,4.2595
281.0000,-0.5205,-0.0313,1.2808,11.2519,-63.3893,4.5649
207.0000,-0.5540,-0.0571,1.3496,5.9618,-74.0305,5.1908
269.0000,-0.5896,-0.0576,1.3884,4.4351,-83.7328,7.2137
275.0000,-0.5945,-0.0417,1.3782,3.8473,-93.3817,9.4427
232.0000,-0.5974,-0.0283,1.3677,1.9695,-101.3893,10.1374
197.0000,-0.6062,-0.0134,1.3467,-0.3893,-113.7023,10.0611
532.0000,-0.5820,-0.0024,1.3208,-5.6718,-124.9466,8.9695
254.0000,-0.5684,-0.0337,1.3450,-13.6794,-134.4427,6.9389
233.0000,-0.5789,-0.0808,1.3821,-20.6947,-145.0305,5.7710
293.0000,-0.5667,-0.0989,1.3950,-23.9389,-154.9618,7.4122
309.0000,-0.5520,-0.1057,1.4041,-26.2443,-163.8321,8.1679
285.0000,-0.5576,-0.1072,1.3994,-24.1908,-175.6107,7.1069
277.0000,-0.5315,-0.0889,1.3796,-22.5878,-188.3969,4.9466
266.0000,-0.5107,-0.0623,1.3254,-24.2901,-200.2366,2.0076
315.0000,-0.4673,-0.0491,1.2678,-32.4733,-210.4809,-2.2977
339.0000,-0.4380,-0.0459,1.1882,-46.6947,-221.3282,-6.0992
211.0000,-0.3899,-0.0576,1.1409,-66.0992,-229.9237,-10.1603
375.0000,-0.3340,-0.0647,1.1201,-86.6260,-236.6107,-14.7710
382.0000,-0.3040,-0.1160,1.1772,-102.7863,-243.5649,-20.4809
295.0000,-0.2900,-0.1746,1.2126,-110.5878,-250.1374,-25.0534
185.0000,-0.2600,-0.2036,1.1697,-108.2595,-250.1374,-28.0382
388.0000,-0.2087,-0.1958,1.0774,-102.5725,-250.1374,-30.0611
328.0000,-0.1692,-0.2229,1.0139,-98.6031,-250.1374,-33.1832
199.0000,-0.1394,-0.2600,0.9529,-96.7863,-250.1374,-35.3130
406.0000,-0.0776,-0.2463,0.8909,-95.8931,-250.1374,-35.0992
240.0000,-0.0518,-0.2334,0.8713,-95.8779,-250.1374,-36.7176
334.0000,-0.0486,-0.2480,0.8284,-93.5573,-250.1374,-40.3206
308.0000,0.0024,-0.1992,0.7393,-87.7710,-250.1374,-41.2366
264.0000,0.0195,-0.1829,0.7190,-87.2595,-250.1374,-42.4046
253.0000,0.0269,-0.2673,0.7969,-93.5420,-250.1374,-48.3282
345.0000,0.0549,-0.2683,0.7502,-92.1145,-250.1374,-50.2748
266.0000,0.0938,-0.2136,0.6692,-94.2290,-250.1374,-49.3740
283.0000,0.1172,-0.2087,0.6624,-99.2061,-250.1374,-53.4275
326.0000,0.1345,-0.1670,0.5803,-100.7710,-250.1374,-57.4580
282.0000,0.2004,-0.1348,0.4558,-101.0229,-250.1374,-59.2595
269.0000,0.2302,-0.1824,0.4075,-106.2061,-250.1374,-65.4962
439.0000,0.2651,-0.2148,0.3508,-108.9008,-250.1374,-69.9695
240.0000,0.3264,-0.2559,0.3608,-114.9847,-250.1374,-74.0992
428.0000,0.3359,-0.2651,0.3008,-111.8473,-250.1374,-77.3970
294.0000,0.3560,-0.2715,0.2405,-102.4962,-250.1374,-79.8855
311.0000,0.3804,-0.2810,0.1907,-93.2901,-250.1374,-81.7481
318.0000,0.4055,-0.2427,0.1409,-76.4046,-250.1374,-82.2443
367.0000,0.4397,-0.2212,0.1343,-63.0382,-250.1374,-81.4886
300.0000,0.4641,-0.1963,0.1152,-53.5496,-250.1374,-80.9466
326.0000,0.4851,-0.1545,0.0652,-43.6489,-250.1374,-79.6718
339.0000,0.5535,-0.1294,-0.0088,-38.1908,-250.1374,-77.9618
306.0000,0.5466,-0.1343,-0.0476,-35.5115,-250.1374,-76.4046
416.0000,0.5769,-0.1372,-0.0940,-37.2366,-250.1374,-74.4809
301.0000,0.5881,-0.1602,-0.1460,-30.0763,-248.6565,-70.6412
370.0000,0.6167,-0.1489,-0.2280,-23.5725,-238.9084,-66.1069
369.0000,0.6765,-0.0916,-0.3105,-11.5496,-229.8550,-60.9542
363.0000,0.7229,-0.0679,-0.3718,5.3511,-218.1679,-56.4427
323.0000,0.7402,-0.1033,-0.4070,20.5038,-207.0534,-52.0229
378.0000,0.7517,-0.0962,-0.4526,32.0992,-198.6260,-46.3893
425.0000,0.8118,-0.0635,-0.5647,45.1069,-188.8397,-40.0229
403.0000,0.8613,0.0261,-0.6555,50.2824,-176.1527,-34.7328
525.0000,0.8879,0.0513,-0.6880,50.9237,-161.8702,-32.0076
469.0000,0.9143,0.0681,-0.7180,48.1450,-147.0076,-28.6336
421.0000,0.9246,0.0093,-0.7178,41.8168,-131.1374,-24.0305
446.0000,0.9573,-0.0015,-0.7385,29.0916,-108.5725,-18.6870
431.0000,0.8267,-0.1057,-0.8623,20.4656,-101.5725,-13.2748
470.0000,0.9600,-0.0530,-0.8435,-12.5115,-51.8550,-9.6794
413.0000,1.0334,0.0244,-0.6829,-12.2366,-14.0916,-6.3588
397.0000,0.9368,-0.0498,-0.7283,-19.1985,-9.0611,-1.9771
411.0000,0.9609,-0.0728,-0.6638,5.5344,-4.8473,1.2290
411.0000,1.0181,-0.0537,-0.6707,13.1069,19.4046,4.6641
384.0000,0.9495,-0.0295,-0.6738,18.4122,29.7557,7.2290
367.0000,0.9456,-0.0840,-0.6375,36.9618,32.1527,10.6489
400.0000,0.9490,-0.1401,-0.6367,55.2290,37.9389,14.3511
408.0000,0.9456,-0.1047,-0.5767,55.4809,54.6718,16.3588
361.0000,0.9355,-0.1189,-0.5420,53.4504,70.8397,17.6412
391.0000,0.9290,-0.0984,-0.5352,20.1069,95.9771,18.9237
369.0000,0.9534,-0.0957,-0.4910,-16.2443,129.3053,20.2824
376.0000,0.9236,-0.1094,-0.4170,-37.7786,151.4427,21.4122
413.0000,0.8887,-0.1250,-0.3911,-42.9924,162.1145,23.3588
401.0000,0.8640,-0.1501,-0.3647,-29.3053,163.3893,24.8550
375.0000,0.8535,-0.1658,-0.3682,-9.0763,165.4886,25.5191
372.0000,0.8411,-0.1719,-0.3723,1.2595,170.1908,26.1145
382.0000,0.8406,-0.1575,-0.3557,-1.2901,180.2519,26.4885
393.0000,0.8174,-0.1509,-0.2942,-19.6031,196.9237,27.4885
380.0000,0.8081,-0.1211,-0.2166,-35.5954,214.6031,28.7176
367.0000,0.7893,-0.1470,-0.1726,-39.6260,228.1298,31.0458
233.0000,0.7397,-0.2075,-0.0903,-38.1298,237.1145,33.0840
263.0000,0.7009,-0.2485,-0.0044,-26.9618,239.9618,35.1603
283.0000,0.7034,-0.2395,0.0344,-9.6794,243.0611,37.9847
293.0000,0.6917,-0.2327,0.0293,6.2824,244.7633,41.5573
317.0000,0.6804,-0.2114,0.0276,18.1908,248.4809,43.9771
321.0000,0.6560,-0.2173,0.0549,29.2137,250.1298,45.8397
313.0000,0.6294,-0.1819,0.0544,27.1145,250.1298,47.5115
335.0000,0.6226,-0.1079,0.0034,23.1985,250.1298,47.7710
340.0000,0.5691,-0.0823,-0.0327,18.1679,250.1298,47.2214
331.0000,0.4771,-0.1106,0.0498,5.2137,250.1298,45.2901
344.0000,0.4490,-0.0994,0.1890,-5.7328,250.1298,42.1985
383.0000,0.4558,-0.1121,0.2151,-9.7328,250.1298,42.0076
378.0000,0.4255,-0.1394,0.2383,-14.2214,250.1298,44.7023
346.0000,0.3694,-0.1550,0.3652,-14.7863,250.1298,46.3893
363.0000,0.3462,-0.1819,0.4729,-10.5038,250.1298,46.9237
356.0000,0.3271,-0.2419,0.5227,-1.0534,250.1298,51.1603
367.0000,0.3459,-0.2520,0.5376,4.5878,250.1298,54.1374
379.0000,0.3184,-0.2117,0.5439,4.9084,250.1298,58.1221
360.0000,0.2803,-0.2168,0.5195,11.2443,250.1298,60.3511
355.0000,0.2510,-0.2014,0.4834,18.7786,250.1298,62.6260
376.0000,0.2146,-0.1724,0.4082,9.8626,250.1298,61.9771
362.0000,0.1355,-0.1484,0.5315,-6.9389,250.1298,58.5191
369.0000,0.0635,-0.1484,0.5745,-25.4885,250.1298,55.2977
374.0000,0.1292,-0.1494,0.7607,-27.4427,250.1298,53.8702
362.0000,0.0210,-0.1855,0.9636,-48.7786,250.1298,52.2824
392.0000,0.0039,-0.2271,1.0337,-58.5725,248.6565,52.0840
384.0000,0.0261,-0.2712,0.9983,-55.5496,250.1298,54.1221
379.0000,0.0125,-0.3389,0.9253,-49.1298,247.8702,54.7634
376.0000,-0.0718,-0.3655,0.9668,-40.4733,242.5343,59.7099
374.0000,-0.0571,-0.4333,1.0117,-31.3282,242.4351,61.3511
390.0000,-0.0503,-0.4187,0.9202,-17.3817,242.7328,62.7634
373.0000,-0.0781,-0.4373,0.8652,-0.2672,242.9847,66.8855
385.0000,-0.0952,-0.4077,0.8870,8.8931,235.9695,66.1603
376.0000,-0.1335,-0.3748,0.9656,20.1985,228.1832,65.3053
385.0000,-0.1707,-0.3794,1.0254,34.9618,218.6107,65.3740
389.0000,-0.2266,-0.3896,1.1028,40.1450,210.1679,63.9847
391.0000,-0.2896,-0.3728,1.3267,38.0534,204.0534,61.8626
385.0000,-0.3245,-0.3450,1.4575,34.9466,197.9389,59.1145
402.0000,-0.3318,-0.3347,1.4727,31.4885,194.3282,56.8779
377.0000,-0.3599,-0.3667,1.3955,33.1069,189.9160,53.8321
406.0000,-0.3704,-0.3821,1.3228,27.7939,182.8092,50.9695
406.0000,-0.3833,-0.4348,1.2402,16.6947,173.9160,46.1221
384.0000,-0.3486,-0.4709,1.2271,12.7481,167.1908,41.1985
433.0000,-0.3667,-0.4773,1.1497,0.7710,157.1374,38.3359
403.0000,-0.3545,-0.4739,1.2295,-0.4122,149.6947,35.0534
397.0000,-0.3921,-0.5469,1.3149,11.8168,140.0000,33.1298
397.0000,-0.4023,-0.5386,1.3464,25.0458,129.4580,33.2977
409.0000,-0.3960,-0.5139,1.3523,42.6870,122.0840,35.2824
407.0000,-0.3875,-0.4690,1.3257,61.0382,115.4198,36.9008
398.0000,-0.3623,-0.4194,1.2803,73.7099,107.8015,36.5038
417.0000,-0.3472,-0.3777,1.2729,77.4428,102.9847,33.4046
396.0000,-0.3440,-0.3677,1.2776,72.4428,100.1908,29.0382
404.0000,-0.3386,-0.3569,1.2288,69.4198,97.0000,26.9771
430.0000,-0.3403,-0.3311,1.1438,66.6641,91.5496,23.7786
395.0000,-0.3323,-0.3210,1.1458,60.3053,84.5038,19.0763
415.0000,-0.2935,-0.3389,1.1555,52.7634,74.0916,13.7939
411.0000,-0.2761,-0.3215,1.1609,48.0229,67.2595,10.1832
410.0000,-0.2864,-0.3201,1.1448,40.1450,64.4580,9.8473
404.0000,-0.3108,-0.3447,1.1309,29.3969,62.2366,9.9084
414.0000,-0.3196,-0.3499,1.1243,21.4198,57.8321,8.8931
405.0000,-0.3174,-0.3296,1.1243,18.2977,51.2977,7.0840
406.0000,-0.3057,-0.3215,1.1111,18.8626,46.8321,6.2901
420.0000,-0.3003,-0.3196,1.0874,19.8168,44.4427,6.8626
414.0000,-0.3081,-0.2983,1.0762,19.7252,41.3511,7.4885
397.0000,-0.3154,-0.2747,1.0071,12.2519,39.6260,9.0534
422.0000,-0.3279,-0.2500,0.9351,7.2595,38.0611,9.9084
417.0000,-0.3311,-0.2080,0.8958,0.6336,35.0687,9.1985
397.0000,-0.3555,-0.1887,0.8481,-8.6031,29.6183,8.4427
431.0000,-0.3364,-0.1658,0.8054,-14.3664,27.2061,6.7786
407.0000,-0.3477,-0.1709,0.8042,-18.2748,22.6794,5.6565
406.0000,-0.3599,-0.1875,0.8381,-26.7557,16.4656,4.5725
427.0000,-0.3513,-0.2075,0.8987,-31.9847,8.6107,3.3282
419.0000,-0.3528,-0.2678,0.9658,-33.2290,0.2137,1.3359
426.0000,-0.3301,-0.2917,1.0271,-31.4122,-6.5038,-0.2977
443.0000,-0.3083,-0.3032,1.0420,-27.2901,-10.0229,-0.4198
433.0000,-0.2927,-0.3066,1.0330,-21.7786,-10.4504,0.1450
433.0000,-0.2744,-0.3206,1.0061,-15.4427,-9.7710,0.4198
434.0000,-0.2576,-0.3206,0.9629,-4.8855,-12.2901,1.0076
428.0000,-0.2322,-0.3064,0.8940,-2.5725,-9.5344,1.3588
436.0000,-0.2070,-0.2969,0.8638,1.5344,-6.6489,0.0229
447.0000,-0.2058,-0.2888,0.8230,4.5191,-3.6412,-0.4580
434.0000,-0.1917,-0.2844,0.7949,6.7405,-3.6107,-1.5267
405.0000,-0.1802,-0.2761,0.7686,10.2824,-4.5878,-2.0229
488.0000,-0.1819,-0.2625,0.7500,12.0458,-5.3511,-2.9389
432.0000,-0.1663,-0.2727,0.7395,11.0534,-4.1069,-3.2901
425.0000,-0.1682,-0.2603,0.7417,7.6718,-3.3511,-3.4198
475.0000,-0.1750,-0.2542,0.7554,5.5115,-1.9771,-3.1832
434.0000,-0.1953,-0.2488,0.7759,5.6031,-1.3817,-2.9313
423.0000,-0.2163,-0.2468,0.8093,6.3893,-1.9160,-3.2977
466.0000,-0.2341,-0.2598,0.8333,7.1145,-2.7557,-2.9618
426.0000,-0.2278,-0.2642,0.8774,8.2672,-2.5115,-1.9389
490.0000,-0.2310,-0.2595,0.8909,8.4962,-1.0763,-0.8931
455.0000,-0.2412,-0.2598,0.9182,7.3282,0.8550,0.6718
451.0000,-0.2441,-0.2473,0.9292,5.2901,2.6870,2.0458
419.0000,-0.2534,-0.2483,0.9436,5.0458,2.6412,2.1985
420.0000,-0.2546,-0.2241,0.9622,5.4656,0.0534,2.5038
427.0000,-0.2542,-0.2434,0.9548,5.5038,-0.5649,2.2061
463.0000,-0.2781,-0.2375,0.9814,5.6412,-2.8473,2.5649
379.0000,-0.2666,-0.2498,0.9841,4.4733,-6.6031,2.6641
449.0000,-0.2788,-0.2483,0.9883,2.7176,-11.0763,2.8626
408.0000,-0.2959,-0.2549,0.9895,3.3282,-13.4198,3.0000
378.0000,-0.3264,-0.2659,1.0134,2.0229,-15.2366,1.8626
413.0000,-0.3655,-0.2632,1.0510,1.6641,-17.7023,1.1908
466.0000,-0.3904,-0.2642,1.0554,3.6336,-20.7405,0.7023
501.0000,-0.4248,-0.2971,1.1108,6.3053,-24.3053,0.7405
431.0000,-0.4675,-0.3206,1.1775,8.9313,-28.0000,0.8779
456.0000,-0.5125,-0.3381,1.2283,18.1145,-32.6031,2.1832
390.0000,-0.5364,-0.3088,1.2671,31.1527,-39.6870,3.7786
477.0000,-0.5498,-0.2388,1.2866,41.4198,-48.9847,4.3282
364.0000,-0.5354,-0.1829,1.2993,43.2443,-59.8626,2.8244
506.0000,-0.5188,-0.1472,1.3164,39.7634,-70.1756,-0.9924
381.0000,-0.4937,-0.1221,1.3181,28.5878,-78.5802,-4.5344
411.0000,-0.5078,-0.1174,1.3406,9.7481,-89.0229,-7.9389
455.0000,-0.4961,-0.1152,1.3997,-12.5191,-95.7939,-11.0229
502.0000,-0.4624,-0.1482,1.4380,-24.3664,-103.3206,-15.3588
470.0000,-0.4548,-0.2205,1.4495,-27.7405,-115.1985,-18.5267
451.0000,-0.4377,-0.2573,1.4541,-25.2748,-130.5038,-18.5802
389.0000,-0.4207,-0.2632,1.4058,-25.7863,-140.5114,-16.8550
382.0000,-0.3989,-0.2288,1.4041,-24.0229,-148.3893,-16.2595
392.0000,-0.3948,-0.1943,1.3535,-24.5649,-158.9466,-17.2214
515.0000,-0.3613,-0.1687,1.3081,-27.5954,-169.9924,-17.8855
350.0000,-0.3469,-0.1809,1.3555,-35.8550,-176.7252,-18.6183
469.0000,-0.3538,-0.1973,1.3972,-41.7328,-184.5267,-19.8244
381.0000,-0.3608,-0.2031,1.3892,-43.8397,-192.9008,-19.5267
431.0000,-0.3765,-0.1919,1.3833,-46.1527,-200.6412,-19.7099
437.0000,-0.4080,-0.2136,1.3997,-46.9008,-208.7176,-21.5344
431.0000,-0.4089,-0.2383,1.3713,-46.6641,-217.7633,-23.4580
421.0000,-0.3987,-0.2690,1.3169,-44.5267,-225.5191,-23.9008
472.0000,-0.3799,-0.2869,1.2346,-39.4809,-234.8931,-24.8092
398.0000,-0.3689,-0.2773,1.1941,-35.1145,-245.7557,-26.3282
355.0000,-0.3386,-0.2649,1.0952,-31.7252,-250.1374,-28.9618
491.0000,-0.2666,-0.2058,0.9915,-39.1374,-250.1374,-30.8397
385.0000,-0.2014,-0.1714,1.0110,-52.3893,-250.1374,-35.7099
380.0000,-0.1348,-0.1772,0.9768,-68.7328,-250.1374,-43.5496
345.0000,-0.1433,-0.2498,0.9253,-71.5573,-250.1374,-48.9160
497.0000,-0.0896,-0.3069,0.8840,-92.4351,-250.1374,-51.1832
355.0000,-0.0710,-0.3235,0.9551,-97.5725,-250.1374,-53.6260
449.0000,-0.0549,-0.3254,0.9570,-105.2290,-250.1374,-54.2290
408.0000,-0.0474,-0.3230,0.9863,-103.3817,-250.1374,-56.1527
375.0000,-0.0652,-0.3618,0.9736,-94.8931,-250.1374,-60.0153
431.0000,-0.0308,-0.3523,0.7515,-77.1679,-250.1374,-61.2595
397.0000,-0.0195,-0.3623,0.6023,-65.7557,-250.1374,-60.9618
422.0000,0.0112,-0.3132,0.5535,-53.5038,-250.1374,-63.6870
339.0000,0.0618,-0.2908,0.3928,-52.8168,-250.1374,-65.2443
689.0000,0.0935,-0.2554,0.3855,-55.9771,-250.1374,-67.0763
383.0000,0.1111,-0.2495,0.4214,-70.4657,-250.1374,-70.2290
370.0000,0.1587,-0.1689,0.3611,-74.9160,-250.1374,-72.3817
495.0000,0.2246,-0.0999,0.3411,-72.1985,-250.1374,-71.7099
460.0000,0.2456,-0.1309,0.3586,-80.5115,-250.1374,-74.0534
418.0000,0.2209,-0.2754,0.4514,-90.5878,-250.1374,-81.8626
421.0000,0.2632,-0.2380,0.3896,-82.3511,-250.1374,-81.9313
446.0000,0.3386,-0.1814,0.2158,-74.8779,-250.1374,-77.7939
419.0000,0.3506,-0.1528,0.0623,-68.2977,-250.1374,-77.9618
396.0000,0.3711,-0.1794,-0.1504,-58.0687,-250.1374,-80.8244
488.0000,0.3997,-0.2051,-0.3489,-38.8550,-250.1374,-80.1679
541.0000,0.4524,-0.2585,-0.4768,-22.5878,-250.1374,-75.8397
438.0000,0.4858,-0.2876,-0.4121,-13.1450,-250.1374,-72.6489
419.0000,0.5891,-0.1340,-0.4717,17.0382,-247.5649,-67.3970
397.0000,0.6992,-0.0918,-0.5669,42.6183,-230.7786,-62.1756
469.0000,0.7229,-0.0999,-0.6760,61.4962,-217.8626,-60.4351
411.0000,0.7771,-0.1428,-0.7622,78.7099,-201.5267,-57.1374
444.0000,0.8950,-0.0549,-0.9380,90.3970,-182.4809,-49.7481
418.0000,0.9380,-0.0164,-1.0396,85.8321,-149.1527,-39.8550
403.0000,0.9939,0.0767,-1.1638,65.7863,-115.1527,-34.4580
431.0000,0.9607,0.0283,-1.2507,45.4656,-85.3893,-28.9237
426.0000,0.8984,0.0217,-1.2783,1.7786,-50.4809,-23.2748
423.0000,0.8708,-0.0354,-1.3174,-18.9466,-21.1374,-15.7252
433.0000,1.0459,0.1570,-1.0708,-23.1527,20.0382,-11.5191
435.0000,0.9792,0.0742,-1.0339,-26.3664,40.5802,-5.8779
422.0000,0.8865,-0.0083,-0.9502,-12.5725,37.0229,3.8168
427.0000,1.0312,-0.0645,-0.8958,-19.2061,63.7557,7.7023
437.0000,1.0361,-0.0884,-0.8079,-23.1298,98.0076,13.1679
424.0000,0.9607,-0.0417,-0.7329,-44.0992,125.5344,17.8702
438.0000,0.9517,-0.0498,-0.6482,-72.6412,151.1603,20.7405
415.0000,0.9763,-0.0999,-0.6372,-79.8550,176.3817,24.8702
463.0000,0.9119,-0.1550,-0.6326,-68.6183,189.7939,30.3664
445.0000,0.8667,-0.1533,-0.5618,-56.3359,195.7405,34.5573
448.0000,0.8442,-0.1472,-0.4783,-45.4504,201.1679,37.6947
427.0000,0.8503,-0.1340,-0.4092,-45.7481,216.5802,40.3740
459.0000,0.7983,-0.1521,-0.3474,-43.5878,228.8626,42.6870
441.0000,0.7458,-0.1475,-0.2878,-46.8931,235.9008,46.4885
441.0000,0.7334,-0.1462,-0.1565,-52.7786,246.0153,49.8626
452.0000,0.7102,-0.1702,-0.1104,-52.6031,250.1298,53.3969
447.0000,0.6672,-0.1807,-0.0723,-44.2672,250.1298,57.2519
447.0000,0.5874,-0.2119,-0.0911,-38.4809,250.1298,61.4122
475.0000,0.5706,-0.1746,-0.1116,-33.5725,250.1298,64.4122
441.0000,0.4983,-0.1936,-0.0806,-31.0840,250.1298,66.1985
448.0000,0.4399,-0.1946,-0.0056,-31.3740,250.1298,68.0229
444.0000,0.3826,-0.2144,0.1233,-24.6641,250.1298,70.0687
436.0000,0.3435,-0.2561,0.1741,-23.6947,250.1298,74.3511
426.0000,0.3257,-0.2190,0.2742,-9.3435,250.1298,78.0763
465.0000,0.3032,-0.1853,0.3689,3.8397,250.1298,82.1145
442.0000,0.2595,-0.1614,0.5916,9.5878,250.1298,84.2137
430.0000,0.2227,-0.2217,0.7834,17.6489,250.1298,83.4580
433.0000,0.2419,-0.2886,0.7971,38.3740,250.1298,83.3817
480.0000,0.1516,-0.3503,0.7627,54.0840,250.1298,84.8550
455.0000,0.0654,-0.3311,0.7749,53.5954,250.1298,84.9084
446.0000,0.0459,-0.3508,0.8149,57.5191,250.1298,81.9542
451.0000,0.0327,-0.3938,0.7976,55.9695,250.1298,78.7863
455.0000,0.0076,-0.3625,0.7510,61.3435,250.1298,75.4809
451.0000,-0.0444,-0.3254,0.7417,64.2519,250.1298,71.9695
466.0000,-0.0396,-0.2986,0.8057,55.0458,247.3817,66.6031
429.0000,-0.0403,-0.3064,0.9561,44.7786,246.9542,62.1756
484.0000,-0.0500,-0.2776,0.9893,39.8168,244.1985,60.1069
446.0000,-0.0791,-0.2610,1.0686,41.1985,235.6488,59.0153
467.0000,-0.0779,-0.2012,1.1333,34.0611,228.3817,57.5649
446.0000,-0.0820,-0.2593,1.2075,31.2748,225.2595,53.0840
459.0000,-0.1597,-0.3506,1.3240,31.9160,221.9924,49.4885
465.0000,-0.1638,-0.4014,1.2913,41.1298,219.9847,51.2824
452.0000,-0.1768,-0.3997,1.2625,52.2443,221.0305,56.3282
460.0000,-0.1714,-0.4172,1.2771,56.0229,230.1679,59.4885
440.0000,-0.2109,-0.3960,1.1584,78.7176,227.1374,60.7481
467.0000,-0.2529,-0.3613,1.0376,90.1985,216.2214,61.3664
430.0000,-0.2600,-0.2703,0.9163,90.6641,206.0458,58.6718
496.0000,-0.2961,-0.1602,0.8728,86.2290,192.7481,53.6718
451.0000,-0.3201,-0.1604,0.9900,60.9389,182.3969,45.4656
440.0000,-0.3408,-0.1582,1.0957,28.0229,170.4733,37.3053
471.0000,-0.3728,-0.1924,1.2219,2.0458,161.8779,35.4351
488.0000,-0.3875,-0.2615,1.3232,-15.4046,155.9237,35.9313
456.0000,-0.4478,-0.3262,1.4775,-23.3053,148.5649,36.9695
454.0000,-0.4580,-0.3772,1.5203,-18.2214,140.3282,37.5267
455.0000,-0.4722,-0.3992,1.4648,-7.1908,133.9466,38.5954
465.0000,-0.4651,-0.3909,1.3813,6.5267,128.9084,39.1069
463.0000,-0.4592,-0.4277,1.3047,22.7252,122.9618,39.8855
452.0000,-0.4336,-0.4158,1.2891,37.5191,115.7863,38.8779
467.0000,-0.3892,-0.3762,1.1997,48.3206,109.0305,38.7557
458.0000,-0.3486,-0.3352,1.0618,50.8244,106.2137,38.7252
468.0000,-0.3582,-0.2578,0.9487,51.9313,98.0000,36.6260
448.0000,-0.3728,-0.2324,0.9089,40.1527,87.0305,31.7557
468.0000,-0.3853,-0.2041,0.9229,21.5878,74.3359,24.3359
460.0000,-0.3955,-0.2312,0.9832,4.1069,65.9771,18.0763
476.0000,-0.4021,-0.2830,1.0400,-16.0534,62.6412,15.9771
454.0000,-0.4097,-0.3206,1.1245,-27.3664,59.7786,15.0534
444.0000,-0.4077,-0.3484,1.1797,-25.4427,55.7252,14.0382
483.0000,-0.4121,-0.4106,1.1719,-17.1145,49.9695,13.8397
462.0000,-0.3892,-0.4260,1.1775,-6.7481,44.1221,11.8397
460.0000,-0.3647,-0.4053,1.1633,8.7939,37.3969,10.6870
469.0000,-0.3467,-0.3945,1.1567,18.3664,34.4733,11.4885
473.0000,-0.3403,-0.3972,1.1052,20.5725,33.6183,12.2137
458.0000,-0.3276,-0.3779,1.0469,20.8473,30.9695,11.8473
472.0000,-0.2896,-0.3413,1.0017,21.6489,27.1908,10.9313
458.0000,-0.2839,-0.3303,0.9617,22.8626,23.2595,9.5725
454.0000,-0.2788,-0.3000,0.9529,22.0763,20.4580,7.9695
464.0000,-0.2776,-0.2751,0.9214,21.8473,17.1298,6.3130
437.0000,-0.2783,-0.2903,0.9062,18.4275,12.8626,4.7863
484.0000,-0.2627,-0.2903,0.9258,13.0992,9.6794,3.3206
464.0000,-0.2603,-0.3020,0.9424,9.1450,8.2595,1.2977
456.0000,-0.2661,-0.3157,0.9517,5.8779,8.0382,-0.0763
431.0000,-0.2761,-0.3135,0.9631,4.2901,7.2672,-0.5420
477.0000,-0.2769,-0.3079,0.9429,5.5115,6.8626,-0.3282
476.0000,-0.2710,-0.3074,0.9241,8.1298,6.8626,0.3053
451.0000,-0.2676,-0.2896,0.8994,10.2977,6.7176,1.0916
469.0000,-0.2629,-0.2742,0.8843,11.5878,6.3511,1.7481
458.0000,-0.2600,-0.2527,0.8562,12.3282,5.9542,1.7710
466.0000,-0.2632,-0.2485,0.8447,12.6107,5.1756,1.9313
468.0000,-0.2520,-0.2380,0.8333,12.4733,4.6641,2.1069
461.0000,-0.2390,-0.2229,0.8076,12.0534,4.4046,1.8015
454.0000,-0.2380,-0.1990,0.7954,11.0763,2.9389,2.2672
468.0000,-0.2441,-0.1929,0.7944,8.7710,1.7863,1.1374
486.0000,-0.2334,-0.2002,0.8096,6.8931,-0.6489,0.3893
452.0000,-0.2373,-0.2058,0.8252,4.2824,-0.7557,-0.7405
485.0000,-0.2332,-0.2173,0.8557,5.0229,0.2595,-1.1985
494.0000,-0.2363,-0.2124,0.8542,2.3664,0.9466,-0.5420
478.0000,-0.2471,-0.2166,0.8733,1.3664,1.5191,-0.0153
458.0000,-0.2485,-0.2168,0.8889,3.5191,2.3664,0.1679
499.0000,-0.2717,-0.2222,0.8835,6.1908,2.2366,0.5191
463.0000,-0.2664,-0.2100,0.8757,7.8168,1.5115,0.6641
472.0000,-0.2615,-0.1936,0.8674,7.4122,1.9008,0.6412
459.0000,-0.2520,-0.1953,0.8809,4.9008,2.1374,-0.1679
483.0000,-0.2637,-0.1851,0.8748,1.7176,2.2748,-0.3969
470.0000,-0.2747,-0.1902,0.8542,-0.3588,1.6565,-1.1069
465.0000,-0.2771,-0.1748,0.8616,-2.1145,0.0916,-2.0305
456.0000,-0.2717,-0.1863,0.8716,-4.0534,-1.3511,-3.1221
504.0000,-0.2783,-0.1919,0.9019,-5.7252,-1.8702,-3.8855
271.0000,-0.2744,-0.2063,0.9177,-6.9618,-1.4656,-4.3206
582.0000,-0.2732,-0.2310,0.9209,-9.0000,-1.1298,-4.1527
369.0000,-0.2747,-0.2505,0.9294,-10.2061,-0.6870,-3.2672
553.0000,-0.2854,-0.2642,0.9534,-10.1527,-0.2977,-3.0992
476.0000,-0.3110,-0.2805,0.9976,-8.2977,-0.8092,-2.6489
516.0000,-0.3450,-0.3081,1.0544,-0.8168,-2.4122,-1.5191
406.0000,-0.3752,-0.3413,1.1035,12.7786,-5.9237,0.0534
472.0000,-0.3945,-0.3447,1.1504,32.3130,-11.0611,2.6794
486.0000,-0.3994,-0.3289,1.1616,50.7252,-17.4809,6.3359
515.0000,-0.3911,-0.2893,1.1438,64.1908,-22.3664,7.9237
484.0000,-0.4187,-0.2583,1.1379,77.6641,-33.0992,7.9695
309.0000,-0.4324,-0.1875,1.1365,74.1832,-44.9466,6.9160
660.0000,-0.4397,-0.1316,1.1567,61.9237,-53.1756,4.5038
536.0000,-0.4543,-0.1096,1.2090,40.8397,-57.2824,1.5115
460.0000,-0.5056,-0.0933,1.2788,19.9695,-64.1603,-1.0687
453.0000,-0.5388,-0.1008,1.3506,2.9924,-72.3435,-2.7099
312.0000,-0.5632,-0.1204,1.3909,2.0611,-82.7328,-4.0458
612.0000,-0.5894,-0.1445,1.4021,7.5878,-95.4504,-4.2672
438.0000,-0.5913,-0.1643,1.4285,15.2977,-110.3130,-4.5267
430.0000,-0.5483,-0.1462,1.4490,20.0000,-122.6412,-5.3282
559.0000,-0.5205,-0.1211,1.4114,20.5802,-133.5802,-5.1985
436.0000,-0.4932,-0.0645,1.3828,8.2748,-143.7252,-5.1832
467.0000,-0.4639,-0.0359,1.3506,-9.8626,-152.8015,-6.8092
589.0000,-0.4409,-0.0520,1.3606,-24.5267,-160.7176,-9.8015
374.0000,-0.4509,-0.0813,1.3894,-38.1527,-170.3435,-12.7099
516.0000,-0.4409,-0.0830,1.3838,-49.6947,-179.7328,-14.8244
442.0000,-0.4297,-0.1289,1.3860,-52.9160,-188.6336,-15.8931
465.0000,-0.4319,-0.1680,1.3564,-57.1069,-200.6183,-16.1985
585.0000,-0.4048,-0.1760,1.3865,-60.8244,-209.4962,-15.9618
357.0000,-0.3921,-0.2024,1.4348,-64.8321,-216.2214,-17.8702
481.0000,-0.3745,-0.1987,1.3730,-63.8626,-224.3893,-19.0382
353.0000,-0.3862,-0.2385,1.2969,-62.1832,-234.5420,-19.0153
651.0000,-0.3838,-0.2510,1.2949,-61.7939,-244.4656,-20.8626
381.0000,-0.3735,-0.2527,1.2810,-62.2290,-250.1374,-23.8702
433.0000,-0.3250,-0.2185,1.1819,-65.8626,-250.1374,-27.0229
715.0000,-0.2844,-0.2117,1.1174,-74.0992,-250.1374,-30.0229
367.0000,-0.2634,-0.2441,1.0894,-82.7481,-250.1374,-35.0076
526.0000,-0.2043,-0.2134,1.0344,-87.8397,-250.1374,-39.1908
414.0000,-0.1289,-0.2102,0.9612,-95.9618,-250.1374,-42.7099
387.0000,-0.0835,-0.2256,0.8877,-102.4962,-250.1374,-46.9618
551.0000,-0.0183,-0.1997,0.7813,-105.8702,-250.1374,-50.4809
357.0000,0.0085,-0.2566,0.7705,-113.9160,-250.1374,-54.8168
439.0000,0.0295,-0.2654,0.7705,-126.0229,-250.1374,-60.4427
422.0000,0.1106,-0.2239,0.7058,-127.0611,-250.1374,-62.4809
578.0000,0.1558,-0.2336,0.6750,-132.6107,-250.1374,-62.9618
415.0000,0.1436,-0.2659,0.6819,-132.0534,-250.1374,-66.5115
440.0000,0.1455,-0.2666,0.5557,-119.9466,-250.1374,-69.1145
510.0000,0.1780,-0.3020,0.4583,-109.8473,-250.1374,-69.4198
433.0000,0.1643,-0.3086,0.4028,-98.7634,-250.1374,-70.2290
463.0000,0.2163,-0.2708,0.2988,-77.0000,-250.1374,-70.1756
481.0000,0.2693,-0.2610,0.2488,-64.2366,-250.1374,-69.0916
447.0000,0.2952,-0.2747,0.2361,-61.1145,-250.1374,-68.1069
469.0000,0.3406,-0.2361,0.1741,-54.9466,-250.1374,-67.6107
460.0000,0.3325,-0.2283,0.1047,-48.4046,-250.1374,-66.7481
565.0000,0.3457,-0.2644,0.1614,-54.0000,-250.1374,-67.1450
417.0000,0.3752,-0.2517,0.2026,-55.1756,-250.1374,-68.1679
456.0000,0.4573,-0.2434,0.0923,-41.8473,-250.1374,-69.0916
375.0000,0.4478,-0.2817,0.0251,-40.8855,-250.1374,-67.9695
526.0000,0.4590,-0.2412,-0.0439,-43.1756,-247.5725,-67.2977
429.0000,0.5203,-0.2400,-0.1228,-50.2748,-235.9771,-68.7786
518.0000,0.5515,-0.2280,-0.2122,-57.0916,-226.0534,-70.1985
402.0000,0.5508,-0.2671,-0.2244,-63.8473,-215.5649,-71.2290
445.0000,0.5698,-0.2625,-0.2000,-58.2672,-209.5496,-71.8550
484.0000,0.6453,-0.2598,-0.2935,-38.7099,-200.5496,-70.3435
503.0000,0.6814,-0.2544,-0.3655,-18.6641,-190.8015,-68.0687
470.0000,0.6931,-0.2061,-0.3982,-5.6718,-183.5572,-65.3970
442.0000,0.7104,-0.1582,-0.5198,7.0916,-175.9771,-62.5649
530.0000,0.8105,-0.1174,-0.6055,17.3893,-160.3740,-58.4733
472.0000,0.8403,-0.0925,-0.6199,8.8244,-142.3740,-52.6641
477.0000,0.9302,0.0200,-0.6941,3.1069,-117.9695,-48.6031
475.0000,0.9485,0.0327,-0.7908,-3.7939,-98.5802,-44.4275
474.0000,0.9668,0.0610,-0.8101,-15.5420,-76.8550,-39.4809
474.0000,0.9692,0.0759,-0.8220,-14.9084,-60.5573,-33.4198
465.0000,0.9893,0.0879,-0.8293,-13.4351,-39.3664,-25.4504
440.0000,1.0100,0.1323,-0.8372,-10.9084,-15.1908,-17.6565
583.0000,1.0137,0.1536,-0.8318,-7.5344,5.8168,-10.4504
458.0000,1.0200,0.1580,-0.8000,-15.7939,29.7863,-3.8779
464.0000,1.0579,0.1570,-0.7358,-26.4504,61.1374,2.0763
478.0000,1.0056,0.1372,-0.6790,-31.1908,85.7252,10.6336
459.0000,1.0076,0.1250,-0.6606,-32.1832,108.0153,18.8550
484.0000,0.9727,0.1101,-0.6375,-25.5114,126.7710,24.3282
506.0000,0.9458,0.0752,-0.6106,-20.9237,142.8702,29.6489
457.0000,0.9155,0.0454,-0.5479,-25.0840,162.7405,35.3435
460.0000,0.9026,0.0176,-0.4995,-30.0687,185.7405,40.3740
450.0000,0.8677,-0.0032,-0.4800,-37.3435,205.9160,45.1832
519.0000,0.8179,-0.0144,-0.4478,-45.4198,218.8702,48.2366
399.0000,0.7827,-0.0374,-0.3752,-44.7099,226.2595,52.1298
430.0000,0.7842,-0.0688,-0.3220,-50.7939,236.5725,55.9542
432.0000,0.7510,-0.0864,-0.2478,-47.5420,246.2672,59.1985
448.0000,0.6909,-0.1321,-0.1912,-35.0840,248.6641,63.3740
462.0000,0.6453,-0.1487,-0.1321,-26.0305,250.0305,66.7863
446.0000,0.6265,-0.1726,0.0039,-13.7023,250.1298,70.2901
444.0000,0.6130,-0.1663,0.0623,-12.1832,250.1298,72.9618
454.0000,0.5593,-0.1770,0.1099,-11.3511,250.1298,74.4886
446.0000,0.5254,-0.1978,0.1338,-11.3359,250.1298,75.5496
425.0000,0.4656,-0.2065,0.1636,-11.0992,250.1298,76.2901
474.0000,0.4207,-0.2271,0.2725,-10.4656,250.1298,77.0534
453.0000,0.4150,-0.2495,0.3887,-4.9389,250.1298,76.5802
499.0000,0.3826,-0.2690,0.4216,9.2366,250.1298,74.9008
460.0000,0.3162,-0.3269,0.4639,16.3435,250.1298,75.5725
460.0000,0.3115,-0.3469,0.5869,14.3053,250.1298,77.5344
445.0000,0.2961,-0.3452,0.6406,19.7481,250.1298,79.9618
457.0000,0.2456,-0.3379,0.6223,23.5878,250.1298,78.5344
477.0000,0.1812,-0.3379,0.6755,21.6870,250.1298,76.1450
446.0000,0.0920,-0.3367,0.8167,14.7176,250.1298,72.4809
473.0000,0.0688,-0.3679,0.9333,11.8626,250.1298,67.8702
442.0000,0.0720,-0.3665,0.9570,17.9847,244.9313,64.8244
494.0000,0.0635,-0.3716,0.8787,12.5496,237.4580,63.1603
491.0000,0.0278,-0.3870,0.8816,0.4351,229.0382,62.4122
462.0000,0.0276,-0.4121,0.9268,-14.1908,224.0229,61.8092
458.0000,0.0303,-0.4707,1.0354,-20.6641,226.3053,61.5115
480.0000,0.0239,-0.4648,1.0745,-7.0916,224.7710,62.9695
473.0000,-0.0015,-0.4690,1.0046,21.5649,217.4504,65.9237
453.0000,-0.0535,-0.4209,1.0845,44.7252,204.6107,68.7328
479.0000,-0.0574,-0.3989,1.1863,61.6412,198.5572,67.2595
460.0000,-0.0562,-0.4275,1.1038,73.9466,195.5191,65.6107
456.0000,-0.0603,-0.4131,0.9958,80.0687,195.3053,64.7786
477.0000,-0.1069,-0.3779,0.9915,72.0458,192.8702,63.3664
455.0000,-0.1228,-0.3342,1.0071,57.4962,188.9313,59.7481
480.0000,-0.1079,-0.2776,0.9526,50.6947,183.7176,55.8855
457.0000,-0.1331,-0.2881,0.9187,32.7176,177.1298,52.3282
480.0000,-0.1667,-0.2920,0.9351,12.8321,170.4962,48.5725
461.0000,-0.1621,-0.3428,1.0149,-3.3817,167.4198,46.3588
473.0000,-0.1968,-0.4148,1.1335,-12.6489,167.3664,47.1298
453.0000,-0.2175,-0.4417,1.1997,-4.6565,162.9389,48.3664
484.0000,-0.2327,-0.4700,1.2295,10.2672,157.6107,52.9847
478.0000,-0.2651,-0.4846,1.3328,27.7939,153.5649,56.2901
465.0000,-0.2805,-0.4910,1.3511,45.2366,152.0611,57.0992
460.0000,-0.2695,-0.5042,1.2505,65.8168,148.4122,58.0305
473.0000,-0.3035,-0.4697,1.1272,76.4428,141.8168,58.6947
477.0000,-0.3289,-0.4529,1.1067,76.1527,134.7633,55.9313
456.0000,-0.3228,-0.4329,1.0718,69.6947,128.5191,52.1298
466.0000,-0.2815,-0.3757,0.9915,62.8321,124.1756,48.1603
461.0000,-0.2986,-0.3083,0.9446,58.2519,115.9924,43.2519
466.0000,-0.3149,-0.2900,0.9001,42.8702,104.3511,37.6412
476.0000,-0.3049,-0.2986,0.9595,19.9542,97.6260,31.4656
460.0000,-0.3040,-0.3413,1.0400,0.4885,95.9237,25.6565
460.0000,-0.3140,-0.3708,1.1025,-9.9771,93.1069,22.3817
520.0000,-0.3687,-0.4226,1.1443,-8.0305,86.2214,20.9008
464.0000,-0.3577,-0.4563,1.1824,-10.1908,86.2672,21.8092
461.0000,-0.3494,-0.4519,1.2214,3.0153,81.8626,22.0305
472.0000,-0.3394,-0.4546,1.1729,17.6489,79.2901,22.4809
470.0000,-0.3423,-0.4460,1.1301,31.0840,75.2137,22.0763
455.0000,-0.3079,-0.4497,1.0942,44.0687,71.7328,20.8244
483.0000,-0.2664,-0.4180,1.0183,50.8321,70.6412,21.6412
468.0000,-0.2617,-0.3665,0.9214,52.3817,66.8702,23.4504
442.0000,-0.2837,-0.3330,0.8879,49.9618,61.5725,22.3206
496.0000,-0.3022,-0.3147,0.8538,40.8473,53.9084,18.2901
470.0000,-0.2925,-0.3071,0.8459,31.8702,46.9695,14.5954
477.0000,-0.3062,-0.3220,0.8896,23.2443,40.4198,10.4962
484.0000,-0.3159,-0.3127,0.9504,14.5573,34.9695,6.1908
481.0000,-0.3059,-0.3423,1.0085,8.7481,31.6260,3.5573
485.0000,-0.3083,-0.3577,1.0479,2.7023,30.2748,2.7099
479.0000,-0.3020,-0.3486,1.0908,1.9618,29.3817,2.8550
488.0000,-0.2957,-0.3394,1.1028,4.0076,27.7252,2.8244
474.0000,-0.3000,-0.3379,1.0891,6.8092,25.4504,3.2061
479.0000,-0.2849,-0.3345,1.0815,11.0458,24.6031,2.4733
475.0000,-0.2944,-0.3340,1.0420,15.0611,22.4656,2.0992
471.0000,-0.2856,-0.3201,1.0051,19.9008,21.0992,1.9160
493.0000,-0.2800,-0.3037,0.9707,24.0916,18.6794,2.0992
492.0000,-0.2822,-0.2871,0.9519,27.3511,15.4351,2.4656
470.0000,-0.2837,-0.2815,0.9470,31.3740,11.4198,1.9084
508.0000,-0.2729,-0.2590,0.9373,32.5191,7.4885,1.4275
479.0000,-0.2756,-0.2334,0.9343,30.7405,4.3588,0.8015
479.0000,-0.2571,-0.2068,0.9434,26.5725,3.9008,-0.2137
496.0000,-0.2590,-0.1792,0.9292,26.2977,0.3053,-0.8473
491.0000,-0.2483,-0.1797,0.8953,21.7405,-1.6947,-1.0000
501.0000,-0.2534,-0.1667,0.8875,15.1756,-2.3893,-1.8931
493.0000,-0.2385,-0.1624,0.8884,10.8397,-1.8473,-2.3053
497.0000,-0.2393,-0.1497,0.8630,7.1603,-0.6336,-2.5496
467.0000,-0.2310,-0.1428,0.8220,5.0153,0.0458,-2.1603
516.0000,-0.2412,-0.1553,0.8013,3.1527,1.0687,-1.2748
488.0000,-0.2358,-0.1580,0.7847,1.6412,2.1985,-0.3359
493.0000,-0.2483,-0.1648,0.7805,1.7557,3.6489,0.5802
487.0000,-0.2439,-0.1626,0.7642,2.7023,4.8244,1.3359
474.0000,-0.2493,-0.1658,0.7607,4.1527,5.1603,2.4198
489.0000,-0.2598,-0.1580,0.7622,5.7252,6.7023,2.8702
489.0000,-0.2661,-0.1594,0.7703,8.0229,7.6336,3.5344
482.0000,-0.2783,-0.1589,0.7827,9.4580,7.1069,3.9313
459.0000,-0.2869,-0.1748,0.8152,9.6412,6.1450,3.8931
501.0000,-0.3005,-0.1936,0.8320,9.0229,5.9389,3.4046
465.0000,-0.3064,-0.2029,0.8486,8.6336,5.4733,3.0382
494.0000,-0.3188,-0.2061,0.8528,7.8855,4.1374,2.8168
460.0000,-0.3286,-0.2051,0.8813,7.0458,1.9695,2.3740
474.0000,-0.3350,-0.2146,0.8994,6.0534,-0.0229,1.1069
458.0000,-0.3271,-0.2117,0.9099,4.8397,-1.4122,-0.3130
506.0000,-0.3171,-0.2100,0.9231,3.1985,-1.8244,-0.6794
493.0000,-0.3154,-0.2085,0.9229,1.5878,-1.5420,-0.5725
471.0000,-0.3022,-0.2104,0.9268,0.7405,-2.0916,-0.8015
444.0000,-0.3076,-0.2209,0.9177,1.1832,-2.3969,-0.7863
511.0000,-0.2908,-0.2187,0.9089,3.9084,-2.4275,-0.5191
437.0000,-0.2771,-0.2109,0.8997,6.4809,-2.6870,0.2061
482.0000,-0.2681,-0.2024,0.8840,8.7481,-2.8702,1.0916
492.0000,-0.2556,-0.1960,0.8716,9.2977,-3.9313,2.0000
478.0000,-0.2524,-0.1804,0.8582,8.3435,-4.1756,2.5725
485.0000,-0.2422,-0.1570,0.8594,7.0611,-4.9389,2.8473
513.0000,-0.2456,-0.1589,0.8782,4.3511,-6.0382,3.3282
470.0000,-0.2361,-0.1624,0.8923,1.0153,-7.6794,2.9847
495.0000,-0.2395,-0.1748,0.9211,-1.7863,-8.9237,2.5115
488.0000,-0.2527,-0.1914,0.9487,-3.9695,-10.0992,1.8855
485.0000,-0.2473,-0.2122,0.9731,-4.2061,-10.7786,1.3740
500.0000,-0.2358,-0.2092,0.9817,-1.7328,-12.0382,1.3206
513.0000,-0.2261,-0.2002,0.9849,-3.0840,-12.3511,2.3435
486.0000,-0.2236,-0.1919,0.9934,-3.7176,-13.9466,1.6412
484.0000,-0.2349,-0.2180,0.9934,-3.8168,-17.9466,0.3969
433.0000,-0.2500,-0.2512,0.9949,-5.8015,-21.7252,-0.8702
583.0000,-0.2517,-0.2695,1.0137,-6.1985,-25.1908,-1.5649
421.0000,-0.2644,-0.2781,1.0349,-6.9466,-28.6107,-1.6183
535.0000,-0.2710,-0.2852,1.0527,-6.0382,-32.1374,-1.6336
501.0000,-0.3005,-0.2830,1.0925,-4.8092,-37.0000,-1.1756
456.0000,-0.3127,-0.2815,1.1416,-2.2824,-41.2366,-1.2672
532.0000,-0.3276,-0.2681,1.1670,2.2901,-46.7099,-1.4351
425.0000,-0.3406,-0.2532,1.2112,5.7557,-51.9160,-1.6107
513.0000,-0.3584,-0.2317,1.2520,8.9237,-57.5115,-2.6412
483.0000,-0.3577,-0.2063,1.2517,10.8168,-63.0229,-2.7786
469.0000,-0.3733,-0.1880,1.2507,9.8702,-68.7328,-3.1374
500.0000,-0.3767,-0.1899,1.2300,6.0229,-74.7710,-3.7023
421.0000,-0.3831,-0.1790,1.2190,1.1298,-79.7710,-3.6031
520.0000,-0.4060,-0.1692,1.2180,-3.6183,-86.0611,-4.1679
386.0000,-0.4214,-0.1675,1.2190,-10.6947,-92.2519,-5.4809
614.0000,-0.4343,-0.1514,1.2339,-12.8473,-99.5573,-7.1069
454.0000,-0.4573,-0.1484,1.2551,-14.3588,-108.1832,-7.9084
497.0000,-0.4661,-0.1396,1.2512,-16.0229,-117.4198,-9.2443
468.0000,-0.4441,-0.1277,1.2563,-15.4656,-125.8397,-9.6947
387.0000,-0.4497,-0.1492,1.2739,-18.0382,-134.8473,-10.1374
560.0000,-0.4233,-0.1558,1.2705,-21.1450,-142.0916,-10.8702
486.0000,-0.4004,-0.1431,1.2742,-21.6107,-147.6641,-11.0000
530.0000,-0.4136,-0.1562,1.2773,-24.0840,-155.5267,-11.3664
522.0000,-0.4001,-0.1721,1.2839,-25.7023,-163.4198,-11.5649
484.0000,-0.3789,-0.1741,1.2805,-24.2977,-169.2137,-11.1145
419.0000,-0.3796,-0.1753,1.2700,-19.8779,-175.8855,-11.1603
571.0000,-0.3728,-0.1550,1.2300,-18.0229,-183.7710,-10.7939
310.0000,-0.3584,-0.1265,1.1775,-18.1298,-191.3664,-11.3893
667.0000,-0.3479,-0.1230,1.1707,-22.9237,-199.9008,-13.9847
368.0000,-0.3350,-0.1282,1.1445,-29.2519,-207.6260,-16.8244
524.0000,-0.3279,-0.1394,1.1675,-36.6794,-214.4122,-18.7557
483.0000,-0.3142,-0.1487,1.1682,-42.6718,-221.2214,-19.6031
504.0000,-0.3025,-0.1616,1.1709,-49.5496,-225.8931,-21.2519
431.0000,-0.3218,-0.1597,1.1775,-48.5420,-238.0153,-24.2824
507.0000,-0.2668,-0.1516,1.0945,-56.9924,-245.3664,-25.6641
433.0000,-0.2485,-0.1753,1.0840,-59.6336,-250.1374,-28.7863
455.0000,-0.2080,-0.2136,1.0798,-66.1221,-250.1374,-32.2519
439.0000,-0.1511,-0.2043,1.0713,-71.6031,-250.1374,-35.1145
609.0000,-0.1199,-0.2148,1.0334,-71.2519,-250.1374,-37.1756
451.0000,-0.0752,-0.2603,1.0022,-78.3053,-250.1374,-41.7176
467.0000,-0.0500,-0.2903,0.8960,-77.8473,-250.1374,-43.4122
473.0000,0.0059,-0.2856,0.8118,-76.1221,-250.1374,-44.3282
577.0000,-0.0059,-0.3042,0.7981,-77.6870,-250.1374,-48.2595
462.0000,0.0139,-0.3198,0.7764,-80.0687,-250.1374,-52.6183
491.0000,0.0754,-0.2844,0.7043,-75.0687,-250.1374,-54.7099
473.0000,0.1221,-0.2505,0.6672,-70.4809,-250.1374,-56.9237
470.0000,0.1772,-0.2515,0.5969,-65.3130,-250.1374,-61.0076
510.0000,0.2390,-0.2644,0.4075,-64.1069,-250.1374,-65.4198
506.0000,0.2434,-0.2949,0.3877,-68.2672,-250.1374,-69.8779
455.0000,0.2864,-0.3501,0.3186,-78.7481,-250.1374,-71.2290
521.0000,0.3171,-0.2898,0.3271,-86.3970,-250.1374,-72.8473
485.0000,0.3618,-0.2620,0.3286,-89.3817,-250.1374,-74.3130
597.0000,0.4199,-0.2271,0.2920,-85.6107,-250.1374,-76.5115
469.0000,0.4421,-0.2610,0.2881,-69.0992,-250.1374,-79.6718
484.0000,0.4333,-0.3806,0.3379,-58.7939,-250.1374,-81.0000
567.0000,0.4805,-0.3318,0.2556,-49.5038,-250.1374,-78.6565
487.0000,0.5122,-0.3196,0.1499,-27.5267,-250.1374,-75.4198
492.0000,0.5354,-0.2637,0.0979,-23.0992,-250.1374,-71.5649
590.0000,0.5527,-0.2158,-0.0896,-16.2137,-250.1374,-71.7710
439.0000,0.5740,-0.2043,-0.1907,-3.7557,-250.1374,-70.8321
462.0000,0.5757,-0.2351,-0.2017,-2.0458,-245.7252,-70.0382
544.0000,0.5989,-0.1545,-0.2727,3.7863,-246.1832,-68.9160
434.0000,0.6738,-0.1094,-0.4065,16.7176,-240.7252,-66.3588
595.0000,0.7285,-0.0730,-0.4197,9.2977,-227.3282,-61.9389
511.0000,0.7852,-0.0767,-0.4133,20.2366,-210.9542,-59.4580
483.0000,0.8013,-0.0752,-0.4944,23.7099,-197.0000,-54.8550
486.0000,0.8372,-0.0447,-0.5896,36.9389,-186.2672,-49.2290
591.0000,0.8179,-0.0566,-0.7083,46.8702,-176.7633,-41.4427
475.0000,0.8884,-0.0061,-0.8174,50.4046,-154.9924,-35.0916
519.0000,0.9375,-0.0178,-0.9048,62.7252,-129.9466,-28.7405
531.0000,0.9517,-0.0203,-0.9641,77.7557,-111.9389,-20.0076
481.0000,0.9592,-0.0405,-1.0071,89.0229,-92.0611,-12.6565
499.0000,1.0049,-0.0352,-1.0024,94.8855,-64.1527,-7.2214
513.0000,1.0635,-0.0217,-0.9883,98.4733,-25.9237,-2.0076
561.0000,0.9971,-0.0269,-0.9993,96.7939,-4.7176,3.8626
485.0000,1.0239,-0.0215,-0.9963,73.3664,27.3359,8.4046
488.0000,1.0183,0.0068,-0.9573,45.4809,62.4580,10.3664
445.0000,1.0059,0.0171,-0.9055,14.1221,96.4122,11.5344
503.0000,0.9780,0.0007,-0.8367,-14.3282,124.3817,11.9237
484.0000,0.9343,-0.0310,-0.7288,-29.7634,142.8931,13.3893
467.0000,0.9082,-0.0962,-0.6316,-35.3053,159.4962,14.9237
498.0000,0.8564,-0.1409,-0.5762,-35.6794,170.6031,18.0611
483.0000,0.8862,-0.1365,-0.5095,-42.4962,191.7633,21.2443
491.0000,0.8354,-0.1584,-0.4063,-38.0687,207.3817,23.3511
459.0000,0.8271,-0.1660,-0.3362,-40.1298,222.5725,25.4809
457.0000,0.8032,-0.1509,-0.2888,-35.5573,233.1069,27.9618
483.0000,0.7729,-0.1553,-0.2527,-25.2672,238.8015,30.2595
480.0000,0.7581,-0.1399,-0.1921,-22.8855,247.0382,32.5344
510.0000,0.7019,-0.1482,-0.0979,-21.4351,250.1298,33.3130
469.0000,0.6758,-0.1436,0.0308,-14.4046,250.1298,34.4809
460.0000,0.6301,-0.1621,0.0608,-12.6565,250.1298,35.4885
504.0000,0.6108,-0.1230,0.0854,-9.1603,250.1298,36.9695
473.0000,0.5955,-0.1216,0.1270,-7.1450,250.1298,37.6565
461.0000,0.5427,-0.1045,0.1592,-13.6947,250.1298,38.1832
462.0000,0.5234,-0.0823,0.1631,-22.0382,250.1298,37.8931
459.0000,0.4395,-0.0813,0.1958,-23.5191,250.1298,38.1756
512.0000,0.3767,-0.1245,0.2058,-31.9084,250.1298,39.3817
490.0000,0.3306,-0.0967,0.3916,-31.4656,250.1298,39.4504
472.0000,0.3306,-0.1760,0.4761,-21.8321,250.1298,40.6183
512.0000,0.2959,-0.1831,0.5146,-19.8244,250.1298,42.6031
497.0000,0.2510,-0.1899,0.6033,-13.9313,250.1298,46.0687
490.0000,0.2295,-0.1760,0.6985,-11.4580,250.1298,48.3435
483.0000,0.2129,-0.2114,0.7134,-4.9084,250.1298,49.7939
527.0000,0.1755,-0.2244,0.7600,-8.4427,250.1298,52.4733
481.0000,0.1809,-0.1829,0.8135,-8.4733,250.1298,54.3282
496.0000,0.1343,-0.1821,0.7542,-6.1832,250.1298,54.1221
484.0000,0.0745,-0.2158,0.7107,-9.3893,250.1298,53.9466
464.0000,0.0479,-0.1633,0.7759,-25.2137,250.1298,52.1603
517.0000,0.0525,-0.2129,0.7783,-14.2137,244.6488,51.7710
472.0000,0.0571,-0.2417,0.8311,-11.7099,245.0611,54.0763
481.0000,0.0186,-0.2275,0.9602,-12.5725,245.1527,56.0229
485.0000,-0.0024,-0.2878,1.0500,-10.9237,248.5496,56.8626
491.0000,-0.0623,-0.3069,1.0654,-2.5802,245.2061,57.6947
477.0000,-0.0649,-0.3098,0.9697,15.6412,238.8626,59.4046
500.0000,-0.1052,-0.2981,0.8916,27.5954,231.1832,61.2061
496.0000,-0.1389,-0.2664,0.8765,40.8244,217.0916,58.9160
481.0000,-0.1238,-0.2556,0.8953,40.5725,207.4962,56.6565
488.0000,-0.1084,-0.2495,0.9414,32.1603,204.8550,53.4275
455.0000,-0.1113,-0.2302,0.9866,24.3130,203.3740,51.5344
498.0000,-0.1331,-0.2390,1.0498,9.5649,203.3511,50.4351
501.0000,-0.1619,-0.2532,1.1174,2.8550,203.5725,51.0000
492.0000,-0.2202,-0.3018,1.2202,-1.4198,198.6031,48.9771
473.0000,-0.2446,-0.3503,1.2778,-6.7481,194.9924,48.0229
493.0000,-0.2710,-0.3701,1.3291,0.1221,191.5343,48.4885
476.0000,-0.2769,-0.4287,1.3333,10.2748,190.1298,49.6260
479.0000,-0.2854,-0.4014,1.2708,27.4962,182.2137,50.3969
486.0000,-0.3120,-0.4155,1.1587,42.7099,170.5267,52.6107
482.0000,-0.3235,-0.3596,1.0769,51.7176,156.6641,52.8550
480.0000,-0.2864,-0.2878,1.0515,47.2595,146.9389,48.3664
483.0000,-0.2744,-0.2754,1.0447,38.7786,138.1221,41.8855
472.0000,-0.2927,-0.2903,1.0603,20.5496,128.8779,37.5267
498.0000,-0.2820,-0.2949,1.1262,7.5573,122.0534,34.6718
495.0000,-0.2537,-0.2813,1.1931,-7.4122,119.3283,31.7023
463.0000,-0.2808,-0.3389,1.2756,-15.8931,114.4580,27.0840
472.0000,-0.3193,-0.3940,1.2930,-14.9924,105.9847,24.2366
475.0000,-0.2920,-0.4175,1.3105,-11.2672,104.7710,23.6718
529.0000,-0.3000,-0.4209,1.3101,1.5267,102.3664,22.7176
478.0000,-0.3081,-0.4573,1.2659,12.5649,97.9924,23.0840
486.0000,-0.3188,-0.4976,1.2886,24.0229,94.7099,21.7328
480.0000,-0.2917,-0.5146,1.2756,34.2672,92.2595,20.7481
476.0000,-0.2549,-0.4841,1.2346,55.0687,89.6565,21.8168
485.0000,-0.2654,-0.4592,1.1799,74.6412,84.5802,25.1756
479.0000,-0.2603,-0.3918,1.1643,85.7939,76.7328,26.0229
477.0000,-0.2749,-0.3562,1.1204,89.0000,67.6641,23.6794
487.0000,-0.2659,-0.2932,1.0579,79.5802,59.2290,19.8626
483.0000,-0.2690,-0.2527,1.0574,67.6565,48.9847,14.2214
458.0000,-0.2644,-0.2261,1.0791,47.9542,41.5496,7.8931
487.0000,-0.2532,-0.2141,1.0947,25.2061,37.6641,2.0382
514.0000,-0.2612,-0.2415,1.1245,3.4351,34.8321,-2.1145
490.0000,-0.2820,-0.2722,1.1448,-12.5420,31.0229,-5.5344
479.0000,-0.2822,-0.3206,1.1819,-18.5267,25.8397,-6.8702
470.0000,-0.2690,-0.3469,1.1873,-21.3588,23.8244,-6.5954
481.0000,-0.2610,-0.3516,1.1663,-15.4962,21.8626,-5.6107
489.0000,-0.2727,-0.3320,1.1279,-5.0992,17.7405,-3.9924
482.0000,-0.2671,-0.3052,1.0813,2.5038,13.8550,-2.1145
480.0000,-0.2566,-0.2686,1.0383,8.5191,11.6947,-0.4122
477.0000,-0.2549,-0.2346,0.9971,12.6641,10.4962,1.6260
483.0000,-0.2590,-0.2068,0.9556,19.4427,7.5267,3.3435
472.0000,-0.2405,-0.1724,0.9202,21.3740,5.6565,4.6718
460.0000,-0.2456,-0.1543,0.8870,23.5420,3.4427,5.3053
500.0000,-0.2349,-0.1482,0.8562,24.5496,1.2443,5.1450
459.0000,-0.2307,-0.1521,0.8284,21.9008,0.1145,4.2824
467.0000,-0.2400,-0.1550,0.8145,16.5802,-0.3893,3.2061
467.0000,-0.2292,-0.1609,0.7988,10.5725,0.4504,2.6565
495.0000,-0.2363,-0.1675,0.8008,5.2977,2.2748,2.1985
445.0000,-0.2397,-0.1829,0.7849,1.3206,3.8550,2.2748
513.0000,-0.2534,-0.1868,0.7827,1.4198,4.2595,2.0992
432.0000,-0.2644,-0.1963,0.7739,3.5878,4.8015,2.6183
511.0000,-0.2671,-0.1963,0.7825,6.8321,6.2595,3.1985
500.0000,-0.2729,-0.1929,0.7646,10.0840,7.7176,3.6641
463.0000,-0.2739,-0.1863,0.7622,13.6947,8.5725,4.6183
487.0000,-0.2739,-0.1699,0.7673,18.4809,9.5573,5.0382
475.0000,-0.2886,-0.1624,0.7581,24.6794,10.0763,5.7863
490.0000,-0.2852,-0.1438,0.7607,29.6260,8.8626,6.6718
472.0000,-0.2942,-0.1270,0.7720,32.8244,7.8626,6.4427
494.0000,-0.2886,-0.1086,0.7988,32.3130,7.3206,5.4046
478.0000,-0.2949,-0.1089,0.8113,28.6183,6.6870,3.8855
468.0000,-0.3010,-0.1196,0.8252,23.3053,6.1069,2.5496
512.0000,-0.3125,-0.1279,0.8542,17.4504,5.0305,0.7939
483.0000,-0.3123,-0.1433,0.8784,12.1756,3.7328,-0.7099
471.0000,-0.3125,-0.1489,0.9177,7.0916,2.1527,-1.6031
511.0000,-0.3096,-0.1606,0.9331,2.8168,0.8092,-1.9771
500.0000,-0.3130,-0.1697,0.9490,0.4885,0.2366,-1.9008
475.0000,-0.3088,-0.1738,0.9526,-0.1756,-0.7176,-1.5344
506.0000,-0.3022,-0.1782,0.9541,0.5878,-1.3435,-0.6412
510.0000,-0.3013,-0.1694,0.9500,2.1603,-2.7099,0.1603
481.0000,-0.2825,-0.1594,0.9458,3.4427,-3.1527,0.9542
467.0000,-0.2734,-0.1445,0.9258,4.7481,-3.3435,1.4351
525.0000,-0.2632,-0.1438,0.9158,5.2901,-3.2443,1.4885
476.0000,-0.2554,-0.1423,0.8892,3.7710,-3.5954,1.3511
489.0000,-0.2556,-0.1506,0.8767,3.1985,-3.6794,1.6870
511.0000,-0.2563,-0.1609,0.8623,3.7710,-3.8092,1.9695
476.0000,-0.2512,-0.1663,0.8684,5.5954,-4.8626,1.9618
473.0000,-0.2600,-0.1594,0.8701,7.4427,-5.5420,2.0611
467.0000,-0.2583,-0.1648,0.8799,8.6718,-6.1069,2.8397
502.0000,-0.2522,-0.1526,0.8743,9.9924,-5.9771,3.7634
472.0000,-0.2500,-0.1292,0.8853,11.0992,-5.4885,4.3588
477.0000,-0.2488,-0.1252,0.9019,12.0000,-5.8473,4.1298
455.0000,-0.2529,-0.1145,0.9363,11.6565,-6.9008,3.8397
548.0000,-0.2605,-0.1157,0.9417,10.4733,-7.8321,3.3893
419.0000,-0.2615,-0.1187,0.9507,8.1908,-8.3817,3.5115
485.0000,-0.2654,-0.1238,0.9604,7.1450,-10.2672,3.0992
469.0000,-0.2700,-0.1177,0.9812,7.0534,-12.9008,2.9695
540.0000,-0.2817,-0.1287,1.0125,7.3053,-16.2748,2.9466
480.0000,-0.2949,-0.1472,1.0532,6.6718,-19.9237,3.4809
521.0000,-0.3030,-0.1687,1.0876,8.2672,-22.9008,5.0763
502.0000,-0.3320,-0.1794,1.1323,13.4351,-26.7710,7.5344
333.0000,-0.3511,-0.1653,1.1687,21.1832,-32.4733,10.2214
613.0000,-0.3679,-0.1497,1.1946,31.0305,-39.2595,12.6565
407.0000,-0.3857,-0.1267,1.2256,40.7710,-46.5038,14.9008
448.0000,-0.3975,-0.1165,1.2593,46.2214,-54.3359,16.7557
406.0000,-0.3906,-0.0876,1.2671,49.5267,-60.1450,18.5573
503.0000,-0.3940,-0.0378,1.2751,50.0153,-67.6412,19.7252
447.0000,-0.3853,-0.0042,1.2949,44.6183,-75.4657,18.6336
432.0000,-0.4092,0.0098,1.3088,35.7634,-83.9008,16.3969
471.0000,-0.4263,0.0330,1.3035,23.8473,-92.4351,14.8550
488.0000,-0.4231,0.0454,1.3123,6.3893,-99.2595,12.9313
443.0000,-0.4331,0.0535,1.3259,-4.5496,-110.7328,9.6718
388.0000,-0.4290,0.0525,1.3293,-21.2137,-119.8626,7.0229
659.0000,-0.4336,0.0413,1.3433,-35.5878,-128.8168,3.5420
454.0000,-0.4519,-0.0015,1.4148,-47.0076,-138.4580,-0.0687
458.0000,-0.4680,-0.0444,1.4954,-56.3053,-149.0153,-3.3435
574.0000,-0.4822,-0.0808,1.5088,-56.3053,-158.8168,-3.9542
433.0000,-0.5176,-0.1248,1.4861,-53.2901,-169.0153,-4.0382
521.0000,-0.5305,-0.1277,1.4448,-48.1221,-180.4962,-4.2137
442.0000,-0.5085,-0.1167,1.3733,-46.0916,-192.2290,-4.4809
583.0000,-0.4822,-0.0767,1.2996,-47.1450,-203.6031,-5.1069
408.0000,-0.4651,-0.0493,1.2852,-53.9771,-215.5954,-6.9618
541.0000,-0.4478,-0.0396,1.2820,-61.9160,-228.4504,-10.6183
410.0000,-0.3967,-0.0479,1.2720,-69.3970,-241.1298,-12.6107
573.0000,-0.3538,-0.0476,1.2363,-81.8244,-250.1298,-14.3359
407.0000,-0.2961,-0.0479,1.2048,-89.0382,-250.1374,-17.0305
626.0000,-0.2583,-0.0935,1.1270,-97.7939,-250.1374,-19.3817
413.0000,-0.2312,-0.1365,1.1396,-105.7023,-250.1374,-22.3817
411.0000,-0.1895,-0.1694,1.1411,-113.0611,-250.1374,-24.9924
502.0000,-0.1438,-0.1763,1.1248,-115.4122,-250.1374,-27.5344
478.0000,-0.1289,-0.2126,1.0273,-115.4809,-250.1374,-29.9695
470.0000,-0.0964,-0.2312,0.8984,-109.6489,-250.1374,-31.7176
615.0000,-0.0579,-0.2651,0.8135,-107.8473,-250.1374,-33.7023
476.0000,-0.0291,-0.2942,0.7534,-109.2748,-250.1374,-36.8015
520.0000,0.0215,-0.3008,0.7271,-110.1374,-250.1374,-41.5344
338.0000,0.0457,-0.2881,0.6777,-112.6870,-250.1374,-44.0763
552.0000,0.1094,-0.2837,0.6797,-118.9389,-250.1374,-49.0992
422.0000,0.0896,-0.3669,0.7378,-111.5878,-250.1374,-52.9618
419.0000,0.1296,-0.3762,0.6809,-118.5573,-250.1374,-55.4733
435.0000,0.1699,-0.3462,0.6348,-102.0382,-250.1374,-56.0076
607.0000,0.2063,-0.3472,0.5042,-95.7405,-250.1374,-55.6183
274.0000,0.2361,-0.3169,0.4917,-81.3359,-250.1374,-60.7557
724.0000,0.2261,-0.3091,0.4353,-60.0992,-250.1374,-63.7557
371.0000,0.2737,-0.2671,0.3826,-52.3130,-250.1374,-64.0534
282.0000,0.3286,-0.2578,0.2876,-35.4046,-250.1374,-64.8397
567.0000,0.3494,-0.2146,0.1880,-29.5420,-250.1374,-63.8168
305.0000,0.3997,-0.2041,0.1306,-20.7176,-250.1374,-63.3511
742.0000,0.4063,-0.1829,0.1316,-6.9618,-250.1374,-61.6794
437.0000,0.4497,-0.1670,0.0952,3.2214,-250.1374,-60.0611
415.0000,0.4570,-0.1626,0.0300,17.8321,-250.1374,-58.2519
488.0000,0.5063,-0.0767,-0.0432,30.9542,-250.1374,-56.6870
507.0000,0.5327,-0.1636,-0.1436,40.3435,-250.1374,-51.6641
468.0000,0.5679,-0.1821,-0.2427,36.0076,-250.1374,-45.9160
476.0000,0.6040,-0.1318,-0.3896,37.1221,-240.8550,-40.2824
611.0000,0.6606,-0.1355,-0.5081,31.4046,-216.5038,-34.3969
453.0000,0.6382,-0.1128,-0.6074,32.8473,-199.5649,-29.3359
470.0000,0.6833,-0.0894,-0.7087,30.6947,-184.0076,-25.5573
473.0000,0.7161,-0.0574,-0.7991,39.3130,-167.7252,-23.3588
530.0000,0.7341,-0.0649,-0.8589,43.9924,-155.2443,-21.3588
470.0000,0.7754,-0.0591,-0.9038,42.3511,-140.2824,-18.5878
486.0000,0.8647,-0.0630,-0.9299,35.2443,-115.5802,-15.7557
451.0000,0.9067,-0.0669,-0.9460,24.2977,-87.4198,-12.0305
505.0000,0.9338,-0.0530,-0.9490,9.6336,-55.1603,-7.5649
485.0000,0.9231,-0.0713,-0.9250,1.6107,-30.6641,-4.0687
397.0000,0.9590,-0.0569,-0.8994,-1.1527,-5.2748,-1.5725
464.0000,0.9329,-0.0669,-0.8999,-13.0229,20.7939,0.5267
478.0000,0.9653,-0.0593,-0.8589,-21.7405,55.1756,2.5649
460.0000,0.9377,-0.0974,-0.8135,-21.7863,84.3817,5.3740
448.0000,0.9290,-0.0977,-0.7788,-17.6870,109.9008,8.0382
522.0000,0.9036,-0.1089,-0.7349,-6.7863,130.1908,9.7481
464.0000,0.8894,-0.1316,-0.7034,-0.0382,151.5114,11.8855
447.0000,0.8818,-0.1365,-0.6206,-1.7634,176.6870,15.7405
466.0000,0.8799,-0.1040,-0.6042,-0.4198,199.6336,19.0840
458.0000,0.8401,-0.0837,-0.5798,0.5344,218.4427,20.2443
439.0000,0.8000,-0.0789,-0.5181,-2.6412,233.8473,20.5191
481.0000,0.7407,-0.0901,-0.4788,-5.0763,242.7405,21.4885
454.0000,0.7498,-0.0820,-0.3962,-17.0305,250.1298,23.1527
461.0000,0.7344,-0.0564,-0.3044,-20.3740,250.1298,23.7328
486.0000,0.6731,-0.0820,-0.2625,-21.7786,250.1298,25.2672
467.0000,0.6345,-0.0972,-0.1975,-32.1221,250.1298,27.3740
485.0000,0.6194,-0.1050,-0.1150,-35.7939,250.1298,30.1603
480.0000,0.6018,-0.1589,0.0039,-46.1298,250.1298,34.3130
444.0000,0.5466,-0.1873,0.0403,-51.0076,250.1298,37.8321
461.0000,0.4932,-0.1775,0.0417,-37.9542,250.1298,40.4656
475.0000,0.4390,-0.2061,0.1030,-27.8550,250.1298,43.7405
471.0000,0.3975,-0.1919,0.1611,-10.2290,250.1298,45.2061
467.0000,0.3127,-0.1931,0.1572,1.1908,250.1298,45.0458
486.0000,0.2744,-0.1504,0.2720,12.2901,250.1298,44.1450
449.0000,0.2393,-0.1204,0.3911,11.5649,250.1298,41.7557
504.0000,0.2122,-0.0696,0.4751,-11.2443,250.1298,38.1679
496.0000,0.1782,-0.0972,0.5759,-43.8015,250.1298,36.7481
466.0000,0.1675,-0.1882,0.7275,-68.9771,250.1298,38.1221
457.0000,0.1050,-0.2788,0.8591,-84.1908,250.1298,43.2366
518.0000,0.0693,-0.3545,0.9521,-73.5115,250.1298,49.6718
481.0000,0.0017,-0.3914,0.9973,-62.2901,250.1298,57.1527
468.0000,-0.0771,-0.4197,1.0552,-30.7023,250.1298,62.5420
491.0000,-0.1292,-0.3735,1.0232,12.8244,250.1298,64.5115
473.0000,-0.1318,-0.3147,0.9495,38.0840,250.1298,65.2443
470.0000,-0.1477,-0.2483,0.9502,44.6870,235.1145,61.2748
463.0000,-0.1062,-0.1821,0.9646,27.4962,230.4656,54.0000
472.0000,-0.1111,-0.1685,0.9851,3.6718,226.4122,49.3893
473.0000,-0.1313,-0.2136,1.0295,-32.7939,225.9237,46.5496
477.0000,-0.1582,-0.2688,1.1887,-62.1069,225.5496,43.6260
464.0000,-0.1909,-0.3689,1.2773,-67.8855,222.4122,44.6336
514.0000,-0.2288,-0.4214,1.3315,-62.4275,219.9542,50.1908
480.0000,-0.2588,-0.5828,1.4424,-31.5496,223.7176,54.8626
465.0000,-0.3369,-0.6760,1.5889,17.6336,221.4427,59.2748
455.0000,-0.3669,-0.7092,1.5686,79.8015,214.2672,66.1374
485.0000,-0.3586,-0.6467,1.4609,146.6031,204.7328,74.5267
475.0000,-0.3308,-0.5974,1.2983,190.0076,195.3130,77.3511
461.0000,-0.2798,-0.3433,1.0510,221.3969,185.9160,76.7481
474.0000,-0.2979,-0.0896,0.8279,221.4504,170.2366,68.1832
511.0000,-0.3005,0.0908,0.7283,170.1145,153.9695,53.7557
451.0000,-0.2939,0.1797,0.7585,96.7328,142.9389,36.4885
475.0000,-0.2756,0.1492,0.8665,22.8931,140.7786,21.3969
480.0000,-0.3040,0.0696,1.0076,-54.9160,140.8092,12.4885
482.0000,-0.3831,-0.0779,1.2625,-106.3817,136.9160,8.6565
481.0000,-0.4092,-0.2339,1.4001,-133.7710,131.3359,9.0000
453.0000,-0.4382,-0.3799,1.5327,-134.3435,128.9237,9.8473
465.0000,-0.4963,-0.5007,1.5073,-113.5115,124.0992,13.8168
480.0000,-0.5288,-0.5972,1.4534,-70.3511,114.4886,20.6794
472.0000,-0.5164,-0.6326,1.4119,-18.8855,104.8779,26.2519
457.0000,-0.4768,-0.6099,1.3384,28.3511,93.8779,30.2443
483.0000,-0.4241,-0.5500,1.2991,59.4809,85.6565,32.0840
482.0000,-0.3140,-0.4570,1.2747,83.6183,85.3970,31.4351
462.0000,-0.2910,-0.3906,1.2085,97.3740,81.7405,32.3282
490.0000,-0.2954,-0.3625,1.1213,96.8244,77.3359,33.3893
463.0000,-0.2617,-0.3171,1.0488,95.5496,71.8779,30.7710
464.0000,-0.2439,-0.2644,1.0168,90.1832,64.5649,25.1832
498.0000,-0.2178,-0.2612,1.0144,80.6107,56.5115,19.0458
489.0000,-0.2083,-0.2686,1.0115,68.4275,51.4275,13.3435
457.0000,-0.2249,-0.2805,1.0342,51.8015,47.9160,8.6718
494.0000,-0.2354,-0.2776,1.0518,33.3359,46.3206,5.5420
451.0000,-0.2476,-0.2883,1.0796,20.2595,45.3435,3.4580
518.0000,-0.2544,-0.3123,1.0833,12.9313,42.6107,2.9847
471.0000,-0.2576,-0.3301,1.0820,8.5191,39.7099,2.5038
471.0000,-0.2813,-0.3398,1.0764,8.9313,36.7939,2.1985
473.0000,-0.3430,-0.3433,1.0864,4.0840,29.4809,2.1832
501.0000,-0.3833,-0.3208,1.1299,-1.7405,17.3664,0.3130
506.0000,-0.3811,-0.3220,1.1460,-6.0229,5.0458,-2.5573
468.0000,-0.3384,-0.3054,1.1421,-7.3282,-3.2977,-3.9847
527.0000,-0.3103,-0.2925,1.1221,-1.9466,-9.2214,-3.8015
508.0000,-0.2952,-0.2710,1.0532,4.1603,-11.1374,-2.0916
488.0000,-0.2747,-0.2405,0.9802,9.7328,-10.3740,-0.6870
499.0000,-0.2554,-0.2026,0.9136,11.8931,-8.8168,0.5725
459.0000,-0.2334,-0.1714,0.8450,12.1527,-6.7023,1.2290
498.0000,-0.2195,-0.1399,0.7712,11.2061,-4.4656,1.2290
493.0000,-0.2180,-0.1152,0.7310,9.5725,-2.4427,0.2214
509.0000,-0.2170,-0.1206,0.6880,6.8092,-1.6641,-1.3053
491.0000,-0.2217,-0.1348,0.6729,3.0458,-0.5649,-2.1679
466.0000,-0.2295,-0.1484,0.6462,-0.7786,2.3359,-1.9313
516.0000,-0.2205,-0.1443,0.6301,-3.2901,5.5267,-1.8244
512.0000,-0.2356,-0.1404,0.6069,-3.3359,7.3359,-1.3969
507.0000,-0.2480,-0.1301,0.6250,-2.4504,8.1985,-0.4733
503.0000,-0.2495,-0.1326,0.6406,-1.2824,9.4198,0.3206
460.0000,-0.2590,-0.1453,0.6714,0.5191,11.0611,0.7557
504.0000,-0.2737,-0.1484,0.7180,4.2519,12.3282,1.2519
475.0000,-0.2852,-0.1587,0.7634,8.4809,12.5344,1.7252
493.0000,-0.3042,-0.1597,0.8044,13.0687,11.7328,2.2519
485.0000,-0.3296,-0.1677,0.8518,15.4122,10.1145,2.4198
467.0000,-0.3521,-0.1760,0.9099,14.7481,8.0611,2.0000
470.0000,-0.3745,-0.1794,0.9519,12.1145,5.4198,0.6718
531.0000,-0.3748,-0.1843,1.0078,7.1832,1.4504,-1.2824
466.0000,-0.3691,-0.1851,1.0535,3.4733,-3.2137,-2.9237
481.0000,-0.3574,-0.2002,1.0759,2.5496,-7.3740,-4.1145
495.0000,-0.3411,-0.2036,1.0664,2.3893,-9.5267,-4.0153
478.0000,-0.3164,-0.1924,1.0312,3.5038,-9.6565,-2.9389
475.0000,-0.2886,-0.1702,0.9866,2.6718,-7.9771,-1.7252
485.0000,-0.2693,-0.1516,0.9370,2.7023,-6.1756,-0.9313
505.0000,-0.2529,-0.1357,0.8889,1.7863,-5.1603,-0.1145
478.0000,-0.2532,-0.1228,0.8425,1.0305,-4.7786,0.2672
461.0000,-0.2336,-0.1228,0.8132,0.3588,-4.2443,0.7710
482.0000,-0.2251,-0.1199,0.7937,-0.1985,-3.9237,0.6718
468.0000,-0.2229,-0.1353,0.7935,-0.1374,-3.3359,0.4962
516.0000,-0.2224,-0.1411,0.8103,-0.7786,-3.0076,0.4351
487.0000,-0.2280,-0.1536,0.8301,-0.7786,-3.0458,0.4427
463.0000,-0.2463,-0.1780,0.8640,-0.3130,-2.2977,0.8626
486.0000,-0.2588,-0.1895,0.9014,0.4733,-1.6107,0.8397
523.0000,-0.2759,-0.2109,0.9529,1.9618,-1.4198,1.0382
361.0000,-0.2925,-0.2131,0.9893,2.3664,-2.0305,0.7252
578.0000,-0.3235,-0.2266,1.0168,3.7023,-2.9389,0.8702
481.0000,-0.3369,-0.2300,1.0371,5.2443,-4.3511,0.6565
445.0000,-0.3513,-0.2344,1.0291,6.8779,-6.5649,0.5878
510.0000,-0.3569,-0.2187,1.0203,9.2137,-9.0611,0.4046
478.0000,-0.3574,-0.1770,1.0105,8.5496,-12.3969,0.5725
479.0000,-0.3499,-0.1321,0.9910,8.4198,-16.1450,0.5649
491.0000,-0.3291,-0.1006,0.9580,10.2137,-20.6947,0.1985
519.0000,-0.3220,-0.0747,0.9570,9.1298,-26.4351,-0.6336
497.0000,-0.3093,-0.0828,0.9556,5.5725,-32.8931,-2.1679
432.0000,-0.3000,-0.1023,0.9834,-1.4809,-38.9389,-4.0305
561.0000,-0.2666,-0.1189,1.0444,-7.6641,-43.1221,-5.3206
456.0000,-0.2495,-0.1223,1.0625,-13.3588,-45.9008,-6.0992
508.0000,-0.2329,-0.1418,1.0676,-16.4122,-48.9008,-6.4733
474.0000,-0.2234,-0.1672,1.0918,-17.7023,-51.8626,-6.1221
525.0000,-0.2151,-0.1853,1.1108,-18.0382,-54.3664,-5.9160
502.0000,-0.2073,-0.1973,1.1016,-16.3053,-55.9466,-4.7786
497.0000,-0.2039,-0.2095,1.1177,-12.8473,-57.4580,-3.8244
562.0000,-0.2148,-0.2190,1.1306,-9.6107,-59.7557,-2.5954
451.0000,-0.2175,-0.2080,1.1370,-5.8244,-61.9389,-1.8397
525.0000,-0.2271,-0.2122,1.1394,-0.4656,-65.1298,-0.9771
471.0000,-0.2395,-0.2058,1.1619,4.2672,-68.8931,-0.4351
543.0000,-0.2563,-0.1924,1.1782,8.1679,-72.9542,-0.1221
495.0000,-0.2744,-0.1829,1.2043,8.3053,-77.7252,0.2672
442.0000,-0.3015,-0.1787,1.1921,5.9008,-83.4809,1.0153
521.0000,-0.3379,-0.1567,1.1743,1.3359,-89.7481,0.7023
513.0000,-0.3694,-0.1511,1.2134,-3.6947,-97.9084,-1.5802
469.0000,-0.4185,-0.1296,1.2837,-10.6794,-108.1145,-4.7328
438.0000,-0.4277,-0.1233,1.3093,-17.7252,-117.4198,-7.9542
563.0000,-0.4514,-0.1343,1.3257,-24.4046,-126.2137,-10.3359
429.0000,-0.4614,-0.1611,1.3401,-32.2443,-135.8244,-11.6031
488.0000,-0.4656,-0.1963,1.3789,-38.6794,-146.0611,-12.9237
549.0000,-0.4695,-0.2244,1.3904,-40.6870,-155.3053,-13.9847
442.0000,-0.4734,-0.2231,1.4011,-40.4733,-165.7710,-14.7786
402.0000,-0.4700,-0.1985,1.4304,-40.0076,-178.1832,-15.6870
628.0000,-0.4465,-0.1719,1.3999,-36.7481,-189.5572,-16.0076
461.0000,-0.4387,-0.1692,1.3938,-36.8321,-200.6870,-17.0458
491.0000,-0.4231,-0.1631,1.3894,-40.8473,-211.8244,-19.0992
551.0000,-0.3940,-0.1365,1.3420,-47.6870,-221.5954,-20.8397
547.0000,-0.3684,-0.1401,1.2964,-52.9771,-231.6641,-23.3053
463.0000,-0.3325,-0.1602,1.2437,-62.4122,-242.0458,-26.2977
504.0000,-0.2859,-0.1714,1.2317,-68.1450,-250.1374,-29.5802
493.0000,-0.2603,-0.2068,1.1885,-78.8244,-250.1374,-31.4275
542.0000,-0.2214,-0.2336,1.2075,-85.4809,-250.1374,-33.0458
505.0000,-0.2173,-0.2832,1.2249,-88.7099,-250.1374,-35.7176
479.0000,-0.2117,-0.3135,1.2102,-88.3511,-250.1374,-37.1221
475.0000,-0.1772,-0.2781,1.2178,-86.4657,-250.1374,-38.1985
485.0000,-0.1655,-0.2805,1.1453,-85.2443,-250.1374,-39.8550
500.0000,-0.1260,-0.2683,1.0935,-81.3435,-250.1374,-42.7023
484.0000,-0.1313,-0.3210,1.0684,-73.5344,-250.1374,-46.7481
500.0000,-0.1045,-0.3284,0.9282,-71.7328,-250.1374,-48.1450
521.0000,-0.0195,-0.2637,0.7644,-67.8397,-250.1374,-47.8779
462.0000,0.0286,-0.2600,0.6777,-68.4122,-250.1374,-50.1450
502.0000,0.0879,-0.2397,0.5686,-73.2672,-250.1374,-55.9695
435.0000,0.1453,-0.2085,0.4961,-74.7405,-250.1374,-61.2290
533.0000,0.1670,-0.1909,0.4646,-85.9924,-250.1374,-65.0916
481.0000,0.2122,-0.1614,0.4487,-93.3359,-250.1374,-72.0611
490.0000,0.2573,-0.1946,0.3821,-98.1603,-250.1374,-77.8855
486.0000,0.2646,-0.1926,0.3164,-104.1679,-250.1374,-80.6183
511.0000,0.2820,-0.2273,0.1648,-101.6412,-250.1374,-80.9313
540.0000,0.3188,-0.1768,0.0461,-87.2519,-250.1374,-81.0687
473.0000,0.3325,-0.2317,0.0044,-80.8321,-250.1374,-81.6260
503.0000,0.3779,-0.2095,-0.0278,-69.9924,-250.1374,-81.1756
497.0000,0.4275,-0.1565,-0.1372,-51.1221,-250.1374,-79.4122
460.0000,0.4243,-0.2043,-0.1311,-39.3740,-250.1374,-78.4275
475.0000,0.4458,-0.2070,-0.1624,-27.4275,-250.1374,-76.8855
509.0000,0.4561,-0.1750,-0.2815,-8.0000,-250.1374,-72.9695
496.0000,0.4958,-0.1641,-0.3530,3.6947,-250.1374,-67.6260
516.0000,0.4785,-0.1575,-0.3901,20.1756,-250.1374,-64.2137
507.0000,0.6042,-0.0950,-0.5339,33.8626,-250.1374,-58.3817
470.0000,0.6487,-0.0764,-0.6233,43.8092,-250.1374,-53.9160
534.0000,0.6846,-0.0688,-0.7231,44.3282,-241.7176,-49.5344
543.0000,0.7180,-0.0488,-0.8096,44.8397,-219.6336,-44.9695
494.0000,0.7390,0.0071,-0.9026,39.7786,-200.5496,-40.9466
528.0000,0.8042,0.0449,-0.9731,35.9237,-176.8397,-36.8015
540.0000,0.8015,0.0247,-1.0496,35.4275,-156.1908,-31.1221
503.0000,0.8452,0.0259,-1.1047,30.9542,-132.3893,-24.0458
498.0000,0.9719,-0.0115,-1.1572,-7.4580,-86.5725,-19.1832
552.0000,0.9573,0.0352,-1.1226,-25.3664,-42.1756,-13.0840
516.0000,0.9351,0.0952,-1.0469,-26.8015,-5.8779,-8.8626
506.0000,0.8960,0.0481,-0.9932,-21.6412,12.6641,-5.4809
500.0000,0.9189,-0.0164,-0.9424,-5.1069,32.7786,-0.7481
450.0000,0.8386,-0.0842,-0.9014,10.5725,37.1298,6.8092
500.0000,0.8911,-0.1040,-0.8638,20.4046,57.4885,13.3053
488.0000,0.9727,-0.0540,-0.7966,21.2214,102.3130,17.2977
527.0000,0.9265,-0.0725,-0.7690,5.6565,141.3282,21.1298
490.0000,0.9172,-0.0571,-0.7358,-32.4275,175.7939,24.6107
567.0000,0.9102,-0.0613,-0.6641,-55.8244,204.5802,27.2519
483.0000,0.8623,-0.0933,-0.6018,-55.0916,218.5802,29.2519
508.0000,0.8284,-0.1426,-0.5459,-43.4504,226.4504,30.9542
509.0000,0.8027,-0.1702,-0.4802,-26.7405,231.5802,31.8015
483.0000,0.7959,-0.1699,-0.4226,-11.7863,236.9695,33.0305
495.0000,0.7761,-0.1604,-0.3550,-3.4351,245.9160,34.0305
492.0000,0.7725,-0.1655,-0.2800,-2.9084,250.1298,34.4809
428.0000,0.7524,-0.1545,-0.2168,-7.9008,250.1298,35.4198
414.0000,0.7209,-0.1716,-0.0803,-16.6183,250.1298,36.6947
430.0000,0.6875,-0.2056,0.0166,-17.5038,250.1298,38.5573
448.0000,0.6880,-0.1990,0.0679,-7.0916,250.1298,40.1603
493.0000,0.6333,-0.2261,0.1084,2.7710,250.1298,41.9313
440.0000,0.6016,-0.2463,0.1687,15.4198,250.1298,43.1221
461.0000,0.5923,-0.2668,0.2139,27.0534,250.1298,43.9924
470.0000,0.5544,-0.2319,0.2161,45.0611,250.1298,44.1450
474.0000,0.5132,-0.2153,0.1768,58.3359,250.1298,44.6412
446.0000,0.4216,-0.1919,0.1897,65.9924,250.1298,43.9924
464.0000,0.3950,-0.1516,0.2554,65.4657,250.1298,41.0000
453.0000,0.3855,-0.1091,0.3242,59.8550,250.1298,37.7939
511.0000,0.4023,-0.0852,0.3230,46.0153,250.1298,35.9237
476.0000,0.2966,-0.0852,0.4126,29.4198,250.1298,33.6031
474.0000,0.2485,-0.1467,0.5037,14.6260,250.1298,32.3206
473.0000,0.2166,-0.1160,0.5566,2.8855,250.1298,32.6336
486.0000,0.1860,-0.0996,0.5659,-1.6336,250.1298,34.8321
473.0000,0.1365,-0.1555,0.6611,0.6412,250.1298,36.2824
465.0000,0.0811,-0.2158,0.8103,3.3053,250.1298,36.7557
480.0000,0.1208,-0.1848,0.8440,12.2137,250.1298,36.7939
485.0000,0.0642,-0.1987,0.7820,18.3969,250.1298,43.2977
451.0000,0.0317,-0.1807,0.6953,2.7710,250.1298,46.1145
501.0000,0.0042,-0.1523,0.8083,2.7786,250.1298,44.9008
478.0000,0.0117,-0.1582,0.8989,2.2061,250.1298,44.2748
477.0000,-0.0256,-0.2327,1.0146,-1.7481,250.1298,44.1374
474.0000,-0.0186,-0.2275,0.9961,-1.5267,250.1298,46.0992
480.0000,-0.0652,-0.2158,0.9453,11.0153,248.5572,49.9084
473.0000,-0.1675,-0.2781,1.0427,13.3817,242.5802,51.5496
479.0000,-0.2019,-0.3076,1.1672,20.5725,237.4656,50.0382
474.0000,-0.1785,-0.2979,1.1538,40.8244,232.8626,51.6260
497.0000,-0.2388,-0.2712,1.0867,59.7023,228.4122,56.4504
483.0000,-0.2388,-0.2581,1.0508,74.4657,218.7481,58.6718
477.0000,-0.2187,-0.1716,1.0828,81.7634,209.7939,56.8092
460.0000,-0.1550,-0.1272,1.0972,80.5344,204.4580,50.0382
498.0000,-0.1526,-0.0996,1.0625,66.8473,201.9008,47.3359
470.0000,-0.2151,-0.1384,1.1006,49.6183,199.5878,45.5344
479.0000,-0.2683,-0.2065,1.1926,35.0458,194.9313,41.9084
472.0000,-0.3108,-0.2058,1.2500,32.7634,186.5725,40.3435
510.0000,-0.3188,-0.1885,1.2175,28.0992,183.6565,41.1603
465.0000,-0.3582,-0.2029,1.2019,27.4580,177.5267,40.2901
485.0000,-0.4148,-0.2437,1.2212,34.8855,166.4275,36.9618
479.0000,-0.4189,-0.2432,1.2019,33.3359,156.8855,36.3664
496.0000,-0.3931,-0.2053,1.2002,31.9008,153.2748,35.5191
477.0000,-0.3955,-0.1980,1.2131,25.3282,148.4275,32.5802
472.0000,-0.3950,-0.2280,1.2563,18.9542,139.9695,29.6718
490.0000,-0.3887,-0.2407,1.2642,16.1832,131.7710,28.6489
471.0000,-0.4146,-0.2429,1.2607,15.4351,125.0763,28.4504
517.0000,-0.3989,-0.2292,1.2637,18.0229,119.3130,27.4275
452.0000,-0.4114,-0.2161,1.2676,20.7710,112.1374,26.0382
503.0000,-0.4189,-0.2429,1.2800,24.9695,103.9847,24.3206
493.0000,-0.4189,-0.2585,1.2773,28.5496,96.4122,23.0000
472.0000,-0.4019,-0.2803,1.2954,30.6641,88.8702,20.6412
480.0000,-0.3730,-0.2952,1.3296,36.8397,83.4275,17.7099
482.0000,-0.3496,-0.2656,1.3228,45.5267,76.1527,17.5802
474.0000,-0.3293,-0.2419,1.2944,42.7939,73.0687,19.4885
482.0000,-0.3242,-0.2603,1.2434,34.2672,70.0076,19.7405
500.0000,-0.3303,-0.2102,1.1804,28.0916,63.0458,17.6336
459.0000,-0.3208,-0.2134,1.1538,17.8092,56.5878,13.5344
466.0000,-0.3655,-0.2173,1.2117,-0.6565,47.7023,8.8779
553.0000,-0.4663,-0.2556,1.3296,-26.6412,28.2672,2.8473
452.0000,-0.4910,-0.3105,1.4634,-51.6183,4.0840,-5.0153
498.0000,-0.4280,-0.3667,1.5688,-59.4275,-15.4046,-10.8779
492.0000,-0.3267,-0.4343,1.5610,-49.0534,-23.8702,-11.3817
493.0000,-0.3057,-0.4456,1.4519,-30.0076,-25.9618,-6.7634
482.0000,-0.2744,-0.3911,1.2881,-12.8092,-22.7634,-0.8168
486.0000,-0.2505,-0.3113,1.1475,-1.0687,-19.0382,4.3511
467.0000,-0.2058,-0.2266,0.9990,5.5267,-13.6031,7.3893
475.0000,-0.1616,-0.1650,0.8623,7.5954,-6.3206,8.5344
507.0000,-0.1665,-0.1086,0.7690,9.5802,-2.8321,7.5573
462.0000,-0.1929,-0.0769,0.6855,14.5802,-4.9237,5.6183
474.0000,-0.1855,-0.0586,0.6277,15.2061,-4.7710,3.6641
510.0000,-0.1897,-0.0515,0.5769,13.7786,-3.8092,2.8931
472.0000,-0.1953,-0.0413,0.5564,9.1298,-3.3053,2.4275
461.0000,-0.2017,-0.0466,0.5696,3.2977,-2.4122,1.7863
502.0000,-0.2097,-0.0498,0.5803,-1.4198,-1.2214,0.7481
483.0000,-0.2295,-0.0903,0.6016,0.0229,-1.8244,-0.7634
483.0000,-0.2268,-0.1099,0.6331,0.4885,-1.7099,-1.2977
501.0000,-0.2358,-0.1294,0.6694,1.9160,-1.5649,-1.5802
490.0000,-0.2439,-0.1360,0.7031,3.1832,0.3817,-0.5725
492.0000,-0.2461,-0.1272,0.7292,2.1450,4.8626,0.6641
478.0000,-0.2661,-0.1248,0.7515,2.6183,8.7405,1.6183
495.0000,-0.2791,-0.1338,0.7644,6.5878,11.1832,2.4046
470.0000,-0.2861,-0.1409,0.7629,11.9466,11.7863,3.7863
513.0000,-0.2756,-0.1301,0.7744,14.5725,13.9542,5.3206
498.0000,-0.2859,-0.1152,0.7688,18.4275,16.2366,6.0382
475.0000,-0.2900,-0.0999,0.7603,19.3511,17.0458,6.3969
467.0000,-0.2942,-0.0962,0.7808,16.0153,15.5573,6.0382
539.0000,-0.2971,-0.0955,0.8337,9.3893,13.3282,4.4733
485.0000,-0.3115,-0.0950,0.8826,3.0305,10.0534,1.6412
500.0000,-0.3245,-0.1274,0.9758,-2.6641,3.6794,-1.1298
503.0000,-0.3315,-0.1692,1.0627,-7.8550,-2.6565,-3.4809
466.0000,-0.3240,-0.2039,1.0933,-11.9466,-6.6718,-4.7863
517.0000,-0.3206,-0.2363,1.1267,-13.8244,-9.2672,-5.2443
517.0000,-0.3083,-0.2559,1.1140,-12.3053,-10.8244,-4.3664
500.0000,-0.2742,-0.2483,1.1060,-7.1069,-10.2214,-2.6870
508.0000,-0.2588,-0.2402,1.0615,-0.5191,-8.3130,-1.0916
500.0000,-0.2351,-0.2039,1.0129,5.5344,-6.3435,0.4885
504.0000,-0.2239,-0.1709,0.9612,10.3817,-5.1985,1.7710
469.0000,-0.2009,-0.1426,0.9141,13.7557,-3.6947,2.5496
466.0000,-0.1956,-0.1355,0.8857,16.0229,-3.0534,2.7557
578.0000,-0.1924,-0.1345,0.8569,15.1756,-2.6183,2.4809
447.0000,-0.2070,-0.1389,0.8691,12.4351,-2.8473,2.4656
491.0000,-0.2102,-0.1353,0.8611,8.1527,-3.7099,2.8779
439.0000,-0.2163,-0.1265,0.8513,3.6947,-4.9466,4.3511
534.0000,-0.2190,-0.1003,0.8584,2.3282,-6.7939,4.5344
434.0000,-0.2417,-0.0847,0.8899,3.2748,-12.1069,4.0305
547.0000,-0.2571,-0.0730,0.9524,-0.5115,-15.6031,2.9084
444.0000,-0.2625,-0.0657,1.0234,-2.2519,-19.4885,2.3817
450.0000,-0.2732,-0.1016,1.0825,-7.1069,-22.7328,3.4198
576.0000,-0.2896,-0.1143,1.1309,-9.6565,-25.8702,4.6947
497.0000,-0.2954,-0.1414,1.1602,-11.9542,-29.4962,5.1832
476.0000,-0.3103,-0.1509,1.2058,-14.3359,-33.9695,4.7557
427.0000,-0.3279,-0.1504,1.2175,-14.0458,-40.1069,4.1298
513.0000,-0.3186,-0.1350,1.2351,-12.4198,-46.0611,4.1603
497.0000,-0.3230,-0.1328,1.2556,-9.5420,-53.3130,3.6794
506.0000,-0.3218,-0.1416,1.2693,-9.8626,-60.8244,3.1069
438.0000,-0.3276,-0.1340,1.3008,-11.8626,-68.7252,2.8779
529.0000,-0.3352,-0.1328,1.3220,-13.5420,-75.8626,2.4275
455.0000,-0.3394,-0.1379,1.3411,-15.0763,-83.9008,1.6718
521.0000,-0.3416,-0.1384,1.3757,-17.0611,-91.8397,0.3893
460.0000,-0.3716,-0.1460,1.4089,-16.9389,-101.6718,-1.5725
445.0000,-0.3796,-0.1475,1.4241,-16.3740,-110.3970,-3.4504
502.0000,-0.3914,-0.1543,1.4402,-18.2824,-120.0000,-5.2519
453.0000,-0.4050,-0.1482,1.4714,-21.4733,-128.1450,-7.5267
505.0000,-0.4146,-0.1628,1.4429,-24.7328,-136.7252,-9.6260
516.0000,-0.4324,-0.1829,1.4368,-27.4427,-145.5343,-11.3359
390.0000,-0.4478,-0.2053,1.4531,-30.7863,-154.2443,-13.2443
525.0000,-0.4521,-0.2051,1.4248,-31.3130,-164.1603,-15.0229
400.0000,-0.4529,-0.1934,1.3774,-30.8473,-173.3893,-15.6870
536.0000,-0.4575,-0.1824,1.3372,-30.4046,-184.3969,-17.4962
483.0000,-0.4377,-0.1768,1.3181,-31.1298,-194.5496,-18.8321
431.0000,-0.4182,-0.1475,1.2852,-34.3206,-204.5954,-20.0687
550.0000,-0.4004,-0.1287,1.2617,-39.1374,-213.5649,-21.7710
454.0000,-0.3855,-0.1309,1.2737,-45.0992,-222.8092,-23.8626
480.0000,-0.3501,-0.1089,1.2415,-50.9618,-231.2061,-26.5802
526.0000,-0.3501,-0.1306,1.2227,-53.7863,-238.6717,-29.4656
423.0000,-0.3574,-0.1787,1.1907,-61.3053,-244.6947,-32.7786
524.0000,-0.3374,-0.1965,1.1697,-54.8321,-250.1374,-35.3511
530.0000,-0.3350,-0.2266,1.1204,-58.0916,-250.1374,-35.2443
374.0000,-0.2751,-0.1841,1.0698,-63.6870,-250.1374,-36.3969
554.0000,-0.2229,-0.1680,0.9626,-57.7328,-250.1374,-37.2061
413.0000,-0.2012,-0.2039,0.8994,-64.1145,-250.1374,-39.0992
539.0000,-0.1660,-0.2244,0.8584,-62.4885,-250.1374,-43.1298
463.0000,-0.1313,-0.2371,0.8210,-48.4046,-250.1374,-44.8092
547.0000,-0.1301,-0.2546,0.7729,-45.2137,-250.1374,-44.6565
438.0000,-0.0808,-0.2109,0.7764,-40.7481,-250.1374,-47.1069
546.0000,-0.0234,-0.2092,0.6692,-33.8397,-250.1374,-46.3893
402.0000,0.0007,-0.1914,0.7104,-33.1756,-250.1374,-47.7863
495.0000,0.0164,-0.1663,0.7114,-37.4733,-250.1374,-48.9466
457.0000,0.0608,-0.1597,0.6465,-49.1679,-250.1374,-49.2748
500.0000,0.1016,-0.1453,0.6875,-55.4504,-250.1374,-50.7481
396.0000,0.1208,-0.2095,0.5571,-51.4733,-250.1374,-51.0916
440.0000,0.1218,-0.1628,0.5200,-49.0992,-250.1374,-50.9313
428.0000,0.1516,-0.2000,0.5017,-53.1298,-250.1374,-50.4351
461.0000,0.2310,-0.1345,0.4685,-47.6947,-250.1374,-52.2595
464.0000,0.2361,-0.1746,0.4172,-33.8015,-250.1374,-51.1679
521.0000,0.2549,-0.1609,0.3086,-40.6718,-250.1374,-49.4733
467.0000,0.3213,-0.1147,0.3103,-25.9618,-250.1374,-48.8244
435.0000,0.3623,-0.1626,0.3066,-21.2443,-250.1374,-46.5344
493.0000,0.4263,-0.1218,0.2849,-27.9542,-250.1374,-44.7557
439.0000,0.4583,-0.1167,0.2046,-20.6336,-250.1374,-43.1908
465.0000,0.4375,-0.1636,0.1738,-30.2595,-250.1374,-42.0840
463.0000,0.5085,-0.1187,0.1016,-35.0076,-250.1374,-40.3664
424.0000,0.5667,-0.0955,-0.0454,-30.0305,-250.1374,-40.6336
632.0000,0.5657,-0.1311,-0.1624,-23.7710,-250.1374,-40.0229
464.0000,0.6084,-0.1384,-0.2112,-29.1908,-250.1374,-39.5802
471.0000,0.6738,-0.1208,-0.2930,-22.6870,-250.1374,-40.4122
479.0000,0.7632,-0.1096,-0.4316,-10.7481,-250.1374,-40.0153
494.0000,0.7820,-0.1052,-0.5405,-0.6107,-243.2443,-36.9695
474.0000,0.8311,-0.0886,-0.6504,11.2443,-231.2977,-35.2748
478.0000,0.8655,-0.1182,-0.7549,24.8015,-216.9237,-34.2366
475.0000,0.8789,-0.1074,-0.8218,32.9389,-198.0840,-31.1145
464.0000,0.9080,-0.0776,-0.9258,37.4046,-175.9313,-27.4809
483.0000,0.9546,-0.0747,-1.0469,43.4885,-149.7557,-25.1374
484.0000,0.9661,-0.0879,-1.1091,48.1985,-129.1450,-21.0687
497.0000,0.8762,-0.0984,-1.2100,31.3511,-107.1298,-15.3893
501.0000,1.0562,-0.0435,-1.2258,10.2366,-48.3817,-10.1908
506.0000,1.1140,-0.0281,-1.2039,-16.4580,5.8931,-9.2977
505.0000,0.9346,-0.0254,-1.1479,-3.8015,23.8397,-6.3359
519.0000,0.9346,-0.0151,-1.1130,3.0611,43.8626,-4.8931
523.0000,0.9011,-0.0549,-1.0664,28.5420,52.8779,-1.7099
507.0000,0.9468,-0.0918,-1.0410,32.9847,75.1527,1.3664
506.0000,0.9624,-0.0364,-0.9829,21.8092,115.6183,4.9847
514.0000,0.9336,-0.0261,-0.9558,-8.8702,157.6947,8.4427
495.0000,0.9143,0.0012,-0.9077,-50.0916,197.1985,11.8931
485.0000,0.8809,0.0156,-0.8376,-70.6412,228.3817,14.9924
487.0000,0.7822,-0.0474,-0.7644,-62.3664,241.2137,18.9771
483.0000,0.7717,-0.0569,-0.7090,-54.6718,250.1298,23.1527
504.0000,0.7266,-0.0427,-0.6250,-40.0305,250.1298,26.3511
474.0000,0.7063,-0.0759,-0.5701,-34.1832,250.1298,29.4275
414.0000,0.6736,-0.0793,-0.5286,-38.2748,250.1298,32.7176
403.0000,0.6768,-0.0608,-0.4634,-54.3053,250.1298,37.1069
464.0000,0.6257,-0.0273,-0.4143,-66.1756,250.1298,40.1832
433.0000,0.5903,-0.0471,-0.3550,-72.0611,250.1298,44.4198
438.0000,0.5293,-0.0747,-0.2944,-74.5954,250.1298,48.7710
458.0000,0.4883,-0.0940,-0.2070,-71.7176,250.1298,53.1374
478.0000,0.4561,-0.1487,-0.1365,-63.9160,250.1298,57.0076
463.0000,0.4055,-0.1582,-0.0513,-49.5649,250.1298,61.3817
464.0000,0.3289,-0.2566,0.0842,-46.5191,250.1298,69.1908
419.0000,0.2949,-0.2329,0.1277,-45.6489,250.1298,75.4580
515.0000,0.2659,-0.1912,0.1240,-31.6031,250.1298,79.3817
485.0000,0.1492,-0.1543,0.2207,-27.1069,250.1298,79.7786
467.0000,0.0469,-0.2092,0.3774,-26.6947,250.1298,76.8092
464.0000,-0.0254,-0.1980,0.5974,-16.7176,250.1298,71.1374
470.0000,-0.0627,-0.2371,0.6316,-2.4962,250.1298,68.4351
481.0000,-0.1750,-0.2227,0.7458,5.8550,250.1298,67.9466
466.0000,-0.2339,-0.3335,0.8284,19.1450,250.1298,68.5649
478.0000,-0.2539,-0.3623,0.9534,29.9389,250.1298,68.7099
473.0000,-0.2510,-0.4065,0.9905,47.5573,250.1298,68.8168
470.0000,-0.2705,-0.3975,1.0432,56.1756,250.1298,69.6718
437.0000,-0.2803,-0.3320,1.1118,57.4351,250.1298,67.1221
501.0000,-0.2610,-0.3213,1.1697,59.0382,250.1298,64.5878
464.0000,-0.2607,-0.3347,1.0432,58.2214,250.1298,64.6794
484.0000,-0.3787,-0.3816,1.0916,65.6107,250.1298,63.1069
472.0000,-0.4753,-0.4126,1.2004,77.8779,250.1298,59.2137
479.0000,-0.4619,-0.3381,1.2510,95.7863,250.1298,56.0916
479.0000,-0.4312,-0.1401,1.2710,131.0229,250.1298,60.0382
482.0000,-0.4832,-0.1125,1.2061,151.3435,250.1298,63.4198
455.0000,-0.5159,-0.1038,1.1970,159.1450,250.1298,60.8931
523.0000,-0.5540,-0.0903,1.1846,161.7481,246.0763,56.2214
474.0000,-0.6145,-0.0420,1.2388,147.3359,238.7863,50.4046
479.0000,-0.6702,-0.0032,1.3594,124.2214,227.8779,42.3435
492.0000,-0.7046,0.0356,1.4502,99.3053,214.3664,34.7252
485.0000,-0.7219,0.0637,1.4954,73.5573,204.0458,31.0153
495.0000,-0.7153,0.0637,1.5361,40.7405,206.4122,27.3740
484.0000,-0.7832,0.0381,1.5698,20.8626,190.9160,22.8626
470.0000,-0.7747,-0.0034,1.5835,8.1832,175.4656,18.9466
487.0000,-0.7458,-0.0610,1.5820,5.9466,161.5649,16.5878
496.0000,-0.7097,-0.0659,1.5195,7.6794,154.4427,15.8473
470.0000,-0.7144,-0.0674,1.4099,7.5649,139.1221,16.4504
482.0000,-0.6697,-0.0505,1.3145,0.9237,122.8550,18.7023
485.0000,-0.6379,-0.0313,1.2344,-0.6183,110.9313,17.6412
473.0000,-0.6116,-0.0684,1.1238,-7.0763,100.4122,15.7557
481.0000,-0.5459,-0.1125,1.0981,-19.2443,85.0000,13.8626
487.0000,-0.4609,-0.1414,1.1497,-23.0763,74.1679,13.0916
489.0000,-0.5149,-0.1956,1.2085,-25.5114,59.8702,13.5115
483.0000,-0.6143,-0.3164,1.4033,-47.8397,38.0076,10.9313
492.0000,-0.6670,-0.3923,1.6250,-79.0992,0.2901,-0.2824
482.0000,-0.5564,-0.3770,1.7485,-102.5191,-35.7023,-14.2137
474.0000,-0.4009,-0.4844,1.8025,-98.9924,-59.1908,-22.4962
517.0000,-0.1648,-0.6377,1.7654,-68.7710,-52.9466,-22.1756
480.0000,-0.2095,-0.6001,1.5608,-34.5954,-51.9466,-14.3130
482.0000,-0.2263,-0.4866,1.3782,-15.3053,-52.3969,-5.6336
483.0000,-0.1621,-0.2959,1.1970,-15.8550,-38.7176,2.2214
476.0000,-0.1052,-0.1707,1.0420,-30.3969,-23.9313,8.3435
472.0000,-0.0574,-0.1223,0.9194,-43.1527,-13.2672,11.5725
465.0000,-0.0374,-0.0952,0.8164,-43.7786,-1.6336,12.3359
478.0000,-0.0884,-0.1248,0.7271,-33.1374,-3.2366,11.0305
486.0000,-0.1255,-0.1567,0.6421,-11.3740,-10.4656,8.6718
466.0000,-0.1482,-0.1807,0.5862,8.1908,-17.5954,7.2137
476.0000,-0.1460,-0.1768,0.5623,11.9695,-18.1832,7.1679
475.0000,-0.1526,-0.1497,0.5322,5.7023,-15.1069,7.5115
482.0000,-0.1638,-0.1338,0.5305,-11.5725,-10.7710,8.1145
489.0000,-0.1816,-0.1204,0.5598,-30.2672,-5.5267,8.2748
457.0000,-0.2019,-0.1184,0.5803,-40.2672,-2.2443,7.2824
503.0000,-0.2312,-0.1479,0.6187,-43.6107,-0.8702,6.6260
466.0000,-0.2456,-0.1648,0.6370,-39.4198,-0.1145,6.3893
483.0000,-0.2603,-0.1897,0.6692,-31.8931,0.4656,7.1679
489.0000,-0.2766,-0.1782,0.6841,-25.6336,1.2443,8.1679
479.0000,-0.2793,-0.1880,0.7129,-23.6260,3.5496,9.9695
476.0000,-0.2808,-0.1868,0.7375,-21.7939,7.8092,11.3053
486.0000,-0.2808,-0.1777,0.7466,-17.6794,11.8168,12.4809
473.0000,-0.2937,-0.1829,0.7571,-11.4198,13.7863,13.4809
473.0000,-0.2996,-0.1892,0.7524,-4.2748,14.2824,14.4962
483.0000,-0.2854,-0.1829,0.7676,0.6947,15.5038,15.2137
477.0000,-0.2866,-0.1792,0.7842,3.4122,17.9466,14.8015
470.0000,-0.2905,-0.2014,0.7947,1.6718,18.9008,13.3435
493.0000,-0.3210,-0.2380,0.8523,-2.4046,16.0992,10.4885
485.0000,-0.3560,-0.2744,0.9285,-7.8244,8.1145,6.4733
479.0000,-0.3552,-0.3049,1.0349,-15.8550,1.1298,1.6489
497.0000,-0.3521,-0.3521,1.1082,-18.7557,-6.3359,-3.1985
505.0000,-0.3442,-0.3762,1.1753,-16.0687,-13.0458,-6.6183
490.0000,-0.3281,-0.3840,1.2019,-11.5802,-18.5344,-7.9542
504.0000,-0.3101,-0.3557,1.1860,-3.9771,-21.8702,-6.8321
491.0000,-0.2776,-0.3066,1.1350,-1.6794,-19.7176,-4.4275
484.0000,-0.2593,-0.2559,1.0793,0.9466,-16.0611,-2.3435