raw_emg,raw_ax,raw_ay,raw_az,raw_gx,raw_gy,raw_gz
7.0000,-0.1924,-0.2363,0.8557,-7.0458,2.0687,-4.5115
7.0000,-0.1868,-0.2400,0.8586,-6.4733,2.5344,-4.7176
6.0000,-0.1953,-0.2500,0.8521,-6.0992,3.1221,-4.3817
6.0000,-0.1997,-0.2407,0.8481,-5.2061,3.5573,-4.2748
6.0000,-0.1934,-0.2312,0.8472,-4.0687,3.1374,-4.0229
6.0000,-0.1904,-0.2261,0.8452,-4.0382,2.8855,-3.6870
7.0000,-0.1951,-0.2131,0.8516,-3.9695,2.8473,-3.6183
6.0000,-0.1980,-0.2168,0.8459,-4.0916,2.7252,-3.7252
6.0000,-0.1929,-0.2168,0.8420,-4.7710,2.6260,-3.5649
6.0000,-0.1941,-0.2202,0.8486,-5.2061,2.8168,-3.6718
7.0000,-0.1951,-0.2246,0.8452,-5.0153,2.9695,-3.2824
7.0000,-0.1997,-0.2292,0.8562,-4.6183,3.2748,-3.5191
6.0000,-0.2031,-0.2402,0.8599,-3.9160,2.9847,-3.1298
6.0000,-0.1968,-0.2422,0.8477,-2.9313,2.8015,-2.7405
6.0000,-0.2075,-0.2468,0.8611,-1.7786,3.3130,-2.5802
6.0000,-0.2109,-0.2356,0.8713,-0.8397,2.5344,-2.2748
6.0000,-0.1995,-0.2312,0.8689,-1.3053,2.5496,-2.0534
6.0000,-0.1968,-0.2180,0.8589,-2.2214,3.3053,-2.4733
6.0000,-0.2063,-0.2117,0.8503,-4.1832,3.2748,-2.3511
6.0000,-0.2104,-0.2158,0.8435,-5.8550,2.8779,-2.6641
6.0000,-0.2058,-0.2136,0.8567,-6.5954,2.8244,-2.7939
6.0000,-0.2034,-0.2219,0.8447,-7.2366,2.6336,-3.0229
6.0000,-0.1995,-0.2256,0.8579,-8.0992,2.9542,-3.1756
6.0000,-0.2122,-0.2319,0.8645,-7.3282,2.5344,-3.2366
6.0000,-0.2056,-0.2463,0.8491,-7.0992,1.9924,-2.7405
6.0000,-0.1960,-0.2463,0.8513,-6.4580,2.1679,-2.1832
6.0000,-0.1929,-0.2424,0.8601,-4.7939,2.3664,-1.7023
6.0000,-0.1873,-0.2380,0.8611,-4.0992,2.4427,-1.5191
6.0000,-0.1711,-0.2227,0.8489,-3.4122,4.1221,-1.3435
6.0000,-0.1809,-0.2307,0.8469,-3.8473,4.0458,-1.6489
6.0000,-0.1885,-0.2207,0.8420,-6.0992,3.7481,-1.2824
6.0000,-0.1667,-0.2271,0.8359,-5.2061,5.0611,-1.6565
6.0000,-0.1726,-0.2319,0.8413,-4.8855,6.6336,-1.7252
6.0000,-0.1780,-0.2346,0.8450,-5.4504,6.3282,-1.5573
7.0000,-0.1777,-0.2292,0.8379,-6.0382,6.4962,-1.3511
7.0000,-0.1819,-0.2292,0.8564,-6.2290,7.3206,-0.7481
6.0000,-0.1851,-0.2361,0.8687,-5.5496,8.1298,-1.0000
6.0000,-0.1897,-0.2249,0.8755,-5.5802,9.0153,-1.4427
7.0000,-0.1963,-0.2458,0.8857,-5.5038,9.6718,-1.8244
7.0000,-0.1978,-0.2556,0.8872,-3.3435,9.4885,-1.8473
7.0000,-0.1914,-0.2549,0.8943,-0.7481,9.8321,-1.5115
78.0000,-0.1877,-0.2498,0.8997,2.5420,9.6412,-1.3206
131.0000,-0.1904,-0.2498,0.8933,4.8397,9.1985,-0.8779
154.0000,-0.1819,-0.2495,0.8931,5.1221,8.7634,-0.5038
121.0000,-0.1792,-0.2532,0.8916,3.5878,8.7786,-0.8168
154.0000,-0.1611,-0.2534,0.8958,0.7557,9.4427,-0.9771
167.0000,-0.1580,-0.2593,0.8965,-1.7557,10.6107,-0.9008
207.0000,-0.1597,-0.2507,0.8762,-1.6794,10.0382,-0.3206
155.0000,-0.1704,-0.2417,0.8740,-1.2061,7.2137,-0.3969
177.0000,-0.1663,-0.2217,0.8977,-2.1450,3.4122,-1.6565
199.0000,-0.1648,-0.2356,0.9358,-3.4046,0.2977,-3.7252
182.0000,-0.1619,-0.2551,0.9788,-4.4656,-1.5115,-5.2672
183.0000,-0.1592,-0.2676,1.0015,-4.3817,-3.4351,-5.7405
217.0000,-0.1458,-0.2793,1.0051,-2.8855,-5.3359,-5.2214
212.0000,-0.1423,-0.2820,1.0146,-1.4885,-7.0916,-5.1603
221.0000,-0.1418,-0.2964,1.0239,-0.2748,-8.5191,-4.8397
195.0000,-0.1550,-0.2944,1.0203,2.0916,-10.1069,-4.6031
272.0000,-0.1602,-0.3027,1.0288,3.0000,-12.5954,-4.5573
209.0000,-0.1797,-0.2983,1.0503,1.6489,-14.8550,-4.9008
218.0000,-0.2063,-0.3259,1.0879,0.3588,-18.9771,-5.0153
250.0000,-0.2300,-0.3042,1.1238,0.1145,-24.1450,-4.7023
237.0000,-0.2576,-0.2910,1.1599,-2.5954,-30.0534,-4.6031
256.0000,-0.2827,-0.2637,1.1987,-5.3282,-35.7863,-5.5496
269.0000,-0.3027,-0.2644,1.2166,-6.1679,-41.6794,-8.0992
282.0000,-0.3145,-0.2551,1.2102,-10.4580,-47.7786,-10.6565
271.0000,-0.3101,-0.2607,1.2068,-14.9084,-54.8779,-13.9008
143.0000,-0.3091,-0.2810,1.2021,-21.6031,-61.1832,-15.5115
408.0000,-0.3149,-0.3167,1.2075,-25.0382,-67.8626,-16.6031
243.0000,-0.3337,-0.3132,1.2090,-27.3435,-73.9542,-17.0916
254.0000,-0.3201,-0.3271,1.2534,-27.5802,-80.4122,-17.4809
246.0000,-0.3208,-0.3401,1.2791,-22.7939,-87.9389,-17.7634
278.0000,-0.3149,-0.3486,1.2932,-20.6107,-93.0611,-18.0687
348.0000,-0.3301,-0.3535,1.3101,-16.9389,-98.9466,-18.7710
235.0000,-0.3516,-0.3645,1.3069,-14.4122,-105.3053,-19.3282
319.0000,-0.3604,-0.3474,1.3152,-12.7405,-110.9084,-19.0763
275.0000,-0.3687,-0.3013,1.3069,-13.1069,-117.8779,-19.4504
249.0000,-0.3652,-0.2678,1.2803,-15.8779,-125.9847,-20.8015
236.0000,-0.3545,-0.2180,1.2490,-21.7939,-133.9771,-22.0076
507.0000,-0.3464,-0.1897,1.2317,-31.0382,-141.7863,-24.1527
260.0000,-0.3728,-0.2390,1.3135,-43.0153,-150.8397,-28.2519
321.0000,-0.3838,-0.2810,1.3450,-47.3740,-158.5496,-30.0076
247.0000,-0.3989,-0.3152,1.3518,-42.2519,-166.1450,-28.7405
335.0000,-0.4263,-0.3188,1.3083,-31.6947,-176.5420,-28.2214
209.0000,-0.4097,-0.3188,1.2578,-28.7099,-186.4886,-27.6260
383.0000,-0.3767,-0.2900,1.1948,-23.7481,-195.8779,-28.4504
295.0000,-0.3555,-0.2937,1.1902,-26.8321,-204.4427,-30.3740
242.0000,-0.3416,-0.2820,1.2202,-33.6947,-213.7328,-33.5725
318.0000,-0.3198,-0.2625,1.2183,-38.5954,-221.6488,-35.9084
366.0000,-0.2937,-0.2632,1.1985,-45.6336,-227.4504,-38.8473
246.0000,-0.2805,-0.3286,1.1797,-45.9389,-234.5267,-42.3282
247.0000,-0.2595,-0.3362,1.1252,-48.0076,-241.5954,-43.5496
416.0000,-0.2197,-0.3345,1.0740,-48.7328,-245.8779,-45.6489
264.0000,-0.2139,-0.3633,1.1099,-46.5267,-250.1374,-47.5878
314.0000,-0.1997,-0.3696,1.0986,-43.0687,-250.1374,-49.4580
298.0000,-0.1553,-0.3040,1.0398,-35.1298,-250.1374,-48.7328
297.0000,-0.1182,-0.2488,0.9485,-35.6260,-250.1374,-49.9695
303.0000,-0.1040,-0.2361,0.8884,-34.3282,-250.1374,-54.5878
263.0000,-0.0432,-0.2087,0.7427,-39.2061,-250.1374,-57.9542
377.0000,0.0281,-0.1941,0.6111,-47.3053,-250.1374,-59.6260
314.0000,0.0525,-0.2048,0.5811,-61.7023,-250.1374,-63.5954
297.0000,0.1003,-0.2412,0.5706,-78.8015,-250.1374,-68.1374
442.0000,0.1724,-0.2407,0.5002,-84.4198,-250.1374,-69.6794
323.0000,0.1899,-0.2712,0.5317,-89.2672,-250.1374,-71.1069
333.0000,0.2241,-0.2485,0.4998,-89.4580,-250.1374,-72.6183
317.0000,0.2915,-0.2275,0.3884,-74.4809,-250.1374,-71.6947
349.0000,0.3347,-0.2056,0.3313,-65.5115,-250.1374,-70.8473
409.0000,0.3550,-0.1990,0.3062,-57.0840,-250.1374,-71.4886
299.0000,0.4038,-0.2029,0.2549,-55.7481,-250.1374,-72.1221
355.0000,0.4424,-0.2402,0.2522,-54.8702,-250.1374,-71.6718
342.0000,0.4463,-0.2368,0.2019,-48.7710,-250.1374,-68.8092
358.0000,0.4719,-0.1868,0.1179,-45.4962,-250.1374,-66.4504
318.0000,0.4783,-0.1423,0.0491,-33.5420,-250.1374,-63.2290
382.0000,0.5261,-0.1555,0.0049,-28.6489,-250.1374,-62.4962
329.0000,0.5225,-0.1873,0.0073,-12.8092,-250.1374,-62.4198
348.0000,0.5664,-0.1501,-0.0847,-4.4656,-250.1374,-59.1069
352.0000,0.5967,-0.0925,-0.1934,2.2977,-250.1374,-53.5725
315.0000,0.6519,-0.1030,-0.2500,13.4122,-246.7939,-49.4427
356.0000,0.6743,-0.1272,-0.2532,15.0153,-237.8931,-46.4962
361.0000,0.7188,-0.0938,-0.3025,19.0840,-229.1221,-42.5725
398.0000,0.7676,-0.0559,-0.3635,27.4198,-220.2824,-36.3740
297.0000,0.7822,-0.0950,-0.3792,32.9771,-206.3664,-31.2214
364.0000,0.7729,-0.1218,-0.3594,35.1679,-193.3740,-29.1069
328.0000,0.8206,-0.0972,-0.4084,45.5878,-179.7863,-25.7634
381.0000,0.8826,-0.0640,-0.5376,52.7863,-166.8168,-20.2901
330.0000,0.8884,-0.0996,-0.6050,65.0229,-157.4351,-15.1679
345.0000,0.9128,-0.1370,-0.6233,64.4504,-141.5954,-12.5344
349.0000,0.9160,-0.1584,-0.6470,65.1603,-126.9466,-9.8626
378.0000,0.9561,-0.1436,-0.6733,43.0305,-99.3359,-6.0687
333.0000,0.9058,-0.2114,-0.7524,38.8092,-89.5344,-2.6412
387.0000,0.9534,-0.1782,-0.7434,7.9847,-47.0458,-1.7481
397.0000,0.9827,-0.0393,-0.6370,-4.9389,-14.1756,-2.4351
358.0000,0.9612,-0.1477,-0.6301,-3.7099,-2.0000,-1.1908
369.0000,0.9824,-0.1711,-0.5840,9.2595,8.1832,-1.4122
394.0000,0.9829,-0.2114,-0.5925,16.0611,24.1145,-1.2595
368.0000,0.9465,-0.2283,-0.5942,14.6870,34.8931,-0.2061
383.0000,0.9331,-0.2546,-0.5645,23.1679,38.5802,0.6183
384.0000,0.9634,-0.2686,-0.5483,21.9847,55.9618,0.6489
340.0000,0.9768,-0.2615,-0.5366,11.1374,82.4962,1.2290
458.0000,0.9417,-0.2449,-0.5425,-8.3435,104.6947,3.0458
384.0000,0.9348,-0.2061,-0.4797,-32.9542,127.0916,3.5191
377.0000,0.9026,-0.2114,-0.4199,-36.2214,139.5572,3.6183
385.0000,0.8906,-0.2214,-0.3879,-34.8550,149.3206,4.5573
396.0000,0.8899,-0.2317,-0.3564,-30.1985,162.5114,6.2061
400.0000,0.8499,-0.2456,-0.2883,-21.2977,171.9008,8.2901
403.0000,0.8337,-0.2388,-0.2415,-17.3206,180.4122,10.5802
378.0000,0.8174,-0.2239,-0.2085,-15.1832,189.8779,13.2748
368.0000,0.8086,-0.1965,-0.1794,-16.6794,202.0000,15.2672
378.0000,0.7720,-0.2117,-0.1353,-14.1450,212.2519,17.6794
381.0000,0.7302,-0.2085,-0.1079,-13.9847,218.5496,20.0763
287.0000,0.7185,-0.2002,-0.0813,-13.8779,225.7633,22.1603
360.0000,0.6875,-0.1848,-0.0442,-8.0534,230.6336,24.2366
322.0000,0.6426,-0.1990,-0.0227,-3.9084,232.5420,27.1450
337.0000,0.6174,-0.2114,0.0564,-10.6794,240.0763,29.2824
353.0000,0.5850,-0.2009,0.1404,-10.1756,248.2214,30.9542
365.0000,0.5942,-0.1882,0.1606,-4.9924,250.1298,33.6565
355.0000,0.5603,-0.1616,0.1138,-4.6031,250.1298,36.4275
370.0000,0.5151,-0.1853,0.0918,-5.6412,250.1298,37.4885
358.0000,0.4827,-0.1702,0.1812,-4.2443,248.7710,37.0153
351.0000,0.4910,-0.1738,0.2073,-2.7786,250.1298,37.7023
395.0000,0.4734,-0.1711,0.2151,-5.6183,250.1298,39.9237
360.0000,0.4143,-0.1772,0.3323,-14.9313,250.1298,41.6031
361.0000,0.3730,-0.2324,0.4805,-17.3053,250.1298,41.0229
397.0000,0.3523,-0.2358,0.5068,-17.9466,250.1298,41.5420
379.0000,0.3430,-0.2434,0.5088,-12.9771,250.1298,44.6489
368.0000,0.2803,-0.2473,0.5696,-11.8626,250.1298,46.9618
386.0000,0.2769,-0.2151,0.5781,-17.2214,250.1298,47.8473
381.0000,0.2617,-0.2100,0.5891,-17.8931,250.1298,47.3893
380.0000,0.2017,-0.2610,0.5815,-23.7634,244.5572,47.6260
380.0000,0.1814,-0.2739,0.6667,-33.9542,242.0687,47.2824
389.0000,0.1824,-0.3042,0.6982,-38.8168,240.2901,46.5802
378.0000,0.2046,-0.3408,0.7070,-38.0534,237.7099,44.6565
382.0000,0.0994,-0.3484,0.8074,-35.1527,237.2901,50.3664
394.0000,0.0964,-0.3589,0.8560,-27.1908,229.5802,50.4198
372.0000,0.1052,-0.3223,0.8513,-18.0000,226.0458,51.0916
390.0000,0.1040,-0.3464,0.9170,-6.6489,227.6794,52.0611
376.0000,0.0596,-0.3586,0.9736,-7.5725,226.9618,53.2519
387.0000,0.0630,-0.3977,1.0129,1.3359,223.2290,53.1145
402.0000,0.0503,-0.4075,0.9966,13.3588,218.3893,54.0611
391.0000,0.0205,-0.3779,0.9648,20.8397,212.2824,55.6183
383.0000,0.0110,-0.3750,0.9722,28.5114,207.1603,56.1908
396.0000,-0.0015,-0.3403,0.9790,22.7481,204.2443,54.8550
392.0000,0.0085,-0.2883,0.9646,12.2595,203.6488,52.2366
397.0000,-0.0103,-0.3025,0.9241,-3.8473,204.3740,50.2977
389.0000,-0.0610,-0.3442,1.0605,-21.4733,206.3817,49.1679
392.0000,-0.1138,-0.3699,1.2356,-28.9542,203.5954,46.7023
405.0000,-0.1487,-0.4248,1.3191,-22.5191,200.1679,46.8397
404.0000,-0.2004,-0.4824,1.3494,-9.0229,195.3664,49.0382
397.0000,-0.2419,-0.5469,1.3015,2.6260,193.2824,50.8855
394.0000,-0.3337,-0.6021,1.2451,30.3511,180.4198,52.0916
406.0000,-0.3389,-0.5642,1.1836,48.8473,163.5572,52.9924
402.0000,-0.3521,-0.4675,1.1069,54.4427,147.6870,52.1298
394.0000,-0.2754,-0.4070,1.0769,48.0534,139.8015,47.8473
408.0000,-0.2739,-0.3640,1.1045,31.5573,132.5802,41.8550
408.0000,-0.2979,-0.3364,1.1836,10.4809,124.3359,37.6870
397.0000,-0.2712,-0.3369,1.2327,-7.1298,118.2443,34.4962
411.0000,-0.2827,-0.3713,1.2969,-14.8092,110.6183,30.8626
417.0000,-0.2925,-0.4146,1.3486,-19.0000,105.9618,28.4580
400.0000,-0.3191,-0.5012,1.3762,-12.2748,101.1756,27.5038
412.0000,-0.3374,-0.5396,1.3926,-3.9084,95.3053,27.7710
412.0000,-0.3245,-0.5608,1.3328,8.5954,91.3740,29.3282
400.0000,-0.2783,-0.5291,1.2759,25.7634,87.0916,30.2977
410.0000,-0.2578,-0.5100,1.2195,42.9313,81.3511,29.7786
397.0000,-0.2451,-0.4736,1.1733,54.7176,73.8626,29.6794
445.0000,-0.2249,-0.4495,1.1172,61.2366,68.0229,29.6107
390.0000,-0.2263,-0.4211,1.0676,63.1221,63.2977,27.6031
375.0000,-0.2080,-0.3628,1.0149,55.4809,56.8015,24.1298
455.0000,-0.1990,-0.3438,1.0073,50.0992,49.5573,18.6794
382.0000,-0.1819,-0.3416,1.0298,37.4198,43.6183,15.0992
439.0000,-0.1643,-0.3323,1.0461,26.1679,41.3588,10.8779
396.0000,-0.1707,-0.3633,1.0569,21.3282,39.3282,7.4122
407.0000,-0.1765,-0.3853,1.0759,14.2519,38.1298,5.5115
409.0000,-0.1750,-0.4038,1.0776,13.9084,37.4427,4.5267
406.0000,-0.1758,-0.4153,1.0669,17.7863,38.6489,4.2214
406.0000,-0.1987,-0.4084,1.0679,24.3053,38.1221,4.4885
408.0000,-0.2063,-0.4094,1.0300,28.2672,37.5649,6.6031
425.0000,-0.2031,-0.3586,0.9558,32.5344,38.7481,9.3053
404.0000,-0.2131,-0.3035,0.8845,39.7710,39.2290,11.1603
410.0000,-0.2380,-0.2554,0.8057,36.9924,36.9542,12.5420
403.0000,-0.2427,-0.2163,0.7527,33.6107,33.3435,12.1756
410.0000,-0.2500,-0.1782,0.7307,28.7405,30.1527,11.4656
410.0000,-0.2729,-0.1711,0.7344,21.6641,25.0534,10.1069
382.0000,-0.2798,-0.1692,0.7605,13.1756,21.9084,8.8855
424.0000,-0.2974,-0.1748,0.7891,5.9008,20.4809,7.7863
397.0000,-0.3123,-0.2017,0.8184,1.1069,18.8321,8.4504
397.0000,-0.3313,-0.2124,0.8325,-2.5802,14.9160,9.0992
410.0000,-0.3213,-0.2168,0.8691,-3.6412,11.7252,8.4580
411.0000,-0.3142,-0.2256,0.8789,-3.8702,9.8931,8.1069
400.0000,-0.3167,-0.2468,0.8796,-4.6031,8.4580,7.3664
410.0000,-0.3135,-0.2566,0.8765,-6.0076,7.0382,6.7939
419.0000,-0.3022,-0.2671,0.8794,-6.2290,6.0992,6.0229
401.0000,-0.2913,-0.2859,0.8855,-4.7252,4.4427,5.1069
416.0000,-0.2920,-0.2908,0.8782,-1.1527,2.2214,4.2214
403.0000,-0.2793,-0.2939,0.8843,2.4504,0.5420,3.2977
436.0000,-0.2664,-0.2874,0.8826,5.1450,-1.0992,2.4046
400.0000,-0.2581,-0.2852,0.8809,6.9618,-2.3893,1.5115
419.0000,-0.2512,-0.2900,0.8896,7.3588,-2.9084,0.4504
433.0000,-0.2419,-0.2939,0.9028,8.1145,-2.7634,-0.1985
442.0000,-0.2380,-0.2854,0.8936,10.4962,-3.1298,-0.2366
419.0000,-0.2358,-0.2920,0.8884,13.7710,-3.3130,-0.6183
472.0000,-0.2271,-0.2788,0.9060,15.6718,-3.9924,-0.6260
400.0000,-0.2195,-0.2720,0.8896,16.0000,-3.3053,-0.4809
442.0000,-0.2122,-0.2715,0.8933,15.3893,-2.2137,-0.5344
453.0000,-0.2173,-0.2605,0.8901,14.3282,-1.8855,-0.4351
420.0000,-0.2178,-0.2498,0.9031,13.2061,-2.4809,-0.3740
376.0000,-0.2292,-0.2456,0.9121,12.2672,-2.9389,-0.4809
529.0000,-0.2393,-0.2336,0.9214,11.3893,-4.1145,-0.2672
368.0000,-0.2471,-0.2454,0.9336,11.0763,-5.0687,0.1603
463.0000,-0.2473,-0.2556,0.9626,9.6794,-6.0458,0.5725
386.0000,-0.2568,-0.2583,0.9875,10.1756,-7.7252,1.5725
468.0000,-0.2747,-0.2593,1.0103,11.5267,-10.9084,2.8550
425.0000,-0.2961,-0.2502,1.0461,12.8779,-14.7863,3.5038
399.0000,-0.3120,-0.2458,1.0659,11.3511,-17.9618,3.7557
474.0000,-0.3198,-0.2437,1.0881,16.8702,-23.2061,5.1756
368.0000,-0.3313,-0.2100,1.0977,18.2595,-29.4046,6.2061
490.0000,-0.3401,-0.1775,1.1189,17.2824,-37.5267,4.8473
407.0000,-0.3608,-0.1667,1.1665,9.6260,-46.4580,2.7634
395.0000,-0.3689,-0.1633,1.2046,-4.5344,-53.4656,-0.2977
431.0000,-0.3767,-0.1777,1.2527,-19.3435,-59.9237,-3.0763
441.0000,-0.3916,-0.1865,1.2671,-34.4962,-66.6794,-5.9466
570.0000,-0.4004,-0.2358,1.2935,-44.4580,-75.2595,-8.5038
398.0000,-0.4272,-0.2668,1.3523,-51.0382,-84.0534,-10.9847
406.0000,-0.4629,-0.2969,1.4124,-53.2748,-94.5725,-14.3282
466.0000,-0.4719,-0.3181,1.4578,-56.0534,-102.7710,-16.0076
407.0000,-0.5073,-0.3013,1.4941,-49.3740,-113.6641,-17.2443
405.0000,-0.5300,-0.3235,1.4900,-43.6412,-125.3740,-18.8168
485.0000,-0.5239,-0.3401,1.4897,-37.7863,-137.6717,-21.2366
409.0000,-0.5166,-0.3630,1.4956,-31.7099,-149.0763,-23.3053
463.0000,-0.4978,-0.3430,1.5044,-27.2443,-160.0763,-24.3664
405.0000,-0.5093,-0.3467,1.5181,-22.7252,-172.1603,-26.9924
411.0000,-0.4829,-0.3325,1.4514,-15.3282,-185.8779,-28.6565
520.0000,-0.4497,-0.3403,1.3943,-12.2061,-197.7481,-29.7405
450.0000,-0.4539,-0.3655,1.4207,-13.2824,-209.1221,-32.9695
395.0000,-0.4192,-0.3630,1.3979,-13.8321,-221.0458,-35.2366
457.0000,-0.3618,-0.3384,1.3684,-14.8092,-228.2290,-35.0992
453.0000,-0.3459,-0.3127,1.3472,-16.1908,-236.7405,-36.3435
403.0000,-0.2983,-0.2935,1.2786,-20.0916,-246.0687,-39.2366
388.0000,-0.2415,-0.2788,1.1763,-23.6031,-250.1374,-41.3893
578.0000,-0.2166,-0.2908,1.1184,-30.0153,-250.1374,-43.6260
358.0000,-0.1943,-0.3037,1.1233,-40.8626,-250.1374,-46.8168
389.0000,-0.1626,-0.3179,1.0815,-43.2901,-250.1374,-49.0229
442.0000,-0.1404,-0.3293,1.0176,-47.7710,-250.1374,-48.4962
480.0000,-0.1514,-0.3320,1.0164,-46.7328,-250.1374,-49.0305
453.0000,-0.1436,-0.3440,1.0037,-41.9008,-250.1374,-49.8168
463.0000,-0.1006,-0.2974,0.9446,-36.4504,-250.1374,-50.4198
441.0000,-0.0996,-0.2876,0.9182,-30.3435,-250.1374,-51.0382
423.0000,-0.0933,-0.2593,0.8931,-38.8626,-250.1374,-53.0382
408.0000,-0.0847,-0.2615,0.8623,-45.8473,-250.1374,-55.3511
435.0000,-0.0613,-0.2454,0.7502,-50.8244,-250.1374,-55.9924
462.0000,-0.0112,-0.2437,0.6548,-56.0992,-250.1374,-55.9160
425.0000,0.0183,-0.2502,0.5811,-54.8321,-250.1374,-57.8626
443.0000,0.0786,-0.2419,0.5295,-51.4733,-250.1374,-60.1298
448.0000,0.1177,-0.2617,0.4788,-52.2290,-250.1374,-61.6260
392.0000,0.1345,-0.2329,0.4988,-48.7328,-250.1374,-62.3053
471.0000,0.1477,-0.2954,0.5688,-57.1374,-250.1374,-63.2595
376.0000,0.1680,-0.2363,0.5190,-50.6718,-250.1374,-63.0992
470.0000,0.2070,-0.2280,0.4478,-44.1985,-250.1374,-60.4427
465.0000,0.1665,-0.2703,0.5098,-39.9924,-250.1374,-61.5496
432.0000,0.1821,-0.2361,0.4348,-24.9084,-250.1374,-62.0000
472.0000,0.2605,-0.1824,0.1953,-11.9160,-250.1374,-58.4733
498.0000,0.2793,-0.1292,0.0474,2.7634,-250.1374,-55.9237
436.0000,0.3306,-0.1521,-0.0295,11.4122,-250.1374,-56.7328
423.0000,0.3916,-0.1216,-0.1648,10.1908,-250.1374,-56.8397
426.0000,0.4836,-0.0781,-0.3303,10.7481,-250.1374,-54.2595
454.0000,0.5225,-0.0798,-0.4058,11.0992,-250.1374,-51.0534
468.0000,0.5833,-0.0544,-0.4263,10.7481,-250.1374,-49.5115
455.0000,0.6458,-0.0596,-0.4868,14.0000,-250.1374,-47.3740
399.0000,0.7021,-0.0122,-0.5769,20.4504,-250.1374,-44.4427
437.0000,0.7502,-0.0154,-0.6411,32.4809,-250.1374,-41.0153
484.0000,0.7996,-0.0220,-0.8047,34.2443,-233.8397,-36.7328
445.0000,0.9075,-0.0798,-0.9951,25.0611,-204.8092,-32.0229
513.0000,0.7869,-0.2197,-1.1987,-10.9313,-179.1679,-27.0382
503.0000,1.4646,0.0627,-1.2095,-85.1832,-39.8168,-13.8473
505.0000,0.7600,-0.1892,-1.4895,-79.9466,-45.7634,-8.9389
477.0000,1.0996,0.1196,-1.2649,-99.6718,2.0305,-0.1069
504.0000,0.9802,0.0315,-1.2395,-47.9847,-10.7634,-4.8626
484.0000,1.0107,-0.0149,-1.1646,2.1603,-3.3588,-6.2519
454.0000,1.1177,0.0266,-1.0273,19.9924,30.5649,-3.0229
557.0000,0.9915,-0.0474,-0.9556,29.5344,45.9466,-0.3817
484.0000,0.9058,-0.1428,-0.8557,47.9160,47.1069,3.7023
484.0000,0.9121,-0.2800,-0.7090,78.9084,50.7099,11.7252
476.0000,0.9175,-0.2554,-0.6399,80.0229,76.3970,17.4275
465.0000,1.0056,-0.2429,-0.6123,72.6336,122.4809,17.6794
494.0000,0.9780,-0.2078,-0.5657,27.8168,177.6107,17.0000
477.0000,0.8801,-0.1887,-0.5605,-36.5802,207.6947,18.0153
459.0000,0.8547,-0.1389,-0.4619,-74.8168,223.6260,18.9237
488.0000,0.8032,-0.2156,-0.4153,-69.3435,225.7557,19.8244
523.0000,0.7268,-0.2632,-0.3606,-39.3740,210.6488,19.0916
462.0000,0.7004,-0.2761,-0.2668,-1.5954,199.9618,16.7405
475.0000,0.6921,-0.2527,-0.1987,16.5420,195.8855,15.4733
466.0000,0.6951,-0.2468,-0.1323,-0.0840,204.4886,15.2366
320.0000,0.7585,-0.1692,-0.0200,-30.4809,230.7786,15.0992
404.0000,0.7236,-0.1865,0.0234,-52.1145,250.1298,15.7710
384.0000,0.6240,-0.2417,0.1174,-57.5573,250.1298,17.0382
386.0000,0.6052,-0.2444,0.1548,-45.4504,250.1298,19.2290
435.0000,0.5964,-0.2461,0.1406,-27.8626,250.1298,21.1450
416.0000,0.5591,-0.2561,0.1323,-6.3359,248.1298,22.5496
398.0000,0.5173,-0.2654,0.1445,4.8779,244.2061,23.6489
430.0000,0.5007,-0.2305,0.1523,6.1145,240.3053,25.6641
427.0000,0.5051,-0.2205,0.2122,-1.7710,247.9466,26.9771
424.0000,0.4583,-0.2356,0.2969,-2.8855,250.1298,27.1908
447.0000,0.4092,-0.2415,0.3394,4.7328,249.7023,29.2901
434.0000,0.3628,-0.2161,0.3657,8.1756,242.5496,32.4733
426.0000,0.3386,-0.1880,0.4421,8.9389,240.4046,33.2290
442.0000,0.3088,-0.2056,0.6311,16.9695,241.6717,32.4198
436.0000,0.2561,-0.1792,0.7034,21.1756,235.8626,32.6107
424.0000,0.2715,-0.1611,0.7041,23.0458,231.7557,34.1069
440.0000,0.2544,-0.1523,0.6931,23.5878,227.1832,34.4427
446.0000,0.2312,-0.1841,0.7297,15.2595,226.1298,32.9084
429.0000,0.2026,-0.2246,0.7979,2.4275,228.0305,34.3130
432.0000,0.2156,-0.2244,0.8098,-6.2901,233.6107,34.7405
470.0000,0.1687,-0.2344,0.8369,-7.6107,234.6947,35.1374
432.0000,0.1223,-0.2173,0.8748,-15.5573,231.9160,33.5954
511.0000,0.0708,-0.2375,0.8999,-24.6565,225.4275,33.5573
436.0000,0.0618,-0.2991,0.9619,-21.6260,222.3359,34.4580
434.0000,0.0032,-0.3289,1.0371,-24.9771,216.5267,36.0000
452.0000,0.0085,-0.3027,1.0991,-17.6183,210.1374,38.0840
444.0000,0.0088,-0.3101,1.0779,0.6107,201.6870,39.5115
434.0000,-0.0320,-0.2981,1.0510,19.8855,191.8626,42.1221
443.0000,-0.0134,-0.2737,1.0422,29.1985,177.4275,40.9084
451.0000,0.0288,-0.1941,0.9695,14.9542,175.1985,37.9924
438.0000,0.0483,-0.2341,1.0168,7.1603,183.4504,33.0534
447.0000,-0.0103,-0.2979,1.0642,-7.6031,188.6412,30.7557
458.0000,-0.0562,-0.3462,1.1672,-17.6641,182.7023,27.8015
465.0000,-0.0625,-0.3843,1.2385,-10.4733,179.2290,27.6412
439.0000,-0.0908,-0.4048,1.2849,1.5420,175.5191,30.3664
443.0000,-0.1172,-0.4197,1.3625,14.0763,172.6870,32.7557
438.0000,-0.1226,-0.4138,1.3877,28.3206,169.8244,33.2595
449.0000,-0.1223,-0.3481,1.2529,44.1298,161.4580,35.5573
450.0000,-0.1143,-0.2659,1.1421,49.8244,155.6336,36.4427
438.0000,-0.1030,-0.2375,1.0393,53.7176,142.7328,32.7939
451.0000,-0.0898,-0.2007,0.9375,36.1374,126.8855,28.9618
453.0000,-0.0269,-0.2419,0.9080,22.8244,127.4351,23.8321
441.0000,-0.0872,-0.2529,0.9465,6.4046,120.7710,23.4962
458.0000,-0.0471,-0.2092,0.9841,-10.0305,116.9389,21.4580
451.0000,-0.0730,-0.2456,1.0261,-20.4122,113.3588,21.9542
444.0000,-0.0796,-0.2725,1.0583,-25.0076,109.4198,24.7786
453.0000,-0.0540,-0.2332,1.1294,-23.8550,110.4504,26.3817
457.0000,-0.0852,-0.2815,1.1282,-24.6183,111.8244,27.9313
450.0000,-0.1165,-0.3064,1.1519,-18.1221,110.1450,30.6641
456.0000,-0.1191,-0.3242,1.1221,-20.5114,110.0611,33.5802
443.0000,-0.1135,-0.3501,1.1260,-12.6183,111.7252,35.8626
451.0000,-0.1501,-0.3970,1.2136,-10.4275,112.8015,36.1145
453.0000,-0.1819,-0.4033,1.2122,-3.4733,111.9466,35.8092
459.0000,-0.2234,-0.4001,1.1228,11.4885,106.6336,38.4122
437.0000,-0.2595,-0.3711,1.0686,20.6107,95.0382,38.0229
454.0000,-0.2676,-0.3574,1.0657,17.1145,83.7176,33.2214
455.0000,-0.2607,-0.3743,1.1016,7.2595,75.3664,26.4198
438.0000,-0.2632,-0.4111,1.1208,1.9924,67.8855,21.6489
455.0000,-0.2566,-0.4219,1.1333,-1.5573,60.8397,19.5649
460.0000,-0.2488,-0.4260,1.1665,-2.3893,53.2748,18.3435
435.0000,-0.2192,-0.4490,1.2056,-0.8550,48.1221,17.5573
453.0000,-0.2092,-0.4514,1.2080,1.8168,44.3206,16.9771
451.0000,-0.1985,-0.4431,1.2061,5.3740,41.4809,15.7252
439.0000,-0.1951,-0.4309,1.1963,11.9466,37.6565,14.6107
441.0000,-0.1797,-0.4233,1.1709,15.9466,35.4504,13.7481
458.0000,-0.1670,-0.4109,1.1440,20.5038,33.9466,12.9160
446.0000,-0.1699,-0.4092,1.1223,24.6336,32.2443,12.4962
440.0000,-0.1660,-0.3940,1.0811,28.1679,31.3893,12.9237
457.0000,-0.1594,-0.3552,1.0356,31.8550,33.1069,13.4351
446.0000,-0.1523,-0.3154,0.9841,34.1145,35.5344,13.5344
441.0000,-0.1602,-0.2910,0.9019,40.9771,33.5115,13.4427
457.0000,-0.1641,-0.2678,0.8279,38.6260,31.2901,13.6794
446.0000,-0.1465,-0.2417,0.7854,32.9466,33.6260,13.1603
442.0000,-0.1587,-0.2307,0.7520,29.8626,34.5344,11.6794
461.0000,-0.1775,-0.2500,0.7253,26.5649,32.5725,10.5420
445.0000,-0.1755,-0.2427,0.7104,25.8473,30.4885,9.7099
437.0000,-0.1729,-0.2449,0.7061,24.2290,30.5496,9.4656
459.0000,-0.1721,-0.2297,0.7046,20.4580,33.0611,9.3206
433.0000,-0.1648,-0.2354,0.7078,18.1908,34.8855,8.9160
448.0000,-0.1836,-0.2305,0.7085,15.8931,36.7481,8.8015
468.0000,-0.2053,-0.2371,0.7437,13.1908,39.9618,9.1832
441.0000,-0.2229,-0.2427,0.7708,13.7176,45.0687,9.5191
445.0000,-0.2466,-0.2505,0.8188,19.8855,47.9542,10.0305
439.0000,-0.2915,-0.2271,0.8843,29.3740,48.3817,11.2595
457.0000,-0.3203,-0.1887,0.9231,35.6870,47.1679,12.0611
448.0000,-0.3418,-0.1895,0.9614,37.1450,46.0305,12.3664
463.0000,-0.3855,-0.1914,1.0105,35.7710,42.1298,10.4198
460.0000,-0.4226,-0.1931,1.0593,33.4809,32.7557,6.9924
492.0000,-0.4399,-0.2063,1.0867,30.4427,18.3053,3.7939
410.0000,-0.4348,-0.1909,1.1116,24.9084,3.9771,0.8702
489.0000,-0.4143,-0.1919,1.1272,25.1603,-5.4046,-2.8931
332.0000,-0.3955,-0.1873,1.0854,25.6336,-12.5802,-4.9313
576.0000,-0.3765,-0.1743,1.0454,22.1603,-15.3740,-4.8168
490.0000,-0.3481,-0.1394,0.9819,19.8626,-14.1145,-3.0763
461.0000,-0.3433,-0.1150,0.9270,19.0153,-11.5878,-1.9160
451.0000,-0.3337,-0.1113,0.8845,18.2901,-10.6489,-0.5649
495.0000,-0.3228,-0.1069,0.8416,19.4198,-9.5725,0.5878
449.0000,-0.3079,-0.1089,0.8325,23.0153,-8.4885,2.6183
444.0000,-0.3054,-0.1211,0.8052,23.1985,-7.5038,4.2519
521.0000,-0.3025,-0.1155,0.7717,24.0153,-6.8626,6.1527
392.0000,-0.2927,-0.1001,0.7668,22.8702,-8.0763,6.9618
574.0000,-0.3057,-0.0798,0.7822,15.3359,-9.9542,7.1985
426.0000,-0.2998,-0.0798,0.8372,9.6183,-11.3969,5.8855
478.0000,-0.3042,-0.0769,0.8848,-2.2061,-11.8473,5.9695
461.0000,-0.3250,-0.1006,0.9009,-5.8779,-15.1527,7.1450
527.0000,-0.3401,-0.0964,0.9687,-12.8626,-19.1832,7.2366
468.0000,-0.3616,-0.0686,1.0632,-14.7634,-26.1679,5.3893
465.0000,-0.3994,-0.1047,1.1433,-14.2901,-36.3588,3.2824
477.0000,-0.4070,-0.1235,1.2002,-21.5496,-42.7176,1.9771
501.0000,-0.4084,-0.1499,1.2424,-22.7939,-47.8626,0.8550
388.0000,-0.4238,-0.1692,1.2737,-28.2748,-53.4504,-0.2748
551.0000,-0.4395,-0.1760,1.3203,-32.1603,-61.9771,-2.1298
497.0000,-0.4531,-0.1873,1.3542,-34.1069,-71.2214,-3.9313
377.0000,-0.4578,-0.1709,1.3816,-39.2137,-76.1679,-6.3664
549.0000,-0.4834,-0.1719,1.3799,-33.4427,-87.0916,-8.8931
434.0000,-0.5093,-0.1909,1.3416,-32.1756,-101.4351,-10.2748
502.0000,-0.5000,-0.1987,1.3186,-35.8702,-113.7863,-13.6336
486.0000,-0.4875,-0.2219,1.3535,-36.0840,-124.3664,-17.1374
457.0000,-0.4866,-0.2283,1.3728,-39.5649,-135.7710,-20.3664
494.0000,-0.4568,-0.2288,1.4094,-39.3206,-146.6717,-22.3740
499.0000,-0.4395,-0.2739,1.4451,-37.3969,-155.6412,-24.3206
419.0000,-0.4114,-0.3167,1.4614,-34.6336,-164.7099,-26.0305
575.0000,-0.3606,-0.3411,1.4185,-26.3969,-173.1450,-26.9160
490.0000,-0.3257,-0.3247,1.3459,-17.3817,-181.4122,-25.2595
444.0000,-0.2896,-0.3206,1.3159,-11.2519,-188.6031,-25.6641
496.0000,-0.2434,-0.3025,1.2654,-6.9160,-197.9695,-25.7557
531.0000,-0.1741,-0.2600,1.2046,-3.5725,-204.4580,-23.9695
409.0000,-0.1401,-0.2488,1.2119,-6.3130,-209.6488,-24.8550
584.0000,-0.1096,-0.2231,1.2012,-9.6412,-214.4275,-25.9771
440.0000,-0.0813,-0.2266,1.1711,-12.3740,-217.7023,-25.2214
537.0000,-0.0732,-0.2449,1.1516,-16.3053,-220.1221,-24.6183
386.0000,-0.0596,-0.2422,1.1116,-16.3282,-222.1450,-23.6947
581.0000,-0.0491,-0.2183,1.0774,-16.3588,-225.2901,-21.7176
438.0000,-0.0449,-0.2078,1.0476,-19.3206,-228.0076,-20.6107
435.0000,-0.0347,-0.2119,1.0071,-21.6565,-230.9542,-21.0611
574.0000,-0.0305,-0.2144,0.9238,-23.3588,-233.0763,-20.0382
442.0000,-0.0547,-0.2275,0.9756,-32.0229,-235.5649,-21.0382
526.0000,-0.0520,-0.2097,0.9604,-38.3435,-238.6641,-23.0076
459.0000,-0.0574,-0.2280,0.9390,-39.6794,-242.0534,-24.8626
489.0000,-0.0498,-0.2332,0.8601,-39.7252,-247.7252,-27.0916
495.0000,-0.0383,-0.2761,0.7815,-42.5954,-250.1374,-29.3511
479.0000,-0.0032,-0.3145,0.8240,-45.8244,-250.1374,-32.9695
476.0000,0.0442,-0.3347,0.7600,-37.4733,-250.1374,-34.1069
505.0000,0.0901,-0.2832,0.7227,-35.6260,-250.1374,-31.8244
489.0000,0.1086,-0.2454,0.7468,-31.3664,-250.1374,-33.3969
435.0000,0.1848,-0.2292,0.6965,-30.4046,-250.1374,-36.4962
463.0000,0.1746,-0.2363,0.6023,-25.2748,-250.1374,-38.5573
515.0000,0.1570,-0.2185,0.6052,-29.2290,-250.1374,-39.0000
452.0000,0.2097,-0.1941,0.5979,-34.4046,-250.1374,-42.2977
519.0000,0.2371,-0.2295,0.5134,-35.1221,-250.1374,-43.9542
476.0000,0.2673,-0.2039,0.5222,-38.5115,-250.1374,-43.2519
519.0000,0.2917,-0.1724,0.4583,-37.6718,-250.1374,-42.8779
478.0000,0.3320,-0.1880,0.3740,-37.5115,-250.1374,-45.1069
484.0000,0.3201,-0.2261,0.3979,-36.2824,-250.1374,-47.4885
481.0000,0.3625,-0.1978,0.2720,-40.8931,-250.1374,-46.7481
510.0000,0.4429,-0.1797,0.2166,-38.3740,-250.1374,-45.7176
435.0000,0.4363,-0.1858,0.1880,-41.3282,-250.1374,-43.9924
467.0000,0.5015,-0.1416,0.2051,-33.6641,-250.1374,-44.5802
490.0000,0.4890,-0.1365,0.1401,-18.8550,-250.1374,-42.8855
474.0000,0.5522,-0.0884,0.0664,-17.8397,-250.1374,-40.2214
480.0000,0.5818,-0.1106,0.0227,-14.5115,-250.1374,-39.0916
469.0000,0.6423,-0.0845,-0.0381,-9.6031,-238.7328,-39.5420
484.0000,0.6675,-0.1436,-0.1201,-5.1527,-229.0992,-38.5267
481.0000,0.7061,-0.1514,-0.2258,-1.4122,-221.8855,-34.7481
488.0000,0.7715,-0.1255,-0.3091,-0.4580,-210.5572,-32.4198
469.0000,0.7664,-0.1401,-0.3691,7.6489,-195.0992,-29.6565
468.0000,0.8564,-0.1423,-0.4316,18.3206,-178.0916,-26.6641
482.0000,0.7893,-0.1377,-0.4932,20.4198,-168.9008,-23.6031
484.0000,0.8606,-0.1084,-0.5618,21.6718,-149.2901,-21.2443
478.0000,0.8906,-0.1182,-0.5903,35.1450,-134.5267,-19.8550
480.0000,0.8726,-0.1326,-0.6550,36.8702,-121.9313,-17.2061
501.0000,0.9568,-0.1016,-0.6787,37.2137,-100.4275,-14.8550
470.0000,0.9026,-0.1379,-0.6890,40.0305,-84.5954,-11.6947
487.0000,0.9399,-0.1177,-0.6970,29.8244,-60.8397,-8.7939
488.0000,1.0054,-0.0828,-0.7065,21.3053,-28.9542,-8.0305
469.0000,0.9795,-0.1531,-0.6880,17.4504,-7.3282,-6.8779
495.0000,0.9687,-0.0989,-0.7649,14.0305,13.9160,-4.8473
500.0000,0.9937,-0.1360,-0.7732,-2.5649,36.4962,-4.4275
488.0000,0.9690,-0.1204,-0.7502,-19.0992,59.7939,-2.5802
491.0000,0.9495,-0.1443,-0.7273,-30.8092,82.8931,-0.7176
499.0000,0.9285,-0.1392,-0.7017,-45.3282,102.5649,-0.1298
454.0000,0.9106,-0.1155,-0.6514,-49.2748,120.3053,0.9008
470.0000,0.8967,-0.1257,-0.6279,-50.0076,134.7939,2.0763
539.0000,0.8870,-0.1414,-0.5776,-52.5573,151.5420,4.4580
464.0000,0.8718,-0.1162,-0.5286,-55.4122,170.1679,7.2061
469.0000,0.8403,-0.1262,-0.4644,-60.6412,191.7786,9.8855
477.0000,0.8162,-0.1206,-0.4092,-64.1756,212.6641,13.3053
479.0000,0.7659,-0.1211,-0.3811,-64.9008,226.1603,17.3282
482.0000,0.7600,-0.1062,-0.3318,-65.6565,241.2824,20.5802
500.0000,0.7234,-0.1213,-0.2512,-56.4122,250.1298,22.7710
476.0000,0.6917,-0.1287,-0.1594,-42.4885,250.1298,25.4962
490.0000,0.6406,-0.1580,-0.0872,-35.1069,250.1298,29.8473
511.0000,0.6421,-0.1597,-0.0193,-26.2137,250.1298,35.1679
466.0000,0.5986,-0.1531,-0.0129,-22.4580,250.1298,39.0458
512.0000,0.5649,-0.1060,0.0559,-14.6947,250.1298,40.5267
528.0000,0.4731,-0.1006,0.0713,-17.9771,250.1298,41.0534
475.0000,0.4534,-0.1243,0.1262,-20.2824,250.1298,40.5344
501.0000,0.4143,-0.1167,0.2754,-16.7481,250.1298,41.0992
515.0000,0.3093,-0.1428,0.3257,-14.9313,250.1298,41.4733
473.0000,0.2910,-0.1016,0.4749,-12.9542,250.1298,43.4809
495.0000,0.3040,-0.1284,0.5891,-13.4733,250.1298,43.6870
509.0000,0.2881,-0.1243,0.6218,-8.4885,250.1298,43.9313
473.0000,0.1943,-0.2021,0.6406,-10.0305,250.1298,44.1985
491.0000,0.0840,-0.2227,0.7134,-14.4809,250.1298,44.3664
488.0000,0.0898,-0.2520,0.7161,-20.2519,250.1298,45.1908
486.0000,0.0601,-0.2649,0.8044,-29.2595,250.1298,46.0382
491.0000,0.0190,-0.2524,0.9248,-33.9466,250.1298,45.7252
500.0000,-0.0151,-0.2776,0.9148,-31.6947,250.1298,45.5038
501.0000,-0.0322,-0.2886,0.9299,-21.3893,246.4886,46.8321
496.0000,-0.0259,-0.3208,1.0593,-21.1221,245.9542,48.4046
496.0000,-0.0210,-0.3237,1.2249,-14.9618,248.6107,49.8092
470.0000,-0.0142,-0.3262,1.1060,7.5420,244.9237,53.6947
489.0000,-0.0774,-0.2932,1.0310,30.5878,234.0534,57.2748
508.0000,-0.1096,-0.2866,1.0269,42.2748,219.5114,56.5878
479.0000,-0.0750,-0.2656,1.1067,46.0076,209.6107,51.4046
487.0000,-0.0845,-0.3127,1.1128,46.0534,202.9160,46.6489
506.0000,-0.0920,-0.3018,1.1162,36.0916,198.7710,44.4122
461.0000,-0.1047,-0.2998,1.1157,25.8931,193.4580,44.0153
485.0000,-0.1194,-0.3193,1.1746,14.2061,192.3664,45.1145
483.0000,-0.1006,-0.3162,1.2600,13.3130,187.2748,43.0000
482.0000,-0.1145,-0.3516,1.2729,16.4809,182.6107,42.0153
493.0000,-0.1272,-0.3467,1.2771,17.4427,178.1527,42.8244
494.0000,-0.1150,-0.3396,1.3350,19.1985,181.0000,44.1069
475.0000,-0.1245,-0.3206,1.2947,26.9313,181.4122,45.8473
483.0000,-0.1519,-0.2834,1.1287,39.5725,174.3206,48.1679
489.0000,-0.2087,-0.2568,1.0647,44.6412,162.6107,47.2366
479.0000,-0.2244,-0.2632,1.0659,35.2977,154.6794,42.7328
487.0000,-0.2402,-0.2925,1.1353,35.8779,146.9695,37.4198
503.0000,-0.2454,-0.2849,1.1558,41.0840,138.6870,36.0916
474.0000,-0.2642,-0.2700,1.1538,36.8931,130.0916,35.7786
488.0000,-0.2844,-0.2971,1.1846,31.8931,125.9008,35.4885
499.0000,-0.2847,-0.3025,1.2427,29.3435,122.9313,34.4580
479.0000,-0.3071,-0.2998,1.2603,23.6336,119.7557,32.5649
478.0000,-0.3315,-0.3010,1.3076,22.6260,115.4733,31.9618
489.0000,-0.3384,-0.3625,1.3423,23.3664,111.0076,30.1145
472.0000,-0.3169,-0.3398,1.3789,30.8321,106.3893,28.6412
497.0000,-0.3340,-0.3672,1.3782,44.0153,102.2366,28.2366
494.0000,-0.3552,-0.3535,1.3059,50.8168,97.0153,29.8931
478.0000,-0.3506,-0.2891,1.2505,58.6489,91.2061,28.2519
493.0000,-0.3469,-0.2480,1.1489,58.5954,83.2519,25.9160
491.0000,-0.3115,-0.2000,1.0615,50.9924,72.1069,21.2977
483.0000,-0.2742,-0.1965,1.0137,40.4198,65.2519,16.5878
487.0000,-0.2671,-0.2014,1.0095,30.8779,59.1527,10.9389
497.0000,-0.2935,-0.2273,1.0271,19.9313,49.8397,6.6947
471.0000,-0.2739,-0.2312,1.0454,8.5649,42.3130,4.9389
494.0000,-0.2803,-0.2520,1.0906,1.4809,37.2824,5.0611
501.0000,-0.2759,-0.2700,1.1182,-2.5802,34.0153,5.9160
483.0000,-0.2759,-0.2632,1.1279,-5.9313,30.7176,6.9160
483.0000,-0.2644,-0.2529,1.1338,-5.2214,29.0763,8.3130
473.0000,-0.2607,-0.2400,1.1133,-0.3664,27.4046,9.7786
472.0000,-0.2583,-0.2395,1.0847,5.3893,24.9542,11.0840
481.0000,-0.2756,-0.2332,1.0291,8.9313,21.2519,12.4656
480.0000,-0.2551,-0.2134,0.9907,9.4198,23.2290,13.4275
475.0000,-0.2451,-0.1860,0.9299,13.3664,26.3588,12.8473
483.0000,-0.2415,-0.1218,0.8638,8.5649,25.4885,14.3359
468.0000,-0.2402,-0.1108,0.8142,3.3206,22.0611,14.0687
482.0000,-0.2310,-0.1147,0.7708,-1.3740,20.3511,12.1679
486.0000,-0.2383,-0.1279,0.7559,-1.5802,19.2137,9.0458
483.0000,-0.2605,-0.1707,0.7468,-6.8168,15.9771,7.3511
463.0000,-0.2622,-0.1909,0.7729,-10.9313,13.1145,6.0305
475.0000,-0.2646,-0.2085,0.8103,-10.0840,11.1298,5.0229
471.0000,-0.2739,-0.2131,0.8376,-8.3740,9.5115,4.8015
488.0000,-0.2844,-0.2166,0.8647,-7.7939,8.7634,4.7481
468.0000,-0.2791,-0.2061,0.8958,-7.4351,8.5725,4.3664
483.0000,-0.2949,-0.2122,0.9014,-7.0992,8.1756,3.7863
478.0000,-0.3003,-0.2109,0.9163,-6.0916,7.4885,3.0992
464.0000,-0.2878,-0.2004,0.9182,-4.2595,6.0458,3.0000
482.0000,-0.2930,-0.1990,0.9124,-2.0076,4.1603,2.7786
473.0000,-0.2952,-0.2024,0.9050,0.1145,1.2214,1.6336
461.0000,-0.2825,-0.1980,0.8970,1.7252,-1.0153,0.6641
495.0000,-0.2766,-0.1895,0.8884,2.2137,-2.6641,0.4198
466.0000,-0.2700,-0.1802,0.8799,1.5115,-4.1450,0.0687
509.0000,-0.2661,-0.1614,0.8645,0.6489,-5.1374,0.0534
468.0000,-0.2627,-0.1589,0.8611,-0.6031,-6.1603,-0.1756
504.0000,-0.2568,-0.1641,0.8643,-1.7634,-6.2137,-0.5344
454.0000,-0.2524,-0.1660,0.8562,-2.3817,-5.4427,-0.2290
491.0000,-0.2585,-0.1733,0.8616,-3.9618,-4.7786,0.6947
480.0000,-0.2524,-0.1631,0.8616,-5.3740,-4.2443,2.2137
446.0000,-0.2390,-0.1748,0.8538,-5.6336,-3.4351,2.8092
537.0000,-0.2463,-0.1770,0.8713,-12.1069,-2.6489,3.8550
455.0000,-0.2439,-0.1760,0.8721,-18.9542,-2.4427,4.3740
497.0000,-0.2524,-0.1804,0.8750,-21.2901,-2.7328,4.3359
481.0000,-0.2656,-0.1743,0.8860,-19.4580,-4.8931,3.1756
497.0000,-0.2937,-0.1699,0.9451,-18.5496,-8.9160,2.0992
479.0000,-0.3059,-0.1782,0.9783,-19.5114,-13.6565,1.9771
495.0000,-0.2925,-0.1821,1.0120,-23.0076,-13.9466,2.2290
507.0000,-0.2954,-0.2014,1.0332,-19.3588,-16.3435,2.6183
479.0000,-0.3323,-0.2158,1.0581,-18.7099,-21.0000,3.5725
511.0000,-0.3540,-0.2263,1.1003,-15.6031,-27.6870,4.0840
463.0000,-0.3723,-0.2051,1.1533,-13.7481,-33.3969,4.0840
540.0000,-0.3879,-0.1772,1.1853,-12.7481,-38.2290,2.1679
433.0000,-0.4204,-0.1812,1.2134,-10.8931,-47.0305,1.4962
526.0000,-0.4446,-0.1858,1.2520,-16.0458,-55.8168,-0.0305
509.0000,-0.4478,-0.2061,1.2910,-20.3053,-63.1603,-2.2290
404.0000,-0.4473,-0.2183,1.3174,-21.4351,-70.2214,-4.1756
607.0000,-0.4624,-0.2346,1.3098,-17.6489,-80.1603,-5.9847
433.0000,-0.4441,-0.2593,1.2871,-15.9008,-87.7634,-7.2519
455.0000,-0.4348,-0.2651,1.3030,-8.0763,-96.4886,-9.4046
527.0000,-0.4644,-0.2986,1.3262,0.5191,-107.4351,-10.7710
406.0000,-0.4702,-0.2964,1.4038,3.6183,-116.3053,-11.1145
556.0000,-0.4834,-0.2751,1.4807,15.5954,-126.3206,-11.0153
535.0000,-0.4976,-0.2415,1.4810,23.9313,-136.7939,-10.3893
468.0000,-0.5054,-0.1772,1.5337,29.4580,-149.2443,-11.2901
434.0000,-0.5098,-0.1479,1.5671,29.5191,-162.1985,-13.5496
584.0000,-0.4871,-0.1240,1.5396,20.1527,-173.2519,-16.2443
442.0000,-0.4333,-0.1292,1.5398,9.1374,-181.7633,-19.6107
384.0000,-0.4319,-0.1340,1.4983,-1.5954,-192.8626,-22.5878
710.0000,-0.4082,-0.1340,1.4470,-13.5267,-205.3435,-23.8702
454.0000,-0.3689,-0.1528,1.3831,-23.4504,-217.8244,-24.8168
486.0000,-0.3193,-0.1370,1.3547,-33.8168,-229.0076,-26.9237
493.0000,-0.2358,-0.1282,1.2942,-41.4962,-239.8015,-28.0000
494.0000,-0.1775,-0.1226,1.2310,-50.1145,-248.8092,-27.8550
470.0000,-0.1418,-0.1543,1.2131,-59.2977,-250.1374,-27.6489
489.0000,-0.1150,-0.1924,1.2012,-68.5496,-250.1374,-27.6260
510.0000,-0.1008,-0.1890,1.2090,-71.6260,-250.1374,-26.5267
405.0000,-0.0894,-0.2092,1.2222,-69.7328,-250.1374,-25.5725
460.0000,-0.1318,-0.2632,1.2043,-64.1298,-250.1374,-25.5573
541.0000,-0.0845,-0.2505,1.1038,-58.3130,-250.1374,-22.8168
429.0000,-0.0476,-0.2354,1.0076,-50.7939,-250.1374,-20.0534
511.0000,-0.0149,-0.2266,0.8870,-53.0229,-250.1374,-19.9847
432.0000,-0.0144,-0.2559,0.8291,-51.1603,-250.1374,-23.0534
501.0000,0.0439,-0.2732,0.7617,-60.8397,-250.1374,-24.6031
525.0000,0.0383,-0.2656,0.6714,-57.7557,-250.1374,-26.0000
493.0000,0.0713,-0.2639,0.6260,-60.9847,-250.1374,-26.6489
457.0000,0.0918,-0.2273,0.6230,-65.4657,-250.1374,-31.3740
436.0000,0.1365,-0.2312,0.5354,-62.7023,-250.1374,-35.6718
600.0000,0.1460,-0.2783,0.5320,-62.4580,-250.1374,-38.5420
469.0000,0.1333,-0.2969,0.6177,-73.4046,-250.1374,-42.8779
463.0000,0.1631,-0.2874,0.5872,-68.8855,-250.1374,-46.8931
472.0000,0.1567,-0.3276,0.5332,-60.3359,-250.1374,-46.9389
486.0000,0.1765,-0.2893,0.5081,-51.7557,-250.1374,-47.6260
491.0000,0.1953,-0.2803,0.4612,-39.1908,-250.1374,-48.9618
458.0000,0.2532,-0.2810,0.3142,-35.0229,-250.1374,-50.6718
548.0000,0.2859,-0.2444,0.1887,-25.6565,-250.1374,-51.5954
500.0000,0.3325,-0.2256,0.0886,-28.8626,-250.1374,-51.7405
454.0000,0.3660,-0.1968,0.0720,-40.8779,-250.1374,-54.1832
493.0000,0.3965,-0.1243,-0.0449,-46.3511,-250.1374,-56.3588
505.0000,0.4368,-0.0757,-0.1169,-50.0992,-250.1374,-56.4198
447.0000,0.4717,-0.0806,-0.1350,-55.8473,-250.1374,-56.5878
520.0000,0.5435,-0.0684,-0.1353,-56.3359,-250.1374,-58.1069
555.0000,0.5867,-0.0676,-0.1975,-47.5344,-250.1374,-57.3664
447.0000,0.5828,-0.1125,-0.2490,-42.1679,-250.1374,-53.7176
526.0000,0.6807,-0.0852,-0.3254,-31.6031,-240.5191,-49.3053
504.0000,0.7039,-0.1055,-0.3694,-16.4275,-223.7023,-45.8321
480.0000,0.7100,-0.1523,-0.3879,8.3817,-208.6794,-42.6107
497.0000,0.7864,-0.1035,-0.5112,30.2137,-192.9847,-37.5038
496.0000,0.8059,-0.1169,-0.6580,48.8473,-176.7710,-32.0763
458.0000,0.8059,-0.1187,-0.7722,58.0076,-159.8092,-27.6336
536.0000,0.8333,-0.1160,-0.8306,75.0305,-146.7710,-24.0840
509.0000,0.8540,-0.1465,-0.9102,76.4122,-133.6107,-20.4809
463.0000,0.8535,-0.1438,-0.9573,72.0229,-126.1832,-15.3435
522.0000,0.9910,-0.1340,-0.9263,46.3740,-76.9389,-9.8473
490.0000,1.0427,-0.0413,-0.8430,2.3511,-9.5267,-9.9847
492.0000,0.9038,-0.1016,-0.9558,8.7939,2.0840,-5.4809
521.0000,0.9434,-0.0425,-0.8948,-2.7786,16.8702,-6.3435
506.0000,1.0305,-0.0774,-0.8203,3.1603,44.6565,-6.1756
447.0000,0.8835,-0.1782,-0.7671,21.9084,43.0076,-4.3359
540.0000,0.9009,-0.2302,-0.7673,31.3588,48.6031,-4.2214
492.0000,0.9248,-0.2412,-0.7161,20.7023,70.4275,-0.8779
476.0000,0.9485,-0.2678,-0.6470,6.0763,106.9313,3.2672
491.0000,0.9482,-0.2178,-0.5803,-30.8168,142.6717,5.6489
522.0000,0.9500,-0.1665,-0.4912,-56.9313,173.5802,6.8473
476.0000,0.8757,-0.2129,-0.4441,-54.8855,183.2748,8.0534
489.0000,0.8647,-0.2458,-0.3479,-53.2519,193.7328,10.2672
501.0000,0.8923,-0.2444,-0.2710,-41.9160,214.2290,12.0458
450.0000,0.8606,-0.2410,-0.2744,-29.2977,228.3359,13.8931
505.0000,0.8171,-0.1995,-0.2551,-32.6947,237.1374,15.8779
504.0000,0.8059,-0.1633,-0.2085,-41.3588,244.3664,15.8473
471.0000,0.7937,-0.1531,-0.1699,-52.1450,250.1298,14.2290
485.0000,0.7378,-0.1692,-0.0842,-57.8168,250.1298,13.5802
510.0000,0.7122,-0.1880,-0.0457,-56.0916,250.1298,14.5725
485.0000,0.6755,-0.2034,-0.0256,-48.4733,250.1298,16.6107
476.0000,0.6318,-0.2483,0.0049,-34.2595,250.1298,18.5573
508.0000,0.5930,-0.2480,0.0828,-19.8168,250.1298,19.7405
480.0000,0.5684,-0.2485,0.1377,-5.3969,250.1298,20.6183
495.0000,0.5413,-0.2368,0.2773,-3.7023,250.1298,22.6565
499.0000,0.5588,-0.2148,0.3101,6.7634,250.1298,25.0916
470.0000,0.5088,-0.2080,0.2817,13.7786,250.1298,27.4809
481.0000,0.4541,-0.1592,0.2676,4.8626,250.1298,27.7634
493.0000,0.3896,-0.1228,0.3323,10.2137,250.1298,27.4198
475.0000,0.3792,-0.1201,0.3335,-2.6260,250.1298,25.4504
490.0000,0.3259,-0.1443,0.4519,-5.6489,250.1298,25.0992
482.0000,0.3318,-0.1797,0.4602,-16.2977,250.1298,26.0687
513.0000,0.2683,-0.1763,0.4448,-21.8397,250.1298,27.4580
481.0000,0.1804,-0.2026,0.4529,-25.4656,250.1298,29.2901
488.0000,0.1375,-0.2122,0.5361,-37.4580,250.1298,31.2443
469.0000,0.1460,-0.2124,0.7314,-33.1298,250.1298,31.7252
492.0000,0.1223,-0.2583,0.8118,-20.8931,250.1298,33.7023
482.0000,0.0630,-0.2446,0.8970,-13.9389,250.1298,36.2137
478.0000,0.0396,-0.2458,0.9158,1.4962,250.1298,37.9313
486.0000,0.0046,-0.2468,0.9465,8.9695,247.4962,39.6412
482.0000,-0.0024,-0.2583,1.0212,9.3664,245.5649,40.1145
470.0000,-0.0178,-0.2361,1.1135,14.3740,243.9160,40.4198
472.0000,-0.0151,-0.2485,1.1328,19.2443,244.2901,39.6947
481.0000,-0.0242,-0.2195,1.0730,18.6489,242.1145,38.9771
460.0000,-0.0417,-0.2573,0.9724,20.8015,237.3206,38.8473
488.0000,-0.1211,-0.3042,0.9436,27.1069,227.4427,41.6565
487.0000,-0.1255,-0.2883,0.9897,32.6718,214.8779,41.3893
469.0000,-0.1145,-0.2759,1.0649,36.8931,207.6794,38.5496
469.0000,-0.1501,-0.3208,1.1428,43.0763,200.1221,36.7023
480.0000,-0.1619,-0.3152,1.2017,55.5802,192.7481,37.8473
462.0000,-0.1396,-0.3259,1.2522,66.8855,187.4809,40.6794
464.0000,-0.1436,-0.3120,1.2771,78.6260,182.0305,42.5649
475.0000,-0.1328,-0.2908,1.2520,86.6870,179.5343,43.5420
484.0000,-0.1277,-0.2556,1.2319,97.0458,176.0916,41.8244
469.0000,-0.1482,-0.2383,1.2766,101.2824,171.2824,38.0763
481.0000,-0.1338,-0.1899,1.3159,100.2290,164.4504,33.0916
479.0000,-0.1272,-0.1274,1.2595,97.4275,157.6412,30.7023
497.0000,-0.1750,-0.0891,1.1921,91.3283,151.2901,27.1298
480.0000,-0.1895,-0.0830,1.1462,62.3053,148.3282,23.3130
475.0000,-0.1992,-0.0994,1.1460,58.2672,140.0687,16.8092
509.0000,-0.2268,-0.1064,1.0208,37.9466,131.7863,16.0000
461.0000,-0.2305,-0.0364,1.0566,20.3130,125.7863,14.0076
500.0000,-0.2776,-0.0261,1.0374,-14.1679,119.5420,9.8321
484.0000,-0.2798,-0.0447,1.0996,-35.6412,112.7328,5.7252
466.0000,-0.2900,-0.1316,1.1724,-51.4962,107.4351,4.3969
502.0000,-0.2842,-0.1584,1.2444,-55.3969,103.7786,3.0687
487.0000,-0.3054,-0.2231,1.2854,-46.3664,97.0534,5.7176
477.0000,-0.3140,-0.2644,1.3022,-36.4962,91.1450,8.4046
473.0000,-0.3179,-0.3284,1.3054,-14.8168,84.4428,10.2519
475.0000,-0.3271,-0.3110,1.2788,0.9160,77.7557,13.2519
534.0000,-0.2930,-0.3113,1.2563,18.0992,75.5115,14.7099
465.0000,-0.2844,-0.2915,1.2429,30.3588,73.8321,15.1527
467.0000,-0.3032,-0.2788,1.2292,36.9084,71.2748,15.6641
488.0000,-0.3064,-0.2590,1.1809,38.7252,70.0000,16.8702
473.0000,-0.2935,-0.2422,1.0876,38.7328,65.4198,17.8168
487.0000,-0.2861,-0.1892,1.0256,37.0000,61.9466,16.2748
488.0000,-0.2876,-0.1729,0.9956,31.2901,55.7786,12.2672
468.0000,-0.2800,-0.1650,0.9458,23.7481,48.6412,9.0534
485.0000,-0.2766,-0.1616,0.9426,11.2443,45.5725,7.0458
469.0000,-0.2771,-0.1653,0.9292,-1.1527,43.4580,5.5496
481.0000,-0.2712,-0.1709,0.9241,-12.1908,40.5573,5.2901
474.0000,-0.2749,-0.1824,0.9192,-20.3511,38.1603,5.3130
474.0000,-0.2869,-0.2092,0.9290,-23.9695,36.4656,5.0687
466.0000,-0.2971,-0.2002,0.9314,-23.5878,33.1221,4.0534
510.0000,-0.2947,-0.2144,0.9387,-24.3740,29.6183,2.9008
469.0000,-0.3074,-0.2278,0.9541,-23.6031,26.3664,1.4275
459.0000,-0.3186,-0.2554,0.9966,-21.8397,23.9084,1.4656
465.0000,-0.3420,-0.2644,1.0244,-18.3588,21.3893,2.0305
480.0000,-0.3545,-0.2705,1.0378,-10.5115,17.3130,2.2748
463.0000,-0.3635,-0.2644,1.0439,-2.5954,11.8550,2.6641
477.0000,-0.3486,-0.2417,1.0461,4.5115,7.4580,2.3893
474.0000,-0.3459,-0.2229,1.0176,9.8168,3.1298,2.4198
472.0000,-0.3286,-0.2012,0.9958,9.9618,-0.3511,1.9008
456.0000,-0.3101,-0.1721,0.9800,9.1985,-1.2901,0.8626
501.0000,-0.2913,-0.1692,0.9404,9.1450,-2.5802,0.8244
451.0000,-0.2744,-0.1516,0.8811,5.1603,-2.4046,1.1527
453.0000,-0.2607,-0.1355,0.8416,2.4198,-2.3130,1.4504
488.0000,-0.2498,-0.1169,0.7905,-0.4885,-1.7099,1.9618
486.0000,-0.2361,-0.1160,0.7710,-3.5115,-1.6641,2.1603
478.0000,-0.2288,-0.1145,0.7458,-6.2901,-1.3969,2.3511
472.0000,-0.2292,-0.1233,0.7571,-8.0382,-1.0840,2.1832
502.0000,-0.2363,-0.1338,0.7734,-8.5420,-0.2137,1.8473
458.0000,-0.2302,-0.1362,0.7769,-8.8550,0.4046,2.6107
491.0000,-0.2388,-0.1433,0.7764,-9.4198,1.2214,3.6947
473.0000,-0.2434,-0.1409,0.7908,-9.7023,1.5573,4.2672
518.0000,-0.2458,-0.1338,0.8062,-10.5038,0.5344,4.0611
464.0000,-0.2515,-0.1470,0.8372,-11.5954,-0.6565,2.8473
492.0000,-0.2529,-0.1694,0.8782,-13.6336,-2.3206,1.6107
432.0000,-0.2505,-0.1912,0.9077,-13.9008,-3.5420,1.8626
462.0000,-0.2693,-0.2102,0.9470,-13.8092,-4.5191,2.1679
574.0000,-0.2798,-0.2090,0.9631,-12.1069,-5.7557,2.4733
445.0000,-0.2925,-0.2192,0.9902,-8.8397,-6.9924,2.4962
431.0000,-0.2964,-0.2212,1.0134,-5.7099,-9.0305,2.1985
552.0000,-0.2878,-0.2231,1.0032,-6.9771,-7.8779,2.4046
466.0000,-0.2893,-0.2039,1.0110,-0.5878,-9.3511,2.7939
488.0000,-0.3054,-0.1860,1.0122,2.6412,-13.3130,2.9313
551.0000,-0.3047,-0.1997,1.0276,5.6947,-18.9084,2.5496
428.0000,-0.3086,-0.2144,1.0417,9.5267,-23.0916,2.2977
456.0000,-0.3101,-0.2043,1.0608,12.1603,-26.9008,2.2672
547.0000,-0.3176,-0.1985,1.0781,15.1832,-31.3664,2.9695
465.0000,-0.3201,-0.2009,1.0806,17.4809,-36.0534,4.1603
473.0000,-0.3240,-0.1853,1.1064,18.7252,-40.5344,4.7786
592.0000,-0.3254,-0.1704,1.1311,16.8015,-44.8626,4.1832
264.0000,-0.3391,-0.1802,1.1665,13.5267,-49.5038,3.2443
650.0000,-0.3379,-0.2056,1.2192,10.4580,-53.8397,1.4885
422.0000,-0.3320,-0.2280,1.2546,9.3435,-57.0611,1.0992
470.0000,-0.3408,-0.2334,1.2839,12.4809,-61.2748,0.6183
423.0000,-0.3396,-0.2239,1.2964,11.8855,-66.2519,0.9237
576.0000,-0.3423,-0.1855,1.3118,13.8931,-72.5344,0.2137
406.0000,-0.3684,-0.1509,1.3167,12.5954,-78.6489,-0.8015
471.0000,-0.3867,-0.1272,1.3113,5.8779,-84.9389,-2.3282
505.0000,-0.3870,-0.0964,1.2744,2.0763,-91.2366,-3.4351
527.0000,-0.4016,-0.1025,1.2737,-2.8473,-99.3740,-4.5344
521.0000,-0.4299,-0.1357,1.3120,-8.9771,-111.6260,-6.5573
424.0000,-0.4204,-0.1270,1.3452,-12.5649,-122.0687,-8.0916
569.0000,-0.4028,-0.1250,1.3669,-13.9924,-129.9313,-9.4809
382.0000,-0.4216,-0.1370,1.3833,-15.3664,-140.6336,-10.1679
536.0000,-0.4170,-0.1255,1.3677,-17.2595,-152.4351,-9.9771
385.0000,-0.4067,-0.1206,1.3401,-20.5496,-160.0534,-9.7099
698.0000,-0.4063,-0.1313,1.3540,-27.9008,-168.6794,-10.6794
418.0000,-0.4050,-0.1497,1.3992,-33.9008,-177.7328,-12.5267
473.0000,-0.4072,-0.1536,1.4126,-34.6641,-186.0153,-13.8702
493.0000,-0.3979,-0.1387,1.3701,-29.9160,-194.4886,-13.3664
483.0000,-0.3965,-0.1101,1.2971,-28.7863,-203.8626,-12.0229
415.0000,-0.3784,-0.0918,1.2432,-34.0076,-213.0763,-12.5115
545.0000,-0.3535,-0.0891,1.1772,-46.8473,-220.8244,-13.8473
464.0000,-0.3459,-0.1021,1.1729,-54.7634,-229.2901,-16.1679
480.0000,-0.3242,-0.1238,1.1653,-65.7023,-236.8779,-18.0916
434.0000,-0.2842,-0.1250,1.1377,-72.7099,-242.5267,-20.1985
348.0000,-0.2471,-0.1277,1.0876,-75.7939,-249.3969,-22.1603
693.0000,-0.2271,-0.1279,0.9934,-82.2977,-250.1374,-23.8550
429.0000,-0.2131,-0.1484,1.0359,-87.7252,-250.1374,-26.3435
442.0000,-0.1748,-0.1887,1.0149,-94.2061,-250.1374,-29.9008
440.0000,-0.1121,-0.1482,0.9197,-94.8168,-250.1374,-31.1527
471.0000,-0.0754,-0.1584,0.8191,-102.0000,-250.1374,-33.1679
503.0000,-0.0261,-0.1667,0.7637,-107.8168,-250.1374,-38.0000
470.0000,0.0154,-0.2217,0.7083,-110.1450,-250.1374,-42.8779
423.0000,0.0779,-0.2227,0.6526,-108.5954,-250.1374,-45.9389
562.0000,0.1140,-0.2239,0.5981,-106.5725,-250.1374,-48.7786
413.0000,0.1348,-0.2258,0.5833,-110.0992,-250.1374,-52.9771
582.0000,0.2002,-0.2192,0.5229,-115.9160,-250.1374,-55.8092
482.0000,0.2185,-0.2422,0.5674,-126.5878,-250.1374,-58.0076
494.0000,0.2083,-0.2383,0.5376,-132.6107,-250.1374,-62.0076
433.0000,0.2566,-0.1855,0.4470,-133.6565,-250.1374,-64.5191
512.0000,0.2991,-0.1775,0.3679,-140.9771,-250.1374,-67.0153
489.0000,0.3032,-0.2266,0.3589,-146.4504,-250.1374,-71.1832
488.0000,0.3369,-0.2878,0.2966,-151.3740,-250.1374,-76.2824
436.0000,0.3896,-0.3174,0.3174,-149.6565,-250.1374,-77.3588
479.0000,0.3926,-0.2979,0.2053,-150.4351,-250.1374,-76.5115
507.0000,0.4048,-0.2964,0.1907,-133.7405,-250.1374,-77.6870
483.0000,0.3799,-0.3328,0.2275,-111.6947,-250.1374,-80.2748
487.0000,0.4033,-0.3352,0.1780,-94.4122,-250.1374,-80.4046
455.0000,0.4622,-0.3779,0.2219,-73.2824,-250.1374,-79.2595
484.0000,0.4971,-0.3564,0.1958,-56.4580,-250.1374,-77.7176
528.0000,0.5361,-0.2463,0.0779,-37.4351,-250.1374,-75.2214
502.0000,0.5745,-0.2312,-0.0393,-29.8321,-245.4351,-74.0458
503.0000,0.6023,-0.2205,-0.0952,-23.6489,-242.1832,-74.7176
466.0000,0.6484,-0.1873,-0.1443,-12.5038,-237.2519,-73.8855
458.0000,0.7371,-0.1589,-0.3018,-7.9542,-226.5725,-70.7939
507.0000,0.7607,-0.1611,-0.3950,-0.6947,-219.1832,-67.1450
461.0000,0.7683,-0.1218,-0.4744,6.9160,-213.9466,-62.7786
479.0000,0.8257,-0.0996,-0.5391,14.3664,-201.8168,-59.3511
507.0000,0.8423,-0.0557,-0.6548,30.8550,-190.3664,-55.4809
477.0000,0.8333,-0.0542,-0.7527,45.6718,-188.1679,-50.7252
486.0000,0.9304,-0.0271,-0.8374,71.9084,-170.9084,-43.1374
467.0000,0.9705,0.0103,-0.8933,87.7481,-156.0076,-37.2977
513.0000,0.9502,0.0359,-0.9138,100.1450,-137.6947,-30.4275
474.0000,0.9541,0.0083,-0.9656,95.5954,-117.4198,-23.6718
496.0000,0.9722,0.0103,-0.9607,90.0534,-90.5191,-16.6336
471.0000,1.0374,0.0051,-0.9604,64.4809,-46.5420,-10.6336
477.0000,1.0208,0.0330,-0.8857,55.4733,-10.5649,-4.7176
499.0000,1.0186,0.1130,-0.8069,35.6718,20.9542,0.0458
471.0000,1.0125,-0.0129,-0.7949,58.0992,41.7710,3.1450
472.0000,0.9585,-0.0498,-0.7446,77.7023,50.5649,7.7252
466.0000,1.0120,-0.0747,-0.7466,71.4657,77.4657,12.3664
511.0000,1.0190,-0.0642,-0.7095,50.7328,114.6641,16.2824
497.0000,0.9897,-0.0784,-0.6790,20.1756,151.0916,19.3511
456.0000,0.9607,-0.0776,-0.6252,-10.7176,181.2824,23.0000
490.0000,0.9360,-0.0828,-0.5811,-22.3588,200.7939,26.2824
487.0000,0.8606,-0.1377,-0.5552,-15.7481,207.4656,29.4275
481.0000,0.8977,-0.1274,-0.5481,-21.2137,216.6412,31.4656
472.0000,0.8894,-0.1135,-0.4475,-14.6794,230.0534,32.3130
486.0000,0.8542,-0.1099,-0.3867,-15.9466,240.5725,33.5802
481.0000,0.8022,-0.0913,-0.3596,-20.9924,244.5954,35.0763
474.0000,0.8003,-0.0979,-0.3364,-24.5420,250.1298,37.1450
486.0000,0.7637,-0.1458,-0.2612,-30.0611,250.1298,38.8092
504.0000,0.7324,-0.1934,-0.1477,-34.4046,250.1298,42.1985
480.0000,0.6726,-0.1731,-0.0876,-28.8473,250.1298,44.5115
514.0000,0.6309,-0.1533,-0.0569,-23.6718,250.1298,47.1450
525.0000,0.5913,-0.1797,-0.0146,-15.3282,250.1298,49.6183
468.0000,0.5356,-0.1748,0.0500,-7.7252,250.1298,50.5954
490.0000,0.5183,-0.2378,0.1079,4.8397,250.1298,51.5954
487.0000,0.5076,-0.2161,0.1582,9.9389,250.1298,54.4198
474.0000,0.4614,-0.1755,0.1387,12.9008,250.1298,56.6718
497.0000,0.4053,-0.1475,0.1731,9.6794,250.1298,58.2214
476.0000,0.3650,-0.1323,0.1765,12.8550,250.1298,58.3206
473.0000,0.3142,-0.1316,0.1511,14.9389,250.1298,57.9389
492.0000,0.2380,-0.1577,0.2354,7.9160,250.1298,58.0458
484.0000,0.1531,-0.1965,0.3699,-0.1527,250.1298,57.4809
506.0000,0.1326,-0.2146,0.4697,-6.5344,250.1298,57.4504
465.0000,0.0613,-0.2510,0.5574,-14.6641,250.1298,59.3053
500.0000,-0.0029,-0.2610,0.7029,-15.8321,250.1298,62.2519
465.0000,-0.0129,-0.2642,0.8347,-19.3053,250.1298,65.2672
489.0000,-0.0378,-0.3291,0.9609,-7.7939,250.1298,68.5725
486.0000,-0.0657,-0.3721,0.9465,15.6107,250.1298,72.8397
477.0000,-0.1123,-0.3484,0.8555,47.5115,250.1298,77.1298
489.0000,-0.1602,-0.2998,0.8391,72.2366,250.1298,78.2595
486.0000,-0.1768,-0.2678,0.9128,75.1985,250.1298,74.1527
467.0000,-0.1611,-0.2632,0.9814,73.8397,250.1298,67.9542
499.0000,-0.1870,-0.2429,0.9519,67.8550,250.1298,64.0229
502.0000,-0.2590,-0.2512,0.9492,50.0611,250.1298,61.8244
483.0000,-0.3577,-0.3237,1.1077,26.3206,247.9237,57.8702
497.0000,-0.3826,-0.3958,1.2744,20.2901,244.3282,54.1221
448.0000,-0.3977,-0.4666,1.3684,27.0000,241.4275,55.0305
530.0000,-0.4143,-0.4236,1.3687,42.2977,237.3130,58.4122
496.0000,-0.4275,-0.4141,1.3726,72.1832,226.6031,61.4198
475.0000,-0.4373,-0.4375,1.3015,86.0305,215.4809,62.6794
480.0000,-0.4170,-0.3457,1.2942,105.0916,202.4733,61.9695
491.0000,-0.3997,-0.2493,1.2256,109.4122,193.3969,59.6870
483.0000,-0.4060,-0.1545,1.1689,99.4198,180.9084,54.3206
477.0000,-0.3870,-0.1262,1.1287,83.2901,169.8015,47.7023
485.0000,-0.3948,-0.1223,1.1516,54.9084,161.7786,41.4733
487.0000,-0.3928,-0.1360,1.2266,23.9313,154.7176,35.6870
442.0000,-0.4114,-0.1765,1.2559,-6.6031,145.4504,31.3130
534.0000,-0.3875,-0.2090,1.3599,-28.3359,143.2061,28.9008
478.0000,-0.4153,-0.2932,1.3796,-43.0916,138.7939,27.2366
475.0000,-0.4365,-0.4087,1.4172,-51.8321,132.2595,27.3511
486.0000,-0.4050,-0.4470,1.4631,-36.6031,125.7023,28.3053
490.0000,-0.3689,-0.4504,1.4065,-16.7710,116.4733,30.5954
483.0000,-0.3699,-0.4812,1.3459,6.9847,110.3740,31.8397
483.0000,-0.3359,-0.4670,1.3047,30.9618,102.3588,31.9389
487.0000,-0.2747,-0.4407,1.1904,46.6947,91.1145,31.9695
477.0000,-0.2012,-0.4053,1.1467,56.0534,84.3130,30.4809
494.0000,-0.1931,-0.3357,1.1492,57.6336,80.1450,29.2290
483.0000,-0.2295,-0.3123,1.1587,47.4733,77.1756,27.3511
479.0000,-0.2371,-0.3184,1.1489,39.5496,72.2595,25.1985
484.0000,-0.2400,-0.2937,1.1292,32.3664,66.3817,22.1908
480.0000,-0.2463,-0.2634,1.1267,25.8168,57.9847,17.4122
472.0000,-0.2476,-0.2949,1.1497,20.0611,51.4580,11.8168
482.0000,-0.2546,-0.3057,1.1531,13.8626,47.6412,8.1908
467.0000,-0.2739,-0.3342,1.1655,6.8015,43.7023,5.0534
481.0000,-0.3191,-0.3562,1.1804,-0.5191,34.9466,2.3817
502.0000,-0.3538,-0.3940,1.2178,-9.2061,23.5496,-0.5496
505.0000,-0.3486,-0.4099,1.2800,-10.3130,12.4885,-3.2214
478.0000,-0.3230,-0.4175,1.2964,-4.3435,3.5038,-5.1527
486.0000,-0.3113,-0.3853,1.2617,4.9924,-3.7176,-5.0687
486.0000,-0.2932,-0.3501,1.1902,12.2901,-8.0000,-3.7863
467.0000,-0.2644,-0.2817,1.0813,17.0916,-10.1374,-2.1985
471.0000,-0.2258,-0.2322,0.9785,16.5191,-7.6489,-1.0305
508.0000,-0.2227,-0.1843,0.8911,9.1527,-3.7099,0.1603
474.0000,-0.2080,-0.1516,0.8208,-0.8244,-0.8931,0.6641
469.0000,-0.2056,-0.1426,0.8010,-3.1069,0.9695,-0.6183
452.0000,-0.2310,-0.1509,0.7375,2.1527,-1.3053,-1.0687
508.0000,-0.2280,-0.1567,0.6987,3.8397,-0.6718,-1.0076
451.0000,-0.2424,-0.1499,0.6797,9.3130,0.2061,-1.2214
463.0000,-0.2434,-0.1504,0.6575,10.0534,1.2748,-0.9695
469.0000,-0.2483,-0.1406,0.6423,8.1450,2.8321,-0.1069
482.0000,-0.2437,-0.1328,0.6433,7.7786,4.5420,1.0687
469.0000,-0.2568,-0.1460,0.6560,8.1145,6.6412,1.0611
481.0000,-0.2749,-0.1418,0.6777,11.8626,6.6336,1.1985
492.0000,-0.2825,-0.1479,0.6997,15.7786,6.8779,1.4198
473.0000,-0.2825,-0.1462,0.7183,18.4809,7.9160,2.1145
475.0000,-0.2908,-0.1445,0.7488,19.2748,8.7710,2.4351
493.0000,-0.3062,-0.1404,0.7839,18.5267,9.7176,2.6412
469.0000,-0.3086,-0.1357,0.8145,16.6870,10.2366,1.9924
503.0000,-0.3125,-0.1467,0.8406,14.0153,9.6794,1.1069
480.0000,-0.3203,-0.1621,0.8770,10.9542,8.2443,0.0992
491.0000,-0.3174,-0.1765,0.8882,7.5573,5.9160,-0.5649
475.0000,-0.3096,-0.1853,0.9302,3.6794,3.2366,-1.2290
504.0000,-0.3071,-0.1807,0.9358,-2.7939,1.1069,-1.7252
504.0000,-0.2988,-0.1658,0.9600,-5.6489,-0.8779,-3.3740
499.0000,-0.3037,-0.1882,0.9893,-7.2901,-6.3664,-4.6412
483.0000,-0.2810,-0.1851,1.0166,-10.6489,-10.3969,-5.2290
504.0000,-0.2678,-0.2080,1.0244,-10.4580,-10.5878,-5.4504
522.0000,-0.2566,-0.2168,1.0217,-9.2595,-9.4656,-4.2519
481.0000,-0.2551,-0.2170,1.0044,-7.4275,-9.4046,-2.4351
470.0000,-0.2471,-0.2180,0.9905,-4.2290,-9.1221,-0.8626
527.0000,-0.2385,-0.2217,0.9814,-0.9695,-8.3817,0.1298
485.0000,-0.2322,-0.2119,0.9612,-0.0840,-7.9237,0.7710
464.0000,-0.2397,-0.2092,0.9678,-3.7710,-7.5038,1.1603
531.0000,-0.2571,-0.2087,0.9524,-6.1145,-7.8626,1.3359
456.0000,-0.2673,-0.2051,0.9731,-6.8550,-10.1756,0.9771
523.0000,-0.2881,-0.1970,1.0000,-6.6794,-13.9389,0.1069
509.0000,-0.3047,-0.1968,1.0210,-4.7405,-18.4809,-1.2901
500.0000,-0.3237,-0.1941,1.0542,-7.5725,-21.4427,-1.6565
415.0000,-0.3359,-0.1853,1.0745,-6.3893,-25.8015,-1.7176
560.0000,-0.3577,-0.1938,1.0920,-3.7405,-32.0992,-0.7023
472.0000,-0.3616,-0.1733,1.0891,-0.5573,-38.4962,-0.1527
503.0000,-0.3665,-0.1594,1.1099,1.8244,-46.1908,-0.8473
551.0000,-0.3652,-0.1560,1.1309,-0.4580,-54.2366,-2.4504
412.0000,-0.3652,-0.1521,1.1611,-5.5115,-61.2443,-4.0382
596.0000,-0.3618,-0.1631,1.2146,-11.8626,-66.1679,-4.6031
461.0000,-0.3718,-0.1919,1.2634,-16.0534,-72.4351,-4.3588
445.0000,-0.4080,-0.2251,1.2900,-16.7405,-81.3588,-3.7176
554.0000,-0.4236,-0.2114,1.3289,-16.1603,-88.7099,-3.5954
424.0000,-0.4355,-0.1978,1.3425,-14.8626,-96.8855,-4.3359
517.0000,-0.4639,-0.1790,1.3572,-15.9695,-107.4580,-6.0992
436.0000,-0.4651,-0.1890,1.3391,-19.9542,-117.6718,-7.2214
485.0000,-0.4565,-0.1724,1.3589,-28.4962,-125.8321,-9.0840
506.0000,-0.4521,-0.1714,1.3511,-37.6336,-134.4198,-10.9542
472.0000,-0.4546,-0.1997,1.3633,-47.1985,-144.1679,-13.3817
524.0000,-0.4517,-0.2358,1.3955,-49.6565,-154.7633,-16.5878
451.0000,-0.4404,-0.2622,1.3989,-46.7176,-165.7328,-18.6260
447.0000,-0.4231,-0.2798,1.3887,-42.6412,-176.6031,-19.1450
575.0000,-0.3867,-0.2727,1.3374,-37.6870,-185.8779,-18.4962
437.0000,-0.3625,-0.2844,1.3340,-38.1298,-194.4427,-19.6794
475.0000,-0.3286,-0.2693,1.3159,-38.1908,-204.2214,-20.7557
506.0000,-0.3032,-0.2632,1.3228,-37.7786,-210.8397,-21.6031
434.0000,-0.3159,-0.2500,1.2898,-36.9924,-223.1069,-22.3282
540.0000,-0.2500,-0.2083,1.2312,-34.7023,-230.2443,-23.0687
398.0000,-0.2390,-0.2437,1.1504,-36.9924,-239.5191,-24.1374
540.0000,-0.1934,-0.2571,1.1270,-46.1832,-248.5572,-27.6870
439.0000,-0.1646,-0.2705,1.1394,-58.1374,-250.1374,-30.7252
427.0000,-0.1394,-0.2830,1.1333,-70.2977,-250.1374,-34.1603
562.0000,-0.1038,-0.2869,1.1082,-75.6947,-250.1374,-37.1450
420.0000,-0.1177,-0.3499,1.1265,-79.3740,-250.1374,-40.4351
475.0000,-0.1423,-0.3831,1.1123,-83.2748,-250.1374,-43.8473
464.0000,-0.1208,-0.3909,1.0774,-74.1679,-250.1374,-44.7634
430.0000,-0.1038,-0.3328,0.9866,-65.2214,-250.1374,-45.1756
533.0000,-0.0601,-0.2651,0.8977,-61.5878,-250.1374,-47.8626
490.0000,-0.0364,-0.2600,0.8840,-59.6641,-250.1374,-53.9695
458.0000,-0.0366,-0.2856,0.8372,-56.0458,-250.1374,-59.1527
474.0000,0.0779,-0.3035,0.6909,-69.1756,-250.1374,-59.6794
445.0000,0.0979,-0.3391,0.7061,-74.3053,-250.1374,-61.8931
473.0000,0.1025,-0.2920,0.7043,-86.0305,-250.1374,-66.1832
463.0000,0.1560,-0.2336,0.6094,-81.7557,-250.1374,-69.3359
495.0000,0.1785,-0.2954,0.5547,-87.4428,-250.1374,-71.5954
476.0000,0.1558,-0.2500,0.5684,-76.7099,-250.1374,-75.4504
487.0000,0.2563,-0.2393,0.3816,-79.0076,-250.1374,-75.9695
469.0000,0.2620,-0.1821,0.3281,-67.0763,-250.1374,-77.1450
482.0000,0.3235,-0.1926,0.2100,-72.7405,-250.1374,-78.2214
454.0000,0.3796,-0.1755,0.1414,-69.0229,-250.1374,-78.9389
499.0000,0.4146,-0.2222,0.0420,-70.5802,-250.1374,-78.7099
469.0000,0.4426,-0.2068,0.0291,-66.7405,-250.1374,-77.7405
460.0000,0.4819,-0.1890,0.0264,-55.9771,-250.1374,-75.7939
466.0000,0.4802,-0.1880,-0.0537,-30.4427,-250.1374,-73.4198
504.0000,0.5022,-0.2202,-0.1362,-9.3206,-250.1374,-69.6031
476.0000,0.5581,-0.1890,-0.1799,11.2290,-250.1374,-65.2214
487.0000,0.5562,-0.1975,-0.2813,33.0763,-250.1374,-60.5802
490.0000,0.6355,-0.1531,-0.4148,47.2443,-238.6260,-56.0916
495.0000,0.6182,-0.1379,-0.4419,64.6870,-231.4046,-52.8626
483.0000,0.7168,-0.1399,-0.6155,64.5954,-209.8397,-47.9847
483.0000,0.7388,-0.1265,-0.5869,62.3282,-192.3817,-44.7176
463.0000,0.7473,-0.1213,-0.6340,59.8702,-174.6794,-40.9008
510.0000,0.8271,-0.0784,-0.7283,54.9466,-149.6565,-36.9389
436.0000,0.8645,-0.1099,-0.8071,53.6870,-124.8931,-33.7405
493.0000,0.8557,-0.1104,-0.8413,52.6947,-103.0000,-31.4733
482.0000,0.8684,-0.0632,-0.8691,47.0687,-88.1298,-27.2595
520.0000,0.9277,-0.0542,-0.8809,35.6489,-68.6794,-23.3435
522.0000,0.9502,-0.0347,-0.8674,18.2443,-40.6718,-20.5725
507.0000,0.9573,-0.0376,-0.8284,6.7099,-14.3969,-16.8092
508.0000,0.9495,-0.0442,-0.7869,-6.0763,8.3206,-12.7863
495.0000,0.9622,-0.0303,-0.7422,-17.7786,29.8702,-9.3969
460.0000,1.0059,-0.0107,-0.6882,-23.4351,56.3740,-6.4656
537.0000,0.9775,-0.0376,-0.6470,-28.5954,79.4580,-3.0229
485.0000,0.9592,-0.0454,-0.5896,-31.9618,99.2824,1.0458
466.0000,0.9565,-0.0637,-0.5310,-36.9466,120.6794,5.4962
481.0000,0.9514,-0.0701,-0.4846,-37.6260,143.3206,9.1832
482.0000,0.9202,-0.0928,-0.4458,-36.0687,159.9695,13.0458
484.0000,0.8923,-0.0969,-0.4111,-34.9160,174.3969,16.7176
484.0000,0.8765,-0.1218,-0.3257,-37.5725,186.6260,20.9847
473.0000,0.8997,-0.0974,-0.2817,-48.1221,208.6565,22.8626
435.0000,0.8499,-0.1189,-0.2915,-44.2214,220.6717,24.9008
438.0000,0.8047,-0.1294,-0.2939,-49.0229,222.8855,27.4809
451.0000,0.7959,-0.1055,-0.2266,-53.9924,225.0000,28.6183
458.0000,0.7874,-0.1184,-0.1650,-54.0382,232.5114,28.5649
434.0000,0.7627,-0.1609,-0.1060,-46.7939,238.0153,30.0687
548.0000,0.7222,-0.1985,-0.0588,-35.4962,240.3359,33.5725
450.0000,0.6567,-0.2419,0.0552,-25.3282,243.2137,36.6336
468.0000,0.6350,-0.2458,0.1282,-12.2901,248.8779,38.4504
459.0000,0.6106,-0.2275,0.1907,8.0611,250.1298,40.5802
462.0000,0.5774,-0.2004,0.2256,16.8015,250.1298,43.7481
461.0000,0.5649,-0.2131,0.2517,30.4733,250.1298,45.0153
482.0000,0.5166,-0.1775,0.2832,38.3130,250.1298,44.6183
456.0000,0.5144,-0.1797,0.2693,44.9618,250.1298,43.7557
468.0000,0.4602,-0.1240,0.2505,38.4580,250.1298,44.7176
471.0000,0.4255,-0.0940,0.2300,25.2824,250.1298,42.8855
454.0000,0.3726,-0.1013,0.2827,15.9771,250.1298,41.7023
479.0000,0.3438,-0.0933,0.3821,-2.2443,250.1298,40.2595
457.0000,0.2991,-0.1089,0.4348,-14.9618,250.1298,39.3206
504.0000,0.2756,-0.1289,0.4683,-18.7405,250.1298,40.2977
470.0000,0.2283,-0.1741,0.5979,-32.4885,250.1298,42.8168
483.0000,0.1946,-0.2542,0.7688,-30.1374,250.1298,45.0534
462.0000,0.1702,-0.2688,0.7217,-11.9389,250.1298,49.5496
480.0000,0.1184,-0.2729,0.6838,16.5878,250.1298,56.0000
488.0000,0.0276,-0.2776,0.7390,30.1298,250.1298,59.7481
472.0000,0.0100,-0.2461,0.8569,43.9695,249.8855,58.2519
479.0000,0.0256,-0.2402,0.8264,60.2901,246.0763,57.6260
498.0000,0.0164,-0.1804,0.7319,58.5267,245.5649,59.0763
468.0000,-0.0159,-0.1260,0.7361,42.9542,245.1374,58.4504
473.0000,-0.0720,-0.1050,0.8833,12.7328,242.6107,53.7176
475.0000,-0.0911,-0.1104,0.9980,-10.4198,239.1756,48.0840
476.0000,-0.0898,-0.1514,1.0144,-22.1374,238.5649,46.2595
482.0000,-0.1768,-0.2505,1.0256,-31.2824,239.5038,48.4427
520.0000,-0.2183,-0.3391,1.1079,-32.6870,238.4351,49.7023
470.0000,-0.2480,-0.4214,1.1592,-6.8473,232.8931,54.2748
477.0000,-0.2554,-0.4739,1.1658,11.4046,227.3206,59.5191
474.0000,-0.2207,-0.4307,1.1384,42.5496,220.6641,63.8015
478.0000,-0.2324,-0.4036,1.0330,75.3130,213.1527,67.4046
477.0000,-0.2798,-0.3279,1.0417,91.5649,202.5725,66.4122
480.0000,-0.3208,-0.2544,1.0920,89.4198,188.8168,62.1527
475.0000,-0.2959,-0.1726,1.1230,71.4809,182.3893,56.6183
486.0000,-0.3115,-0.1682,1.1765,44.5725,181.7863,51.0611
480.0000,-0.3994,-0.2083,1.2888,14.8550,177.0076,44.6565
467.0000,-0.4390,-0.2468,1.3274,-7.4198,167.9618,40.2519
457.0000,-0.4446,-0.2698,1.3137,-19.5573,160.7405,38.2214
528.0000,-0.4370,-0.2705,1.3359,-26.3359,155.0458,35.1221
455.0000,-0.4885,-0.3928,1.3293,-31.5344,145.0382,31.4885
480.0000,-0.4736,-0.4219,1.3938,-25.9695,137.6870,29.0534
481.0000,-0.4507,-0.4600,1.3606,-16.1527,129.9084,29.3817
473.0000,-0.4480,-0.4714,1.3394,-1.0229,123.2214,31.2366
477.0000,-0.4197,-0.4966,1.3096,16.8244,119.2977,32.0153
479.0000,-0.3879,-0.4670,1.2695,38.5420,105.4122,31.8473
467.0000,-0.3745,-0.4155,1.2581,58.9466,93.0992,32.9924
474.0000,-0.3672,-0.3616,1.2742,67.8931,86.5725,32.7939
489.0000,-0.3564,-0.3479,1.2971,65.8244,86.1603,30.8168
466.0000,-0.3794,-0.3325,1.3037,57.5115,77.2977,28.0916
478.0000,-0.3530,-0.3193,1.2917,47.5344,69.5725,25.0763
478.0000,-0.3250,-0.3137,1.2820,41.6107,63.3130,21.7557
474.0000,-0.3101,-0.2974,1.2668,34.9618,59.7023,18.3664
465.0000,-0.3086,-0.2922,1.2410,25.7176,54.5954,14.0687
485.0000,-0.3127,-0.2974,1.2129,14.8550,48.1069,10.1145
473.0000,-0.3513,-0.3347,1.2068,-2.8321,38.7252,6.9618
472.0000,-0.3594,-0.3608,1.2312,-17.5114,29.0153,3.5878
489.0000,-0.3560,-0.3877,1.2712,-27.4427,17.1756,0.3969
472.0000,-0.3428,-0.3950,1.2610,-28.2443,4.6260,-2.4122
463.0000,-0.3110,-0.3750,1.2419,-22.4656,-5.1603,-4.8244
494.0000,-0.2729,-0.3674,1.1763,-14.3206,-10.9695,-5.3588
479.0000,-0.2429,-0.3423,1.0935,-6.4809,-12.7405,-4.2748
472.0000,-0.2239,-0.3218,0.9900,-1.2519,-11.0305,-2.1069
482.0000,-0.1997,-0.2759,0.9092,-1.8168,-6.1298,0.6718
480.0000,-0.1931,-0.2437,0.8223,-0.6794,-1.9237,1.7176
459.0000,-0.1892,-0.2136,0.7698,3.3664,-0.0229,2.4656
495.0000,-0.1978,-0.1917,0.6953,7.9237,-0.2901,3.3206
458.0000,-0.1897,-0.1616,0.6509,11.5038,0.0153,3.5802
483.0000,-0.2004,-0.1482,0.6304,12.3817,1.1985,3.0458
473.0000,-0.2112,-0.1436,0.6274,10.0076,3.8855,2.2595
474.0000,-0.2202,-0.1443,0.6030,7.1832,5.5802,2.0305
510.0000,-0.2114,-0.1370,0.6013,1.1908,8.2824,2.2214
475.0000,-0.2261,-0.1499,0.6240,-0.3740,9.8855,2.2214
470.0000,-0.2407,-0.1714,0.6375,0.1450,10.4962,2.4351
482.0000,-0.2483,-0.1846,0.6736,1.1908,11.7328,2.8321
493.0000,-0.2673,-0.1782,0.7034,4.5267,12.5573,2.9237
472.0000,-0.2737,-0.1921,0.7329,6.9313,13.6718,3.6794
479.0000,-0.2808,-0.1941,0.7588,9.2901,13.4504,3.5649
510.0000,-0.3015,-0.1895,0.8052,10.8168,11.8244,3.1832
480.0000,-0.3103,-0.1978,0.8418,9.7939,9.9237,2.0305
469.0000,-0.3208,-0.2080,0.8982,7.8931,7.0840,0.2901
503.0000,-0.3293,-0.2151,0.9351,4.6947,4.4275,-1.6336
496.0000,-0.3323,-0.2358,0.9626,0.3817,1.4885,-3.2672
483.0000,-0.3184,-0.2290,0.9915,-2.5496,-1.9695,-4.5802
499.0000,-0.3113,-0.2312,1.0037,-4.6183,-5.2595,-5.2901
512.0000,-0.2971,-0.2271,1.0164,-4.6260,-9.0153,-5.7634
489.0000,-0.2690,-0.2231,1.0220,-4.7405,-11.3511,-6.5267
494.0000,-0.2549,-0.2305,1.0366,-3.9084,-12.1985,-7.2748
477.0000,-0.2480,-0.2478,1.0417,-3.0916,-11.8473,-6.7710
528.0000,-0.2422,-0.2617,1.0146,-0.9313,-10.6336,-5.4809
457.0000,-0.2275,-0.2444,0.9822,2.0992,-9.5725,-3.9847
481.0000,-0.2366,-0.2285,0.9641,3.4809,-8.9389,-3.0229
476.0000,-0.2468,-0.2075,0.9500,2.5573,-9.2214,-2.8473
437.0000,-0.2617,-0.1960,0.9414,0.9771,-10.4885,-2.9771
503.0000,-0.2869,-0.1912,0.9565,-1.2901,-11.8397,-3.4580
438.0000,-0.3252,-0.1890,0.9775,-3.5344,-13.8702,-4.3893
500.0000,-0.3718,-0.1992,1.0156,-7.1298,-17.4809,-5.6031
514.0000,-0.4175,-0.1987,1.0601,-9.6183,-20.6336,-6.5954
476.0000,-0.4377,-0.1887,1.0710,-11.7176,-24.5344,-7.2290
449.0000,-0.4443,-0.1787,1.0823,-13.4962,-30.0076,-8.9008
561.0000,-0.4490,-0.1650,1.0835,-21.8397,-34.6794,-10.6947
401.0000,-0.4670,-0.1687,1.1079,-24.9542,-41.0763,-12.5420
546.0000,-0.4626,-0.1941,1.1360,-28.7481,-47.6412,-13.3817
449.0000,-0.4583,-0.2087,1.1584,-30.5420,-54.6870,-14.1450
501.0000,-0.4597,-0.2246,1.1726,-29.8855,-61.5725,-15.0229
404.0000,-0.4636,-0.2512,1.1851,-26.5191,-69.3359,-15.3130
578.0000,-0.4531,-0.2500,1.1799,-19.1908,-77.0229,-15.5038
435.0000,-0.4292,-0.2654,1.1841,-10.9466,-85.6107,-15.8626
470.0000,-0.4146,-0.2739,1.1917,-5.0992,-94.5878,-16.2595
465.0000,-0.3899,-0.2859,1.1892,-0.4351,-102.2443,-15.3206
452.0000,-0.3718,-0.2791,1.2256,0.6412,-110.2443,-14.4198
466.0000,-0.3706,-0.2468,1.2563,0.6183,-120.0458,-14.1298
383.0000,-0.3569,-0.2388,1.2732,0.1450,-127.5954,-13.8397
663.0000,-0.3340,-0.2068,1.2751,-0.9084,-133.2748,-14.2977
417.0000,-0.3232,-0.2100,1.2827,-5.1450,-142.0840,-17.0382
440.0000,-0.3245,-0.2415,1.3220,-12.6947,-151.2290,-19.8168
518.0000,-0.3176,-0.2939,1.3643,-19.6565,-159.1756,-21.0840
443.0000,-0.3020,-0.2993,1.3518,-23.2672,-164.9618,-20.9160
570.0000,-0.2952,-0.2957,1.3179,-25.4275,-172.2290,-20.6870
438.0000,-0.2749,-0.2991,1.2891,-29.7405,-182.0305,-21.9160
507.0000,-0.2515,-0.3110,1.2646,-36.4046,-191.8015,-23.9847
430.0000,-0.2104,-0.3035,1.2332,-43.9008,-198.9237,-27.3435
494.0000,-0.2080,-0.3311,1.2087,-47.9237,-208.6565,-30.0153
497.0000,-0.1646,-0.3411,1.1653,-56.1450,-214.9389,-32.1298
476.0000,-0.1355,-0.3657,1.1406,-58.8092,-220.7557,-33.6718
504.0000,-0.1360,-0.3772,1.1323,-62.9466,-235.3435,-33.8702
604.0000,-0.0815,-0.3711,1.1853,-62.3053,-236.9771,-35.6565
516.0000,-0.1023,-0.3916,1.1311,-66.6260,-246.3588,-36.4809
449.0000,-0.0798,-0.3386,1.1235,-61.9084,-250.1374,-38.1221
521.0000,-0.0513,-0.3516,1.0969,-62.4122,-250.1374,-40.5573
490.0000,-0.0034,-0.3591,1.0454,-55.2443,-250.1374,-43.7176
472.0000,-0.0178,-0.3896,0.9885,-45.2901,-250.1374,-45.1145
498.0000,0.0281,-0.3650,0.9126,-48.4046,-250.1374,-45.6565
444.0000,0.0332,-0.3506,0.8735,-41.2595,-250.1374,-47.0611
501.0000,0.0579,-0.3645,0.8010,-52.9695,-250.1374,-49.4809
415.0000,0.0879,-0.3115,0.7544,-48.0076,-250.1374,-52.2748
440.0000,0.0752,-0.3738,0.7561,-53.4656,-250.1374,-54.8473
508.0000,0.0703,-0.4060,0.8237,-67.3359,-250.1374,-59.8321
446.0000,0.0852,-0.4153,0.8691,-68.4122,-250.1374,-63.5267
457.0000,0.0564,-0.4661,0.9277,-73.5420,-250.1374,-66.5191
472.0000,0.0359,-0.4343,0.9470,-64.6718,-250.1374,-69.8168
502.0000,0.0681,-0.3335,0.8511,-56.2519,-250.1374,-71.9542
490.0000,0.1089,-0.2261,0.6833,-54.3588,-250.1374,-75.0305
459.0000,0.1277,-0.1663,0.5222,-52.5267,-250.1374,-80.3435
518.0000,0.1709,-0.1150,0.3931,-70.3817,-250.1374,-86.9695
498.0000,0.2656,-0.1245,0.2231,-95.4962,-250.1374,-95.4580
474.0000,0.3213,-0.1074,0.0872,-119.5115,-250.1374,-104.0305
492.0000,0.3425,-0.1130,0.0088,-138.2977,-250.1374,-110.9160
491.0000,0.3726,-0.1318,0.0166,-146.2443,-250.1374,-116.9237
439.0000,0.3958,-0.1931,0.0244,-142.6947,-250.1374,-120.3893
480.0000,0.4570,-0.1987,0.0430,-120.3511,-250.1374,-120.2672
513.0000,0.4932,-0.2146,-0.0557,-76.7023,-250.1374,-115.3588
476.0000,0.5232,-0.1238,-0.1565,-31.7099,-250.1374,-106.8550
460.0000,0.5947,-0.1162,-0.2612,12.1756,-250.1374,-98.6336
450.0000,0.6467,-0.0784,-0.3896,56.1374,-250.1374,-91.0763
472.0000,0.6892,-0.0115,-0.5295,89.3740,-250.1374,-83.5191
464.0000,0.7358,0.0361,-0.7104,114.4886,-250.1374,-75.1450
441.0000,0.7786,0.1702,-0.8835,129.2901,-250.1374,-65.5878
481.0000,0.7996,0.2263,-1.0176,131.6260,-242.2137,-56.8855
490.0000,0.8467,0.2354,-1.1091,118.7634,-216.4809,-48.7405
476.0000,0.6584,0.1479,-1.3135,79.5649,-212.7099,-36.3130
514.0000,1.1404,0.3845,-1.1726,-24.9237,-84.6489,-26.7939
442.0000,0.8528,0.2583,-1.2190,-15.7634,-66.8397,-18.8855
557.0000,0.9966,0.3579,-1.0754,-53.4122,-6.1069,-11.1603
475.0000,0.8403,0.1726,-0.9680,9.9924,-14.6794,-5.4962
484.0000,0.9597,0.1147,-0.8643,30.5954,24.6870,5.1450
496.0000,0.8818,0.0667,-0.8123,47.9084,39.6794,13.5267
504.0000,0.8262,0.0452,-0.7896,57.5267,36.2366,21.5649
483.0000,0.8679,-0.0110,-0.7234,78.7939,40.8092,27.8702
478.0000,0.9360,-0.0977,-0.6494,88.0992,71.9389,32.9771
502.0000,0.9355,-0.1438,-0.6089,69.7557,120.1603,34.8092
465.0000,0.9272,-0.1108,-0.5410,21.8168,173.5267,36.4580
493.0000,0.9031,-0.0574,-0.4756,-30.9008,215.6641,39.5878
485.0000,0.8550,-0.0896,-0.4148,-49.7481,235.4886,43.1679
490.0000,0.8279,-0.1873,-0.3220,-45.4656,246.4427,46.6870
508.0000,0.7830,-0.2058,-0.2595,-15.7023,247.9618,48.6031
470.0000,0.7820,-0.2400,-0.2483,17.8702,247.0534,49.3053
571.0000,0.7612,-0.2256,-0.1858,40.9313,242.5649,49.0840
477.0000,0.7527,-0.2068,-0.1389,36.1145,246.0992,47.4504
485.0000,0.7488,-0.1702,-0.0410,25.9924,250.1298,43.6489
488.0000,0.7778,-0.1558,-0.0020,12.0382,250.1298,41.2443
472.0000,0.7319,-0.1792,0.0720,4.2672,250.1298,40.4504
490.0000,0.7122,-0.2104,0.1184,10.6336,250.1298,39.4122
487.0000,0.6750,-0.2520,0.1824,22.8931,250.1298,38.6947
480.0000,0.6729,-0.2612,0.2432,28.4885,250.1298,38.5191
464.0000,0.6372,-0.2534,0.2361,35.5725,250.1298,36.9542
485.0000,0.6194,-0.2092,0.2371,33.6718,250.1298,35.5802
477.0000,0.5901,-0.2144,0.2563,30.2595,250.1298,34.3817
467.0000,0.5447,-0.1907,0.3765,16.7481,250.1298,30.4504
490.0000,0.5046,-0.2161,0.3899,4.3053,250.1298,27.9084
476.0000,0.5247,-0.2146,0.4146,8.4504,250.1298,27.9313
461.0000,0.5020,-0.2529,0.4521,16.5038,250.1298,29.9542
486.0000,0.4080,-0.2488,0.4944,12.7786,250.1298,30.0763
476.0000,0.3950,-0.2107,0.4995,20.1221,242.4122,30.2290
465.0000,0.4202,-0.2026,0.4631,18.2519,239.6717,30.4275
482.0000,0.3650,-0.1667,0.4678,6.9008,242.1756,32.6107
483.0000,0.3555,-0.1592,0.4338,-0.7176,239.9924,30.9466
452.0000,0.2971,-0.1482,0.4570,-12.9618,237.2672,30.5802
495.0000,0.2517,-0.1370,0.4741,-22.5802,230.9008,30.3511
510.0000,0.1995,-0.1743,0.5361,-30.9695,227.1832,31.5191
463.0000,0.1670,-0.2239,0.6833,-42.8550,226.3817,31.3435
483.0000,0.1465,-0.2563,0.8320,-45.7557,228.0916,31.7099
488.0000,0.1279,-0.2639,0.8918,-37.0534,226.8092,34.8473
474.0000,0.1038,-0.2651,0.9446,-28.0916,226.0153,38.7786
481.0000,0.0874,-0.2983,1.0886,-19.4809,230.0992,40.6870
481.0000,0.0513,-0.3252,1.0803,-3.5420,229.8168,41.9695
479.0000,0.0007,-0.3523,0.9695,9.1756,225.7252,46.7710
484.0000,-0.0408,-0.3359,0.9551,21.2214,221.4504,51.0305
485.0000,-0.0747,-0.2915,0.9441,20.0305,217.7863,50.0076
463.0000,-0.0798,-0.2651,0.9185,23.6336,211.0992,47.4046
496.0000,-0.1121,-0.2512,0.8572,27.3282,201.3893,45.6412
486.0000,-0.1042,-0.2036,0.8452,18.8550,196.3053,43.3130
481.0000,-0.1233,-0.2078,0.8933,12.0687,191.3817,40.5191
480.0000,-0.1304,-0.2246,0.9697,-1.4427,188.1527,37.7099
501.0000,-0.1462,-0.2590,1.0623,-10.2595,186.5191,36.9389
473.0000,-0.1702,-0.2852,1.1853,-11.7481,186.2824,37.4962
502.0000,-0.2141,-0.3533,1.2544,-0.1832,184.1450,39.9542
493.0000,-0.2124,-0.3862,1.3228,10.1527,185.2748,42.7176
474.0000,-0.2317,-0.3999,1.3994,33.2748,185.8168,45.6870
485.0000,-0.2646,-0.4163,1.3376,65.3283,179.9618,49.2061
484.0000,-0.2439,-0.3430,1.2566,84.8168,174.6947,53.5344
481.0000,-0.2412,-0.2971,1.1597,104.3893,170.7099,54.6947
491.0000,-0.2695,-0.2378,1.0469,111.3588,163.7328,53.5191
482.0000,-0.3093,-0.1926,0.9912,105.6870,154.3893,51.2061
477.0000,-0.3054,-0.1619,0.9932,91.9160,147.1374,47.3969
489.0000,-0.3127,-0.1230,1.0300,72.9313,143.0076,41.9160
486.0000,-0.3699,-0.0974,1.1006,55.7252,136.6412,37.2977
477.0000,-0.4014,-0.1018,1.1821,38.4656,129.9771,33.1679
495.0000,-0.4226,-0.1348,1.2786,25.3282,120.6489,28.9847
480.0000,-0.4326,-0.1655,1.3821,13.1374,113.5038,25.6031
479.0000,-0.4119,-0.2092,1.4546,10.4046,108.7481,23.5954
483.0000,-0.4182,-0.2551,1.4924,9.6794,102.2443,23.4427
482.0000,-0.3848,-0.3071,1.4485,9.4351,99.4733,25.1985
476.0000,-0.3940,-0.3167,1.3865,10.8397,99.5649,26.0840
486.0000,-0.4011,-0.3071,1.2725,13.4275,88.9695,25.5878
481.0000,-0.3484,-0.2852,1.2185,17.8397,80.5573,22.9313
477.0000,-0.3091,-0.2505,1.1348,16.5649,75.9160,19.7099
483.0000,-0.2891,-0.2295,1.0637,12.4427,68.6183,17.9542
478.0000,-0.2952,-0.2224,1.0068,3.7557,59.3053,17.7939
469.0000,-0.3252,-0.2751,1.0156,-12.1069,47.9237,16.6412
484.0000,-0.3623,-0.3359,1.1060,-28.1145,31.4733,14.3740
490.0000,-0.3701,-0.3774,1.2122,-39.0076,11.5420,10.0076
471.0000,-0.3345,-0.4189,1.3572,-36.9160,-7.0458,4.4504
473.0000,-0.2834,-0.4531,1.4097,-24.8702,-19.4809,1.0992
493.0000,-0.2471,-0.4702,1.4053,-9.4809,-28.0992,1.1298
464.0000,-0.2092,-0.4519,1.3413,1.8092,-28.8550,2.8779
470.0000,-0.1838,-0.4104,1.2439,4.1832,-22.4656,5.9924