raw_emg,raw_ax,raw_ay,raw_az,raw_gx,raw_gy,raw_gz
192.0000,0.1575,-0.1616,-1.1414,5.6031,-0.6641,1.6641
179.0000,0.1345,-0.2031,-1.1362,0.8397,-0.1603,1.1450
184.0000,0.1641,-0.1929,-1.1423,0.8397,-0.3511,1.2290
180.0000,0.1506,-0.1897,-1.1357,-0.4504,-0.7863,0.9771
186.0000,0.1475,-0.2017,-1.1353,-1.5878,-0.3817,0.8550
184.0000,0.1501,-0.2134,-1.1318,-0.9389,-0.1603,1.2290
180.0000,0.1506,-0.2158,-1.1292,-0.0458,-0.2443,1.0916
193.0000,0.1562,-0.2012,-1.1375,0.8168,-0.2977,0.8550
190.0000,0.1514,-0.2058,-1.1313,1.5649,-0.5191,0.5878
193.0000,0.1521,-0.2092,-1.1499,2.0763,-0.2748,0.4122
189.0000,0.1572,-0.2146,-1.1528,2.4275,0.0763,0.3282
199.0000,0.1562,-0.2227,-1.1331,2.4962,0.4962,0.2977
202.0000,0.1565,-0.2026,-1.1360,3.3969,0.5649,0.1374
198.0000,0.1599,-0.2090,-1.1257,1.6336,0.0000,0.2443
205.0000,0.1653,-0.1819,-1.1392,-1.5725,0.9160,0.4427
203.0000,0.1558,-0.2012,-1.1389,-4.1145,1.3664,-0.1145
203.0000,0.1655,-0.2046,-1.1370,-5.9618,1.5496,-0.3282
214.0000,0.1550,-0.2053,-1.1362,-7.6718,1.8855,-0.2137
208.0000,0.1582,-0.2117,-1.1367,-7.5267,1.6794,-0.4122
207.0000,0.1582,-0.2173,-1.1445,-6.7863,1.4122,-0.4580
216.0000,0.1545,-0.2107,-1.1233,-8.0000,1.6260,-0.4809
218.0000,0.1599,-0.1907,-1.1458,-9.6183,2.0153,-0.1450
216.0000,0.1523,-0.2046,-1.1440,-11.3664,1.8321,-0.2977
228.0000,0.1658,-0.2080,-1.1396,-11.5496,1.2977,-0.4198
221.0000,0.1660,-0.2224,-1.1536,-10.5954,1.4122,-0.5496
220.0000,0.1599,-0.2356,-1.1423,-7.6718,1.9542,-0.1450
227.0000,0.1582,-0.2336,-1.1418,-4.8779,1.4656,-0.1145
226.0000,0.1609,-0.2190,-1.1506,-2.9542,0.6336,0.0382
227.0000,0.1653,-0.2134,-1.1414,-0.6489,0.1221,-0.2214
232.0000,0.1611,-0.2034,-1.1377,-0.4885,-0.1221,-0.0458
235.0000,0.1609,-0.2000,-1.1367,-1.0611,0.8092,-0.2366
233.0000,0.1577,-0.2114,-1.1548,-1.5191,1.6641,-0.3206
234.0000,0.1584,-0.2107,-1.1343,-3.4656,1.6718,-0.2748
237.0000,0.1587,-0.1873,-1.1362,-5.6412,2.3664,-0.5267
240.0000,0.1567,-0.2029,-1.1360,-7.7099,2.4122,-0.9237
243.0000,0.1560,-0.2122,-1.1377,-8.0916,2.2443,-1.2366
242.0000,0.1584,-0.2200,-1.1287,-7.5420,2.1069,-1.4351
244.0000,0.1609,-0.2258,-1.1372,-6.1527,2.1527,-1.2977
246.0000,0.1616,-0.2217,-1.1309,-3.6107,1.7557,-1.4275
241.0000,0.1582,-0.2209,-1.1323,-0.6412,0.8244,-1.0534
251.0000,0.1638,-0.2197,-1.1367,2.1450,-0.1908,-0.7939
250.0000,0.1650,-0.2187,-1.1260,4.4580,-0.6565,-0.3053
252.0000,0.1616,-0.2100,-1.1316,6.8702,-1.3282,0.2061
259.0000,0.1587,-0.2083,-1.1301,9.2901,-1.6412,0.8015
249.0000,0.1592,-0.2205,-1.1265,11.8473,-2.2443,1.0840
252.0000,0.1599,-0.2285,-1.1284,15.9237,-2.5649,1.9084
262.0000,0.1604,-0.2605,-1.1321,23.7405,-4.0458,2.3359
253.0000,0.1611,-0.2676,-1.1282,34.2595,-5.2595,3.7176
273.0000,0.1555,-0.2783,-1.1433,46.2901,-6.7710,5.1145
265.0000,0.1506,-0.3416,-1.1582,63.9313,-8.6947,5.7634
260.0000,0.1707,-0.3225,-1.1575,79.2748,-10.6794,7.3893
268.0000,0.1523,-0.3857,-1.1465,100.9771,-12.4427,9.8168
271.0000,0.1550,-0.3740,-1.1489,121.1298,-13.6412,12.0458
270.0000,0.1472,-0.3840,-1.1194,140.5496,-16.0840,13.5573
264.0000,0.1440,-0.4189,-1.1108,162.0229,-19.5954,15.6870
266.0000,0.1460,-0.4075,-1.1187,179.6794,-18.3817,18.9008
278.0000,0.1604,-0.3613,-1.1311,191.8397,-18.1908,22.2443
275.0000,0.1604,-0.3755,-1.1516,202.6794,-17.5420,22.4275
271.0000,0.1516,-0.3813,-1.1453,209.1221,-18.2595,24.4275
277.0000,0.1509,-0.3625,-1.1362,211.9313,-17.5267,25.7481
281.0000,0.1538,-0.3838,-1.1301,212.9389,-15.9771,27.0229
282.0000,0.1536,-0.4114,-1.1145,214.8702,-13.2519,27.7939
278.0000,0.1484,-0.4353,-1.1079,215.4504,-11.7786,28.0763
285.0000,0.1458,-0.4426,-1.0918,214.8092,-10.2061,28.2366
283.0000,0.1333,-0.4541,-1.0850,211.2214,-7.4580,28.2748
292.0000,0.1277,-0.4841,-1.0715,207.7099,-5.1527,27.7710
283.0000,0.1130,-0.5547,-1.0493,209.3130,-5.2748,27.6565
288.0000,0.1226,-0.6138,-1.0310,214.4962,-2.3435,28.9466
281.0000,0.0950,-0.7227,-1.0310,228.6260,0.5496,30.8779
299.0000,0.0908,-0.7603,-1.0146,249.9771,1.6489,34.3664
290.0000,0.0859,-0.8181,-1.0100,250.1298,0.8550,37.5191
287.0000,0.0916,-0.8372,-1.0032,250.1298,-2.2595,40.5725
290.0000,0.0879,-0.8120,-0.9761,250.1298,-2.6183,43.7634
299.0000,0.0908,-0.8047,-0.9648,250.1298,-1.1450,46.4427
298.0000,0.0891,-0.8154,-0.9563,250.1298,0.2977,49.1145
296.0000,0.1016,-0.7852,-0.9224,250.1298,2.6336,50.0611
293.0000,0.1008,-0.7671,-0.8838,250.1298,5.5344,51.3969
292.0000,0.0925,-0.7319,-0.8591,250.1298,8.3435,52.2901
312.0000,0.0967,-0.7715,-0.8411,250.1298,10.7328,52.0000
304.0000,0.0906,-0.7986,-0.8274,250.1298,13.9771,53.1985
331.0000,0.0916,-0.8840,-0.8040,250.1298,14.9466,52.5573
307.0000,0.0789,-0.9775,-0.7830,250.1298,18.6183,54.0305
303.0000,0.0779,-1.0386,-0.7258,250.1298,21.2214,56.2366
309.0000,0.0752,-1.0979,-0.6558,250.1298,22.7786,56.7557
290.0000,0.0637,-1.0850,-0.6199,250.1298,22.4351,57.8626
323.0000,0.0723,-1.0852,-0.5708,250.1298,21.3359,58.0382
327.0000,0.0613,-1.0254,-0.5386,250.1298,19.8626,59.1069
319.0000,0.0652,-1.0173,-0.5325,250.1298,19.8244,58.1603
358.0000,0.0608,-0.9778,-0.4866,250.1298,20.2290,58.9542
318.0000,0.0669,-0.9658,-0.4128,250.1298,22.9924,58.5038
327.0000,0.0481,-0.9624,-0.3623,250.1298,32.5115,59.0458
320.0000,0.0344,-0.9507,-0.2905,250.1298,35.8244,57.8855
372.0000,0.0366,-0.8689,-0.2173,250.1298,42.3359,57.2901
298.0000,0.0137,-0.8008,-0.1641,250.1298,44.6031,54.6947
218.0000,0.0005,-0.8223,-0.1123,250.1298,44.3206,50.4427
385.0000,-0.0107,-0.8501,-0.0447,250.1298,46.4885,47.4580
312.0000,-0.0303,-0.8115,0.0056,250.1298,47.9008,46.6489
285.0000,-0.0364,-0.8533,0.0818,250.1298,53.4962,44.8244
364.0000,-0.0625,-0.8635,0.1445,250.1298,54.8321,44.1832
306.0000,-0.0679,-0.8745,0.1941,250.1298,55.7023,44.8931
326.0000,-0.0623,-0.8237,0.2622,250.1298,56.8779,46.2366
389.0000,-0.0764,-0.7319,0.3088,250.1298,56.7481,45.4427
308.0000,-0.0889,-0.6589,0.3533,250.1298,53.5573,44.1756
419.0000,-0.0952,-0.6011,0.3936,250.1298,50.3740,42.2748
323.0000,-0.0845,-0.4988,0.4604,250.1298,48.6947,37.1679
289.0000,-0.1245,-0.5190,0.4834,250.1298,47.9542,33.8550
363.0000,-0.1331,-0.3923,0.5239,250.1298,46.6260,31.3435
333.0000,-0.1399,-0.3445,0.5540,250.1298,49.9237,29.5802
225.0000,-0.1592,-0.2026,0.6116,250.1298,45.1298,25.2595
370.0000,-0.1685,-0.1211,0.6436,250.1298,42.0229,18.7328
400.0000,-0.1836,-0.0024,0.6821,223.9466,37.3817,12.6870
437.0000,-0.1953,-0.0313,0.7500,168.6794,33.3435,5.9924
308.0000,-0.2048,-0.0317,0.7957,120.1069,30.8397,0.0687
343.0000,-0.2075,-0.1226,0.8435,79.2824,30.2824,-3.7405
366.0000,-0.2095,-0.1978,0.8811,50.5573,28.8550,-6.1527
333.0000,-0.2039,-0.3152,0.8862,37.9618,25.9771,-7.3664
328.0000,-0.2092,-0.3752,0.9028,37.5496,21.2748,-7.2901
380.0000,-0.2029,-0.4006,0.9053,41.9618,17.5267,-7.0000
245.0000,-0.1968,-0.3945,0.9019,47.5115,14.6947,-6.4809
359.0000,-0.1899,-0.3972,0.9006,53.5191,11.5267,-6.8779
304.0000,-0.1892,-0.3301,0.8779,53.5191,8.9466,-6.6260