raw_emg,raw_ax,raw_ay,raw_az,raw_gx,raw_gy,raw_gz
210.0000,0.2139,-0.1250,-1.1304,0.4580,0.2290,0.3053
202.0000,0.2083,-0.1230,-1.1292,0.4427,0.0076,0.4198
196.0000,0.2151,-0.1211,-1.1309,0.5115,0.4580,0.4809
199.0000,0.2217,-0.1177,-1.1289,-0.2519,0.5573,0.5267
193.0000,0.2104,-0.1243,-1.1265,-0.9466,0.8855,0.4885
194.0000,0.2134,-0.1270,-1.1248,-1.3435,0.9847,0.3053
201.0000,0.2114,-0.1321,-1.1355,-1.7252,0.4580,0.5267
199.0000,0.2109,-0.1294,-1.1340,-1.9695,0.3588,0.4885
198.0000,0.2124,-0.1375,-1.1362,-1.6031,0.2061,0.3435
201.0000,0.2056,-0.1331,-1.1382,-1.1527,-0.1832,0.2366
205.0000,0.2102,-0.1335,-1.1394,-1.0687,-0.4275,0.1145
203.0000,0.2114,-0.1333,-1.1287,-1.3435,-0.7481,0.1145
205.0000,0.2090,-0.1326,-1.1304,-1.0840,-1.0153,-0.0916
211.0000,0.2075,-0.1338,-1.1335,-0.6031,-1.0687,-0.1450
216.0000,0.2166,-0.1243,-1.1340,-0.5038,-1.2137,-0.1679
209.0000,0.2148,-0.1208,-1.1272,-1.3740,-1.4275,-0.2672
217.0000,0.2144,-0.1204,-1.1384,-1.8092,-1.3740,-0.6107
220.0000,0.2166,-0.1221,-1.1372,-2.7252,-1.2137,-0.6794
220.0000,0.2104,-0.1238,-1.1438,-3.4275,-0.6183,-0.8550
225.0000,0.2122,-0.1340,-1.1350,-3.6641,-0.8550,-0.8092
220.0000,0.2173,-0.1348,-1.1426,-2.9924,-1.0992,-0.7252
222.0000,0.2161,-0.1338,-1.1501,-2.4885,-0.8321,-0.7405
225.0000,0.2126,-0.1340,-1.1526,-2.0458,-0.3893,-0.7863
229.0000,0.2119,-0.1396,-1.1431,-1.5115,-0.6336,-0.6183
235.0000,0.2148,-0.1362,-1.1494,-1.1374,-0.5267,-0.6565
230.0000,0.2271,-0.1243,-1.1421,-0.9695,-0.1756,-0.2214
235.0000,0.2190,-0.1257,-1.1338,-0.7481,0.0458,-0.1908
238.0000,0.2166,-0.1304,-1.1394,-1.1298,0.0534,-0.2901
236.0000,0.2197,-0.1211,-1.1470,-1.5267,0.0916,-0.1221
238.0000,0.2224,-0.1326,-1.1467,-1.8473,0.1145,0.0687
245.0000,0.2153,-0.1287,-1.1355,-1.9924,0.2595,0.3588
241.0000,0.2192,-0.1360,-1.1384,-2.0763,0.1908,0.5191
242.0000,0.2209,-0.1267,-1.1296,-2.2672,-0.0153,0.4504
242.0000,0.2180,-0.1284,-1.1379,-2.3664,-0.1679,0.6107
246.0000,0.2163,-0.1387,-1.1335,-1.9389,0.0992,0.5725
249.0000,0.2144,-0.1323,-1.1467,-1.8092,0.2824,0.9389
253.0000,0.2073,-0.1409,-1.1448,-1.2061,-0.2977,0.6183
254.0000,0.2163,-0.1531,-1.1482,-0.7634,-0.2824,0.5344
254.0000,0.2117,-0.1453,-1.1396,-0.6489,0.0382,0.5649
256.0000,0.2163,-0.1372,-1.1479,-0.2519,0.1221,0.3282
258.0000,0.2134,-0.1433,-1.1445,0.0534,0.0382,0.1908
258.0000,0.2151,-0.1453,-1.1414,0.5802,-0.2977,0.0229
267.0000,0.2212,-0.1438,-1.1445,1.6107,-0.2901,-0.2290
263.0000,0.2136,-0.1438,-1.1416,2.8550,-0.5115,-0.0534
262.0000,0.2153,-0.1458,-1.1284,4.7099,-0.5038,-0.1374
262.0000,0.2212,-0.1460,-1.1296,6.8015,-0.5725,0.0992
263.0000,0.2144,-0.1499,-1.1335,8.9084,-0.3282,0.3435
271.0000,0.2148,-0.1511,-1.1416,12.3053,-0.4427,0.9008
266.0000,0.2126,-0.1633,-1.1582,17.0763,-0.6870,1.4962
271.0000,0.2151,-0.1797,-1.1514,23.7481,-1.1298,1.7252
275.0000,0.2175,-0.1953,-1.1606,32.0687,-1.5267,1.9313
277.0000,0.2168,-0.2205,-1.1646,42.2595,-2.7634,2.1527
272.0000,0.2344,-0.1843,-1.1987,49.1908,-2.6183,1.7023
273.0000,0.2544,-0.2874,-1.1821,68.1221,-4.6565,4.2443
290.0000,0.2061,-0.2839,-1.1675,92.6031,-7.7328,5.5344
278.0000,0.2273,-0.2476,-1.1680,100.8702,-5.3664,7.3893
285.0000,0.2344,-0.2817,-1.1667,114.8779,-5.9160,8.9237
287.0000,0.2329,-0.2976,-1.1584,129.1908,-7.6641,8.5954
284.0000,0.2246,-0.3225,-1.1428,146.1756,-8.5878,10.2519
287.0000,0.2292,-0.3542,-1.1379,164.0840,-9.3664,12.3206
287.0000,0.2354,-0.3538,-1.1438,179.9695,-8.5496,14.3282
290.0000,0.2427,-0.3147,-1.1238,192.0611,-7.0763,17.5725
289.0000,0.2312,-0.3274,-1.1494,201.6947,-10.3282,17.6641
290.0000,0.2190,-0.3279,-1.1335,206.3969,-7.2901,19.4962
294.0000,0.2183,-0.3293,-1.1384,208.1450,-6.5344,20.5114
295.0000,0.2195,-0.3552,-1.1316,208.3588,-5.8855,21.9695
297.0000,0.2131,-0.3745,-1.1274,209.2519,-4.8015,22.9847
297.0000,0.2129,-0.4204,-1.1101,212.8092,-4.5267,23.4504
297.0000,0.2026,-0.4636,-1.1011,218.5725,-4.7863,24.5267
306.0000,0.2036,-0.5005,-1.0815,227.0763,-4.0076,25.4656
292.0000,0.1960,-0.5378,-1.0684,235.0763,-2.4504,27.5649
304.0000,0.1924,-0.5588,-1.0459,245.2290,-1.1603,29.1985
305.0000,0.1956,-0.5735,-1.0266,250.1298,3.2061,31.3053
305.0000,0.1689,-0.5686,-1.0242,250.1298,0.2595,31.9542
305.0000,0.1731,-0.5840,-1.0027,250.1298,-0.6107,32.2519
307.0000,0.1792,-0.5940,-0.9709,250.1298,0.2748,32.4122
310.0000,0.1636,-0.6008,-0.9490,250.1298,2.2519,31.5878
310.0000,0.1628,-0.6145,-0.9136,250.1298,3.0458,30.6107
314.0000,0.1399,-0.6560,-0.8835,250.1298,3.3053,30.0076
314.0000,0.1326,-0.6948,-0.8535,250.1298,4.3664,30.7099
318.0000,0.1445,-0.7295,-0.8418,250.1298,1.7099,29.1908
319.0000,0.1357,-0.7639,-0.8274,250.1298,2.9389,28.3817
313.0000,0.1296,-0.7761,-0.8013,250.1298,1.5878,26.6183
316.0000,0.1086,-0.8103,-0.7830,250.1298,0.1756,26.6565
323.0000,0.1135,-0.8281,-0.7673,250.1298,-0.2977,26.9084
322.0000,0.1099,-0.8506,-0.7363,250.1298,-0.2977,27.4198
321.0000,0.1213,-0.8479,-0.7144,250.1298,0.4427,27.4885
322.0000,0.1191,-0.8479,-0.6899,250.1298,1.1069,27.0000
320.0000,0.1182,-0.8745,-0.6536,250.1298,0.5649,25.7786
324.0000,0.1270,-0.8816,-0.6213,250.1298,0.8855,25.3893
333.0000,0.1228,-0.9087,-0.6140,250.1298,3.2519,25.3359
327.0000,0.1226,-0.9263,-0.5852,250.1298,4.3969,25.0076
330.0000,0.1267,-0.9463,-0.5693,250.1298,5.4351,25.0382
333.0000,0.1350,-0.9761,-0.5261,250.1298,8.4656,25.5191
333.0000,0.1387,-0.9912,-0.5032,250.1298,10.6870,25.6260
332.0000,0.1470,-0.9878,-0.4656,250.1298,12.8473,25.4351
329.0000,0.1377,-0.9907,-0.4448,250.1298,14.9313,25.9618
330.0000,0.1431,-0.9983,-0.4265,250.1298,18.2443,25.6031
346.0000,0.1299,-0.9912,-0.3975,250.1298,19.6794,25.1756
342.0000,0.1313,-1.0020,-0.3604,250.1298,22.7939,24.6107
334.0000,0.1548,-0.9973,-0.3027,250.1298,25.9389,22.7481
334.0000,0.1316,-0.9578,-0.2729,250.1298,27.0458,21.4656
342.0000,0.1440,-0.9934,-0.2234,250.1298,30.1679,19.1374
326.0000,0.1399,-1.0334,-0.1697,250.1298,32.0534,17.7099
337.0000,0.1267,-1.0505,-0.1233,250.1298,36.0305,17.2748
353.0000,0.1301,-1.0432,-0.0757,250.1298,39.1374,16.9008
346.0000,0.1252,-1.0596,-0.0557,250.1298,41.1679,16.4427
352.0000,0.1233,-1.0334,-0.0361,250.1298,43.8244,16.5344
337.0000,0.1401,-1.0637,-0.0046,250.1298,47.3511,16.5344
345.0000,0.1248,-1.0437,0.0339,250.1298,50.3588,16.6412
347.0000,0.1157,-0.9893,0.0789,250.1298,52.9389,17.4122
350.0000,0.1191,-1.0115,0.1189,250.1298,55.9466,17.8092
336.0000,0.1165,-0.9375,0.1338,250.1298,59.0229,19.4427
369.0000,0.1221,-0.9226,0.1628,250.1298,62.4351,19.8626
349.0000,0.1094,-0.8442,0.1953,250.1298,64.7481,19.5038
352.0000,0.1064,-0.7854,0.2576,250.1298,63.8092,20.8702
342.0000,0.0952,-0.7813,0.2961,250.1298,65.3893,19.9389
359.0000,0.0957,-0.7964,0.3247,250.1298,68.7786,18.6107
392.0000,0.0696,-0.6838,0.3723,250.1298,69.0840,19.0382
339.0000,0.0542,-0.6079,0.4224,250.1298,68.7710,17.9847
401.0000,0.0488,-0.5127,0.4871,250.1298,66.5954,16.2519
413.0000,0.0183,-0.5068,0.5466,250.1298,60.2443,13.4046
354.0000,0.0129,-0.4270,0.6074,250.1298,59.6031,10.7557
353.0000,-0.0139,-0.3645,0.6174,250.1298,57.6031,8.4733
351.0000,-0.0337,-0.2520,0.6470,246.9313,55.5649,4.7939
412.0000,-0.0569,-0.2454,0.6658,204.1908,51.1908,1.0229
337.0000,-0.0710,-0.2290,0.6975,160.9924,45.6412,-1.8473
367.0000,-0.0923,-0.2402,0.7385,121.5191,39.7023,-5.0840
327.0000,-0.1172,-0.3237,0.7773,89.5802,30.8626,-7.5191
387.0000,-0.1182,-0.3872,0.8035,62.4504,25.8244,-8.8702
386.0000,-0.1230,-0.4348,0.8389,44.3206,22.6031,-8.8550