raw_emg,raw_ax,raw_ay,raw_az,raw_gx,raw_gy,raw_gz
256.0000,0.3271,-0.1133,-1.1055,-1.3817,0.0763,-0.1145
232.0000,0.3245,-0.1130,-1.1221,-1.0153,0.1374,-0.0076
226.0000,0.3367,-0.0991,-1.1169,-1.5267,0.2366,-0.1069
215.0000,0.3320,-0.0947,-1.1160,-2.5725,0.3893,0.1527
207.0000,0.3269,-0.1064,-1.1187,-3.1908,0.1832,-0.0458
209.0000,0.3171,-0.1050,-1.1133,-3.9618,0.1298,-0.0840
206.0000,0.3271,-0.1003,-1.1160,-4.5038,0.4809,-0.2214
206.0000,0.3242,-0.1079,-1.1187,-4.6947,0.1985,-0.2824
208.0000,0.3193,-0.1174,-1.1206,-4.3588,0.0687,-0.6412
211.0000,0.3223,-0.1172,-1.1213,-3.8550,0.0534,-0.4809
211.0000,0.3296,-0.1113,-1.1084,-2.6718,0.3740,-0.6565
208.0000,0.3276,-0.1160,-1.1108,-1.0076,0.4275,-0.5267
210.0000,0.3315,-0.1113,-1.1101,0.1527,0.0534,-0.1908
218.0000,0.3218,-0.1023,-1.1135,-0.2748,0.0305,-0.0687
212.0000,0.3320,-0.0945,-1.1108,-0.8626,-0.0458,-0.1145
218.0000,0.3337,-0.0945,-1.1069,-1.4733,0.0687,-0.1679
219.0000,0.3337,-0.0825,-1.1157,-2.6718,0.2443,-0.1069
221.0000,0.3225,-0.0979,-1.1160,-3.5191,0.2366,0.0229
227.0000,0.3318,-0.1069,-1.1140,-3.5954,0.0611,0.0153
224.0000,0.3330,-0.1101,-1.1111,-2.9160,-0.0458,0.2061
226.0000,0.3298,-0.1086,-1.1091,-2.1069,-0.3817,0.2672
228.0000,0.3232,-0.1147,-1.1169,-1.1450,-0.4656,0.3817
229.0000,0.3193,-0.1064,-1.1099,-0.6947,-1.0611,0.4656
233.0000,0.3284,-0.1030,-1.1077,-0.4198,-1.0305,0.7023
230.0000,0.3279,-0.1045,-1.1038,-0.5954,-0.9542,0.5878
232.0000,0.3247,-0.1008,-1.1055,-1.8321,-1.0534,0.6107
237.0000,0.3264,-0.0886,-1.1123,-3.7176,-1.0992,0.4046
239.0000,0.3271,-0.0994,-1.1155,-5.0687,-1.6565,0.1832
239.0000,0.3254,-0.0994,-1.1157,-6.0382,-1.7786,-0.3130
241.0000,0.3284,-0.1072,-1.1084,-6.1756,-1.5725,-0.2366
239.0000,0.3245,-0.1086,-1.1167,-5.4580,-1.7099,-0.5267
247.0000,0.3306,-0.1167,-1.1147,-3.8473,-1.8931,-0.5191
239.0000,0.3276,-0.1152,-1.1208,-2.1756,-2.0611,-0.8855
246.0000,0.3284,-0.1145,-1.1262,-0.6107,-2.2519,-0.4656
250.0000,0.3250,-0.1130,-1.1272,0.9084,-2.1603,-0.2595
250.0000,0.3330,-0.1079,-1.1306,1.8244,-2.2214,-0.1832
256.0000,0.3330,-0.1106,-1.1187,3.3740,-1.9924,0.0076
253.0000,0.3323,-0.1106,-1.1316,5.4198,-1.8397,0.4275
244.0000,0.3262,-0.1106,-1.1240,8.1679,-1.6183,0.8702
269.0000,0.3347,-0.1272,-1.1377,11.7176,-1.5267,1.6183
252.0000,0.3301,-0.1494,-1.1340,18.4733,-1.7863,2.6489
266.0000,0.3367,-0.1533,-1.1375,27.3206,-2.0000,4.1985
256.0000,0.3347,-0.1572,-1.1245,37.2977,-2.1298,5.4351
261.0000,0.3347,-0.1709,-1.1282,49.5496,-3.2901,6.9695
258.0000,0.3369,-0.1926,-1.1272,63.5725,-3.7863,8.5191
266.0000,0.3191,-0.2068,-1.1125,77.3511,-4.8397,9.5878
270.0000,0.3574,-0.2327,-1.1372,97.0382,-4.0153,12.5573
261.0000,0.3271,-0.2356,-1.1216,115.4809,-4.4504,15.8626
272.0000,0.3286,-0.2261,-1.1418,130.5649,-4.4656,18.1679
276.0000,0.3303,-0.2402,-1.1331,144.4504,-5.4427,20.1374
272.0000,0.3284,-0.2302,-1.1375,155.3282,-5.6260,22.6031
259.0000,0.3303,-0.2346,-1.1309,162.5343,-4.9008,24.8397
288.0000,0.3159,-0.2664,-1.1323,168.3817,-4.6718,26.1756
246.0000,0.3191,-0.3103,-1.1113,176.6947,-5.1832,27.7634
293.0000,0.3318,-0.3528,-1.0979,187.5802,-5.0000,30.2519
279.0000,0.3301,-0.3853,-1.1272,200.0763,-0.8015,31.5802
275.0000,0.3267,-0.3972,-1.1365,214.5267,-0.1450,33.2443
289.0000,0.3250,-0.4263,-1.1284,227.4427,-1.0992,34.3511
288.0000,0.3228,-0.4441,-1.1201,241.7939,-1.4198,36.0153
288.0000,0.3191,-0.4890,-1.1189,250.1298,-1.2672,37.1527
288.0000,0.3359,-0.5220,-1.1104,250.1298,0.8473,38.1527
295.0000,0.3301,-0.5500,-1.1187,250.1298,2.5420,40.4198
296.0000,0.3276,-0.6030,-1.0930,250.1298,3.3053,43.3359
287.0000,0.3447,-0.6299,-1.0793,250.1298,6.0305,46.2366
316.0000,0.3472,-0.7014,-1.0813,250.1298,8.5344,50.3817
294.0000,0.3467,-0.7808,-1.0701,250.1298,9.8244,56.3664
281.0000,0.3562,-0.8103,-1.0420,250.1298,13.6412,62.9466
291.0000,0.3479,-0.7871,-1.0239,250.1298,17.6031,69.4275
290.0000,0.3560,-0.7800,-0.9973,250.1298,21.6412,75.5344
313.0000,0.3625,-0.7427,-0.9753,250.1298,25.5649,80.0382
286.0000,0.3730,-0.7068,-0.9675,250.1298,30.0534,82.3664
326.0000,0.3623,-0.6926,-0.9294,250.1298,35.1985,84.2366
306.0000,0.3499,-0.7153,-0.9033,250.1298,39.5344,85.6336
299.0000,0.3250,-0.7302,-0.8752,250.1298,44.7939,87.7710
302.0000,0.3235,-0.7395,-0.8325,250.1298,48.1374,87.1985
327.0000,0.3059,-0.7363,-0.7581,250.1298,52.3740,86.7099
282.0000,0.2996,-0.7683,-0.6985,250.1298,57.8092,85.5649
341.0000,0.2695,-0.8022,-0.6599,250.1298,61.1374,84.1374
310.0000,0.2437,-0.7930,-0.5818,250.1298,62.1527,81.5420
308.0000,0.2168,-0.8259,-0.4878,250.1298,60.3511,77.5954
336.0000,0.1985,-0.8054,-0.4043,250.1298,63.3053,74.2214
280.0000,0.1775,-0.8525,-0.3296,250.1298,62.5802,68.9389
311.0000,0.1433,-0.8774,-0.2324,250.1298,62.5038,63.9008
325.0000,0.1240,-0.9028,-0.1492,250.1298,62.6641,60.7557
335.0000,0.1062,-0.9175,-0.0725,250.1298,63.5573,57.9847
353.0000,0.0898,-0.8970,-0.0039,250.1298,63.9847,55.3511
304.0000,0.0686,-0.9185,0.0410,250.1298,63.6031,52.5420
319.0000,0.0593,-0.8743,0.0864,250.1298,63.0763,50.1756
327.0000,0.0527,-0.8735,0.1431,250.1298,62.2748,47.1603
425.0000,0.0598,-0.8923,0.1897,250.1298,63.3969,44.7252
267.0000,0.0542,-0.9832,0.2266,250.1298,64.0458,44.2061
351.0000,0.0552,-0.9814,0.2698,250.1298,65.3053,44.9695
301.0000,0.0679,-1.0862,0.2983,250.1298,69.5878,47.0840
331.0000,0.0723,-1.0432,0.3149,250.1298,69.7710,52.2672
370.0000,0.0771,-0.9927,0.3447,250.1298,74.1832,57.8244
292.0000,0.0867,-1.0562,0.3401,250.1298,76.7099,61.7939
395.0000,0.0979,-1.0161,0.3401,250.1298,80.8931,67.8702
359.0000,0.1138,-0.9211,0.3413,250.1298,88.5954,72.8702
353.0000,0.1057,-0.6843,0.4111,250.1298,88.3359,75.3130
367.0000,0.0942,-0.3806,0.4495,250.1298,89.3511,71.5878
328.0000,0.0474,-0.1836,0.4832,250.1298,85.5038,63.9695
346.0000,0.0056,0.0474,0.5081,250.1298,72.7863,50.5878
356.0000,-0.0686,0.2388,0.5916,250.1298,59.1221,33.0992
323.0000,-0.0774,0.3081,0.6707,250.1298,48.3130,17.7634
382.0000,-0.1221,0.2532,0.7537,202.2519,44.1756,6.3359
335.0000,-0.1636,0.1470,0.8088,113.1603,48.0458,0.8550
454.0000,-0.1729,0.0222,0.8564,47.8931,41.9771,-5.0382
339.0000,-0.1660,-0.1350,0.8945,7.1450,38.9618,-8.9084
331.0000,-0.1492,-0.2788,0.9294,-11.0763,31.2214,-11.3359
337.0000,-0.1460,-0.4385,0.9631,-8.5802,17.6870,-11.3817
316.0000,-0.1301,-0.5579,1.0007,5.3664,11.9389,-9.1832
356.0000,-0.1018,-0.5957,1.0034,23.9695,11.7786,-5.2672
356.0000,-0.0913,-0.5286,0.9771,39.1985,9.8779,-1.9008
380.0000,-0.0720,-0.4297,0.9333,49.0992,6.4275,0.5344
348.0000,-0.0496,-0.3228,0.8862,52.8931,0.3130,1.0840
500.0000,-0.0422,-0.2480,0.8621,46.5191,-3.1069,-0.0534
312.0000,-0.0305,-0.2131,0.8699,33.7939,-1.3130,-1.6565