raw_emg,raw_ax,raw_ay,raw_az,raw_gx,raw_gy,raw_gz
337.0000,0.1765,-0.3315,-1.1035,-1.6183,0.4962,-0.2519
230.0000,0.1741,-0.3235,-1.0989,-0.7863,1.0611,-0.1603
252.0000,0.1748,-0.3223,-1.1018,0.2901,1.1603,-0.0305
261.0000,0.1824,-0.3120,-1.1003,0.0840,1.3435,-0.2214
146.0000,0.1724,-0.3210,-1.0964,-0.3817,0.9389,-0.3053
188.0000,0.1702,-0.3213,-1.1011,-0.8931,1.2061,-0.5038
237.0000,0.1707,-0.3269,-1.1038,-1.1374,1.3435,-0.4504
135.0000,0.1699,-0.3242,-1.1003,-1.1603,1.4504,-0.5344
178.0000,0.1748,-0.3220,-1.0977,-1.6947,1.6565,-0.1221
220.0000,0.1646,-0.3184,-1.1023,-1.7252,1.4427,0.1985
148.0000,0.1628,-0.3213,-1.1060,-1.9542,0.9542,0.0153
170.0000,0.1711,-0.3188,-1.0881,-1.8779,0.8931,0.1756
188.0000,0.1716,-0.3215,-1.0969,-1.6718,1.1145,-0.1527
155.0000,0.1709,-0.3252,-1.0974,-0.8702,1.1985,-0.0687
168.0000,0.1636,-0.3345,-1.0994,0.0916,0.6260,0.0916
193.0000,0.1702,-0.3271,-1.1077,1.1298,0.2977,-0.1374
160.0000,0.1694,-0.3196,-1.0977,1.8550,-0.0305,-0.1221
176.0000,0.1729,-0.3228,-1.1055,1.7176,-0.1603,0.0153
190.0000,0.1680,-0.3208,-1.1082,0.7863,-0.1450,-0.1145
164.0000,0.1667,-0.3220,-1.0964,0.2214,0.1221,-0.1298
183.0000,0.1724,-0.3315,-1.1030,-0.3359,0.2290,-0.0840
205.0000,0.1721,-0.3130,-1.0981,-0.2595,0.6031,0.0763
175.0000,0.1677,-0.3145,-1.1038,-0.7252,0.4885,-0.0153
190.0000,0.1748,-0.3132,-1.1116,-1.6641,0.3130,-0.1527
214.0000,0.1711,-0.3174,-1.1089,-2.4809,-0.0916,-0.2214
193.0000,0.1816,-0.3252,-1.1042,-2.7863,0.2137,-0.1221
208.0000,0.1780,-0.3245,-1.1052,-2.8321,0.6947,-0.0916
224.0000,0.1821,-0.3164,-1.1077,-2.4962,0.7710,-0.0305
215.0000,0.1831,-0.3074,-1.1067,-2.4580,0.4198,-0.2901
224.0000,0.1836,-0.3137,-1.1125,-3.0305,0.3969,-0.2443
223.0000,0.1765,-0.3179,-1.1064,-3.5496,0.1679,-0.1603
225.0000,0.1819,-0.3252,-1.1128,-3.4122,0.3664,-0.1679
215.0000,0.1853,-0.3252,-1.0981,-3.3969,0.7252,-0.1221
226.0000,0.1824,-0.3101,-1.1038,-3.3282,1.4809,-0.1298
229.0000,0.1780,-0.3176,-1.1050,-3.4046,0.9695,-0.1145
226.0000,0.1758,-0.3184,-1.0957,-3.5038,0.8092,0.1298
228.0000,0.1819,-0.3276,-1.1106,-3.5954,0.7252,0.0611
249.0000,0.1782,-0.3274,-1.1079,-3.7099,0.8702,0.3435
231.0000,0.1743,-0.3213,-1.1008,-4.3511,1.0763,0.4198
235.0000,0.1753,-0.3303,-1.1089,-4.5725,1.3893,0.3740
238.0000,0.1775,-0.3279,-1.1062,-3.9389,1.5954,0.3435
238.0000,0.1750,-0.3269,-1.1108,-3.1069,1.4885,0.5344
241.0000,0.1665,-0.3315,-1.1091,-2.4885,1.1450,0.4580
239.0000,0.1660,-0.3328,-1.1086,-2.8931,0.7099,0.2290
232.0000,0.1763,-0.3337,-1.1069,-3.3130,0.7176,0.2748
243.0000,0.1733,-0.3267,-1.0974,-2.6718,1.0458,0.4580
245.0000,0.1746,-0.3330,-1.1025,-2.4962,1.2290,0.5344
238.0000,0.1670,-0.3325,-1.1108,-2.2443,1.1450,0.5573
254.0000,0.1750,-0.3330,-1.1096,-2.6412,0.6412,0.3817
255.0000,0.1719,-0.3274,-1.1062,-2.7252,0.7176,0.1527
245.0000,0.1750,-0.3245,-1.1008,-3.2672,0.6641,-0.1069
254.0000,0.1777,-0.3203,-1.1052,-4.6489,1.1603,-0.3206
258.0000,0.1758,-0.3235,-1.1089,-5.5573,1.4427,-0.6336
251.0000,0.1670,-0.3293,-1.0933,-5.8550,0.9389,-0.6641
261.0000,0.1780,-0.3303,-1.0994,-6.2748,0.8931,-0.6870
262.0000,0.1831,-0.3228,-1.0901,-6.1756,0.9542,-0.7481
264.0000,0.1797,-0.3252,-1.0994,-5.9618,0.5267,-1.1298
268.0000,0.1750,-0.3296,-1.1006,-5.7939,0.4351,-1.2519
263.0000,0.1804,-0.3257,-1.1089,-6.0382,0.4809,-1.3359
271.0000,0.1738,-0.3311,-1.1035,-5.8931,0.6260,-1.1679
285.0000,0.1787,-0.3291,-1.0911,-5.9542,0.7099,-1.1298
271.0000,0.1794,-0.3291,-1.1003,-6.1985,0.7634,-1.2672
270.0000,0.1785,-0.3286,-1.0996,-5.9847,0.6031,-1.2672
279.0000,0.1770,-0.3330,-1.0981,-5.6412,0.6183,-1.3664
272.0000,0.1775,-0.3359,-1.0937,-4.8397,0.4656,-1.2519
271.0000,0.1782,-0.3372,-1.1021,-3.6641,0.7176,-1.2443
285.0000,0.1829,-0.3394,-1.1033,-1.8779,0.7023,-1.0916
286.0000,0.1733,-0.3447,-1.1187,1.2519,0.5344,-1.1527
310.0000,0.1685,-0.3604,-1.1265,4.8855,0.1374,-1.1832
291.0000,0.1750,-0.3762,-1.1472,9.4885,0.2901,-0.8168
276.0000,0.1616,-0.4255,-1.1526,16.6718,-0.1679,-1.1527
273.0000,0.1611,-0.4375,-1.1548,25.6183,-0.0076,-1.0916
306.0000,0.1626,-0.4441,-1.1680,35.8321,1.1145,-1.0840
273.0000,0.1536,-0.4666,-1.1694,47.2214,2.0153,-2.0992
288.0000,0.1567,-0.4827,-1.1809,60.2748,2.8702,-3.0458
308.0000,0.1499,-0.5251,-1.1995,76.6947,3.2595,-4.3817
271.0000,0.1519,-0.5417,-1.2034,95.6641,4.3969,-5.7328
282.0000,0.1482,-0.5171,-1.1777,109.7405,4.9008,-8.3206
303.0000,0.1909,-0.5879,-1.2075,133.4809,5.1145,-9.1679
302.0000,0.1785,-0.5562,-1.1895,154.4351,3.7481,-8.3664
285.0000,0.2129,-0.5469,-1.1821,171.1374,5.0534,-7.9695
290.0000,0.2051,-0.5574,-1.1604,186.1221,4.4122,-7.2137
303.0000,0.2231,-0.5667,-1.1445,200.0763,4.4504,-5.9084
313.0000,0.2317,-0.5754,-1.1445,211.8626,6.6641,-4.6412
305.0000,0.2390,-0.6096,-1.1331,224.5343,8.4733,-3.6412
291.0000,0.2502,-0.6267,-1.1243,239.9313,8.7939,-2.7481
297.0000,0.2458,-0.6406,-1.1191,250.1298,8.8397,-1.3664
315.0000,0.2451,-0.6633,-1.1155,250.1298,8.7786,0.0305
306.0000,0.2510,-0.6729,-1.1013,250.1298,8.5191,1.2595
303.0000,0.2537,-0.6941,-1.0903,250.1298,9.7786,1.3740
300.0000,0.2451,-0.7319,-1.0808,250.1298,11.0534,2.8397
308.0000,0.2351,-0.7715,-1.0564,250.1298,12.4046,4.2443
303.0000,0.2319,-0.8191,-1.0320,250.1298,14.3435,5.4504
301.0000,0.2297,-0.8552,-1.0117,250.1298,15.9542,7.3740
335.0000,0.2268,-0.8972,-0.9927,250.1298,16.9771,8.9466
306.0000,0.2620,-0.8792,-0.9426,250.1298,23.6641,12.8168
319.0000,0.1970,-0.8853,-0.9070,250.1298,12.6336,11.3817
284.0000,0.2715,-0.8171,-0.8503,250.1298,21.3893,13.0382
335.0000,0.2214,-0.8577,-0.8215,250.1298,22.0000,11.3130
322.0000,0.2424,-0.8274,-0.7800,250.1298,23.9466,10.8550
293.0000,0.2493,-0.8315,-0.7305,250.1298,31.1069,10.2672
346.0000,0.2383,-0.8945,-0.6785,250.1298,35.9008,9.7252
331.0000,0.2209,-0.9277,-0.6189,250.1298,39.1374,10.5038
323.0000,0.2178,-0.9385,-0.5681,250.1298,42.3130,12.0153
310.0000,0.2102,-0.9121,-0.5330,250.1298,46.5191,13.7176
333.0000,0.1904,-0.8586,-0.4851,250.1298,45.1756,14.2061
294.0000,0.1851,-0.8037,-0.4412,250.1298,43.2366,13.5115
321.0000,0.1919,-0.7813,-0.3938,250.1298,45.0916,12.3130
268.0000,0.1904,-0.7957,-0.3350,250.1298,48.9771,10.6641
361.0000,0.1785,-0.8047,-0.2932,250.1298,52.1145,9.6947
392.0000,0.1431,-0.8455,-0.2148,250.1298,53.8855,7.7786
292.0000,0.1318,-0.8716,-0.1133,250.1298,57.3053,8.5038
374.0000,0.1428,-0.9004,-0.0554,250.1298,59.1298,9.3053
328.0000,0.1384,-0.9426,-0.0129,250.1298,61.0382,9.5115
325.0000,0.1165,-1.0176,0.0159,250.1298,59.5802,10.6718
366.0000,0.1084,-0.9724,0.0454,250.1298,58.2214,14.2977
313.0000,0.1035,-0.9785,0.0996,250.1298,57.4962,16.1069
368.0000,0.1172,-0.9026,0.1287,250.1298,56.0229,18.6489
374.0000,0.1218,-0.7988,0.1580,250.1298,56.0305,20.1603
339.0000,0.1272,-0.7480,0.1787,250.1298,56.7405,20.5114
287.0000,0.1316,-0.7358,0.2148,250.1298,57.6641,22.3053
352.0000,0.1306,-0.6829,0.2502,250.1298,57.8397,21.2748
364.0000,0.1221,-0.6414,0.3142,250.1298,59.3969,21.0687
378.0000,0.1294,-0.6370,0.3462,250.1298,59.5344,19.5191
412.0000,0.1174,-0.5618,0.3933,250.1298,62.7863,19.7405
372.0000,0.0972,-0.5979,0.4333,250.1298,61.1832,19.4046
402.0000,0.0811,-0.4817,0.4744,250.1298,57.6489,20.1221
296.0000,0.0916,-0.3762,0.5046,250.1298,56.3130,18.8321
385.0000,0.0833,-0.3010,0.5347,250.1298,53.4046,18.1145
320.0000,0.0554,-0.3005,0.5735,250.1298,50.1603,14.2595
352.0000,0.0432,-0.1772,0.5962,250.1298,48.8550,12.0229
486.0000,0.0405,-0.1089,0.6287,250.1298,47.2061,8.8321
383.0000,0.0356,-0.0679,0.6611,250.1298,50.3588,6.1908
345.0000,0.0142,-0.0264,0.7083,227.9542,52.7939,3.8931
409.0000,-0.0278,-0.0005,0.7249,190.1679,49.2290,1.6412
326.0000,-0.0288,-0.0237,0.7610,154.2901,47.8092,-0.4580
489.0000,-0.0649,0.0176,0.7693,124.7328,42.7481,-2.5496
347.0000,-0.0718,-0.0283,0.7922,98.5649,36.0000,-5.3435
354.0000,-0.0679,-0.0515,0.8188,76.2214,30.0992,-6.4809
386.0000,-0.0540,-0.0918,0.8330,57.6489,26.7863,-7.8321
366.0000,-0.0466,-0.1360,0.8413,41.2290,24.9695,-7.6412
306.0000,-0.0481,-0.1875,0.8538,31.2901,22.0916,-7.0000
269.0000,-0.0227,-0.2354,0.8806,27.7481,19.8168,-6.8550
414.0000,-0.0088,-0.2363,0.8892,28.1221,19.4046,-6.0076
359.0000,0.0059,-0.2239,0.9067,28.8168,18.8473,-5.6031
407.0000,0.0059,-0.2241,0.9189,29.5649,17.3359,-5.3511
356.0000,0.0159,-0.2187,0.9309,30.7328,16.4046,-5.7328
411.0000,0.0334,-0.2109,0.9373,31.2901,15.3817,-5.6718
293.0000,0.0371,-0.1709,0.9463,29.5802,14.2824,-6.4046
363.0000,0.0432,-0.1729,0.9524,26.5038,12.4427,-6.9313
403.0000,0.0510,-0.1609,0.9348,21.6489,10.5573,-7.6489
400.0000,0.0635,-0.1565,0.9399,15.9618,9.3435,-8.7481
372.0000,0.0625,-0.1670,0.9336,11.7252,8.4656,-9.2977
564.0000,0.0535,-0.1892,0.9158,8.5649,7.8855,-8.9924
351.0000,0.0532,-0.2317,0.9243,6.3511,7.8244,-8.2824
361.0000,0.0618,-0.2351,0.9277,5.4351,7.7786,-7.8626
343.0000,0.0730,-0.2139,0.9253,5.7405,7.2366,-7.2672
315.0000,0.0642,-0.2048,0.9058,6.7328,5.9542,-6.6412
393.0000,0.0735,-0.2180,0.9055,8.1145,4.8397,-6.0534
417.0000,0.0703,-0.1958,0.8896,7.6336,3.9771,-5.3740
332.0000,0.0737,-0.1929,0.9050,5.9237,4.0840,-4.8626
371.0000,0.0667,-0.1907,0.8931,3.6718,3.8244,-3.7405
349.0000,0.0659,-0.1877,0.8894,0.6718,3.7405,-2.9695
460.0000,0.0635,-0.1887,0.8870,-2.9618,3.5344,-2.2748
387.0000,0.0557,-0.1870,0.8855,-6.4427,2.7710,-1.4351
315.0000,0.0640,-0.2356,0.9023,-7.5420,2.0763,-1.0153
398.0000,0.0518,-0.2129,0.8872,-8.9389,2.0076,-0.3130
463.0000,0.0525,-0.2261,0.8809,-10.7405,2.3740,0.3588
340.0000,0.0403,-0.2395,0.8938,-10.5420,1.9237,0.5878
406.0000,0.0374,-0.2437,0.8855,-10.3206,1.5954,1.0382
404.0000,0.0391,-0.2505,0.8811,-10.1679,1.2214,1.3664
391.0000,0.0271,-0.2339,0.8716,-9.9924,1.3053,1.4198
324.0000,0.0298,-0.2410,0.8875,-9.8702,1.5344,1.5725
390.0000,0.0200,-0.2327,0.8816,-10.6031,1.2290,1.9237