raw_emg,raw_ax,raw_ay,raw_az,raw_gx,raw_gy,raw_gz
186.0000,0.1819,-0.1497,-1.1450,-2.6412,-1.0916,2.5420
192.0000,0.1807,-0.1575,-1.1489,-1.0000,-1.6794,2.2824
182.0000,0.1853,-0.1558,-1.1455,0.5344,-1.4885,2.1603
186.0000,0.1787,-0.1699,-1.1433,2.5725,-1.6412,2.1756
195.0000,0.1821,-0.1655,-1.1506,4.3588,-1.2290,2.2519
181.0000,0.1787,-0.1768,-1.1470,6.7786,-2.0000,2.3282
191.0000,0.1750,-0.1555,-1.1426,6.7939,-2.4885,2.2595
198.0000,0.1841,-0.1399,-1.1572,4.4962,-1.9160,2.3053
197.0000,0.1731,-0.1475,-1.1543,2.4046,-1.6183,1.8244
195.0000,0.1733,-0.1604,-1.1575,0.6183,-1.6870,1.6412
202.0000,0.1794,-0.1655,-1.1558,-1.8168,-0.8702,1.4504
207.0000,0.1792,-0.1511,-1.1624,-4.1756,0.4122,1.3282
203.0000,0.1675,-0.1606,-1.1414,-5.4351,1.0153,1.0916
207.0000,0.1699,-0.1765,-1.1484,-6.2061,0.3740,0.3817
210.0000,0.1738,-0.1611,-1.1521,-7.0076,1.2672,0.2137
207.0000,0.1814,-0.1719,-1.1482,-6.5496,1.8015,-0.1374
211.0000,0.1709,-0.1665,-1.1577,-6.8931,1.6031,-0.2061
210.0000,0.1799,-0.1726,-1.1589,-6.1221,2.0763,-0.7710
223.0000,0.1785,-0.1819,-1.1560,-4.7557,2.0000,-0.8626
219.0000,0.1753,-0.1848,-1.1523,-3.6412,1.9313,-0.9695
220.0000,0.1812,-0.1711,-1.1501,-1.6718,2.2595,-0.9924
216.0000,0.1804,-0.1663,-1.1472,0.2519,2.1221,-0.9542
223.0000,0.1846,-0.1738,-1.1475,1.6260,1.4504,-0.9160
226.0000,0.1802,-0.1665,-1.1494,1.8244,1.1221,-1.0076
223.0000,0.1790,-0.1592,-1.1382,0.9084,1.1298,-0.7710
229.0000,0.1882,-0.1543,-1.1353,-0.3130,2.0611,-0.6870
229.0000,0.1838,-0.1511,-1.1260,-3.0305,2.2061,-0.4351
230.0000,0.1829,-0.1370,-1.1326,-5.8397,2.6183,-0.4046
228.0000,0.1794,-0.1597,-1.1331,-8.0000,2.5573,-0.3817
239.0000,0.1750,-0.1765,-1.1333,-7.8473,2.2595,-0.8092
233.0000,0.1853,-0.1814,-1.1455,-6.2595,2.4504,-0.8473
234.0000,0.1777,-0.1824,-1.1326,-3.3511,2.1603,-0.5725
245.0000,0.1770,-0.1763,-1.1355,-0.9237,1.1450,-0.4809
240.0000,0.1824,-0.1697,-1.1313,1.0458,0.8092,-0.6183
240.0000,0.1816,-0.1592,-1.1228,1.4656,0.5954,-0.9160
245.0000,0.1860,-0.1580,-1.1389,0.6641,1.2519,-0.8626
247.0000,0.1853,-0.1528,-1.1387,-0.4275,1.7863,-0.6870
248.0000,0.1772,-0.1685,-1.1396,-1.4809,1.5420,-1.0153
250.0000,0.1819,-0.1685,-1.1357,-2.0382,1.0763,-0.8168
248.0000,0.1750,-0.1714,-1.1309,-1.5038,1.3206,-0.8397
257.0000,0.1753,-0.1692,-1.1292,-1.0153,1.8321,-0.8397
257.0000,0.1750,-0.1641,-1.1338,-0.6260,1.4580,-0.9695
248.0000,0.1843,-0.1699,-1.1367,0.0382,1.0382,-0.7023
257.0000,0.1753,-0.1772,-1.1311,1.7099,0.6870,-0.5954
260.0000,0.1873,-0.1917,-1.1404,4.6107,0.4198,-0.3435
258.0000,0.1780,-0.1958,-1.1279,9.2443,0.0611,0.1985
270.0000,0.1782,-0.2039,-1.1392,15.1985,-0.7557,0.4580
262.0000,0.1812,-0.2139,-1.1479,22.7099,-2.2672,0.2977
270.0000,0.1760,-0.2275,-1.1567,32.0687,-3.9008,0.3206
268.0000,0.1714,-0.2476,-1.1602,43.6641,-5.9389,0.8092
241.0000,0.1753,-0.2732,-1.1677,56.4275,-7.3969,0.9237
288.0000,0.1731,-0.2700,-1.1431,67.8473,-9.6794,0.5802
272.0000,0.1748,-0.3032,-1.1565,84.9237,-11.1145,2.7023
274.0000,0.1514,-0.2937,-1.1626,99.8779,-12.0229,4.7023
275.0000,0.1628,-0.2986,-1.1704,114.3206,-13.1603,6.3359
276.0000,0.1587,-0.3127,-1.1670,129.7786,-15.9084,8.3511
279.0000,0.1716,-0.3140,-1.1523,143.3130,-17.3053,10.3817
278.0000,0.1667,-0.2961,-1.1372,154.6947,-17.5038,12.3588
281.0000,0.1711,-0.2957,-1.1191,164.3588,-17.4504,14.0992
282.0000,0.1799,-0.3171,-1.0869,175.5038,-19.1374,15.7252
281.0000,0.1804,-0.3535,-1.0808,187.1832,-19.1908,17.0763
283.0000,0.1755,-0.3242,-1.0894,194.4504,-15.7328,19.1603
288.0000,0.1665,-0.3372,-1.1055,202.8092,-16.1221,20.5878
284.0000,0.1487,-0.3672,-1.0544,208.4809,-17.8244,21.9313
282.0000,0.1836,-0.2383,-1.0571,196.6336,-9.0992,24.8855
292.0000,0.1729,-0.2014,-1.0405,176.5191,-4.5573,24.0611
286.0000,0.1545,-0.2407,-1.0266,156.0000,-4.8855,23.1679
288.0000,0.1382,-0.3140,-1.0322,140.2214,-2.9695,21.9237
308.0000,0.1548,-0.4102,-1.0186,135.0000,-1.3282,21.2519
301.0000,0.1387,-0.5132,-1.0293,141.7328,-1.1374,21.5038
262.0000,0.1318,-0.6372,-1.0637,164.1832,0.3282,21.6031
303.0000,0.0906,-0.6780,-1.0659,196.4962,-4.9084,22.9695
293.0000,0.1064,-0.7532,-1.0720,226.6717,-9.7939,22.9542
296.0000,0.1082,-0.8127,-1.0740,250.1298,-12.9160,24.1756
296.0000,0.0964,-0.8225,-1.0706,250.1298,-13.8397,26.1527
304.0000,0.1025,-0.8525,-1.0405,250.1298,-18.9924,29.7405
345.0000,0.1331,-0.8245,-1.0181,250.1298,-16.6260,34.1221
317.0000,0.1279,-0.8059,-1.0139,250.1298,-13.4046,37.7786
296.0000,0.1443,-0.8574,-0.9990,250.1298,-9.1298,41.9084
281.0000,0.1418,-0.8577,-0.9939,250.1298,-4.5496,46.6794
329.0000,0.1326,-0.8733,-0.9780,250.1298,-1.3130,50.8321
312.0000,0.1440,-0.8879,-0.9451,250.1298,2.5344,54.7328
309.0000,0.1445,-0.8916,-0.9153,250.1298,4.9160,57.3282
302.0000,0.1384,-0.8748,-0.8845,250.1298,6.9084,59.6260
329.0000,0.1360,-0.8721,-0.8430,250.1298,10.4580,60.8550
328.0000,0.1309,-0.8801,-0.7854,250.1298,14.5496,61.3359
315.0000,0.1328,-0.8899,-0.7373,250.1298,19.1527,60.8321
307.0000,0.1177,-0.9644,-0.6892,250.1298,23.0534,58.7481
286.0000,0.1194,-0.9746,-0.6311,250.1298,29.5725,59.2748
328.0000,0.1255,-0.9812,-0.5884,250.1298,35.5573,59.0000
343.0000,0.0796,-0.9448,-0.5195,250.1298,36.5878,57.5420
342.0000,0.0774,-0.9055,-0.4553,250.1298,40.6870,55.8092
327.0000,0.0647,-0.9600,-0.3975,250.1298,44.9847,53.8855
327.0000,0.0525,-0.8997,-0.3423,250.1298,43.3893,52.0153
367.0000,0.0562,-0.8364,-0.2656,250.1298,44.2443,48.4351
302.0000,0.0491,-0.7808,-0.1885,250.1298,47.5878,45.4427
327.0000,0.0317,-0.7864,-0.1133,250.1298,45.7557,40.6260
273.0000,0.0129,-0.7734,-0.0405,250.1298,47.1221,35.8931
408.0000,-0.0015,-0.7903,0.0422,250.1298,46.4962,31.9771
330.0000,-0.0171,-0.7979,0.1155,250.1298,50.7176,29.0458
318.0000,-0.0466,-0.8389,0.1836,250.1298,48.0458,26.5191
357.0000,-0.0420,-0.8535,0.2671,250.1298,47.1832,24.7939
297.0000,-0.0452,-0.8708,0.3254,250.1298,46.8321,23.9618
399.0000,-0.0474,-0.8757,0.3679,250.1298,45.3740,24.0687
322.0000,-0.0493,-0.8877,0.4099,250.1298,48.2824,25.0000
221.0000,-0.0625,-0.8618,0.4272,250.1298,46.8321,26.7252
440.0000,-0.0530,-0.8123,0.4529,250.1298,47.0458,28.0153
334.0000,-0.0481,-0.8450,0.4751,250.1298,46.7099,28.2214
302.0000,-0.0483,-0.7222,0.4846,250.1298,45.8244,28.3359
259.0000,-0.0452,-0.6094,0.5105,250.1298,45.9084,28.0992
419.0000,-0.0447,-0.6318,0.5381,250.1298,45.3053,25.6031
305.0000,-0.0510,-0.5115,0.5667,250.1298,44.0916,25.4733
307.0000,-0.0608,-0.4407,0.6121,250.1298,45.5191,23.0687
381.0000,-0.0730,-0.2996,0.6506,250.1298,47.0305,20.8321
323.0000,-0.0984,-0.2693,0.6770,250.1298,44.7863,16.8092
231.0000,-0.1021,-0.1543,0.7283,250.1298,39.4351,11.1679
633.0000,-0.1111,-0.1130,0.7524,228.7786,38.0916,5.5038
452.0000,-0.1311,-0.0898,0.7849,184.5343,35.1527,-0.1527
230.0000,-0.1597,-0.1140,0.8074,143.5954,30.8931,-4.8244
437.0000,-0.1650,-0.1470,0.8503,109.1298,28.0763,-9.1603
526.0000,-0.1912,-0.2566,0.8643,85.9466,24.4733,-11.1908
300.0000,-0.2092,-0.2979,0.9070,74.1374,19.9542,-12.6336
417.0000,-0.2136,-0.3611,0.9248,70.5344,15.0840,-12.4580
404.0000,-0.2026,-0.3228,0.9431,68.7710,9.4885,-12.1298
399.0000,-0.1809,-0.3237,0.9346,67.8168,4.5725,-12.1221