raw_emg,raw_ax,raw_ay,raw_az,raw_gx,raw_gy,raw_gz
210.0000,0.2629,-0.2874,-1.1013,-0.3511,24.7099,-48.5115
191.0000,0.2610,-0.2803,-1.0974,1.1832,5.6031,-51.2748
185.0000,0.2566,-0.2756,-1.1055,-1.0153,-0.7252,-0.1374
177.0000,0.2627,-0.2708,-1.1030,-1.2290,-0.9160,-0.1908
187.0000,0.2532,-0.2744,-1.1030,-2.6412,-0.7023,-0.1450
187.0000,0.2568,-0.2795,-1.0925,-4.1679,-0.7634,-0.3817
185.0000,0.2554,-0.2815,-1.0918,-3.8855,-0.3969,-0.3282
187.0000,0.2593,-0.2861,-1.1052,-3.8092,-0.4504,-0.7557
188.0000,0.2585,-0.2869,-1.1096,-3.3740,-0.8168,-0.6794
191.0000,0.2590,-0.2937,-1.1003,-2.5878,-0.6336,-0.8550
191.0000,0.2566,-0.2896,-1.1060,-2.2214,-0.5496,-0.6489
194.0000,0.2529,-0.2908,-1.1011,-2.1756,-0.3282,-0.7405
197.0000,0.2588,-0.2776,-1.1028,-1.7099,-0.2443,-0.7786
201.0000,0.2539,-0.2798,-1.1101,-2.2137,-0.1221,-0.7481
200.0000,0.2573,-0.2815,-1.1062,-2.5878,-0.3435,-0.7176
202.0000,0.2561,-0.2869,-1.1067,-2.5191,-0.1756,-0.7405
204.0000,0.2573,-0.2778,-1.1135,-2.4122,-0.1221,-0.7634
206.0000,0.2563,-0.2783,-1.0994,-1.9618,0.0763,-0.7252
206.0000,0.2549,-0.2776,-1.0994,-1.5878,-0.1527,-0.8244
209.0000,0.2615,-0.2732,-1.0962,-2.1450,0.4275,-0.7405
213.0000,0.2651,-0.2700,-1.0991,-1.8244,0.4046,-0.6641
212.0000,0.2678,-0.2739,-1.0972,-1.7099,0.4962,-0.7710
212.0000,0.2549,-0.2695,-1.0940,-1.0382,0.6870,-0.8855
216.0000,0.2563,-0.2698,-1.0930,-0.7099,0.6031,-0.8244
219.0000,0.2600,-0.2646,-1.0979,-0.8550,0.4504,-1.1756
222.0000,0.2551,-0.2769,-1.0918,-1.2595,-0.3893,-1.0305
223.0000,0.2483,-0.2695,-1.1018,-1.3511,-0.4656,-0.7481
221.0000,0.2512,-0.2737,-1.1101,-1.2672,-0.1985,-1.0076
225.0000,0.2520,-0.2725,-1.1018,-1.2443,-0.2519,-0.8244
225.0000,0.2466,-0.2739,-1.0981,-0.5802,-0.0153,-0.5802
227.0000,0.2498,-0.2712,-1.0984,0.1756,0.0382,-0.5038
232.0000,0.2495,-0.2781,-1.0857,0.9313,-0.1298,-0.5649
236.0000,0.2415,-0.2729,-1.0886,1.3511,0.0076,-0.5344
232.0000,0.2578,-0.2651,-1.0906,0.6565,0.4351,-0.4046
234.0000,0.2466,-0.2715,-1.1060,0.8779,1.0458,-0.6183
237.0000,0.2485,-0.2769,-1.1062,0.3740,0.9847,-0.4275
238.0000,0.2502,-0.2698,-1.1003,-0.1145,1.0840,-0.3893
242.0000,0.2600,-0.2751,-1.0974,0.2443,1.4733,-0.6260
242.0000,0.2561,-0.2722,-1.1077,-0.1221,1.9924,-0.8168
242.0000,0.2612,-0.2805,-1.1167,-0.1832,2.5954,-0.9084
246.0000,0.2505,-0.2847,-1.1184,0.0840,2.0611,-0.9389
242.0000,0.2581,-0.2905,-1.1187,0.1145,2.0916,-1.0076
251.0000,0.2563,-0.2866,-1.1221,0.7557,1.9008,-1.0763
252.0000,0.2566,-0.2830,-1.1223,1.1985,1.6947,-0.7328
254.0000,0.2595,-0.2854,-1.1069,1.2672,1.5573,-0.4351
251.0000,0.2507,-0.2964,-1.1086,1.1298,1.3053,-0.0687
255.0000,0.2673,-0.2876,-1.1023,1.5649,1.4962,0.1908
260.0000,0.2603,-0.2769,-1.0984,2.0076,1.5038,0.3053
258.0000,0.2539,-0.2717,-1.0881,0.7557,0.9924,0.2595
261.0000,0.2561,-0.2664,-1.0898,-0.5802,1.2137,0.1908
258.0000,0.2559,-0.2725,-1.0925,-1.7023,1.2595,0.5191
265.0000,0.2559,-0.2744,-1.0786,-1.8855,0.4656,0.4656
263.0000,0.2385,-0.2810,-1.0769,-1.6947,-0.0763,0.4885
266.0000,0.2549,-0.2854,-1.0830,-1.3969,-0.2137,0.7863
270.0000,0.2603,-0.2791,-1.0913,-1.2519,0.1527,0.8244
266.0000,0.2532,-0.2664,-1.0867,-2.1221,0.1679,0.9924
269.0000,0.2490,-0.2791,-1.0996,-3.1450,-0.1832,0.8015
275.0000,0.2434,-0.2754,-1.0894,-3.8855,-0.3435,0.8473
276.0000,0.2522,-0.2798,-1.0862,-4.3969,-0.7710,0.9542
268.0000,0.2549,-0.2937,-1.0891,-3.8473,-0.2061,0.7252
273.0000,0.2500,-0.2905,-1.0937,-2.8626,-0.0763,0.6336
282.0000,0.2480,-0.2937,-1.1001,-2.1756,-0.9695,0.5344
279.0000,0.2556,-0.2937,-1.1016,-1.0229,-1.4504,0.7557
282.0000,0.2524,-0.2991,-1.0996,0.6336,-1.5573,0.8321
282.0000,0.2539,-0.3037,-1.1018,2.7176,-1.2214,1.1221
249.0000,0.2590,-0.3115,-1.0896,5.9695,-1.7328,0.9160
306.0000,0.2639,-0.3206,-1.1006,10.7252,-1.9466,0.6565
289.0000,0.2588,-0.3467,-1.1069,19.3817,-3.0992,0.4351
284.0000,0.2781,-0.3877,-1.1101,28.8855,-3.9313,-0.3053
275.0000,0.2402,-0.3984,-1.1062,40.9618,-4.5573,-0.3435
300.0000,0.2700,-0.4583,-1.1084,63.2137,-5.3206,0.8550
261.0000,0.2563,-0.4514,-1.1201,83.4046,-6.0153,3.4885
313.0000,0.2625,-0.4663,-1.1101,105.6947,-5.4427,6.8397
288.0000,0.2576,-0.4802,-1.1125,127.8015,-6.0458,9.6412
291.0000,0.2666,-0.4873,-1.1194,148.5572,-5.6183,12.3664
299.0000,0.2734,-0.4851,-1.1226,167.4046,-4.0992,15.2824
288.0000,0.2744,-0.4839,-1.1233,183.9084,-2.7023,17.8855
288.0000,0.2783,-0.4729,-1.1284,197.6336,-2.1756,20.2290
321.0000,0.2861,-0.5325,-1.1069,212.2824,-2.6565,22.4198
301.0000,0.2876,-0.5601,-1.1082,231.8321,-2.6336,25.1069
284.0000,0.2751,-0.6165,-1.1299,250.1298,-1.5267,27.3435
287.0000,0.2778,-0.6201,-1.1477,250.1298,0.0687,30.0763
287.0000,0.2756,-0.6619,-1.1440,250.1298,0.8092,31.9237
331.0000,0.2739,-0.6931,-1.1333,250.1298,1.5954,33.9466
288.0000,0.2581,-0.7219,-1.1289,250.1298,1.2672,35.2672
308.0000,0.2773,-0.7400,-1.0908,250.1298,6.6031,36.8397
326.0000,0.2598,-0.7710,-1.0630,250.1298,7.0534,38.2443
283.0000,0.2734,-0.8064,-1.0420,250.1298,7.8397,38.2061
326.0000,0.2739,-0.8186,-1.0115,250.1298,9.4427,38.2214
331.0000,0.2791,-0.8442,-0.9739,250.1298,12.3053,36.9008
292.0000,0.2725,-0.8818,-0.9434,250.1298,14.5496,37.3359
300.0000,0.2715,-0.8730,-0.9294,250.1298,17.3664,37.4122
330.0000,0.2612,-0.8894,-0.9177,250.1298,21.0458,37.5725
286.0000,0.2473,-0.9072,-0.9248,250.1298,24.1298,37.1298
305.0000,0.2312,-0.9109,-0.8958,250.1298,25.9542,38.2595
336.0000,0.2327,-0.9077,-0.8403,250.1298,28.1756,38.0534
308.0000,0.2324,-0.9167,-0.7742,250.1298,30.8702,37.7786
342.0000,0.2400,-0.9121,-0.6931,250.1298,34.4046,38.7405
326.0000,0.2366,-0.9282,-0.6360,250.1298,37.2290,36.8626
332.0000,0.2322,-0.9285,-0.5791,250.1298,39.2824,35.0611
313.0000,0.2227,-0.9290,-0.5334,250.1298,41.8473,33.0458
326.0000,0.2024,-0.9070,-0.4763,250.1298,44.0992,31.6718
342.0000,0.1985,-0.9395,-0.4299,250.1298,45.6565,30.3435
288.0000,0.1914,-0.9124,-0.3831,250.1298,48.1374,29.1908
358.0000,0.1711,-0.8811,-0.3176,250.1298,50.0458,28.4427
335.0000,0.1699,-0.8672,-0.2605,250.1298,51.6183,27.1298
287.0000,0.1648,-0.8877,-0.1980,250.1298,51.6412,25.3893
396.0000,0.1655,-0.9055,-0.1143,250.1298,52.6412,23.6565
299.0000,0.1531,-0.9121,-0.0508,250.1298,54.6412,22.1069
327.0000,0.1528,-0.9465,0.0095,250.1298,57.4504,21.4198
346.0000,0.1538,-0.9238,0.0520,250.1298,58.3053,21.0076
302.0000,0.1523,-0.8855,0.0869,250.1298,60.5802,20.8244
336.0000,0.1421,-0.8525,0.1416,250.1298,63.3053,21.5573
297.0000,0.1511,-0.7568,0.1904,250.1298,63.4885,20.5954
409.0000,0.1309,-0.7593,0.2346,250.1298,63.9847,18.9160
287.0000,0.1167,-0.7415,0.2729,250.1298,66.1908,18.3817
202.0000,0.1172,-0.7515,0.3308,250.1298,68.1221,17.4580
361.0000,0.1057,-0.7188,0.3647,250.1298,70.0534,17.5954
272.0000,0.0857,-0.6997,0.3975,250.1298,71.6412,17.5573
434.0000,0.0559,-0.7241,0.4194,250.1298,68.4657,17.8168
357.0000,0.0552,-0.6580,0.4578,250.1298,69.4122,21.3969
335.0000,0.0574,-0.5911,0.5054,250.1298,67.6412,21.5573
248.0000,0.0381,-0.4917,0.5388,250.1298,66.6183,23.7634
454.0000,0.0168,-0.3528,0.5408,250.1298,62.2672,23.5954
354.0000,0.0496,-0.2126,0.5854,250.1298,62.4046,22.4885
258.0000,0.0093,-0.0918,0.6033,250.1298,58.5267,21.9160
368.0000,-0.0015,0.0505,0.6587,250.1298,51.3664,18.8550
284.0000,-0.0254,0.0603,0.7039,243.3740,46.8626,15.8015
410.0000,-0.0247,0.1062,0.7578,197.0000,41.8244,12.4733
320.0000,-0.0413,0.0520,0.8098,157.4656,37.0229,9.2824
350.0000,-0.0425,0.0193,0.8479,123.5496,31.5344,5.8092