raw_emg,raw_ax,raw_ay,raw_az,raw_gx,raw_gy,raw_gz
185.0000,0.2207,-0.0698,-1.1411,-8.1985,-0.4046,-1.1298
178.0000,0.2187,-0.0684,-1.1440,-9.4504,-0.7252,-1.1298
155.0000,0.2173,-0.0659,-1.1487,-10.4198,-0.4275,-1.3130
151.0000,0.2124,-0.0679,-1.1462,-12.0382,-0.4122,-1.4046
145.0000,0.2161,-0.0667,-1.1494,-13.2137,-0.1221,-1.6107
150.0000,0.2222,-0.0728,-1.1423,-13.5038,0.2137,-1.9084
154.0000,0.2156,-0.0708,-1.1399,-12.6794,0.3359,-1.7099
160.0000,0.2109,-0.0798,-1.1423,-11.2824,0.2901,-1.5878
167.0000,0.2031,-0.0735,-1.1306,-9.7176,0.1832,-1.6794
170.0000,0.2114,-0.0762,-1.1257,-7.6794,-0.5115,-1.3359
170.0000,0.2258,-0.0703,-1.1399,-6.2214,-0.1985,-0.7863
181.0000,0.1953,-0.0522,-1.1084,-7.1832,-1.0153,-0.8702
164.0000,0.2026,-0.0530,-1.1355,-7.7176,-1.1756,-0.6107
170.0000,0.2139,-0.0586,-1.1355,-7.8168,-1.6412,-0.5725
195.0000,0.2141,-0.0476,-1.1377,-8.8015,-1.8321,-0.1450
177.0000,0.2080,-0.0457,-1.1345,-10.3435,-2.1679,-0.4122
180.0000,0.1995,-0.0681,-1.1387,-11.0916,-1.9389,-0.7023
197.0000,0.2075,-0.0498,-1.1479,-11.6947,-1.8550,-0.9847
180.0000,0.2161,-0.0476,-1.1448,-12.3511,-1.3511,-1.2901
189.0000,0.2012,-0.0598,-1.1543,-11.6794,-2.8855,-1.9084
201.0000,0.2153,-0.0671,-1.1658,-12.3817,-1.6107,-2.2214
201.0000,0.2100,-0.0752,-1.1721,-10.4198,-1.8702,-1.9924
193.0000,0.2178,-0.0649,-1.1621,-9.0687,-1.3893,-1.9084
204.0000,0.2256,-0.0754,-1.1716,-6.1908,-1.5573,-2.0840
203.0000,0.2126,-0.0769,-1.1714,-3.3206,-0.9771,-2.0229
200.0000,0.2131,-0.0615,-1.1621,-1.5420,-0.9084,-1.4275
211.0000,0.2214,-0.0486,-1.1567,-0.7023,-0.2214,-1.0000
212.0000,0.2268,-0.0432,-1.1528,-0.4733,0.2824,-0.5191
208.0000,0.2356,-0.0374,-1.1506,-0.7710,0.3511,-0.3282
215.0000,0.2249,-0.0354,-1.1472,-1.6641,0.5649,-0.0076
219.0000,0.2378,-0.0371,-1.1494,-2.7405,1.1374,0.5954
214.0000,0.2358,-0.0422,-1.1399,-2.7099,1.4962,0.9237
220.0000,0.2371,-0.0405,-1.1465,-2.7023,1.1985,1.3206
223.0000,0.2368,-0.0430,-1.1592,-2.7328,1.1603,1.6947
220.0000,0.2334,-0.0466,-1.1641,-2.7252,0.8702,1.7863
234.0000,0.2339,-0.0391,-1.1514,-2.9695,0.9160,1.9389
219.0000,0.2266,-0.0520,-1.1521,-2.8473,0.9924,2.0229
230.0000,0.2256,-0.0654,-1.1528,-1.9542,1.1832,2.0076
238.0000,0.2144,-0.0662,-1.1543,-0.7023,1.4427,1.8626
245.0000,0.2241,-0.0671,-1.1628,0.9695,1.3053,1.9542
230.0000,0.2146,-0.0757,-1.1602,2.6336,1.8626,1.7176
239.0000,0.2126,-0.0737,-1.1714,4.3130,2.0534,1.7328
242.0000,0.2202,-0.0725,-1.1709,5.8092,2.1756,1.8473
242.0000,0.2166,-0.0750,-1.1682,7.6260,2.4580,1.8855
250.0000,0.2266,-0.0750,-1.1719,9.7786,2.4046,1.8321
250.0000,0.2166,-0.0967,-1.1702,13.6947,2.5725,2.0916
213.0000,0.2263,-0.1055,-1.1763,19.0076,2.5725,2.5267
270.0000,0.2261,-0.1196,-1.1765,27.2595,2.2901,3.1603
244.0000,0.2271,-0.1389,-1.1897,37.5038,2.2595,4.2061
217.0000,0.2249,-0.1641,-1.1831,51.3206,1.9084,5.3893
274.0000,0.2280,-0.1665,-1.2026,64.7099,1.8626,6.6641
254.0000,0.2234,-0.2144,-1.2114,84.1450,1.1298,8.9160
222.0000,0.2300,-0.2271,-1.2202,104.5420,0.7252,11.4656
263.0000,0.2317,-0.2483,-1.2239,126.5115,0.8321,14.2672
255.0000,0.2241,-0.2468,-1.2168,147.9160,0.5420,17.3740
282.0000,0.2358,-0.2627,-1.1951,169.2061,0.8092,20.1145
260.0000,0.2415,-0.2991,-1.2034,193.8092,0.4275,22.1756
289.0000,0.2427,-0.3137,-1.2219,217.5420,0.4351,25.0534
265.0000,0.2468,-0.3250,-1.2332,238.5038,1.9924,27.3206
295.0000,0.2429,-0.3694,-1.2456,250.1298,2.4656,29.6489
248.0000,0.2505,-0.3857,-1.2363,250.1298,2.3588,32.0992
290.0000,0.2532,-0.3904,-1.2249,250.1298,3.4656,34.2977
275.0000,0.2495,-0.4448,-1.2388,250.1298,5.2061,35.9466
281.0000,0.2439,-0.4958,-1.2332,250.1298,7.0611,38.0534
262.0000,0.2361,-0.4692,-1.2090,250.1298,10.0153,39.7939
262.0000,0.2307,-0.4399,-1.1877,250.1298,11.6947,40.2366
307.0000,0.2266,-0.4788,-1.1748,250.1298,11.5115,38.5573
272.0000,0.2190,-0.5151,-1.1216,250.1298,12.5267,37.8244
269.0000,0.2236,-0.5566,-1.1050,250.1298,15.7328,37.4580
270.0000,0.2310,-0.6252,-1.0679,250.1298,18.2519,37.0229
303.0000,0.2246,-0.6711,-1.0476,250.1298,21.9466,38.2672
287.0000,0.2241,-0.6973,-1.0149,250.1298,25.5496,39.4885
286.0000,0.2332,-0.7334,-0.9814,250.1298,25.9542,39.4656
286.0000,0.2222,-0.7527,-0.9563,250.1298,25.5038,40.2443
285.0000,0.2119,-0.7625,-0.9275,250.1298,25.7405,40.8855
295.0000,0.2161,-0.7390,-0.8765,250.1298,24.7252,39.6107
302.0000,0.2136,-0.7461,-0.8501,250.1298,24.3740,39.1450
289.0000,0.2009,-0.7417,-0.7964,250.1298,23.7099,38.6641
292.0000,0.1960,-0.7429,-0.7498,250.1298,24.5878,38.0000
275.0000,0.1929,-0.7234,-0.6865,250.1298,24.3435,36.4962
297.0000,0.1802,-0.6953,-0.6265,250.1298,24.5954,34.9695
313.0000,0.1758,-0.7336,-0.5859,250.1298,24.7328,32.3664
294.0000,0.1675,-0.7854,-0.5242,250.1298,24.4046,30.6794
304.0000,0.1646,-0.8083,-0.4585,250.1298,24.6412,28.1603
314.0000,0.1497,-0.7986,-0.4231,250.1298,25.1527,26.0916
308.0000,0.1257,-0.8408,-0.3684,250.1298,24.3893,23.6412
287.0000,0.1343,-0.8154,-0.3496,250.1298,21.0992,22.0305
302.0000,0.1343,-0.8391,-0.3247,244.4122,20.1450,19.6870
310.0000,0.1309,-0.8679,-0.3103,232.9847,19.6031,18.5573
303.0000,0.1230,-0.8904,-0.2742,223.0763,19.3435,18.0687
311.0000,0.1284,-0.9021,-0.2512,212.9847,20.5420,17.7023
303.0000,0.1265,-0.9548,-0.2368,210.3817,21.4885,17.7557
333.0000,0.1179,-0.9937,-0.2134,211.8397,21.3130,19.5038
283.0000,0.1343,-0.9900,-0.1790,218.5343,20.4275,20.4656
325.0000,0.1362,-1.0073,-0.1396,226.5343,18.8855,21.1603
315.0000,0.1423,-0.9761,-0.1106,233.1832,17.5878,21.9160
323.0000,0.1438,-0.9607,-0.1008,238.7405,16.7557,21.9389
304.0000,0.1428,-0.9412,-0.0598,239.4886,17.8244,22.4580
323.0000,0.1541,-0.8970,-0.0347,236.3130,19.4580,22.8855
325.0000,0.1555,-0.9202,-0.0349,234.8092,22.2443,21.5954
325.0000,0.1572,-0.9124,-0.0083,231.9771,24.8168,21.8931
319.0000,0.1516,-0.9001,0.0295,225.1908,27.4885,22.3359
326.0000,0.1562,-0.8992,0.0562,219.0000,29.5191,21.7786
309.0000,0.1533,-0.9214,0.0701,216.1603,31.2366,21.2214
351.0000,0.1484,-0.8909,0.0850,214.7633,32.8626,21.1450
301.0000,0.1448,-0.9297,0.0923,216.9313,35.2290,19.8855
338.0000,0.1282,-0.9353,0.1069,219.4656,34.0916,20.0763
356.0000,0.1282,-0.9219,0.1448,223.3893,34.3206,20.1145
302.0000,0.1355,-0.9915,0.1831,232.1221,37.3969,20.5954
285.0000,0.1274,-0.9797,0.2361,241.3740,38.4504,23.6260
362.0000,0.1292,-0.9421,0.2522,250.1298,39.3969,25.1450
365.0000,0.1138,-0.9417,0.2744,250.1298,40.2443,26.3359
326.0000,0.1150,-0.8867,0.3018,250.1298,39.9313,27.6870
340.0000,0.1213,-0.8433,0.3389,250.1298,41.6565,28.2977
339.0000,0.1121,-0.8406,0.3472,250.1298,43.4962,28.7099
342.0000,0.0918,-0.7905,0.3691,250.1298,43.8168,28.9771
341.0000,0.1033,-0.7903,0.3921,250.1298,47.1527,29.2824
343.0000,0.0916,-0.7678,0.4163,250.1298,46.8855,28.9695
386.0000,0.0898,-0.7695,0.4368,250.1298,48.8092,28.1145
343.0000,0.0808,-0.7478,0.4573,250.1298,49.0458,27.7939
243.0000,0.0798,-0.7256,0.4841,250.1298,49.4962,27.9237
384.0000,0.0842,-0.7202,0.5212,250.1298,50.7863,27.4351
353.0000,0.0637,-0.7195,0.5322,250.1298,53.0687,26.4809
326.0000,0.0500,-0.7578,0.5339,250.1298,54.7710,24.2672
296.0000,0.0354,-0.7515,0.5605,250.1298,57.3664,24.0916
379.0000,0.0532,-0.6963,0.5850,250.1298,58.7634,28.2595
307.0000,0.0283,-0.7339,0.6072,250.1298,59.5802,30.2290
349.0000,0.0261,-0.6665,0.6255,250.1298,60.4733,32.2137
391.0000,0.0110,-0.4556,0.6311,250.1298,58.0458,32.6718
296.0000,-0.0005,-0.3201,0.6426,250.1298,53.4656,27.9389
407.0000,-0.0088,-0.2197,0.6523,235.0458,48.5420,19.2977
357.0000,-0.0378,-0.1460,0.6746,187.0458,42.2672,9.1756
368.0000,-0.0605,-0.1497,0.7068,139.5496,31.3893,0.0840
384.0000,-0.0654,-0.2239,0.7317,96.8931,29.9847,-7.8473
356.0000,-0.0884,-0.2964,0.7493,65.5038,27.4198,-12.9847