raw_emg,raw_ax,raw_ay,raw_az,raw_gx,raw_gy,raw_gz
196.0000,0.1782,-0.2107,-1.1208,-5.1527,-0.2137,-1.2137
190.0000,0.1802,-0.2095,-1.1248,-2.6870,-0.1756,-0.5496
188.0000,0.1821,-0.2068,-1.1272,-0.1985,-0.5573,-0.0763
182.0000,0.1792,-0.1877,-1.1316,1.4962,-0.5115,0.3740
191.0000,0.1743,-0.1765,-1.1367,1.0687,-0.2366,0.5344
191.0000,0.1733,-0.1694,-1.1499,-0.4580,0.0534,0.4198
199.0000,0.1768,-0.1707,-1.1404,-2.2901,-0.0534,0.5267
194.0000,0.1802,-0.1819,-1.1335,-4.2290,0.1450,0.4885
193.0000,0.1677,-0.1948,-1.1365,-4.0229,-0.0153,0.6031
201.0000,0.1633,-0.2017,-1.1204,-3.4122,-0.4885,0.9160
202.0000,0.1646,-0.2002,-1.1357,-2.6336,0.2595,1.0000
202.0000,0.1614,-0.1992,-1.1265,-1.3511,0.4122,1.7023
206.0000,0.1592,-0.1990,-1.1257,-0.1145,-0.1985,1.9389
205.0000,0.1636,-0.2004,-1.1321,0.9542,-1.4275,2.2824
208.0000,0.1604,-0.2002,-1.1343,0.8855,-1.2672,2.7481
213.0000,0.1594,-0.1841,-1.1343,-0.3969,-0.5344,2.5954
210.0000,0.1592,-0.1907,-1.1379,-1.1450,-0.2901,2.2748
219.0000,0.1592,-0.1926,-1.1370,-1.8092,-0.3511,2.1221
214.0000,0.1562,-0.1960,-1.1328,-3.2443,-0.4198,1.7786
215.0000,0.1548,-0.1877,-1.1401,-4.1221,-0.2977,1.7252
215.0000,0.1614,-0.2090,-1.1433,-4.6565,0.0229,1.4351
222.0000,0.1572,-0.2100,-1.1404,-4.9084,-0.3053,1.1145
223.0000,0.1543,-0.2129,-1.1494,-4.4504,-0.3435,0.9847
227.0000,0.1621,-0.2205,-1.1521,-4.0763,-0.4198,1.0992
225.0000,0.1599,-0.2139,-1.1335,-2.7405,-0.6489,1.1145
231.0000,0.1584,-0.2026,-1.1470,-2.7863,0.0382,0.9389
228.0000,0.1599,-0.2078,-1.1438,-3.4504,0.0534,0.9160
233.0000,0.1555,-0.2036,-1.1382,-3.7939,-0.0687,0.4809
236.0000,0.1558,-0.2119,-1.1384,-4.6489,0.4198,0.1985
233.0000,0.1526,-0.2092,-1.1328,-4.7634,0.6107,0.0153
242.0000,0.1562,-0.2231,-1.1372,-4.0534,0.7786,0.1450
240.0000,0.1631,-0.2268,-1.1299,-2.6947,0.9084,0.4733
244.0000,0.1616,-0.2200,-1.1289,-1.0763,0.8397,0.4580
243.0000,0.1562,-0.2219,-1.1262,0.6718,0.6183,0.6718
247.0000,0.1592,-0.2195,-1.1382,1.7557,0.3435,0.8168
241.0000,0.1599,-0.2141,-1.1389,3.0076,-0.0305,1.1374
246.0000,0.1536,-0.2122,-1.1289,4.3282,-0.1145,1.7099
249.0000,0.1589,-0.2141,-1.1360,5.4504,-0.1450,2.1374
251.0000,0.1526,-0.2180,-1.1257,7.5725,-0.1374,2.5191
253.0000,0.1545,-0.2297,-1.1411,10.2137,-0.3588,2.8931
252.0000,0.1523,-0.2290,-1.1311,13.9313,-0.7023,3.7252
255.0000,0.1558,-0.2339,-1.1194,18.5114,-1.4809,4.3206
259.0000,0.1584,-0.2507,-1.1326,24.5038,-2.4198,5.1603
262.0000,0.1580,-0.2625,-1.1272,32.4351,-3.6565,6.2137
261.0000,0.1506,-0.2803,-1.1228,41.5420,-4.2443,7.4962
262.0000,0.1506,-0.2893,-1.1211,52.5573,-5.5038,8.9084
268.0000,0.1536,-0.3027,-1.1128,64.1832,-6.8626,10.7863
266.0000,0.1494,-0.2993,-1.1250,75.0382,-7.7634,12.6718
265.0000,0.1536,-0.2986,-1.1121,86.7939,-8.7176,14.6718
270.0000,0.1558,-0.2837,-1.1113,96.4275,-9.4427,16.3664
273.0000,0.1582,-0.2893,-1.1165,104.7176,-9.2672,17.6107
272.0000,0.1472,-0.3159,-1.1045,113.3588,-11.1679,18.9618
270.0000,0.1453,-0.3362,-1.1050,122.3970,-11.1221,20.8931
278.0000,0.1423,-0.3701,-1.0811,132.7557,-10.7634,22.6260
271.0000,0.1238,-0.4128,-1.1040,146.0229,-11.0611,24.3664
284.0000,0.1306,-0.4058,-1.1143,159.0840,-11.5191,26.3359
284.0000,0.1287,-0.4341,-1.1309,171.7099,-11.4656,27.9313
294.0000,0.1355,-0.4492,-1.1213,184.1450,-12.8092,29.5344
294.0000,0.1257,-0.4739,-1.1245,195.6412,-13.4351,30.8626
274.0000,0.1250,-0.5125,-1.1318,206.8321,-12.4809,31.9771
267.0000,0.1270,-0.5413,-1.1272,218.0763,-11.6183,34.0840
288.0000,0.1199,-0.6028,-1.1235,232.0992,-10.9771,34.6794
276.0000,0.1213,-0.6357,-1.1277,247.6183,-9.6031,36.6718
295.0000,0.1133,-0.6633,-1.1062,250.1298,-9.0382,37.8092
292.0000,0.1245,-0.6887,-1.0981,250.1298,-8.7099,39.0916
290.0000,0.1282,-0.7063,-1.0879,250.1298,-8.8626,40.3435
295.0000,0.1304,-0.7085,-1.0676,250.1298,-7.7328,41.6489
248.0000,0.1267,-0.7605,-1.0425,250.1298,-6.4275,42.9924
308.0000,0.1282,-0.7720,-1.0247,250.1298,-4.1069,45.6107
306.0000,0.1431,-0.7852,-1.0178,250.1298,-2.3817,46.4198
286.0000,0.1296,-0.7896,-0.9858,250.1298,-0.0382,47.6031
288.0000,0.1382,-0.8176,-0.9517,250.1298,1.6794,49.2290
314.0000,0.1306,-0.8176,-0.9265,250.1298,4.1145,50.7710
296.0000,0.1284,-0.8286,-0.9036,250.1298,7.2824,52.0992
309.0000,0.1189,-0.8428,-0.8640,250.1298,9.8321,53.2443
305.0000,0.1135,-0.8582,-0.8281,250.1298,12.7863,54.5878
327.0000,0.1038,-0.8845,-0.7883,250.1298,15.4046,55.6336
301.0000,0.1084,-0.8877,-0.7739,250.1298,17.6031,56.0611
300.0000,0.0967,-0.8928,-0.7361,250.1298,18.9237,56.1832
302.0000,0.0771,-0.8503,-0.6982,250.1298,19.0763,55.7252
295.0000,0.0684,-0.8335,-0.6477,250.1298,18.7634,54.6870
314.0000,0.0693,-0.8821,-0.6135,250.1298,19.1832,52.1374
325.0000,0.0559,-0.8811,-0.5347,250.1298,18.6183,50.4198
301.0000,0.0530,-0.8818,-0.4790,250.1298,22.3740,48.2901
312.0000,0.0330,-0.9475,-0.4026,250.1298,24.4962,45.8702
315.0000,0.0330,-0.9624,-0.3372,250.1298,26.9313,45.7023
320.0000,0.0330,-0.9746,-0.2957,250.1298,30.7023,45.2672
271.0000,0.0144,-0.9973,-0.2644,250.1298,32.1908,43.9237
349.0000,0.0127,-0.9463,-0.2300,250.1298,32.4351,44.0229
372.0000,-0.0022,-0.9138,-0.1887,250.1298,30.3282,42.8397
306.0000,0.0168,-0.8909,-0.1348,250.1298,32.0229,41.0305
320.0000,0.0007,-0.9016,-0.1062,250.1298,35.5267,40.2214
362.0000,-0.0154,-0.9431,-0.0532,250.1298,36.0229,38.8092
370.0000,-0.0217,-0.9387,0.0088,250.1298,38.8626,38.0763
366.0000,-0.0342,-0.9387,0.0571,250.1298,41.1908,38.0687
311.0000,-0.0317,-0.9209,0.1208,250.1298,45.1985,37.8702
264.0000,-0.0547,-0.8848,0.1719,250.1298,45.5344,38.1069
428.0000,-0.0603,-0.8433,0.2314,250.1298,44.5267,36.7405
321.0000,-0.0630,-0.8254,0.2903,250.1298,44.4733,35.9542
340.0000,-0.0854,-0.7830,0.3406,250.1298,43.7634,35.4733
359.0000,-0.0781,-0.7871,0.3757,250.1298,45.9313,33.9389
356.0000,-0.0950,-0.7664,0.4058,250.1298,45.2519,35.0840
277.0000,-0.0969,-0.7656,0.4333,250.1298,46.9542,36.1374
441.0000,-0.1028,-0.7051,0.4697,250.1298,45.8550,36.5725
342.0000,-0.1042,-0.6675,0.5083,250.1298,44.6794,35.3282
311.0000,-0.1006,-0.6599,0.5593,250.1298,43.9847,35.2672
369.0000,-0.0959,-0.6401,0.5894,250.1298,44.8015,35.3817
182.0000,-0.1042,-0.5918,0.5828,250.1298,43.5344,36.8321
431.0000,-0.1025,-0.4465,0.5969,250.1298,40.5267,36.1985
323.0000,-0.1060,-0.3494,0.6077,250.1298,39.8092,34.6260
243.0000,-0.1189,-0.1880,0.6443,250.1298,36.7099,31.4656
436.0000,-0.1304,-0.1057,0.6499,250.1298,31.7634,26.6870
370.0000,-0.1421,-0.0073,0.6970,225.5343,31.8168,21.2977
329.0000,-0.1602,0.0054,0.7505,173.5649,31.9084,16.3053
279.0000,-0.1938,-0.0215,0.7766,123.3588,29.9313,11.7481
331.0000,-0.1982,-0.1113,0.8135,87.1145,25.4504,6.5573
373.0000,-0.2139,-0.1672,0.8325,57.7710,25.0840,4.2061