raw_emg,raw_ax,raw_ay,raw_az,raw_gx,raw_gy,raw_gz
181.0000,0.2344,-0.1160,-1.1379,-2.0840,0.6107,0.3817
173.0000,0.2280,-0.1130,-1.1404,-1.9084,0.7634,0.4962
179.0000,0.2302,-0.1067,-1.1428,-2.4427,1.0305,0.6412
169.0000,0.2336,-0.1096,-1.1482,-3.0992,0.9084,0.4046
160.0000,0.2290,-0.1150,-1.1433,-3.4198,0.6260,0.3969
168.0000,0.2195,-0.1196,-1.1443,-3.7176,0.6183,0.3282
174.0000,0.2324,-0.1235,-1.1387,-3.9313,0.5954,0.4580
165.0000,0.2229,-0.1265,-1.1484,-3.9618,0.8244,0.4275
173.0000,0.2212,-0.1211,-1.1431,-3.8015,0.6565,0.6336
182.0000,0.2175,-0.1221,-1.1467,-3.3817,0.7634,0.4504
175.0000,0.2312,-0.1226,-1.1440,-3.4046,0.8626,0.2977
180.0000,0.2224,-0.1243,-1.1467,-3.4427,0.7939,0.0229
187.0000,0.2148,-0.1243,-1.1401,-3.1756,0.5649,-0.0153
186.0000,0.2212,-0.1191,-1.1421,-3.2824,0.8015,-0.2901
185.0000,0.2222,-0.1228,-1.1455,-3.4198,0.6641,-0.4656
199.0000,0.2241,-0.1191,-1.1367,-3.2519,0.6641,-0.6336
193.0000,0.2224,-0.1182,-1.1345,-3.4351,0.3588,-0.5802
197.0000,0.2205,-0.1177,-1.1450,-3.9084,0.4122,-0.7252
201.0000,0.2148,-0.1204,-1.1316,-4.0992,-0.1145,-0.6565
193.0000,0.2273,-0.1201,-1.1323,-4.0076,-0.0382,-0.7481
204.0000,0.2253,-0.1184,-1.1311,-4.3130,0.1145,-0.8855
207.0000,0.2244,-0.1064,-1.1257,-4.9847,0.0763,-0.7634
205.0000,0.2261,-0.1072,-1.1345,-5.3282,-0.1145,-0.8244
208.0000,0.2280,-0.1104,-1.1389,-5.6260,-0.0382,-0.8473
218.0000,0.2268,-0.1177,-1.1438,-5.7634,-0.1908,-0.8931
216.0000,0.2244,-0.1152,-1.1252,-6.0153,-0.2595,-0.6870
214.0000,0.2251,-0.1062,-1.1362,-6.0763,-0.6031,-0.3053
218.0000,0.2351,-0.1067,-1.1438,-6.1985,-0.6870,-0.3588
216.0000,0.2285,-0.1106,-1.1382,-6.3130,-0.6794,-0.4809
221.0000,0.2332,-0.1157,-1.1453,-6.0992,-0.5038,-0.3359
223.0000,0.2239,-0.1194,-1.1511,-5.2977,-0.3588,-0.0458
224.0000,0.2263,-0.1169,-1.1416,-4.4351,-0.1145,0.0076
222.0000,0.2354,-0.1160,-1.1436,-4.1985,0.1527,0.2061
227.0000,0.2317,-0.1104,-1.1499,-3.8015,0.4351,0.0153
232.0000,0.2187,-0.1165,-1.1370,-3.8397,0.2824,0.0916
227.0000,0.2273,-0.1133,-1.1460,-4.5267,-0.0305,0.0076
237.0000,0.2249,-0.1018,-1.1372,-4.9695,-0.1298,0.1298
229.0000,0.2302,-0.1208,-1.1404,-5.1221,-0.1679,0.0916
235.0000,0.2292,-0.1201,-1.1431,-4.9237,0.1603,-0.0916
238.0000,0.2366,-0.1167,-1.1514,-4.7176,0.4275,-0.3130
242.0000,0.2273,-0.1196,-1.1445,-4.4733,0.1298,-0.4427
241.0000,0.2278,-0.1165,-1.1445,-4.2137,0.2214,-0.6031
243.0000,0.2280,-0.1182,-1.1436,-4.4275,0.2901,-0.7634
246.0000,0.2363,-0.1138,-1.1536,-4.7252,0.3206,-0.8397
243.0000,0.2368,-0.1199,-1.1436,-4.7099,0.5649,-0.8473
248.0000,0.2288,-0.1204,-1.1492,-5.0229,0.8092,-0.8168
251.0000,0.2297,-0.1101,-1.1465,-4.5954,0.8015,-0.9618
251.0000,0.2334,-0.1172,-1.1475,-4.2901,0.1603,-1.0916
255.0000,0.2349,-0.1116,-1.1445,-4.2824,0.3511,-1.0000
257.0000,0.2322,-0.1187,-1.1404,-3.6947,0.1603,-0.4733
254.0000,0.2307,-0.1206,-1.1509,-2.9008,0.3206,-0.6336
260.0000,0.2319,-0.1108,-1.1340,-1.8855,0.3588,-0.4580
261.0000,0.2302,-0.1172,-1.1392,-0.3359,0.2519,-0.3053
261.0000,0.2290,-0.1194,-1.1367,1.3053,0.4427,-0.0305
261.0000,0.2334,-0.1135,-1.1387,2.6947,0.5496,0.1145
261.0000,0.2275,-0.1147,-1.1401,4.2901,0.4198,0.5954
266.0000,0.2317,-0.1155,-1.1460,5.3740,0.1069,0.7557
273.0000,0.2295,-0.1213,-1.1360,7.1298,0.1679,1.3359
265.0000,0.2263,-0.1262,-1.1411,9.6565,0.2290,1.7939
271.0000,0.2346,-0.1282,-1.1431,12.6794,0.3282,2.1527
270.0000,0.2332,-0.1370,-1.1477,16.1985,0.0916,2.6794
276.0000,0.2300,-0.1401,-1.1411,21.5420,-0.2061,3.2137
268.0000,0.2319,-0.1838,-1.1680,29.6794,-0.6947,3.6183
278.0000,0.2395,-0.2012,-1.1719,40.2214,-0.7634,4.3282
269.0000,0.2327,-0.2104,-1.1809,53.0611,-1.1450,5.2519
266.0000,0.2280,-0.2292,-1.1865,66.8321,-1.7176,6.7481
288.0000,0.2373,-0.2610,-1.1953,83.2901,-2.5802,7.8321
285.0000,0.2429,-0.2070,-1.2341,95.9542,-1.7710,7.5038
286.0000,0.2542,-0.3174,-1.1938,119.0076,-3.0382,10.5802
282.0000,0.2222,-0.2800,-1.1785,136.8244,-2.7328,13.0534
288.0000,0.2341,-0.2979,-1.1711,154.3282,-2.5191,14.9466
280.0000,0.2361,-0.3259,-1.1438,175.0458,-3.5038,18.7481
249.0000,0.2422,-0.3682,-1.1597,196.8550,-2.3130,21.0000
290.0000,0.2375,-0.3557,-1.1729,214.4122,-1.4962,23.6336
291.0000,0.2495,-0.3716,-1.1899,231.7633,-2.3588,25.1679
291.0000,0.2456,-0.3779,-1.1919,246.7939,-1.9847,27.4504
291.0000,0.2371,-0.3870,-1.1897,250.1298,-1.3206,29.1145
287.0000,0.2524,-0.4053,-1.1748,250.1298,-1.0534,30.9160
300.0000,0.2451,-0.4045,-1.1772,250.1298,0.5496,32.7939
258.0000,0.2319,-0.4382,-1.1514,250.1298,2.7099,33.6260
315.0000,0.2373,-0.4629,-1.1484,250.1298,3.7634,34.8092
299.0000,0.2424,-0.4978,-1.1321,250.1298,5.6260,34.9771
319.0000,0.2417,-0.5559,-1.1284,250.1298,6.6718,35.4580
300.0000,0.2351,-0.6353,-1.1243,250.1298,8.8702,36.2672
312.0000,0.2283,-0.6753,-1.1025,250.1298,10.1221,38.4351
303.0000,0.2300,-0.7104,-1.0906,250.1298,11.4885,40.7634
300.0000,0.2310,-0.7063,-1.0527,250.1298,15.1985,43.4885
307.0000,0.2341,-0.7178,-1.0361,250.1298,16.4351,44.4962
303.0000,0.2300,-0.7354,-0.9998,250.1298,17.3740,44.0458
302.0000,0.2273,-0.7727,-0.9746,250.1298,19.6718,44.3435
304.0000,0.2102,-0.7932,-0.9492,250.1298,20.5649,43.9008
311.0000,0.2043,-0.8076,-0.9121,250.1298,23.4733,45.1985
326.0000,0.1990,-0.8079,-0.8738,250.1298,26.2137,45.8779
311.0000,0.2051,-0.8071,-0.8513,250.1298,26.5420,45.4580
315.0000,0.1909,-0.8525,-0.7986,250.1298,28.0840,45.1374
309.0000,0.1816,-0.8555,-0.7180,250.1298,26.8855,45.0458
332.0000,0.1860,-0.8359,-0.6750,250.1298,30.0458,43.2290
313.0000,0.1631,-0.8113,-0.6309,250.1298,29.6870,41.9160
316.0000,0.1494,-0.8198,-0.5449,250.1298,27.4885,38.5115
317.0000,0.1755,-0.7920,-0.4583,250.1298,28.5114,35.8702
277.0000,0.1545,-0.8108,-0.4226,250.1298,29.7405,32.1374
327.0000,0.1299,-0.8120,-0.3835,250.1298,29.1832,29.4046
353.0000,0.1248,-0.8386,-0.3394,250.1298,31.3511,27.5878
330.0000,0.1165,-0.8582,-0.3010,250.1298,31.2595,25.4580
322.0000,0.0967,-0.8625,-0.2578,250.1298,30.7176,24.0534
339.0000,0.0959,-0.9099,-0.2117,250.1298,29.7481,22.2366
324.0000,0.0886,-0.9114,-0.1821,250.1298,28.7252,21.8702
332.0000,0.0925,-0.9312,-0.1453,250.1298,26.5344,20.2672
325.0000,0.0930,-0.9377,-0.0876,249.7863,28.5954,20.1985
360.0000,0.0962,-0.9758,-0.0564,249.9313,27.7481,19.9847
335.0000,0.0996,-0.9585,-0.0217,250.1298,27.6565,20.0076
337.0000,0.1042,-1.0051,0.0027,250.1298,28.5649,19.4885
327.0000,0.1135,-0.9973,0.0247,250.1298,28.6794,20.0229
353.0000,0.1113,-0.9771,0.0630,250.1298,31.1450,20.1756
321.0000,0.1140,-0.9509,0.0930,250.1298,30.2214,20.8244
357.0000,0.1096,-0.9578,0.1099,250.1298,32.2290,20.7481
328.0000,0.1240,-0.9409,0.1306,250.1298,33.8626,21.0763
324.0000,0.1143,-0.9146,0.1421,250.1298,34.1756,20.8702
316.0000,0.1184,-0.8992,0.1582,250.1298,35.9466,20.7557
323.0000,0.1101,-0.8936,0.1892,250.1298,36.9160,20.4427
390.0000,0.1138,-0.8708,0.2295,250.1298,37.3359,20.1985
351.0000,0.1128,-0.8940,0.2529,250.1298,37.0382,20.1221
309.0000,0.1118,-0.8652,0.3005,250.1298,39.0000,21.0763
371.0000,0.1038,-0.8774,0.3330,250.1298,40.5954,22.0611
330.0000,0.0901,-0.8416,0.3447,250.1298,38.9466,23.4046
338.0000,0.1057,-0.8423,0.3889,250.1298,42.7786,24.2824
424.0000,0.1155,-0.8853,0.4338,250.1298,45.8855,25.3893
338.0000,0.1101,-0.8342,0.4214,250.1298,47.9160,26.2366
314.0000,0.0962,-0.9231,0.4333,250.1298,53.9389,24.5649
381.0000,0.0845,-0.8301,0.3970,250.1298,57.0992,28.2061
416.0000,0.1008,-0.7678,0.4326,250.1298,56.3893,31.6641
340.0000,0.0881,-0.7285,0.4600,250.1298,56.7481,34.8321
393.0000,0.0740,-0.6492,0.4924,250.1298,57.5038,37.3893
348.0000,0.0754,-0.4802,0.5452,250.1298,57.0534,39.6870
351.0000,0.0583,-0.4487,0.5642,250.1298,53.0611,40.0000
376.0000,0.0542,-0.3569,0.6021,250.1298,51.6794,38.1298
340.0000,0.0457,-0.3782,0.6399,250.1298,53.7939,34.7710
394.0000,0.0132,-0.3071,0.6589,242.9466,51.1221,32.0382
279.0000,-0.0139,-0.3215,0.7007,215.1756,47.1450,28.2290
336.0000,-0.0256,-0.2793,0.7280,184.5725,44.4962,24.8397
420.0000,-0.0452,-0.2532,0.7437,155.7328,41.2366,21.3817
343.0000,-0.0515,-0.2454,0.7524,129.6336,35.0153,17.7023
328.0000,-0.0586,-0.2507,0.7795,104.5954,31.5038,14.0992
356.0000,-0.0728,-0.2449,0.8188,80.4657,27.9313,11.6794