raw_emg,raw_ax,raw_ay,raw_az,raw_gx,raw_gy,raw_gz
206.0000,0.2263,-0.1211,-1.1328,-3.5573,0.3435,0.0000
174.0000,0.2268,-0.1191,-1.1250,-3.2901,0.2061,0.0305
174.0000,0.2244,-0.1152,-1.1328,-3.2061,0.6336,0.0840
178.0000,0.2249,-0.1196,-1.1367,-2.9542,0.2824,0.1908
173.0000,0.2258,-0.1287,-1.1335,-2.5115,0.0076,0.0763
180.0000,0.2231,-0.1199,-1.1426,-2.3740,0.0000,0.0687
185.0000,0.2178,-0.1196,-1.1465,-2.8626,0.0305,0.0611
172.0000,0.2268,-0.1169,-1.1343,-3.3817,-0.2595,0.0382
174.0000,0.2234,-0.1167,-1.1414,-3.8473,-0.3130,-0.1985
186.0000,0.2263,-0.1201,-1.1375,-4.0687,-0.5878,-0.0305
180.0000,0.2158,-0.1116,-1.1484,-4.7099,-0.4580,-0.5344
185.0000,0.2271,-0.1199,-1.1357,-4.7099,-0.4733,-0.6412
188.0000,0.2253,-0.1218,-1.1443,-4.7481,-0.7710,-0.8321
181.0000,0.2251,-0.1155,-1.1418,-4.8473,-0.5420,-0.8321
191.0000,0.2205,-0.1238,-1.1345,-4.8473,-0.5649,-0.7405
197.0000,0.2212,-0.1230,-1.1516,-4.3206,-0.5267,-0.7176
193.0000,0.2249,-0.1174,-1.1445,-4.5344,-0.3435,-0.8244
200.0000,0.2297,-0.1128,-1.1433,-4.3053,-0.1756,-0.7710
198.0000,0.2261,-0.1145,-1.1548,-3.8321,-0.5038,-0.6183
202.0000,0.2288,-0.1189,-1.1501,-2.9389,-0.3969,-0.6641
205.0000,0.2273,-0.1052,-1.1370,-3.0992,-0.7023,-0.3740
204.0000,0.2285,-0.1074,-1.1428,-3.3511,-0.0076,-0.3664
215.0000,0.2236,-0.1094,-1.1531,-3.3740,0.2901,-0.4656
208.0000,0.2197,-0.1045,-1.1489,-3.2366,-0.0840,-0.1985
208.0000,0.2271,-0.1099,-1.1516,-3.3282,-0.1679,-0.1985
217.0000,0.2327,-0.1113,-1.1462,-3.8473,-0.2748,-0.3053
215.0000,0.2302,-0.1062,-1.1445,-4.4122,0.1832,-0.3969
213.0000,0.2200,-0.1123,-1.1494,-4.6947,0.2061,-0.3053
217.0000,0.2268,-0.1125,-1.1401,-4.9084,0.4046,-0.8931
217.0000,0.2217,-0.1138,-1.1499,-4.9847,0.0153,-0.7710
219.0000,0.2266,-0.1086,-1.1453,-4.9160,0.0153,-0.6412
227.0000,0.2190,-0.1174,-1.1606,-4.4809,-0.1450,-0.6947
223.0000,0.2317,-0.1155,-1.1528,-3.8550,-0.4198,-0.7634
232.0000,0.2278,-0.1155,-1.1462,-3.5573,-0.2061,-0.5267
232.0000,0.2253,-0.1113,-1.1433,-2.9771,-0.2061,-0.7405
229.0000,0.2253,-0.1191,-1.1418,-2.3969,-0.1450,-0.6031
237.0000,0.2297,-0.1160,-1.1428,-2.2901,0.0763,-0.4962
238.0000,0.2231,-0.1113,-1.1492,-1.9160,0.2214,-0.3893
241.0000,0.2266,-0.1099,-1.1458,-1.8015,0.4809,-0.2443
239.0000,0.2214,-0.1008,-1.1460,-2.8550,0.7557,-0.4351
238.0000,0.2212,-0.1062,-1.1414,-4.1679,0.6489,-0.5496
240.0000,0.2234,-0.1018,-1.1406,-5.5191,0.5038,-0.4809
248.0000,0.2231,-0.1150,-1.1379,-6.3588,0.0229,-0.8855
247.0000,0.2217,-0.1182,-1.1433,-6.5038,0.0611,-0.9084
255.0000,0.2278,-0.1221,-1.1328,-6.0534,-0.0076,-0.9008
247.0000,0.2234,-0.1218,-1.1375,-5.1374,0.1374,-0.6641
250.0000,0.2197,-0.1145,-1.1362,-3.9237,0.4275,-0.8550
255.0000,0.2175,-0.1162,-1.1321,-2.6794,0.2443,-0.6107
253.0000,0.2202,-0.1221,-1.1458,-1.8473,0.1450,-0.5191
259.0000,0.2244,-0.1155,-1.1404,-1.7176,0.2137,-0.5115
257.0000,0.2217,-0.1077,-1.1472,-2.1756,0.0840,-0.2824
258.0000,0.2205,-0.1069,-1.1426,-2.9313,0.0076,-0.0687
258.0000,0.2153,-0.1135,-1.1433,-3.3206,-0.1679,-0.1069
261.0000,0.2214,-0.1208,-1.1426,-3.4122,-0.3130,-0.1527
256.0000,0.2178,-0.1213,-1.1458,-2.9695,-0.4351,-0.0458
265.0000,0.2229,-0.1196,-1.1340,-2.3664,-0.4198,-0.1145
271.0000,0.2202,-0.1226,-1.1418,-1.4656,-0.3511,0.0000
254.0000,0.2236,-0.1118,-1.1484,-0.2748,-0.3969,-0.0076
266.0000,0.2271,-0.1233,-1.1504,0.5267,-0.3130,0.3282
273.0000,0.2207,-0.1309,-1.1555,2.3664,0.0840,0.6718
274.0000,0.2249,-0.1257,-1.1575,4.6641,0.2214,0.9618
257.0000,0.2178,-0.1399,-1.1572,9.0382,-0.1374,0.9924
225.0000,0.2268,-0.1597,-1.1680,15.4580,-0.5420,1.9695
333.0000,0.2209,-0.2131,-1.1951,27.0305,-1.2061,2.4198
270.0000,0.2195,-0.2649,-1.2356,44.5802,-1.5344,4.3359
263.0000,0.2273,-0.3179,-1.2476,68.4809,-2.5267,6.5191
279.0000,0.2415,-0.2737,-1.3025,90.7252,-0.4351,7.3511
291.0000,0.2251,-0.3987,-1.2605,123.3130,-3.2519,9.7939
287.0000,0.2144,-0.3794,-1.2695,152.6107,-1.7710,13.0000
277.0000,0.2344,-0.3738,-1.2668,180.9313,-0.5802,15.0992
275.0000,0.2341,-0.3601,-1.2512,206.9924,-1.1527,17.7099
308.0000,0.2617,-0.4202,-1.1956,240.0305,-2.1527,22.4427
292.0000,0.2539,-0.3975,-1.2183,250.1298,0.1908,24.9924
259.0000,0.2708,-0.4038,-1.2375,250.1298,2.9542,27.8092
335.0000,0.2620,-0.4248,-1.2515,250.1298,4.2748,30.0382
292.0000,0.2649,-0.4602,-1.2612,250.1298,4.5725,32.6565
272.0000,0.2703,-0.4751,-1.2593,250.1298,5.5649,35.2290
309.0000,0.2742,-0.4756,-1.2341,250.1298,7.3282,37.8244
295.0000,0.2673,-0.4780,-1.2131,250.1298,9.7786,40.0382
262.0000,0.2568,-0.4929,-1.1821,250.1298,11.3282,42.3206
315.0000,0.2600,-0.5408,-1.1538,250.1298,13.7863,44.4656
289.0000,0.2505,-0.5715,-1.1289,250.1298,16.7863,46.7634
313.0000,0.2693,-0.6365,-1.1108,250.1298,18.2061,46.7710
303.0000,0.2615,-0.6721,-1.1008,250.1298,20.3740,47.5649
319.0000,0.2600,-0.7168,-1.0698,250.1298,22.4198,49.3588
244.0000,0.2334,-0.7666,-1.0525,250.1298,23.2443,49.6412
235.0000,0.2341,-0.8252,-1.0212,250.1298,25.6412,51.6565
351.0000,0.2178,-0.8374,-0.9995,250.1298,27.5114,53.7405
295.0000,0.2407,-0.8635,-0.9617,250.1298,28.2672,52.9924
311.0000,0.2280,-0.8760,-0.9172,250.1298,30.7481,53.4046
293.0000,0.2119,-0.8872,-0.8738,250.1298,31.7634,51.6870
315.0000,0.2124,-0.8306,-0.8225,250.1298,30.6794,48.3893
306.0000,0.1733,-0.8435,-0.7732,250.1298,31.0992,46.5420
318.0000,0.1758,-0.7817,-0.6553,250.1298,29.5649,43.7023
306.0000,0.1638,-0.7693,-0.5808,250.1298,30.8092,39.4122
323.0000,0.1492,-0.7490,-0.5239,250.1298,32.8015,36.9237
276.0000,0.1467,-0.7554,-0.3914,250.1298,39.0687,34.3206
302.0000,0.1282,-0.7549,-0.2800,250.1298,37.6412,31.2061
314.0000,0.1025,-0.7222,-0.1960,250.1298,43.0229,28.9695
330.0000,0.0945,-0.7634,-0.1121,250.1298,47.7634,26.0305
318.0000,0.0591,-0.7751,-0.0173,250.1298,45.5954,24.4809
299.0000,0.0540,-0.7915,0.0259,250.1298,44.7405,23.4275
331.0000,0.0510,-0.7769,0.0757,250.1298,44.2824,23.3130
294.0000,0.0510,-0.7944,0.1099,250.1298,43.8473,22.4962
316.0000,0.0354,-0.7896,0.1445,250.1298,42.3053,22.7557
349.0000,0.0374,-0.7971,0.1821,250.1298,41.2901,22.3740
268.0000,0.0210,-0.7903,0.2224,250.1298,37.8702,22.6107
380.0000,0.0425,-0.7974,0.2729,250.1298,38.5802,22.6565
337.0000,0.0352,-0.8333,0.3315,250.1298,38.7634,23.8321
281.0000,0.0396,-0.8254,0.3538,250.1298,37.6794,25.0000
328.0000,0.0376,-0.8357,0.4019,250.1298,37.6641,25.7023
410.0000,0.0461,-0.8350,0.4292,250.1298,38.5267,26.8702
310.0000,0.0591,-0.7993,0.4299,250.1298,37.3969,28.3130
345.0000,0.0752,-0.7773,0.4612,250.1298,37.8244,28.0840
326.0000,0.0884,-0.7512,0.5056,250.1298,38.4351,26.6641
293.0000,0.0823,-0.7051,0.5295,250.1298,40.0534,25.9618
383.0000,0.1064,-0.7090,0.5576,250.1298,43.1145,23.2824
408.0000,0.1111,-0.6631,0.5532,250.1298,43.2443,22.1756
270.0000,0.1116,-0.6458,0.5911,250.1298,45.7710,19.6947