raw_emg,raw_ax,raw_ay,raw_az,raw_gx,raw_gy,raw_gz
197.0000,0.2063,-0.1414,-1.1409,-4.0916,1.0458,-0.0229
183.0000,0.2068,-0.1431,-1.1370,-4.3893,0.9237,-0.0458
185.0000,0.2034,-0.1504,-1.1289,-4.1832,0.9771,-0.4046
189.0000,0.2039,-0.1497,-1.1274,-3.4504,0.9313,0.0916
190.0000,0.2100,-0.1501,-1.1252,-2.0305,0.5344,-0.1908
190.0000,0.2131,-0.1423,-1.1255,-1.6718,0.2290,-0.1069
193.0000,0.2183,-0.1301,-1.1138,-2.0611,0.1603,0.1221
192.0000,0.2056,-0.1377,-1.1272,-2.5344,0.4351,-0.0458
194.0000,0.2122,-0.1455,-1.1357,-2.9008,0.4504,0.3740
197.0000,0.2056,-0.1589,-1.1387,-3.3053,0.3359,0.2061
201.0000,0.2144,-0.1565,-1.1311,-3.3969,0.4962,0.8168
199.0000,0.2070,-0.1609,-1.1489,-3.0000,0.0153,1.0000
202.0000,0.2131,-0.1558,-1.1431,-2.4198,-0.2290,1.4122
200.0000,0.2112,-0.1482,-1.1353,-2.4198,-0.2901,1.3817
208.0000,0.2124,-0.1465,-1.1379,-2.3969,-0.0534,1.1374
209.0000,0.2144,-0.1431,-1.1453,-2.6794,-0.0687,1.1374
210.0000,0.2031,-0.1523,-1.1365,-2.9466,-0.0611,0.6489
217.0000,0.2178,-0.1482,-1.1284,-3.0611,0.3282,0.6794
210.0000,0.2102,-0.1499,-1.1262,-3.0611,0.7481,0.3740
220.0000,0.2109,-0.1570,-1.1365,-2.1450,0.5725,0.4733
219.0000,0.2109,-0.1477,-1.1487,-2.1450,0.0763,0.2519
216.0000,0.2134,-0.1516,-1.1379,-2.1679,-0.0611,0.1603
223.0000,0.2183,-0.1614,-1.1379,-1.5420,-0.3435,0.1298
221.0000,0.2156,-0.1580,-1.1406,-1.2214,0.0611,0.2977
224.0000,0.2114,-0.1587,-1.1396,-0.7557,0.5420,0.4580
227.0000,0.2202,-0.1453,-1.1333,0.0840,0.3206,0.5496
229.0000,0.2129,-0.1519,-1.1409,0.2824,0.2519,0.2824
228.0000,0.2131,-0.1514,-1.1348,-0.1985,0.0153,-0.1298
232.0000,0.2090,-0.1438,-1.1309,-0.8702,0.1832,-0.1908
235.0000,0.2190,-0.1484,-1.1333,-1.6870,0.4885,-0.3511
232.0000,0.2126,-0.1526,-1.1357,-2.0992,0.4733,-0.4275
239.0000,0.2119,-0.1658,-1.1489,-1.8855,0.7863,-0.2901
239.0000,0.2000,-0.1726,-1.1453,-0.7328,0.5802,-0.6641
238.0000,0.2087,-0.1533,-1.1428,-0.5267,0.0611,-0.4809
244.0000,0.2153,-0.1465,-1.1355,0.3511,0.1679,-0.5115
243.0000,0.2090,-0.1506,-1.1421,0.4351,-0.1298,-0.6794
241.0000,0.2048,-0.1587,-1.1362,-0.0229,0.4275,-0.6947
242.0000,0.2122,-0.1587,-1.1453,-1.3588,1.0305,-0.3130
250.0000,0.2078,-0.1477,-1.1387,-1.8092,1.1985,-0.3740
257.0000,0.2019,-0.1516,-1.1470,-2.4198,0.7328,-0.7023
248.0000,0.2061,-0.1545,-1.1462,-2.6336,0.6336,-0.6870
251.0000,0.1958,-0.1572,-1.1382,-3.0534,0.7405,-0.5191
250.0000,0.2083,-0.1587,-1.1262,-3.2901,0.9084,-0.5802
256.0000,0.2036,-0.1543,-1.1428,-3.2977,1.2672,-0.6183
259.0000,0.2051,-0.1626,-1.1416,-3.0076,1.0992,-0.3893
257.0000,0.2046,-0.1587,-1.1316,-2.6870,1.1756,-0.1985
260.0000,0.2090,-0.1609,-1.1338,-1.8015,1.1603,-0.2290
265.0000,0.2092,-0.1628,-1.1130,-0.8321,1.0229,-0.3740
263.0000,0.2053,-0.1555,-1.1304,0.1145,1.0000,-0.2137
264.0000,0.2041,-0.1589,-1.1440,0.9618,0.8779,-0.0076
267.0000,0.2126,-0.1628,-1.1428,2.2366,0.4885,0.1298
266.0000,0.2073,-0.1670,-1.1448,3.9542,0.4427,0.3817
267.0000,0.2124,-0.1707,-1.1406,6.3664,0.3435,1.0534
264.0000,0.2144,-0.1641,-1.1362,9.4275,0.0000,1.0534
273.0000,0.2117,-0.1714,-1.1318,13.0763,-0.5573,1.5344
272.0000,0.2073,-0.1804,-1.1362,17.7176,-1.5267,2.1374
273.0000,0.2112,-0.1946,-1.1345,23.7099,-2.7481,2.8626
283.0000,0.2075,-0.2114,-1.1487,32.6031,-3.7023,3.9542
274.0000,0.1995,-0.2683,-1.1504,47.0534,-6.2290,4.9771
277.0000,0.2070,-0.2800,-1.1387,63.6260,-8.7634,6.7405
281.0000,0.2168,-0.2698,-1.1414,80.7710,-9.7481,8.4122
282.0000,0.2146,-0.2588,-1.1318,99.2214,-12.2595,10.6107
281.0000,0.2000,-0.2612,-1.1299,115.7405,-15.2595,12.7176
284.0000,0.2019,-0.2415,-1.1265,128.5267,-16.4733,14.1756
287.0000,0.2095,-0.2107,-1.1348,134.6717,-15.9008,15.8550
286.0000,0.2114,-0.1897,-1.1292,136.1221,-15.4962,17.4046
286.0000,0.2043,-0.1943,-1.1357,134.7405,-15.2290,18.2977
294.0000,0.1982,-0.2261,-1.1279,132.9237,-15.0611,19.1756
291.0000,0.1909,-0.2644,-1.1130,133.8015,-15.3130,20.5649
292.0000,0.1819,-0.3071,-1.1008,138.5954,-15.5802,21.8015
291.0000,0.1758,-0.3760,-1.0898,147.4656,-15.7023,22.9008
291.0000,0.1765,-0.4175,-1.0879,161.3130,-16.6947,24.8092
304.0000,0.1770,-0.4385,-1.0833,177.4733,-17.8015,26.0992
292.0000,0.1672,-0.4717,-1.0981,196.1908,-19.1527,27.0305
301.0000,0.1633,-0.4834,-1.1143,213.1756,-19.6794,28.5649
303.0000,0.1584,-0.4873,-1.1260,227.8397,-19.8244,30.1145
306.0000,0.1558,-0.5088,-1.1228,239.2824,-19.0916,31.0840
300.0000,0.1504,-0.5505,-1.1196,250.1298,-17.8855,31.9160
303.0000,0.1448,-0.5862,-1.1223,250.1298,-17.1298,33.2595
306.0000,0.1553,-0.6035,-1.0959,250.1298,-15.3664,34.1221
306.0000,0.1602,-0.6145,-1.0679,250.1298,-13.2748,34.7023
303.0000,0.1509,-0.6384,-1.0439,250.1298,-11.6870,35.1985
316.0000,0.1521,-0.6414,-1.0254,250.1298,-11.2443,36.4656
311.0000,0.1570,-0.6704,-1.0259,250.1298,-9.8168,37.9466
309.0000,0.1545,-0.6934,-1.0161,250.1298,-8.3435,39.5725
308.0000,0.1614,-0.7363,-0.9875,250.1298,-6.1679,40.8931
310.0000,0.1504,-0.7896,-0.9709,250.1298,-4.5496,42.1527
329.0000,0.1484,-0.8098,-0.9512,250.1298,-3.2137,43.5878
318.0000,0.1421,-0.8108,-0.9282,250.1298,0.5191,45.4885
309.0000,0.1440,-0.8142,-0.9028,250.1298,2.6565,45.7939
325.0000,0.1318,-0.8577,-0.8599,250.1298,2.7863,46.5649
307.0000,0.1321,-0.8574,-0.8123,250.1298,4.0153,47.0076
325.0000,0.1304,-0.9153,-0.7771,250.1298,6.4733,46.1985
322.0000,0.1233,-0.9094,-0.7449,250.1298,9.0916,46.3130
324.0000,0.1064,-0.9287,-0.7002,250.1298,12.1527,46.3588
315.0000,0.0974,-0.9639,-0.6633,250.1298,14.5573,45.9008
358.0000,0.1062,-0.9675,-0.6335,250.1298,18.0763,46.7405
324.0000,0.1038,-1.0144,-0.6045,250.1298,20.9924,45.7557
331.0000,0.0916,-1.0498,-0.5569,250.1298,22.1756,44.8015
345.0000,0.0884,-1.0308,-0.4966,250.1298,27.1069,44.2595
309.0000,0.0938,-1.0078,-0.4460,250.1298,31.0153,43.2748
324.0000,0.0625,-1.0042,-0.4028,250.1298,29.3053,40.3588
312.0000,0.0891,-0.9299,-0.3445,250.1298,31.3282,39.1603
289.0000,0.0801,-0.9263,-0.2920,250.1298,37.5802,37.7481
345.0000,0.0459,-0.9490,-0.2339,250.1298,37.8092,35.3664
389.0000,0.0591,-0.9026,-0.1895,250.1298,37.0153,34.0229
276.0000,0.0544,-0.9529,-0.1067,250.1298,39.8855,30.3511
339.0000,0.0466,-0.9800,-0.0298,250.1298,44.0687,28.5344
341.0000,0.0164,-1.0015,0.0344,250.1298,46.2519,28.3664
354.0000,0.0049,-0.9399,0.1006,250.1298,45.4504,27.3817
317.0000,0.0051,-0.9041,0.1570,250.1298,44.1679,26.2290
390.0000,-0.0020,-0.8291,0.2039,250.1298,41.7557,25.0229
327.0000,0.0007,-0.8481,0.2432,250.1298,39.4580,23.6489
401.0000,0.0146,-0.8159,0.3052,250.1298,40.7252,22.6489
309.0000,-0.0103,-0.7837,0.3423,250.1298,40.6947,23.9466
360.0000,-0.0027,-0.7834,0.4011,250.1298,42.2366,23.6870
345.0000,-0.0198,-0.7632,0.4324,250.1298,44.4122,24.3206
377.0000,-0.0120,-0.7886,0.4688,250.1298,47.2137,24.5496
380.0000,-0.0469,-0.7559,0.4966,250.1298,45.7634,25.7099
334.0000,-0.0354,-0.6619,0.5210,250.1298,45.2366,25.8397
405.0000,-0.0354,-0.5662,0.5271,250.1298,41.2443,24.2748
346.0000,-0.0332,-0.4519,0.5706,250.1298,39.7252,21.4351
305.0000,-0.0632,-0.3911,0.6328,250.1298,34.8779,18.0840
419.0000,-0.0742,-0.3054,0.6514,250.1298,31.0534,13.5496
300.0000,-0.0964,-0.1663,0.6899,250.1298,27.6260,8.3817
345.0000,-0.1016,-0.0820,0.7393,250.1298,30.8092,3.7099
359.0000,-0.1218,0.0129,0.7759,206.3206,30.8321,-0.3664
594.0000,-0.1628,-0.0120,0.7971,156.4886,24.2672,-5.5802
419.0000,-0.1533,-0.0366,0.8445,116.1069,21.7405,-9.3664
272.0000,-0.1853,-0.1663,0.8601,83.5573,20.6947,-12.6031
393.0000,-0.2085,-0.1685,0.9004,61.4046,13.6107,-13.8702
397.0000,-0.1797,-0.2380,0.9226,48.6183,9.2977,-15.1679
405.0000,-0.1758,-0.2949,0.9336,45.2214,4.9008,-14.8321
355.0000,-0.1755,-0.3391,0.9290,48.0229,-1.5573,-14.1908
406.0000,-0.1443,-0.3406,0.9138,52.3053,-5.7328,-13.0382
406.0000,-0.1221,-0.3054,0.8887,57.3511,-9.7710,-11.9695
379.0000,-0.0857,-0.2891,0.8682,59.9924,-12.9084,-11.0840
372.0000,-0.0544,-0.2205,0.8638,56.9389,-13.8931,-10.1069
381.0000,-0.0352,-0.2214,0.8574,49.5954,-13.5725,-10.1374
360.0000,-0.0344,-0.2153,0.8606,41.8550,-13.2443,-9.9771
385.0000,-0.0095,-0.2170,0.8696,34.9237,-12.4275,-9.7023
405.0000,-0.0125,-0.2234,0.8826,29.3664,-12.2290,-9.6183
123.0000,0.0032,-0.2190,0.8848,24.4885,-12.1756,-9.3130
523.0000,0.0154,-0.2222,0.8845,20.2443,-11.0763,-9.4504
352.0000,0.0039,-0.2437,0.8760,18.4275,-10.3817,-9.0305
343.0000,-0.0017,-0.2329,0.8647,17.1985,-10.1679,-8.6031
297.0000,0.0022,-0.2285,0.8650,14.6870,-9.7481,-8.0153
376.0000,-0.0029,-0.2498,0.8301,13.3282,-8.9237,-7.5115
399.0000,-0.0012,-0.2617,0.8110,11.9084,-9.9847,-6.6641
331.0000,-0.0015,-0.2505,0.8088,9.3588,-9.3969,-6.0076
399.0000,-0.0005,-0.2539,0.7974,6.3359,-8.1069,-5.2595
446.0000,0.0012,-0.2642,0.7722,3.8779,-7.0611,-4.3893
422.0000,0.0034,-0.2480,0.7737,2.0687,-6.5420,-3.3740
382.0000,0.0010,-0.2822,0.7793,0.4504,-6.1908,-3.0458
346.0000,-0.0090,-0.2837,0.7947,-0.5038,-5.9542,-2.3664
416.0000,-0.0032,-0.2693,0.8013,-2.2977,-5.3282,-1.9313
345.0000,0.0022,-0.2649,0.7944,-4.5878,-4.3130,-1.7786
414.0000,0.0034,-0.2861,0.7998,-6.2519,-3.7939,-1.5344
284.0000,-0.0024,-0.2852,0.8020,-7.5420,-2.6718,-1.7481
405.0000,-0.0090,-0.2993,0.7900,-8.0153,-1.1679,-1.4122
368.0000,-0.0039,-0.3042,0.7888,-7.4962,0.0687,-1.5420
429.0000,-0.0078,-0.3054,0.8020,-5.9771,0.8855,-1.0305
390.0000,-0.0225,-0.3093,0.8083,-3.5420,0.9847,-1.2824
351.0000,-0.0176,-0.3005,0.8081,-2.0916,1.1374,-1.0916
374.0000,-0.0203,-0.3037,0.8245,-1.0076,1.4962,-0.9008
421.0000,-0.0332,-0.2979,0.8196,-0.1679,1.6260,-0.6870