raw_emg,raw_ax,raw_ay,raw_az,raw_gx,raw_gy,raw_gz
202.0000,0.1980,-0.1245,-1.1292,1.4046,3.6947,5.9084
199.0000,0.1978,-0.1204,-1.1257,2.0992,3.9084,6.0534
195.0000,0.2012,-0.1174,-1.1270,2.8244,3.6718,6.4809
194.0000,0.1990,-0.1128,-1.1279,3.0305,3.6489,7.0305
200.0000,0.2061,-0.1133,-1.1160,3.4809,3.2366,7.3664
202.0000,0.2034,-0.1135,-1.1199,3.5954,3.0687,7.1756
199.0000,0.2097,-0.1147,-1.1184,3.6336,3.2290,7.2748
199.0000,0.2078,-0.1206,-1.1213,2.8931,2.9924,7.1450
205.0000,0.2112,-0.1196,-1.1262,2.2901,2.6718,7.0992
212.0000,0.2156,-0.1199,-1.1201,1.0458,2.5954,7.0611
203.0000,0.2122,-0.1187,-1.1191,0.6336,2.6947,6.6870
207.0000,0.2156,-0.1277,-1.1189,0.5420,2.4198,6.6718
209.0000,0.2139,-0.1216,-1.1338,1.4122,1.8397,6.2443
214.0000,0.2187,-0.1289,-1.1331,1.4046,1.6183,6.1527
213.0000,0.2085,-0.1299,-1.1260,1.3969,0.8244,5.9695
216.0000,0.2144,-0.1270,-1.1108,1.2137,0.7176,5.8015
221.0000,0.2217,-0.1233,-1.1235,1.2366,0.5344,5.6336
223.0000,0.2244,-0.1221,-1.1138,1.1985,0.3130,5.1069
223.0000,0.2134,-0.1265,-1.1257,1.9237,-0.2824,4.7481
224.0000,0.2166,-0.1318,-1.1191,2.4809,-0.9618,4.4656
222.0000,0.2234,-0.1245,-1.1284,2.3206,-1.3282,4.1450
227.0000,0.2249,-0.1096,-1.1191,1.4046,-1.6641,4.1374
231.0000,0.2185,-0.1121,-1.1355,-0.0687,-1.6489,3.7786
232.0000,0.2126,-0.1147,-1.1375,-1.8321,-2.1374,3.6412
232.0000,0.2229,-0.1189,-1.1299,-2.8550,-2.0153,3.6718
236.0000,0.2285,-0.1294,-1.1284,-2.8244,-2.4504,3.2519
237.0000,0.2166,-0.1296,-1.1355,-2.5344,-2.7481,3.1756
241.0000,0.2234,-0.1287,-1.1357,-2.0687,-3.1374,3.3359
239.0000,0.2214,-0.1218,-1.1382,-2.2824,-2.5191,3.1832
242.0000,0.2251,-0.1272,-1.1379,-1.8397,-2.0076,3.4733
244.0000,0.2219,-0.1265,-1.1387,-1.1450,-2.1603,3.5954
246.0000,0.2261,-0.1191,-1.1465,-0.1756,-2.1069,3.5344
249.0000,0.2239,-0.1252,-1.1509,0.7023,-1.9008,3.5115
248.0000,0.2351,-0.1328,-1.1470,0.8931,-2.0153,3.5420
249.0000,0.2344,-0.1272,-1.1482,0.1756,-1.8015,3.5115
256.0000,0.2302,-0.1284,-1.1455,-0.7786,-1.2519,3.6794
252.0000,0.2278,-0.1284,-1.1538,-1.1450,-1.2977,3.5878
254.0000,0.2312,-0.1360,-1.1599,-1.3282,-1.6794,3.4656
258.0000,0.2349,-0.1301,-1.1523,-1.6641,-1.6870,3.3282
258.0000,0.2246,-0.1377,-1.1479,-1.5878,-1.0687,3.3588
255.0000,0.2246,-0.1433,-1.1489,-1.4275,-1.0000,3.0687
260.0000,0.2327,-0.1475,-1.1543,-1.1069,-0.4733,3.0382
262.0000,0.2278,-0.1392,-1.1602,-0.2595,-0.3359,2.7405
264.0000,0.2266,-0.1365,-1.1543,0.2824,-0.4427,2.8015
265.0000,0.2178,-0.1475,-1.1567,0.9847,-0.4809,2.5420
263.0000,0.2256,-0.1367,-1.1448,1.3740,0.0458,2.5038
266.0000,0.2361,-0.1379,-1.1562,0.7710,0.1756,1.9466
269.0000,0.2305,-0.1255,-1.1445,-0.8473,0.0458,2.0611
270.0000,0.2192,-0.1304,-1.1514,-2.4962,0.3359,1.8473
271.0000,0.2207,-0.1355,-1.1448,-4.1145,0.5344,1.4504
276.0000,0.2209,-0.1389,-1.1450,-5.2901,0.4962,1.2595
277.0000,0.2246,-0.1384,-1.1340,-5.4656,0.6107,1.0763
277.0000,0.2241,-0.1350,-1.1384,-5.4656,0.6336,0.5954
279.0000,0.2239,-0.1436,-1.1338,-5.1069,0.7176,0.5191
280.0000,0.2209,-0.1428,-1.1309,-4.3893,0.4504,0.1450
284.0000,0.2170,-0.1472,-1.1475,-3.7328,0.4580,0.0382
283.0000,0.2112,-0.1484,-1.1516,-3.3511,0.4733,0.0229
282.0000,0.2207,-0.1448,-1.1497,-3.2595,0.0382,-0.1679
290.0000,0.2236,-0.1296,-1.1394,-3.6565,0.2443,-0.2366
288.0000,0.2141,-0.1294,-1.1431,-4.5725,0.2901,-0.3740
286.0000,0.2100,-0.1436,-1.1431,-5.1450,0.2748,-0.4962
292.0000,0.2185,-0.1384,-1.1394,-4.8168,0.4275,-0.7863
294.0000,0.2122,-0.1487,-1.1355,-3.8473,0.1908,-0.9542
295.0000,0.2156,-0.1477,-1.1406,-2.3893,-0.1298,-1.1527
299.0000,0.2170,-0.1497,-1.1382,-1.3740,-0.2672,-1.2748
289.0000,0.2190,-0.1467,-1.1326,-0.6031,-0.3588,-1.3740
299.0000,0.2239,-0.1458,-1.1499,0.1069,-0.3282,-1.0305
299.0000,0.2249,-0.1479,-1.1423,0.8397,-0.6489,-1.5420
299.0000,0.2227,-0.1487,-1.1321,2.5115,-0.9771,-1.4351
302.0000,0.2302,-0.1450,-1.1409,4.0840,-1.3511,-1.2443
302.0000,0.2246,-0.1394,-1.1453,5.8779,-1.3740,-1.3588
300.0000,0.2292,-0.1411,-1.1431,7.1603,-1.2061,-1.2443
303.0000,0.2324,-0.1416,-1.1370,9.2595,-1.2977,-0.8321
307.0000,0.2358,-0.1506,-1.1509,12.4733,-1.4656,-1.0687
294.0000,0.2351,-0.1594,-1.1494,17.8473,-2.0076,-1.4198
311.0000,0.2375,-0.1733,-1.1602,25.3359,-2.0611,-1.8855
305.0000,0.2371,-0.1821,-1.1667,35.2443,-2.8702,-0.9618
312.0000,0.2383,-0.2134,-1.1680,47.1679,-3.7557,0.5802
298.0000,0.2273,-0.1799,-1.1409,57.7099,-5.1908,0.5344
321.0000,0.2495,-0.3035,-1.1846,82.2443,-5.8931,1.4427
310.0000,0.2332,-0.2429,-1.1755,95.2137,-5.9389,4.9466
311.0000,0.2476,-0.2449,-1.1897,111.6794,-3.0916,6.9466
323.0000,0.2227,-0.2952,-1.1914,128.9771,-5.0382,8.2672
318.0000,0.2290,-0.3159,-1.1973,148.3893,-5.7481,10.1527
317.0000,0.2280,-0.3088,-1.2039,166.3969,-4.7099,12.3206
320.0000,0.2227,-0.3743,-1.1860,190.7481,-5.7328,13.7023
320.0000,0.2295,-0.4189,-1.1919,218.2061,-5.6107,15.9389
324.0000,0.2195,-0.4072,-1.2014,244.1832,-4.4885,17.2443
326.0000,0.2219,-0.4438,-1.1826,250.1298,-4.0992,17.4733
325.0000,0.2124,-0.4543,-1.1775,250.1298,-4.1908,17.2061
328.0000,0.2112,-0.5088,-1.1765,250.1298,-2.4351,16.5649
332.0000,0.2148,-0.5215,-1.1772,250.1298,1.3969,18.3893
320.0000,0.2021,-0.5085,-1.1758,250.1298,4.8702,20.4122
327.0000,0.1941,-0.4897,-1.1519,250.1298,7.3817,21.3206
334.0000,0.1899,-0.4756,-1.1265,250.1298,9.7481,22.4122
342.0000,0.1902,-0.4983,-1.1077,250.1298,11.8473,22.6412
327.0000,0.1948,-0.5352,-1.0818,250.1298,14.9160,23.1908
359.0000,0.1997,-0.5593,-1.0466,250.1298,18.0687,23.8626
323.0000,0.1814,-0.5957,-1.0227,250.1298,20.3435,23.7099
350.0000,0.1777,-0.6809,-0.9902,250.1298,21.4046,23.0611
341.0000,0.1743,-0.7126,-0.9468,250.1298,22.0229,23.5725
322.0000,0.1704,-0.7634,-0.9036,250.1298,23.1985,23.5191
360.0000,0.1772,-0.7844,-0.8647,250.1298,24.3130,23.6718
299.0000,0.1809,-0.8101,-0.8450,250.1298,25.9313,23.0840
345.0000,0.1672,-0.8325,-0.8025,250.1298,25.7710,22.7252
345.0000,0.1755,-0.8467,-0.7820,250.1298,26.9695,22.1145
343.0000,0.1577,-0.9082,-0.7563,250.1298,28.1756,20.9008
349.0000,0.1587,-0.9104,-0.7280,250.1298,29.4122,21.2290
350.0000,0.1553,-0.9001,-0.7039,250.1298,31.3359,21.6183
355.0000,0.1506,-0.8884,-0.6597,250.1298,32.3053,22.1527
339.0000,0.1694,-0.9067,-0.6323,250.1298,33.7481,20.7939
368.0000,0.1558,-0.9031,-0.5955,250.1298,36.0382,20.6183
351.0000,0.1431,-0.8843,-0.5652,250.1298,38.7710,19.9237
305.0000,0.1475,-0.8994,-0.5146,250.1298,41.8931,18.9313
371.0000,0.1543,-0.9199,-0.4702,250.1298,45.0992,18.3206
368.0000,0.1575,-0.9509,-0.4243,250.1298,47.1679,17.6641
343.0000,0.1445,-0.9714,-0.3716,250.1298,50.0305,18.2290
320.0000,0.1482,-0.9663,-0.3044,250.1298,53.0916,18.3588
368.0000,0.1570,-0.9470,-0.2524,250.1298,55.4046,17.8931
348.0000,0.1545,-0.9009,-0.2119,250.1298,56.3206,17.3588
383.0000,0.1604,-0.9302,-0.1682,250.1298,59.9618,15.8855
336.0000,0.1558,-0.9172,-0.1323,250.1298,63.6183,15.9466
383.0000,0.1526,-0.9170,-0.0767,250.1298,65.3664,15.2061
333.0000,0.1648,-0.8997,-0.0371,250.1298,68.0992,13.1756
388.0000,0.1592,-0.9373,0.0127,250.1298,70.9466,11.8550
380.0000,0.1462,-0.9365,0.0505,250.1298,73.5954,11.7405
324.0000,0.1558,-0.9802,0.1008,250.1298,76.7023,11.5802
383.0000,0.1675,-0.9507,0.1565,250.1298,80.8321,12.8550
405.0000,0.1677,-0.9871,0.1799,250.1298,83.2748,12.1527
382.0000,0.1648,-0.9761,0.2302,250.1298,87.9313,13.4656
345.0000,0.1455,-0.9175,0.2261,250.1298,88.0305,16.6489
374.0000,0.1553,-0.8020,0.2625,250.1298,91.9313,18.9313
364.0000,0.1565,-0.8103,0.2683,250.1298,93.7939,18.2824
385.0000,0.1233,-0.6643,0.2847,250.1298,92.7939,20.1908
289.0000,0.1216,-0.6084,0.3157,250.1298,93.8321,17.6870
320.0000,0.0850,-0.4731,0.3657,250.1298,91.8473,14.5954
402.0000,0.0779,-0.2957,0.4329,250.1298,90.2061,11.3130
509.0000,0.0476,-0.1643,0.4822,250.1298,87.0229,6.1679
313.0000,0.0083,-0.0376,0.5371,250.1298,85.8168,2.1756
415.0000,-0.0498,0.0759,0.5894,250.1298,75.4428,-3.1527
354.0000,-0.0771,0.1096,0.6892,209.9084,64.1603,-10.0153
319.0000,-0.1155,0.0845,0.7559,146.8855,55.4962,-14.9237
445.0000,-0.1187,0.0244,0.8191,93.2901,45.5802,-19.4427
334.0000,-0.1389,-0.1064,0.8877,49.0000,38.3053,-21.6718
381.0000,-0.1340,-0.2605,0.9492,21.9160,31.8702,-22.7557