raw_emg,raw_ax,raw_ay,raw_az,raw_gx,raw_gy,raw_gz
167.0000,0.2312,-0.2402,-1.1208,-0.5191,-0.0382,-0.2443
166.0000,0.2229,-0.2478,-1.1255,-1.8168,0.4046,-0.1221
182.0000,0.2207,-0.2517,-1.1145,-2.6489,0.9389,-0.1679
164.0000,0.2192,-0.2576,-1.1089,-2.4122,1.2519,-0.2748
173.0000,0.2253,-0.2620,-1.1230,-2.0458,1.1374,-0.3511
183.0000,0.2214,-0.2649,-1.1125,-0.9542,0.6412,-0.5649
169.0000,0.2148,-0.2617,-1.1140,-0.0916,0.5496,-0.7252
172.0000,0.2148,-0.2686,-1.1140,0.4656,0.3511,-0.8092
187.0000,0.2205,-0.2622,-1.1194,0.3664,0.2748,-1.0000
181.0000,0.2200,-0.2476,-1.1257,-0.9695,0.6870,-1.0916
182.0000,0.2148,-0.2529,-1.1230,-2.7023,1.1298,-1.3817
194.0000,0.2122,-0.2532,-1.1145,-4.9847,0.5954,-1.7176
189.0000,0.2170,-0.2585,-1.1221,-6.2901,0.9466,-1.8473
193.0000,0.2185,-0.2671,-1.1182,-6.3588,0.7557,-2.1527
203.0000,0.2217,-0.2656,-1.1228,-5.8015,0.7939,-1.7863
200.0000,0.2256,-0.2651,-1.1150,-4.4122,0.8550,-2.0382
198.0000,0.2192,-0.2727,-1.1187,-2.5649,0.7099,-1.6412
205.0000,0.2197,-0.2666,-1.1265,-0.4885,0.1145,-1.3664
200.0000,0.2290,-0.2534,-1.1208,0.7099,0.2824,-1.2290
204.0000,0.2224,-0.2454,-1.1240,0.8321,0.2977,-0.9618
210.0000,0.2234,-0.2363,-1.1313,0.0763,0.6565,-0.8321
210.0000,0.2236,-0.2371,-1.1230,-0.9084,0.5038,-0.9847
206.0000,0.2246,-0.2449,-1.1091,-2.3817,1.2137,-0.6489
213.0000,0.2222,-0.2461,-1.1187,-3.4885,1.8092,-0.3817
220.0000,0.2236,-0.2512,-1.1223,-3.8015,1.7786,-0.3359
209.0000,0.2222,-0.2432,-1.1194,-3.9237,1.2748,-0.3435
217.0000,0.2256,-0.2483,-1.1304,-3.8473,1.0534,-0.3969
219.0000,0.2273,-0.2568,-1.1230,-3.2519,0.5954,-0.3664
220.0000,0.2297,-0.2576,-1.1287,-2.8473,0.4656,-0.3664
224.0000,0.2339,-0.2554,-1.1145,-2.0611,0.7176,0.0229
224.0000,0.2258,-0.2490,-1.1165,-1.3817,0.3664,-0.1756
225.0000,0.2251,-0.2454,-1.1165,-1.3282,0.3740,0.1145
227.0000,0.2219,-0.2429,-1.1084,-1.2824,0.6031,0.1298
240.0000,0.2288,-0.2322,-1.1101,-1.6718,0.8855,0.0229
230.0000,0.2300,-0.2314,-1.1213,-2.3053,0.8473,-0.1069
240.0000,0.2224,-0.2366,-1.1113,-3.4733,0.6794,-0.2366
238.0000,0.2224,-0.2439,-1.1218,-4.4427,1.0000,-0.0611
238.0000,0.2192,-0.2539,-1.1160,-4.4656,1.0534,-0.1298
244.0000,0.2224,-0.2529,-1.1147,-4.1832,0.5878,-0.1985
242.0000,0.2175,-0.2639,-1.1160,-3.6870,0.3893,-0.1298
246.0000,0.2083,-0.2637,-1.1155,-2.3817,0.1756,-0.1450
245.0000,0.2156,-0.2651,-1.1184,-1.4885,-0.0687,-0.1221
246.0000,0.2161,-0.2615,-1.1233,-0.6947,-0.4809,-0.2061
248.0000,0.2122,-0.2654,-1.1196,-0.7481,-0.3740,-0.1679
247.0000,0.2107,-0.2703,-1.1248,-0.7328,-0.0305,-0.5649
253.0000,0.2134,-0.2683,-1.1379,-1.0305,0.0611,-0.6107
256.0000,0.2131,-0.2722,-1.1208,-2.1145,0.1145,-1.3282
253.0000,0.2078,-0.2656,-1.1316,-3.3817,0.5115,-2.3588
259.0000,0.2124,-0.2781,-1.1438,-4.5038,0.5573,-3.2137
256.0000,0.2075,-0.2986,-1.1455,-5.1527,0.3206,-4.0534
259.0000,0.2119,-0.3005,-1.1357,-4.8626,0.4504,-4.7252
263.0000,0.2097,-0.3125,-1.1321,-3.4275,0.5344,-5.1985
262.0000,0.2178,-0.3167,-1.1355,-0.9466,0.3511,-5.5573
261.0000,0.2073,-0.3162,-1.1326,2.4504,0.1603,-5.8702
262.0000,0.2190,-0.3076,-1.1235,6.4733,0.1679,-5.8702
266.0000,0.2256,-0.3142,-1.1382,10.9618,-0.8321,-5.9466
272.0000,0.2275,-0.3235,-1.1191,16.4122,-1.5725,-5.4656
267.0000,0.2266,-0.3228,-1.1145,22.8473,-1.4122,-4.8626
277.0000,0.2344,-0.3188,-1.1262,29.7328,-1.1679,-4.1832
272.0000,0.2065,-0.3611,-1.0977,38.2290,-2.4504,-3.2061
272.0000,0.2480,-0.3289,-1.1204,49.8779,-2.5191,-1.6947
273.0000,0.2297,-0.3086,-1.1135,59.2824,-4.2214,-1.2977
278.0000,0.2280,-0.3188,-1.1182,69.1374,-5.0992,0.0992
275.0000,0.2410,-0.3076,-1.1370,76.9389,-6.3435,1.0076
279.0000,0.2417,-0.3357,-1.1335,85.7710,-6.9618,2.2748
277.0000,0.2424,-0.3408,-1.1338,94.4122,-7.6947,3.4580
286.0000,0.2449,-0.3762,-1.1177,104.1985,-7.6870,5.3740
283.0000,0.2244,-0.3923,-1.1086,115.1145,-7.6565,6.6870
287.0000,0.2354,-0.4028,-1.1145,128.7863,-8.5191,9.5725
283.0000,0.2351,-0.3933,-1.1011,141.6183,-9.6031,11.3817
288.0000,0.2446,-0.3835,-1.0947,151.9771,-9.6336,13.0534
289.0000,0.2219,-0.3994,-1.0898,161.6107,-10.2519,13.5878
291.0000,0.2280,-0.4265,-1.1023,170.4580,-10.4962,14.8550
292.0000,0.2236,-0.4451,-1.0874,177.7557,-9.7328,16.4962
296.0000,0.2378,-0.4526,-1.0884,184.0916,-8.3664,16.4962
295.0000,0.2256,-0.4924,-1.1013,192.4046,-7.9084,16.9618
299.0000,0.2131,-0.5300,-1.0937,203.4122,-8.5191,18.2901
291.0000,0.2029,-0.5627,-1.0747,215.3588,-8.9389,20.2519
301.0000,0.2085,-0.5740,-1.0605,226.7405,-8.1450,22.8550
299.0000,0.1997,-0.5823,-1.0623,237.3588,-7.6794,24.7099
302.0000,0.2002,-0.6001,-1.0588,247.0687,-7.6641,26.4275
306.0000,0.2065,-0.6333,-1.0283,250.1298,-7.7023,28.1908
306.0000,0.1931,-0.6316,-1.0168,250.1298,-6.0992,29.9466
305.0000,0.1895,-0.6401,-1.0061,250.1298,-3.2443,31.1985
305.0000,0.1804,-0.6484,-0.9829,250.1298,-2.9084,32.1450
305.0000,0.1831,-0.6638,-0.9707,250.1298,-2.6107,32.9008
311.0000,0.1895,-0.6816,-0.9297,250.1298,-0.8321,32.9313
305.0000,0.1829,-0.7073,-0.9194,250.1298,2.4962,33.1145
306.0000,0.1753,-0.7461,-0.9058,250.1298,5.0916,33.5725
314.0000,0.1646,-0.7859,-0.8738,250.1298,5.5573,34.8550
323.0000,0.1741,-0.7896,-0.8545,250.1298,7.0000,35.2519
309.0000,0.1638,-0.8118,-0.8115,250.1298,8.4427,35.6107
320.0000,0.1658,-0.8313,-0.7979,250.1298,9.6489,35.4885
315.0000,0.1528,-0.8789,-0.7576,250.1298,9.4122,35.2901
316.0000,0.1653,-0.8625,-0.7363,250.1298,11.6412,35.1298
322.0000,0.1472,-0.9055,-0.7024,250.1298,12.8550,35.2748
319.0000,0.1555,-0.8970,-0.6667,250.1298,13.9466,35.4198
321.0000,0.1484,-0.9077,-0.6340,250.1298,14.2290,35.5649
332.0000,0.1445,-0.9160,-0.5818,250.1298,14.8550,35.1756
313.0000,0.1450,-0.9009,-0.5459,250.1298,15.6718,34.6718
333.0000,0.1445,-0.9038,-0.5188,250.1298,16.9466,34.1679
321.0000,0.1294,-0.9055,-0.4854,250.1298,18.0916,33.0153
353.0000,0.1238,-0.9250,-0.4478,250.1298,19.0458,32.7023
301.0000,0.1282,-0.9431,-0.4045,250.1298,20.4809,32.0687
313.0000,0.1262,-0.9656,-0.3840,250.1298,23.1221,32.4580
347.0000,0.1260,-0.9780,-0.3535,250.1298,24.9008,32.0076
323.0000,0.1179,-0.9641,-0.3169,250.1298,26.6107,31.9313
332.0000,0.1143,-0.9478,-0.2722,250.1298,27.3817,31.2214
332.0000,0.1157,-0.9568,-0.2468,250.1298,28.4580,29.5954
339.0000,0.1055,-0.9429,-0.2183,250.1298,28.9771,29.3282
344.0000,0.1030,-0.9221,-0.1819,250.1298,29.8779,28.7557
368.0000,0.1091,-0.9531,-0.1475,250.1298,31.3282,26.9160
330.0000,0.0896,-0.9548,-0.0940,250.1298,32.0076,26.8092
333.0000,0.0950,-0.9600,-0.0251,250.1298,33.6641,26.0916
336.0000,0.0977,-0.9763,0.0151,250.1298,36.2901,25.4046
341.0000,0.0938,-0.9971,0.0571,250.1298,36.2748,24.3817
343.0000,0.0984,-0.9790,0.0876,250.1298,37.3435,23.8626
344.0000,0.0808,-0.9324,0.1162,250.1298,36.4351,24.3435
365.0000,0.0959,-0.9856,0.1106,250.1298,40.0763,22.9160
345.0000,0.0752,-1.0474,0.1243,250.1298,41.4580,22.7939
344.0000,0.0625,-1.0278,0.1746,250.1298,40.8397,25.3053
347.0000,0.0854,-0.9622,0.2183,250.1298,43.5802,26.6260
345.0000,0.0864,-0.9424,0.2542,250.1298,45.5802,27.8931
329.0000,0.0813,-0.8904,0.2888,250.1298,44.3969,28.7710
360.0000,0.0881,-0.7563,0.3113,250.1298,45.8931,29.1221
349.0000,0.0723,-0.7014,0.3892,250.1298,44.4656,30.3817
343.0000,0.0627,-0.6145,0.4319,250.1298,45.8931,31.6870
351.0000,0.0627,-0.5254,0.4729,250.1298,48.8626,30.6794
360.0000,0.0491,-0.3503,0.5122,250.1298,49.6107,27.8931
380.0000,0.0320,-0.2219,0.5154,250.1298,47.9847,24.7863
359.0000,-0.0095,-0.1470,0.5212,250.1298,43.4733,18.8779
317.0000,-0.0291,-0.2363,0.5864,250.1298,43.1298,13.3206
383.0000,-0.0557,-0.2212,0.6489,214.6641,40.4580,9.0611
398.0000,-0.0581,-0.3474,0.7488,184.2061,41.6565,5.9618
285.0000,-0.0918,-0.4312,0.8176,167.8473,41.8473,7.9160
329.0000,-0.0898,-0.4775,0.8662,162.4275,43.6718,9.6565
366.0000,-0.1187,-0.4871,0.8862,164.9618,42.0992,11.5267
355.0000,-0.1228,-0.4470,0.8789,166.5649,36.6794,13.0229
411.0000,-0.1240,-0.4009,0.8740,164.9313,31.3740,13.1374
358.0000,-0.1006,-0.2605,0.8579,151.7252,27.1298,12.5954
354.0000,-0.1089,-0.2168,0.8484,134.2214,22.7939,10.3282
342.0000,-0.0981,-0.2129,0.8499,111.2748,18.1832,7.7481
302.0000,-0.0869,-0.1914,0.8594,90.2901,16.2137,5.5725
303.0000,-0.0828,-0.1934,0.8721,64.6107,15.3511,2.7176
406.0000,-0.0918,-0.2554,0.9050,49.1908,10.8473,0.9924
344.0000,-0.0662,-0.3181,0.9233,38.4504,11.8626,0.1069