raw_emg,raw_ax,raw_ay,raw_az,raw_gx,raw_gy,raw_gz
160.0000,0.1992,-0.3906,-1.0750,-2.0916,0.8168,-0.5725
227.0000,0.1931,-0.3940,-1.0713,-2.1832,0.5496,-0.5878
271.0000,0.2043,-0.3889,-1.0610,-2.2366,0.5725,-0.3206
178.0000,0.2007,-0.3889,-1.0647,-2.4962,0.4122,-0.3435
167.0000,0.1963,-0.3933,-1.0667,-2.9847,0.3282,-0.3740
208.0000,0.1912,-0.3833,-1.0652,-3.6641,0.3740,-0.2595
196.0000,0.1997,-0.3916,-1.0688,-4.5191,0.3359,-0.3130
163.0000,0.1987,-0.3953,-1.0596,-4.6107,0.3282,-0.3130
206.0000,0.1995,-0.3945,-1.0713,-4.4046,0.1221,-0.4504
224.0000,0.1987,-0.3923,-1.0732,-4.5954,0.0229,-0.5267
166.0000,0.2014,-0.3911,-1.0708,-4.6641,-0.3435,-0.7405
196.0000,0.2007,-0.3992,-1.0747,-4.2214,0.0076,-0.4809
243.0000,0.2036,-0.4055,-1.0696,-3.5038,0.2595,-0.5954
174.0000,0.1953,-0.3992,-1.0581,-3.0000,0.6641,-0.6870
198.0000,0.1985,-0.3940,-1.0713,-2.4733,0.3893,-0.5267
234.0000,0.1924,-0.3997,-1.0684,-2.0229,0.0000,-0.5267
173.0000,0.1936,-0.4014,-1.0679,-1.3282,-0.1374,-0.6107
194.0000,0.1912,-0.3999,-1.0581,-0.9847,-0.0076,-0.5038
206.0000,0.1953,-0.3992,-1.0671,-0.6870,-0.0382,-0.1298
178.0000,0.1970,-0.3896,-1.0715,-1.3893,-0.3893,-0.3588
197.0000,0.1960,-0.3999,-1.0637,-2.4351,-0.2366,-0.6336
206.0000,0.2000,-0.3979,-1.0681,-3.5649,-0.5420,-0.6947
189.0000,0.2092,-0.3999,-1.0649,-4.3817,-0.5191,-0.6565
200.0000,0.2017,-0.4048,-1.0657,-5.4580,-0.5725,-0.7939
208.0000,0.2036,-0.4060,-1.0664,-5.8244,-0.3893,-0.7481
193.0000,0.2053,-0.4131,-1.0723,-5.3359,-0.2366,-1.2366
198.0000,0.2083,-0.4077,-1.0791,-4.1374,0.0229,-1.1450
222.0000,0.2021,-0.4043,-1.0747,-3.3053,-0.1603,-1.2824
197.0000,0.2056,-0.4048,-1.0718,-2.8702,-0.3359,-1.3206
210.0000,0.2036,-0.3972,-1.0720,-2.0229,-0.2824,-1.3817
225.0000,0.2112,-0.4023,-1.0674,-1.7939,-0.2137,-1.2901
204.0000,0.2112,-0.4006,-1.0737,-2.1985,0.0382,-1.2443
215.0000,0.2156,-0.3892,-1.0654,-2.0534,0.0076,-1.3969
233.0000,0.2166,-0.3911,-1.0779,-2.2137,0.2977,-1.3893
229.0000,0.2126,-0.3906,-1.0715,-2.3130,0.2214,-1.3435
233.0000,0.2175,-0.3860,-1.0605,-3.3130,0.3282,-1.3969
239.0000,0.2148,-0.3779,-1.0691,-4.3817,0.4809,-1.0840
238.0000,0.2073,-0.3914,-1.0801,-5.3893,0.3282,-1.1450
232.0000,0.2073,-0.3965,-1.0837,-6.0916,0.1450,-1.1298
243.0000,0.2051,-0.3921,-1.0728,-6.4275,0.2901,-1.1603
249.0000,0.2046,-0.3894,-1.0791,-6.5115,0.8702,-1.2901
234.0000,0.1990,-0.3992,-1.0713,-5.8626,1.1603,-1.3053
244.0000,0.2017,-0.4038,-1.0820,-4.7786,1.2748,-1.4351
254.0000,0.2024,-0.4016,-1.0781,-3.9313,1.4046,-1.2366
243.0000,0.1997,-0.4004,-1.0874,-2.7634,1.5573,-1.0305
249.0000,0.2002,-0.3997,-1.0784,-1.4122,1.2061,-1.0687
261.0000,0.2029,-0.3960,-1.0698,-0.8931,1.3817,-1.1145
249.0000,0.2043,-0.3901,-1.0762,-0.2061,1.2748,-1.5191
251.0000,0.1948,-0.3926,-1.0630,-0.4275,1.0611,-1.2290
251.0000,0.1970,-0.3911,-1.0662,-2.0305,0.8168,-0.9924
249.0000,0.2002,-0.3916,-1.0664,-3.2290,0.8626,-1.2824
255.0000,0.1914,-0.3843,-1.0708,-4.7252,0.6107,-1.3053
242.0000,0.1909,-0.3994,-1.0728,-6.0382,0.5038,-1.3130
262.0000,0.1907,-0.3950,-1.0642,-6.2748,0.3435,-1.2214
238.0000,0.1931,-0.3943,-1.0696,-5.3969,0.0458,-1.2366
293.0000,0.1985,-0.3987,-1.0588,-4.0992,0.0611,-1.0382
269.0000,0.1965,-0.3992,-1.0667,-2.2519,-0.1756,-1.0458
269.0000,0.1995,-0.4063,-1.0657,-0.2519,-0.3588,-1.0916
268.0000,0.1997,-0.3992,-1.0718,1.8473,-0.6489,-0.7634
264.0000,0.1956,-0.4077,-1.0725,4.2443,-0.8168,-0.8321
270.0000,0.2034,-0.4055,-1.0642,7.1756,-0.5649,-0.7328
271.0000,0.2034,-0.4121,-1.0676,10.4962,-0.7557,-0.2290
275.0000,0.2012,-0.4229,-1.0740,14.9466,-0.8550,0.0534
280.0000,0.2029,-0.4280,-1.0779,21.2901,-1.1679,0.3359
277.0000,0.2019,-0.4490,-1.0789,28.8321,-1.6183,0.8626
282.0000,0.2024,-0.4707,-1.0906,40.0458,-2.1832,1.1374
288.0000,0.2058,-0.4995,-1.0957,55.5573,-3.9618,1.6183
274.0000,0.2087,-0.4934,-1.0862,72.6565,-4.5420,2.4656
277.0000,0.2158,-0.4863,-1.0935,89.6794,-5.4656,2.6031
306.0000,0.2031,-0.5042,-1.0815,108.4809,-6.7710,3.1985
283.0000,0.2063,-0.5156,-1.0813,125.5573,-8.8244,4.6718
292.0000,0.2217,-0.4700,-1.0994,136.1527,-7.3206,5.1527
269.0000,0.1951,-0.5325,-1.0454,146.1450,-8.8321,6.1908
318.0000,0.2290,-0.5591,-1.0723,160.9542,-8.6947,7.3969
292.0000,0.2046,-0.5461,-1.0820,174.3435,-7.4427,9.1374
300.0000,0.2085,-0.6011,-1.0872,187.3435,-6.4504,8.8931
299.0000,0.2031,-0.6599,-1.0833,205.3282,-7.2519,9.4427
257.0000,0.1865,-0.7249,-1.0627,226.1527,-7.5649,9.9160
301.0000,0.1863,-0.7356,-1.0515,247.4733,-7.9389,10.8855
322.0000,0.2031,-0.7415,-1.0403,250.1298,-3.9389,12.1679
287.0000,0.1682,-0.7830,-1.0396,250.1298,-9.6183,11.9084
317.0000,0.1941,-0.7444,-1.0242,250.1298,-7.8015,12.1145
318.0000,0.1975,-0.7690,-1.0071,250.1298,1.2443,11.3435
310.0000,0.1816,-0.8459,-1.0208,250.1298,4.2824,10.3511
294.0000,0.1807,-0.9343,-0.9880,250.1298,4.7863,10.4656
276.0000,0.1887,-0.9958,-0.9453,250.1298,10.4580,11.8550
336.0000,0.1833,-1.0291,-0.9495,250.1298,13.0305,13.5267
322.0000,0.1885,-1.0383,-0.9116,250.1298,11.3206,17.5573
305.0000,0.2214,-0.9812,-0.8721,250.1298,15.6947,19.5878
301.0000,0.2278,-0.9724,-0.8372,250.1298,18.7710,19.5267
298.0000,0.2361,-0.9473,-0.8018,250.1298,20.6412,19.5420
265.0000,0.2502,-0.9199,-0.7390,250.1298,24.7939,19.7328
301.0000,0.2693,-0.9099,-0.6851,250.1298,34.0611,19.0153
375.0000,0.2681,-0.9211,-0.6675,250.1298,41.1374,18.8092
232.0000,0.2256,-1.0706,-0.6479,250.1298,41.6718,16.5802
322.0000,0.2595,-1.1277,-0.6123,250.1298,54.9160,20.0000
324.0000,0.2100,-1.1377,-0.5610,250.1298,56.2290,19.7710
344.0000,0.2029,-1.1453,-0.5129,250.1298,57.4275,21.7023
354.0000,0.2190,-1.1411,-0.4177,250.1298,57.8702,21.7328
365.0000,0.2236,-1.1189,-0.3611,250.1298,59.7481,22.6489
262.0000,0.1958,-1.0310,-0.2839,250.1298,57.2595,23.2824
389.0000,0.2136,-0.9592,-0.2134,250.1298,66.3970,22.9237
279.0000,0.1982,-0.9429,-0.1487,250.1298,70.2443,21.2443
307.0000,0.1890,-0.8440,-0.0984,250.1298,75.4275,20.5114
369.0000,0.1946,-0.8491,-0.0605,250.1298,83.4504,20.0916
299.0000,0.1533,-0.7695,0.0317,250.1298,86.7328,21.4351
604.0000,0.1602,-0.6926,0.1143,250.1298,88.9237,21.0153
298.0000,0.1423,-0.6445,0.1660,250.1298,86.6489,21.5573
248.0000,0.1255,-0.5840,0.1880,250.1298,86.3740,20.2748
388.0000,0.1040,-0.4956,0.2407,250.1298,79.9466,19.8473
333.0000,0.0950,-0.3306,0.3423,250.1298,75.9008,15.5573
303.0000,0.0779,-0.2742,0.4216,250.1298,77.6107,13.5725
327.0000,0.0403,0.0847,0.4790,250.1298,74.2137,8.0992
409.0000,-0.0049,0.1641,0.6062,250.1298,60.4656,-4.0458
259.0000,-0.0044,0.3533,0.6929,250.1298,55.3435,-12.1374
388.0000,-0.0569,0.4756,0.7769,250.1298,55.3130,-21.6947
317.0000,-0.1255,0.4543,0.8372,192.3817,51.1527,-27.4275
202.0000,-0.1775,0.4375,0.8699,118.2290,38.9389,-31.6947
533.0000,-0.1963,0.3713,0.8911,62.6412,29.6489,-33.1756
309.0000,-0.2275,0.1985,0.9553,25.8550,17.6870,-33.4275
325.0000,-0.2266,0.0461,0.9458,5.4122,8.9008,-30.1679
289.0000,-0.2017,-0.1331,0.9580,-0.9466,5.5267,-25.3053
383.0000,-0.1990,-0.2351,0.9595,3.3206,4.9847,-18.1832
350.0000,-0.1738,-0.3000,0.9248,12.3359,2.6260,-11.5267
332.0000,-0.1458,-0.2952,0.9045,24.9542,-1.0382,-4.9313
453.0000,-0.0811,-0.2078,0.8767,36.1908,-3.5878,-1.1679
341.0000,-0.0464,-0.1418,0.8403,43.0611,-7.2748,1.4275
276.0000,-0.0032,-0.0413,0.8433,41.9924,-11.4351,2.5573
403.0000,0.0447,0.0225,0.8508,31.3511,-12.4580,2.5802
326.0000,0.0837,-0.0142,0.8518,12.9008,-9.4351,4.8168
382.0000,0.1084,-0.0183,0.8833,-2.9695,-6.1450,5.0458
304.0000,0.1067,-0.0610,0.8875,-12.2748,-5.8779,5.0000
374.0000,0.1331,-0.0923,0.8967,-17.3588,-5.7176,4.9160
303.0000,0.1484,-0.1211,0.8928,-17.6947,-4.6641,4.1450
328.0000,0.1572,-0.1636,0.8711,-15.6794,-3.6183,3.7023
389.0000,0.1636,-0.1802,0.8437,-12.8702,-2.8473,3.4427
236.0000,0.1558,-0.2104,0.8213,-10.0687,0.5191,3.3130
254.0000,0.1548,-0.2043,0.8091,-7.0992,3.1450,3.4275
482.0000,0.1433,-0.1860,0.8054,-5.6565,4.4275,2.9313
323.0000,0.1318,-0.1938,0.8147,-4.1985,5.1985,2.0153
389.0000,0.1216,-0.1765,0.8062,-3.5725,7.1603,1.8626
243.0000,0.1052,-0.1907,0.8208,-2.3817,7.0840,1.3588
475.0000,0.0977,-0.1548,0.8228,-3.0840,7.6107,0.9008
310.0000,0.0925,-0.1619,0.8396,-4.7863,8.5267,0.5344
335.0000,0.0715,-0.1738,0.8350,-5.8550,8.0382,-0.1832
454.0000,0.0627,-0.1763,0.8462,-5.8168,7.3664,-0.6260
385.0000,0.0530,-0.2061,0.8669,-4.7557,7.2061,-0.9771
344.0000,0.0417,-0.1841,0.8706,-3.6794,6.6260,-0.6260