raw_emg,raw_ax,raw_ay,raw_az,raw_gx,raw_gy,raw_gz
253.0000,0.1262,-0.2979,-1.1233,-2.6947,1.6718,-0.2443
219.0000,0.1218,-0.2986,-1.1106,-2.8626,1.8397,-0.0840
255.0000,0.1226,-0.2971,-1.1138,-2.6412,1.7405,-0.1679
156.0000,0.1226,-0.3005,-1.1150,-1.9771,1.7557,-0.1374
160.0000,0.1228,-0.3040,-1.1104,-1.3511,1.5573,-0.0229
201.0000,0.1238,-0.3054,-1.1174,-0.8473,1.5649,-0.0229
196.0000,0.1267,-0.2976,-1.1145,-0.8931,1.1450,0.3359
162.0000,0.1235,-0.3018,-1.1104,-0.6947,1.3511,0.4427
202.0000,0.1208,-0.3047,-1.1165,-0.5420,1.7863,0.5802
229.0000,0.1208,-0.2988,-1.1157,-0.6565,1.8550,0.6794
165.0000,0.1157,-0.2913,-1.1077,-0.8855,1.7328,0.7023
195.0000,0.1250,-0.3098,-1.1082,-1.3817,1.6794,0.7328
234.0000,0.1157,-0.3040,-1.1160,-1.5725,1.6260,1.0840
173.0000,0.1201,-0.3032,-1.1074,-1.5725,1.7328,1.0916
198.0000,0.1240,-0.3049,-1.1147,-1.7634,1.9008,1.2443
234.0000,0.1238,-0.3108,-1.1074,-1.4351,1.6947,1.4504
183.0000,0.1282,-0.3079,-1.1111,-0.5344,1.4885,1.3893
192.0000,0.1304,-0.3093,-1.1074,0.5115,1.5191,1.6031
206.0000,0.1306,-0.3091,-1.1082,1.7557,1.6794,1.6641
175.0000,0.1326,-0.3052,-1.1011,1.9847,1.9771,1.8931
197.0000,0.1350,-0.2900,-1.1055,0.2366,1.6947,1.7405
203.0000,0.1296,-0.2983,-1.1187,-0.7939,1.7481,1.6031
189.0000,0.1304,-0.3108,-1.1074,-2.0000,1.9389,1.3969
198.0000,0.1318,-0.3066,-1.1089,-2.8244,1.8550,1.7099
206.0000,0.1409,-0.3115,-1.0999,-2.8397,2.1221,1.8092
189.0000,0.1335,-0.3196,-1.1021,-1.7023,2.2061,1.7252
204.0000,0.1287,-0.3164,-1.1084,0.1069,1.7863,1.8626
220.0000,0.1399,-0.3130,-1.1018,1.7481,1.5725,1.6641
195.0000,0.1396,-0.3076,-1.1082,2.2901,0.6870,1.7252
201.0000,0.1301,-0.3054,-1.1018,1.9237,0.5878,1.7328
225.0000,0.1362,-0.3154,-1.1045,1.3969,0.3893,1.4351
207.0000,0.1426,-0.3152,-1.1042,1.3053,0.5649,1.4275
214.0000,0.1394,-0.3154,-1.0945,1.6489,0.9542,1.3740
233.0000,0.1428,-0.3225,-1.0977,2.2137,0.7863,1.2595
225.0000,0.1362,-0.3191,-1.1052,3.1221,0.4198,1.4275
234.0000,0.1379,-0.3369,-1.1062,4.6565,-0.0076,1.3053
235.0000,0.1440,-0.3357,-1.1028,6.8092,-0.2748,1.3359
236.0000,0.1353,-0.3357,-1.1067,8.7405,-0.0153,1.5878
231.0000,0.1338,-0.3372,-1.1077,10.5344,-0.2061,1.5573
240.0000,0.1328,-0.3398,-1.1135,12.9466,-0.7252,1.3664
242.0000,0.1367,-0.3440,-1.1033,16.2824,-1.1832,1.4580
239.0000,0.1460,-0.3533,-1.1055,20.5954,-1.4275,1.3588
246.0000,0.1331,-0.3604,-1.1096,26.0305,-1.4962,1.6183
248.0000,0.1443,-0.3708,-1.1013,31.9084,-1.8931,1.8626
233.0000,0.1523,-0.3806,-1.1187,40.0687,-1.9695,1.4809
257.0000,0.1431,-0.3884,-1.1240,48.8244,-2.0534,1.2290
246.0000,0.1628,-0.4519,-1.1284,64.6947,-4.1374,1.1756
250.0000,0.1460,-0.4431,-1.1155,79.1298,-4.7023,0.9084
256.0000,0.1357,-0.4834,-1.1104,96.2595,-5.8244,0.8321
264.0000,0.1260,-0.4729,-1.1006,113.6947,-9.0916,2.3588
250.0000,0.1575,-0.4407,-1.1074,127.0687,-10.4122,3.1908
255.0000,0.1306,-0.4338,-1.1196,132.6565,-8.9618,3.4962
264.0000,0.1218,-0.4500,-1.0952,136.2061,-9.2366,3.6947
255.0000,0.1287,-0.4634,-1.1047,138.8092,-9.5573,4.5115
267.0000,0.1655,-0.4539,-1.0937,139.8779,-7.1069,3.7328
230.0000,0.1497,-0.4949,-1.0708,143.4427,-5.2672,2.8397
272.0000,0.1226,-0.5493,-1.0605,152.2824,-5.3206,3.0687
271.0000,0.1331,-0.5901,-1.0679,167.7939,-6.4656,3.4580
266.0000,0.1299,-0.6414,-1.0637,188.4656,-7.1145,4.2061
266.0000,0.1377,-0.7200,-1.0535,214.5420,-8.4580,4.4809
250.0000,0.1230,-0.7710,-1.0535,244.4886,-9.2137,6.3435
258.0000,0.1194,-0.8188,-1.0300,250.1298,-10.1908,9.1527
268.0000,0.1353,-0.8164,-1.0266,250.1298,-10.5802,11.9237
270.0000,0.1323,-0.7871,-1.0093,250.1298,-9.9313,15.1298
265.0000,0.1416,-0.7664,-1.0098,250.1298,-9.3588,18.3359
273.0000,0.1482,-0.7612,-1.0093,250.1298,-7.6412,21.0076
285.0000,0.1531,-0.7478,-1.0037,250.1298,-5.9466,23.8244
285.0000,0.1562,-0.7749,-0.9900,250.1298,-1.8626,25.0458
277.0000,0.1492,-0.8174,-0.9531,250.1298,3.1298,26.3740
269.0000,0.1577,-0.8264,-0.9204,250.1298,8.3206,29.2901
292.0000,0.1497,-0.8547,-0.8823,250.1298,12.6336,31.1756
285.0000,0.1458,-0.8792,-0.8384,250.1298,15.7634,32.5267
286.0000,0.1350,-0.9333,-0.8215,250.1298,18.3282,33.0382
283.0000,0.1292,-0.9646,-0.7498,250.1298,21.5954,35.8092
307.0000,0.1282,-0.9495,-0.6912,250.1298,26.2214,37.5725
291.0000,0.1267,-0.9312,-0.6660,250.1298,31.4962,38.8092
271.0000,0.1060,-0.9592,-0.6230,250.1298,33.9313,39.5344
293.0000,0.1104,-0.9282,-0.6011,250.1298,38.4504,40.3282
301.0000,0.1099,-0.9600,-0.5457,250.1298,43.2824,39.8550
279.0000,0.1116,-0.9204,-0.5354,250.1298,50.3130,41.1679
311.0000,0.0972,-0.9805,-0.4626,250.1298,54.9695,39.9466
273.0000,0.0923,-0.9375,-0.4063,250.1298,59.6489,40.7557
283.0000,0.0808,-0.9419,-0.3289,250.1298,63.8244,39.9237
343.0000,0.0571,-0.9316,-0.2664,250.1298,68.4962,40.0458
274.0000,0.0547,-0.9451,-0.2100,250.1298,70.5191,39.2672
281.0000,0.0515,-0.9268,-0.1614,250.1298,74.6947,39.7023
278.0000,0.0425,-0.9348,-0.1016,250.1298,77.6947,38.5496
346.0000,0.0249,-0.8809,-0.0444,250.1298,78.8168,37.5344
216.0000,0.0239,-0.8594,0.0195,250.1298,80.1145,35.1374
303.0000,0.0317,-0.8271,0.0872,250.1298,84.2824,33.8779
344.0000,0.0039,-0.8447,0.1663,250.1298,84.2443,31.9160
277.0000,-0.0039,-0.8206,0.2397,250.1298,84.2214,31.7634
344.0000,-0.0103,-0.8547,0.3152,250.1298,84.4580,29.7481
291.0000,-0.0164,-0.8284,0.3550,250.1298,87.6183,29.3435
442.0000,-0.0322,-0.7520,0.3906,250.1298,85.6489,31.9237
296.0000,-0.0532,-0.7297,0.4182,250.1298,83.1603,31.7710
304.0000,-0.0410,-0.6487,0.4270,250.1298,81.2672,31.9084
389.0000,-0.0344,-0.4651,0.4685,250.1298,81.1298,31.5191
209.0000,-0.0430,-0.3613,0.4456,250.1298,82.0992,29.5496
439.0000,-0.0532,-0.2461,0.4678,250.1298,78.3817,24.1985
237.0000,-0.1018,-0.1653,0.5120,250.1298,71.9084,18.6107
379.0000,-0.1123,-0.0361,0.5557,250.1298,70.5191,14.4885
357.0000,-0.1477,0.0317,0.5981,250.1298,63.6107,7.8168
311.0000,-0.1531,0.0837,0.6196,228.9160,61.7939,3.0153
62.0000,-0.2222,0.1360,0.6794,176.6107,52.4580,-2.2748
462.0000,-0.2336,0.1045,0.7642,126.0992,50.6183,-6.8092
445.0000,-0.2820,0.0156,0.8308,85.0840,44.9084,-10.6870
254.0000,-0.3020,-0.0447,0.9150,57.5725,37.5573,-12.3588
208.0000,-0.3008,-0.1353,0.9736,38.6718,34.2672,-13.1908
385.0000,-0.3196,-0.1921,1.0220,34.0458,27.9695,-12.9160
163.0000,-0.3049,-0.2534,1.0183,35.5802,23.0000,-12.2977
368.0000,-0.2732,-0.2451,1.0264,36.6947,20.1832,-10.8855
274.0000,-0.2786,-0.2100,0.9727,40.7328,14.3511,-9.6336
406.0000,-0.2429,-0.1941,0.9336,41.0534,10.9084,-8.4580
300.0000,-0.2109,-0.1809,0.8999,39.9466,6.9466,-8.4427
296.0000,-0.2063,-0.1221,0.8730,32.6947,2.8397,-7.4580
409.0000,-0.1641,-0.1345,0.8853,26.4275,2.0534,-7.6412
289.0000,-0.1360,-0.1570,0.8860,19.9542,2.3282,-6.7405
400.0000,-0.1365,-0.1575,0.9009,13.6336,2.0916,-6.4962
332.0000,-0.1206,-0.1611,0.9097,7.9924,2.7176,-6.2366
418.0000,-0.1023,-0.1763,0.9041,6.3893,2.6489,-6.0153
309.0000,-0.0991,-0.1980,0.8982,7.3282,1.6336,-5.2137
431.0000,-0.0925,-0.2285,0.8953,10.3664,1.0153,-4.8855
388.0000,-0.0852,-0.1650,0.8606,9.7252,1.6718,-3.9618