raw_emg,raw_ax,raw_ay,raw_az,raw_gx,raw_gy,raw_gz
199.0000,0.2046,-0.1816,-1.1265,-2.4198,-0.3282,0.4504
189.0000,0.2078,-0.1794,-1.1396,-2.7557,0.3282,0.6489
187.0000,0.2061,-0.1821,-1.1387,-2.8092,0.1832,0.8092
178.0000,0.2019,-0.1877,-1.1392,-2.9313,-0.0763,0.7328
185.0000,0.2009,-0.1799,-1.1270,-3.7252,0.5267,0.5649
179.0000,0.1956,-0.1858,-1.1523,-4.1374,0.1527,0.5191
189.0000,0.1978,-0.1960,-1.1431,-4.0076,-0.1145,0.4351
189.0000,0.2090,-0.1990,-1.1470,-2.9924,-0.1679,0.3664
191.0000,0.2039,-0.2031,-1.1372,-1.6565,0.4198,0.6565
195.0000,0.2068,-0.1877,-1.1279,-1.0153,0.7786,0.6565
192.0000,0.2024,-0.1870,-1.1440,-0.9084,0.7786,0.4809
202.0000,0.1982,-0.1865,-1.1438,-0.7710,0.5649,0.4198
199.0000,0.2041,-0.1860,-1.1384,-1.6489,0.9237,0.5496
198.0000,0.2048,-0.1809,-1.1411,-2.4198,1.5802,0.4275
206.0000,0.2024,-0.1792,-1.1465,-3.3282,1.5191,0.3740
205.0000,0.1975,-0.1821,-1.1387,-3.9771,0.9389,0.2290
203.0000,0.2024,-0.1921,-1.1338,-4.3359,0.9924,0.3588
209.0000,0.2085,-0.1929,-1.1265,-3.7863,1.4427,0.2977
206.0000,0.2065,-0.1897,-1.1257,-3.4733,1.7557,0.5496
210.0000,0.2014,-0.1926,-1.1421,-2.7939,1.1756,0.5496
212.0000,0.2002,-0.1948,-1.1331,-1.9847,0.9389,0.5573
211.0000,0.2048,-0.1934,-1.1204,-1.8779,1.2672,0.6947
214.0000,0.2043,-0.1790,-1.1265,-2.3053,1.2443,0.5191
223.0000,0.1980,-0.1858,-1.1353,-2.8321,1.5115,0.4733
217.0000,0.1946,-0.1877,-1.1248,-3.0534,0.9771,0.0076
226.0000,0.2070,-0.1912,-1.1216,-4.1603,1.2061,0.1069
223.0000,0.1931,-0.1858,-1.1296,-4.4656,1.8321,-0.0916
222.0000,0.1963,-0.1968,-1.1272,-4.5115,1.6718,-0.1756
231.0000,0.2024,-0.1821,-1.1328,-5.6794,1.7939,-0.1450
228.0000,0.1995,-0.1855,-1.1296,-5.7786,1.6260,-0.4046
230.0000,0.1963,-0.1982,-1.1350,-5.3740,0.8931,-0.3893
237.0000,0.1946,-0.2014,-1.1304,-5.0534,0.6031,-0.3511
236.0000,0.1978,-0.2004,-1.1348,-4.2366,0.3206,-0.6565
234.0000,0.1980,-0.1956,-1.1357,-3.2672,-0.3130,-0.3053
238.0000,0.2014,-0.1960,-1.1296,-2.6336,-0.6260,-0.3282
239.0000,0.2014,-0.1890,-1.1284,-2.4046,-0.2366,-0.3435
241.0000,0.2012,-0.1775,-1.1292,-2.8855,-0.0229,-0.4351
242.0000,0.1968,-0.1833,-1.1304,-3.5191,0.0763,-0.5649
246.0000,0.2019,-0.1912,-1.1260,-3.7099,-0.1985,-0.4733
248.0000,0.2078,-0.1995,-1.1311,-3.6031,0.2519,-0.3817
245.0000,0.2019,-0.1946,-1.1167,-3.1298,0.2519,-0.2901
251.0000,0.2012,-0.1824,-1.1306,-3.3359,0.1603,-0.3740
250.0000,0.2092,-0.1829,-1.1296,-3.6870,0.2214,-0.5954
251.0000,0.2102,-0.1934,-1.1260,-3.9618,-0.2061,-0.8321
254.0000,0.2056,-0.2004,-1.1365,-4.2672,0.0687,-0.7863
256.0000,0.2043,-0.2009,-1.1265,-3.8473,0.2214,-0.8779
255.0000,0.2092,-0.2100,-1.1272,-3.3053,-0.0687,-0.7786
256.0000,0.2043,-0.2021,-1.1321,-1.9618,-0.3588,-0.7099
261.0000,0.2107,-0.1970,-1.1289,-1.1908,-0.1069,-0.6718
266.0000,0.2002,-0.1924,-1.1323,-0.6870,-0.2061,-0.9695
261.0000,0.2070,-0.1963,-1.1313,-0.1985,-0.6336,-1.0229
264.0000,0.2078,-0.2058,-1.1240,0.5267,-0.2672,-1.0534
269.0000,0.1982,-0.2061,-1.1348,1.1527,0.3511,-1.0916
268.0000,0.2002,-0.2051,-1.1338,2.1069,-0.1298,-1.0611
268.0000,0.2024,-0.2034,-1.1326,4.4198,-0.1450,-1.2214
264.0000,0.2136,-0.2034,-1.1370,6.6718,-0.3664,-1.3664
275.0000,0.2012,-0.2090,-1.1350,8.5115,-0.3588,-1.3588
265.0000,0.2085,-0.1987,-1.1313,10.4046,-0.7176,-1.8092
265.0000,0.2183,-0.1985,-1.1455,13.0305,-0.5496,-1.7099
313.0000,0.2053,-0.2163,-1.1482,17.6565,-1.1756,-1.9084
215.0000,0.2190,-0.2520,-1.1543,27.7176,-2.3969,-2.0458
323.0000,0.1943,-0.2244,-1.1575,36.7634,-4.3435,-2.7176
316.0000,0.1904,-0.2971,-1.1589,50.6412,-5.4427,-1.8092
282.0000,0.1760,-0.4041,-1.1641,68.7176,-8.2824,-2.4198
278.0000,0.1860,-0.4641,-1.1736,93.1527,-9.9084,-1.0534
302.0000,0.1890,-0.4988,-1.1860,119.3817,-10.0458,0.5267
267.0000,0.1914,-0.5076,-1.1978,147.1756,-10.6718,2.5496
288.0000,0.1899,-0.4980,-1.1992,173.2443,-12.6870,4.0229
291.0000,0.1960,-0.4875,-1.2031,197.9313,-13.4504,4.6794
306.0000,0.2068,-0.4897,-1.1953,221.5954,-16.0763,5.9466
291.0000,0.2317,-0.5127,-1.1787,244.9389,-17.3206,6.6870
287.0000,0.2158,-0.5220,-1.1877,250.1298,-16.0992,7.8015
290.0000,0.2339,-0.5037,-1.1953,250.1298,-14.6641,8.6260
296.0000,0.2209,-0.5244,-1.1875,250.1298,-14.7481,10.2595
282.0000,0.2236,-0.5483,-1.1982,250.1298,-15.1756,12.0763
278.0000,0.2212,-0.5845,-1.1863,250.1298,-14.6870,14.2519
328.0000,0.2183,-0.6118,-1.1794,250.1298,-13.9695,16.7252
321.0000,0.2266,-0.6453,-1.1616,250.1298,-13.3206,20.1145
292.0000,0.2222,-0.6829,-1.1399,250.1298,-12.7328,23.3130
286.0000,0.2156,-0.6882,-1.1101,250.1298,-11.5878,27.2290
304.0000,0.2119,-0.7227,-1.0942,250.1298,-9.4733,30.9847
297.0000,0.2097,-0.7749,-1.0645,250.1298,-7.6718,34.5954
252.0000,0.2100,-0.7729,-1.0532,250.1298,-6.4962,38.9771
364.0000,0.2007,-0.8364,-1.0151,250.1298,-4.0916,42.4198
311.0000,0.2012,-0.8437,-0.9912,250.1298,-1.5573,45.4962
315.0000,0.2034,-0.8735,-0.9563,250.1298,0.9618,47.0305
290.0000,0.1985,-0.8694,-0.9414,250.1298,3.0305,47.9695
323.0000,0.1904,-0.9116,-0.9106,250.1298,5.8779,48.3359
308.0000,0.1870,-0.9604,-0.8918,250.1298,8.7710,48.8168
308.0000,0.1753,-0.9414,-0.8665,250.1298,12.9695,50.7634
386.0000,0.1584,-0.9343,-0.8296,250.1298,17.8702,52.1527
310.0000,0.1599,-0.9375,-0.7852,250.1298,22.3206,53.5038
331.0000,0.1487,-0.9851,-0.7310,250.1298,25.7710,52.9389
302.0000,0.1772,-0.9917,-0.6765,250.1298,35.1908,54.2672
327.0000,0.1541,-0.8921,-0.6365,250.1298,35.6870,53.8397
369.0000,0.1799,-0.8408,-0.5352,250.1298,44.2901,52.4351
309.0000,0.1523,-0.8525,-0.4683,250.1298,53.1450,50.0992
408.0000,0.1130,-0.8708,-0.4031,250.1298,51.5038,45.9389
320.0000,0.1348,-0.8330,-0.2866,250.1298,55.2366,43.1603
377.0000,0.1228,-0.7922,-0.1960,250.1298,62.1450,42.2977
251.0000,0.0889,-0.7954,-0.1272,250.1298,66.4122,39.3969
290.0000,0.0571,-0.7666,-0.0359,250.1298,65.4809,38.3740
317.0000,0.0779,-0.7046,0.0647,250.1298,68.8092,37.7252
364.0000,0.0771,-0.6396,0.1194,250.1298,72.3664,37.2519
310.0000,0.0454,-0.5713,0.1853,250.1298,70.4504,35.2595
260.0000,0.0178,-0.4763,0.2488,250.1298,67.3511,31.6107
239.0000,0.0100,-0.3242,0.3203,250.1298,65.7710,26.9466
343.0000,-0.0361,-0.2712,0.4058,250.1298,60.2595,20.5114
308.0000,-0.0269,-0.2522,0.4946,250.1298,64.0076,15.2748
387.0000,-0.0735,-0.1902,0.5645,250.1298,68.8092,12.7252
327.0000,-0.1006,-0.1814,0.6248,250.1298,70.3664,8.7405
346.0000,-0.1409,-0.1636,0.6819,250.1298,68.1298,8.4198
330.0000,-0.1636,-0.0896,0.7256,241.1756,65.8473,7.0382
177.0000,-0.1982,-0.1150,0.7542,206.7405,56.4198,3.7328
403.0000,-0.2126,-0.0635,0.7683,172.9847,46.1298,2.0763
396.0000,-0.2078,-0.0698,0.8289,135.9084,43.0229,0.5420
324.0000,-0.2417,-0.0706,0.8406,101.2366,39.1450,-0.2519
367.0000,-0.2498,-0.1182,0.8479,71.4428,32.5878,-0.2137
345.0000,-0.2314,-0.1274,0.8762,46.2901,26.8321,0.2748
335.0000,-0.2109,-0.1904,0.8997,28.8244,23.9771,-0.0611
439.0000,-0.2063,-0.2273,0.9377,18.5802,18.8168,0.7786
351.0000,-0.1711,-0.2844,0.9631,13.8855,14.6641,0.5344
307.0000,-0.1643,-0.3203,0.9851,13.7634,11.6870,1.3206
432.0000,-0.1321,-0.2793,0.9651,11.6641,9.8397,1.6107
354.0000,-0.1064,-0.2942,0.9478,11.4351,7.2901,1.2290
389.0000,-0.0901,-0.2676,0.9333,11.5496,4.6641,0.6336
387.0000,-0.0710,-0.2703,0.9280,11.7710,3.6718,-1.0458
306.0000,-0.0496,-0.3149,0.9082,13.0382,3.0000,-1.5573
368.0000,-0.0430,-0.2861,0.9072,10.9542,3.0763,-2.1450
264.0000,-0.0381,-0.2947,0.8921,7.0992,4.5191,-2.9466
394.0000,-0.0313,-0.3037,0.8735,6.5267,3.7176,-3.9618
324.0000,-0.0208,-0.3208,0.8479,5.5954,3.8550,-5.0000
302.0000,-0.0176,-0.3152,0.8459,4.0840,3.7176,-5.2901
394.0000,-0.0208,-0.3188,0.8240,3.0076,3.1756,-5.9924
457.0000,-0.0117,-0.3191,0.8088,3.2137,2.5878,-6.7176
335.0000,-0.0146,-0.3513,0.8105,4.8779,2.4351,-6.9924
424.0000,-0.0190,-0.3440,0.8293,5.7405,2.9313,-6.9466
388.0000,-0.0205,-0.3323,0.8433,6.8702,3.0916,-7.2595
343.0000,-0.0232,-0.3152,0.8420,7.5649,3.0305,-7.3206
231.0000,-0.0249,-0.3132,0.8362,7.4504,3.3664,-6.9542
421.0000,-0.0359,-0.3147,0.8467,7.0534,3.2595,-7.1221
338.0000,-0.0422,-0.3093,0.8396,5.8321,2.7481,-6.3435
338.0000,-0.0432,-0.3142,0.8315,4.0687,2.0916,-5.9313
445.0000,-0.0503,-0.3108,0.8091,2.8702,1.4198,-5.3130
376.0000,-0.0442,-0.3152,0.8154,0.8626,1.3130,-4.6336
346.0000,-0.0459,-0.3093,0.8203,-0.9924,0.9542,-3.9542
346.0000,-0.0469,-0.3281,0.8154,-1.7710,1.0840,-2.8092