raw_emg,raw_ax,raw_ay,raw_az,raw_gx,raw_gy,raw_gz
4.0000,0.0408,-0.2388,0.8733,-4.4122,0.6336,-0.7481
4.0000,0.0413,-0.2434,0.8904,-4.5649,0.7710,-0.5344
5.0000,0.0330,-0.2427,0.8855,-4.8397,0.6260,-0.4962
4.0000,0.0396,-0.2439,0.8760,-4.4656,0.6565,-0.5038
5.0000,0.0425,-0.2400,0.8835,-4.3053,0.4809,-0.5191
109.0000,0.0244,-0.2446,0.8762,-4.3359,0.2824,-0.4656
45.0000,0.0376,-0.2439,0.8804,-3.9771,0.2672,-0.3053
128.0000,0.0327,-0.2439,0.8757,-4.0992,0.3359,-0.0840
249.0000,0.0334,-0.2461,0.8752,-4.1298,0.1298,-0.0611
98.0000,0.0398,-0.2437,0.8762,-4.2824,0.0611,0.0458
153.0000,0.0327,-0.2437,0.8689,-4.6107,0.1298,0.1221
252.0000,0.0396,-0.2476,0.8760,-4.3130,-0.0229,0.1374
119.0000,0.0417,-0.2407,0.8667,-4.0840,-0.0305,0.2137
174.0000,0.0391,-0.2419,0.8652,-4.0534,0.0076,0.1298
195.0000,0.0349,-0.2441,0.8804,-4.0382,0.2137,0.5191
201.0000,0.0298,-0.2400,0.8721,-4.1832,0.3053,0.6565
186.0000,0.0364,-0.2463,0.8689,-4.2519,0.2443,0.5802
215.0000,0.0322,-0.2515,0.8777,-4.2824,0.3435,0.6260
183.0000,0.0330,-0.2490,0.8875,-4.4351,0.2443,0.5038
209.0000,0.0288,-0.2537,0.8750,-4.5038,-0.0153,0.6718
209.0000,0.0327,-0.2515,0.8833,-4.5954,0.2290,0.6565
203.0000,0.0347,-0.2527,0.8757,-4.5191,0.0458,0.6412
189.0000,0.0325,-0.2515,0.8789,-4.3511,-0.0611,0.6183
215.0000,0.0315,-0.2568,0.8821,-4.3435,0.0305,0.8931
215.0000,0.0400,-0.2571,0.8738,-4.0840,0.1603,0.7023
196.0000,0.0295,-0.2485,0.8770,-4.0840,0.0382,0.7023
187.0000,0.0327,-0.2454,0.8735,-3.8550,0.1374,0.6260
238.0000,0.0303,-0.2493,0.8745,-4.1145,0.0534,0.5725
222.0000,0.0381,-0.2563,0.8821,-4.0840,-0.0763,0.6031
238.0000,0.0315,-0.2566,0.8718,-4.1527,0.2290,0.5573
240.0000,0.0291,-0.2583,0.8760,-4.0458,0.2595,0.6336
205.0000,0.0295,-0.2576,0.8809,-3.8473,0.1832,0.5878
205.0000,0.0447,-0.2563,0.8723,-4.0000,0.0534,0.6565
253.0000,0.0308,-0.2537,0.8696,-4.4046,-0.0916,0.3206
207.0000,0.0334,-0.2554,0.8711,-4.7939,-0.0534,0.3588
218.0000,0.0308,-0.2563,0.8708,-5.0000,-0.0458,0.5115
253.0000,0.0310,-0.2622,0.8665,-4.6794,0.0534,0.5344
235.0000,0.0273,-0.2583,0.8740,-4.4580,0.2443,0.3664
226.0000,0.0381,-0.2502,0.8818,-4.3282,0.2214,0.4733
243.0000,0.0349,-0.2656,0.8696,-4.0076,0.2366,0.1908
281.0000,0.0269,-0.2634,0.8770,-3.9084,0.5038,0.0458
258.0000,0.0374,-0.2673,0.8752,-3.7176,0.5878,0.0916
239.0000,0.0354,-0.2644,0.8792,-3.4351,0.6947,0.0687
244.0000,0.0315,-0.2620,0.8879,-3.7328,0.8168,-0.1527
246.0000,0.0300,-0.2593,0.8804,-3.2901,0.7405,-0.2748
300.0000,0.0352,-0.2607,0.8855,-2.9771,0.5344,-0.5344
234.0000,0.0283,-0.2625,0.8835,-3.2061,0.8931,-0.7023
247.0000,0.0371,-0.2607,0.8774,-3.1221,0.7863,-0.6641
257.0000,0.0288,-0.2561,0.8748,-3.3893,0.7863,-0.4275
247.0000,0.0388,-0.2681,0.8667,-3.1145,0.6718,-0.7405
289.0000,0.0334,-0.2581,0.8787,-2.9771,0.7328,-0.8550
263.0000,0.0388,-0.2603,0.8708,-2.9237,0.8931,-0.8702
253.0000,0.0364,-0.2527,0.8735,-3.1374,0.7634,-0.9847
275.0000,0.0376,-0.2563,0.8694,-3.4351,0.7328,-1.0229
236.0000,0.0356,-0.2649,0.8728,-3.8092,0.8779,-0.9924
259.0000,0.0366,-0.2595,0.8716,-3.7939,1.0382,-0.8015
264.0000,0.0325,-0.2600,0.8726,-3.7328,0.8702,-0.8473
231.0000,0.0337,-0.2522,0.8662,-3.6641,0.8397,-0.7863
286.0000,0.0337,-0.2549,0.8713,-3.5496,0.8321,-0.7710
299.0000,0.0405,-0.2568,0.8845,-3.9771,0.6718,-0.6718
270.0000,0.0339,-0.2544,0.8743,-4.2061,0.5344,-0.5573
275.0000,0.0283,-0.2537,0.8733,-4.3130,0.3817,-0.4504
266.0000,0.0383,-0.2522,0.8657,-4.2748,0.4809,-0.2977
267.0000,0.0325,-0.2520,0.8665,-3.8702,0.3511,-0.4198
304.0000,0.0266,-0.2534,0.8752,-3.6489,0.3435,-0.3359
285.0000,0.0291,-0.2561,0.8733,-3.3282,0.4962,-0.5344
287.0000,0.0317,-0.2664,0.8743,-3.3206,0.3969,-0.6260
277.0000,0.0371,-0.2607,0.8657,-3.4046,0.4809,-0.3511
306.0000,0.0305,-0.2600,0.8728,-3.4580,0.6412,-0.4656
276.0000,0.0276,-0.2605,0.8699,-3.5038,0.9160,-0.3511
294.0000,0.0251,-0.2600,0.8669,-3.5267,0.5802,-0.6947
274.0000,0.0195,-0.2595,0.8691,-3.3511,0.6183,-0.7328
293.0000,0.0249,-0.2603,0.8755,-3.3969,0.6031,-0.6870
287.0000,0.0313,-0.2595,0.8691,-3.3435,0.8550,-0.4122
303.0000,0.0320,-0.2661,0.8760,-3.3511,0.8168,-0.4733
294.0000,0.0210,-0.2534,0.8740,-3.4733,0.9008,-0.6031
295.0000,0.0300,-0.2603,0.8677,-3.2672,0.7023,-0.7634
285.0000,0.0273,-0.2571,0.8633,-3.0916,0.8626,-0.6183
321.0000,0.0313,-0.2512,0.8723,-3.0992,0.8473,-0.5954
295.0000,0.0266,-0.2563,0.8689,-3.0763,0.8092,-0.6412
306.0000,0.0291,-0.2600,0.8762,-3.1527,0.7481,-0.4962
294.0000,0.0251,-0.2585,0.8860,-3.1603,0.9008,-0.7405
297.0000,0.0308,-0.2507,0.8770,-3.1908,0.9542,-0.6947
278.0000,0.0327,-0.2551,0.8743,-3.2519,0.8550,-0.5649
300.0000,0.0293,-0.2581,0.8745,-3.4122,0.7252,-0.5267
279.0000,0.0315,-0.2556,0.8706,-3.6336,0.7176,-0.4351
307.0000,0.0388,-0.2537,0.8721,-3.6489,0.7481,-0.5573
319.0000,0.0325,-0.2551,0.8789,-3.4504,0.6718,-0.7176
289.0000,0.0371,-0.2622,0.8789,-3.2443,0.7863,-0.6565
336.0000,0.0356,-0.2607,0.8772,-2.9618,0.6489,-0.4962
335.0000,0.0352,-0.2615,0.8789,-2.6794,0.6565,-0.4198
304.0000,0.0405,-0.2649,0.8823,-2.2595,0.3511,-0.5725
288.0000,0.0454,-0.2759,0.9006,-1.1374,-0.0687,-0.7634
308.0000,0.0425,-0.2698,0.9131,0.2443,-0.0611,-1.0000
285.0000,0.0388,-0.2749,0.9299,2.0305,-0.8931,-1.5267
330.0000,0.0398,-0.2925,0.9458,4.1603,-2.1985,-2.5802
334.0000,0.0244,-0.2944,0.9717,6.3969,-4.1145,-2.6870
313.0000,0.0046,-0.2971,1.0244,8.5725,-5.9008,-3.3435
350.0000,-0.0149,-0.3069,1.0647,9.9618,-9.0687,-3.9008
313.0000,-0.0417,-0.2856,1.0833,10.6336,-13.3588,-3.8321
277.0000,-0.0598,-0.2773,1.1094,9.7481,-18.2901,-3.5802
365.0000,-0.0669,-0.2664,1.1326,7.6031,-22.7405,-3.1832
298.0000,-0.0786,-0.2551,1.1565,4.3130,-27.7634,-3.0229
328.0000,-0.0923,-0.2515,1.1763,-0.3282,-34.0840,-3.0076
284.0000,-0.0920,-0.2625,1.2197,-6.1908,-40.5420,-3.3511
363.0000,-0.1069,-0.2942,1.2542,-10.9466,-47.4580,-3.9618
346.0000,-0.0938,-0.2910,1.2744,-14.4885,-54.8855,-4.0687
366.0000,-0.0798,-0.2878,1.2751,-19.4885,-62.9160,-5.4427
282.0000,-0.0586,-0.3035,1.3010,-21.9389,-69.9084,-6.3359
426.0000,-0.0457,-0.3352,1.3130,-22.6260,-76.5267,-7.5649
354.0000,-0.0220,-0.3318,1.3127,-23.6870,-83.4046,-8.4427
339.0000,-0.0042,-0.3430,1.3411,-23.3053,-89.5344,-9.6336
369.0000,0.0049,-0.3784,1.3691,-20.1527,-95.1069,-10.8397
330.0000,0.0059,-0.3972,1.3787,-15.0382,-101.4886,-11.6260
322.0000,0.0044,-0.3857,1.3474,-9.4122,-109.1603,-12.4733
370.0000,0.0205,-0.3765,1.2837,-4.6641,-116.3588,-13.5725
359.0000,0.0457,-0.3516,1.2439,-2.1832,-123.1756,-13.6107
297.0000,0.0627,-0.3496,1.2278,-2.4198,-129.8626,-14.2366
376.0000,0.0815,-0.3337,1.2056,-2.5496,-136.7557,-14.1756
268.0000,0.0984,-0.3071,1.1797,-5.5725,-142.7633,-13.7099
389.0000,0.1201,-0.2891,1.1680,-9.3359,-148.4580,-13.7634
324.0000,0.1499,-0.2874,1.1519,-10.3435,-152.9771,-13.9771
345.0000,0.1692,-0.2722,1.1548,-10.2290,-157.5496,-13.6565
288.0000,0.1733,-0.2739,1.1541,-9.2672,-162.0534,-13.7939
381.0000,0.1807,-0.2759,1.1589,-8.8550,-166.5343,-13.3588
307.0000,0.1624,-0.2759,1.1458,-5.5802,-171.6031,-13.2748
281.0000,0.1843,-0.2832,1.1260,-2.5191,-174.6794,-12.2519
473.0000,0.1831,-0.2568,1.0613,-2.2214,-178.2519,-10.8321
352.0000,0.1987,-0.2644,1.0173,-1.0153,-182.4046,-10.3053
337.0000,0.2200,-0.2759,0.9629,-0.2595,-185.4427,-9.2290
364.0000,0.2451,-0.2593,0.9238,-0.9771,-188.6107,-8.9313
323.0000,0.2595,-0.2466,0.8962,-3.4351,-191.5878,-9.0916
362.0000,0.2556,-0.2803,0.8625,-3.6260,-193.9695,-9.0840
366.0000,0.2734,-0.2839,0.8318,-1.2824,-197.0153,-8.8473
279.0000,0.2925,-0.2554,0.7578,-0.6718,-199.9466,-9.0763
373.0000,0.3242,-0.2590,0.6924,-0.6336,-201.6488,-9.0840
355.0000,0.3579,-0.2554,0.6563,0.6412,-202.5802,-9.3740
306.0000,0.3633,-0.2725,0.6675,2.0687,-204.1298,-9.4275
379.0000,0.3772,-0.2686,0.6821,4.1374,-204.2137,-9.5725
337.0000,0.3882,-0.2695,0.6570,6.7557,-203.3969,-8.9160
291.0000,0.4031,-0.2473,0.6042,9.4809,-203.1145,-9.0534
445.0000,0.4365,-0.2390,0.5828,11.5573,-202.0382,-9.1908
373.0000,0.4568,-0.2747,0.5652,17.1603,-199.5114,-9.8015
345.0000,0.4707,-0.2651,0.5488,21.9466,-197.3817,-9.4809
322.0000,0.4658,-0.2466,0.5327,24.3817,-194.1832,-9.4198
413.0000,0.4807,-0.2488,0.4834,26.5802,-191.5191,-8.3130
350.0000,0.4907,-0.2153,0.4189,29.1985,-188.8931,-7.9924
312.0000,0.5005,-0.2224,0.3984,31.1527,-186.4122,-8.0840
484.0000,0.5073,-0.2227,0.3867,31.5114,-184.5267,-7.4427
358.0000,0.5232,-0.1890,0.3643,31.1069,-182.7481,-6.9771
455.0000,0.5349,-0.1860,0.3794,27.6870,-180.5114,-7.2824
455.0000,0.5474,-0.1704,0.3816,23.8244,-178.8397,-6.5725
286.0000,0.5608,-0.1619,0.3796,20.9695,-176.3740,-6.4122
375.0000,0.5889,-0.1958,0.3640,20.9389,-173.3206,-7.0534
415.0000,0.6001,-0.2153,0.3716,21.7405,-170.4351,-6.7481
417.0000,0.6304,-0.2146,0.3633,23.0534,-167.3053,-6.7863
432.0000,0.6458,-0.2334,0.3459,23.1450,-163.6336,-6.0611
413.0000,0.6589,-0.2175,0.2644,25.4351,-161.0076,-5.1679
317.0000,0.6755,-0.2061,0.1726,28.7176,-158.6107,-5.0763
334.0000,0.7034,-0.1963,0.0823,30.4656,-156.3969,-5.6794
420.0000,0.7224,-0.1843,0.0112,29.7023,-153.0840,-5.5267
430.0000,0.7654,-0.1628,-0.1140,26.2672,-149.7328,-5.1450
335.0000,0.8083,-0.1609,-0.2488,23.2366,-145.0534,-5.2443
474.0000,0.8437,-0.1548,-0.3491,17.4733,-139.1221,-5.9084
434.0000,0.8804,-0.1501,-0.3538,9.6794,-131.4656,-6.4275
345.0000,0.9172,-0.1301,-0.4160,1.2214,-122.1679,-6.8855
481.0000,0.9409,-0.1504,-0.3906,-7.2595,-107.7252,-8.2443
293.0000,0.9636,-0.1536,-0.3894,-14.3588,-92.7710,-8.5878
472.0000,0.9714,-0.1628,-0.4004,-16.4351,-74.7176,-8.1069
383.0000,0.9673,-0.1851,-0.3662,-16.1221,-56.7176,-8.4809
351.0000,0.9712,-0.1943,-0.3047,-14.5038,-37.9237,-8.8321
460.0000,0.9641,-0.2136,-0.2410,-12.0076,-19.7252,-8.0840
404.0000,0.9514,-0.2002,-0.1868,-8.4122,-2.7328,-7.3588
344.0000,0.9236,-0.1775,-0.1616,-5.3053,12.7939,-7.3817
391.0000,0.9004,-0.2036,-0.1304,1.1985,25.5344,-8.1908
420.0000,0.8801,-0.2014,-0.0835,6.4427,35.7328,-8.9008
338.0000,0.8660,-0.2007,-0.0471,8.7557,44.4656,-8.6794
348.0000,0.8513,-0.1912,-0.0137,6.8092,53.9008,-8.6412
425.0000,0.8330,-0.1838,0.0049,4.2214,61.0916,-8.5115
447.0000,0.8235,-0.1772,0.0176,0.4656,66.3740,-8.6031
410.0000,0.7983,-0.1748,0.0276,-1.8092,69.3588,-8.6336
378.0000,0.7930,-0.1633,0.0378,-4.0916,71.5496,-8.3511
425.0000,0.7878,-0.1453,0.0701,-7.3053,73.0611,-8.2366
487.0000,0.7888,-0.1521,0.0857,-10.1985,74.5496,-7.5191
341.0000,0.7908,-0.1370,0.1006,-13.4122,76.7099,-6.8855
377.0000,0.8081,-0.1409,0.1069,-15.5802,78.7786,-6.6107
430.0000,0.8147,-0.1252,0.1191,-17.5344,80.7252,-5.9542
370.0000,0.8330,-0.1216,0.1458,-19.6565,83.0916,-5.4351
551.0000,0.8462,-0.1262,0.1536,-19.9924,87.9313,-4.8244
363.0000,0.8530,-0.1265,0.1660,-17.8244,91.0534,-4.3130
404.0000,0.8530,-0.1499,0.1968,-14.4351,95.5649,-4.0000
397.0000,0.8582,-0.1606,0.2273,-10.6336,100.6565,-3.3817
426.0000,0.8613,-0.1548,0.2493,-6.3511,106.4351,-2.8702
405.0000,0.8733,-0.1602,0.2424,-2.1908,111.9771,-3.0687
333.0000,0.8584,-0.1860,0.2495,1.5191,117.6183,-3.5115
382.0000,0.8506,-0.1882,0.2600,3.4427,122.3130,-3.8779
435.0000,0.8452,-0.1760,0.2556,4.7405,127.2290,-4.5191
341.0000,0.8228,-0.1606,0.2258,5.9847,131.4733,-5.6794
410.0000,0.7986,-0.1572,0.2205,7.2519,133.2824,-6.8397
415.0000,0.7793,-0.1533,0.2241,9.2748,134.4886,-7.9695
448.0000,0.7690,-0.1575,0.2434,9.7023,135.5572,-9.1298
330.0000,0.7529,-0.1313,0.2791,7.7252,136.8168,-9.4427
433.0000,0.7354,-0.1370,0.2983,3.7939,137.7557,-9.5649
402.0000,0.7251,-0.1243,0.3120,0.0076,139.5649,-9.8702
382.0000,0.7161,-0.1428,0.3916,-1.5191,141.4427,-10.4580
358.0000,0.6975,-0.1516,0.4358,-3.3130,143.3740,-10.5573
482.0000,0.6897,-0.1289,0.4700,-4.5573,144.8321,-10.5954
362.0000,0.6899,-0.1399,0.4827,-4.0458,146.7557,-10.9389
443.0000,0.6631,-0.1638,0.5200,-2.2595,149.2519,-11.1679
395.0000,0.6460,-0.1497,0.5352,-0.6107,150.7863,-11.2137
396.0000,0.6230,-0.1597,0.5366,1.4046,151.7633,-11.0458
319.0000,0.5964,-0.1638,0.5359,4.0611,151.4275,-10.6412
464.0000,0.5818,-0.1414,0.5017,4.8473,150.6870,-10.1756
426.0000,0.5735,-0.1501,0.5049,5.0458,149.6794,-9.6260
399.0000,0.5525,-0.1555,0.5425,6.1221,149.0000,-9.2824
425.0000,0.5317,-0.1631,0.5896,4.9618,148.6107,-8.6947
418.0000,0.5215,-0.1484,0.6108,2.7099,147.9618,-7.5802
427.0000,0.5046,-0.1472,0.6414,1.7557,147.5114,-7.4046
464.0000,0.4924,-0.1755,0.7417,3.6947,147.6947,-7.6489
374.0000,0.4780,-0.1733,0.8337,6.4809,147.0076,-7.3053
470.0000,0.4617,-0.1440,0.8506,7.3588,146.0916,-7.0229
483.0000,0.4548,-0.1226,0.8464,7.6260,144.8321,-7.4351
373.0000,0.4429,-0.1316,0.8660,9.0763,143.4122,-8.0382
461.0000,0.4231,-0.1292,0.8423,7.9008,141.4198,-8.5191
407.0000,0.3948,-0.1152,0.8149,2.8092,137.4351,-8.2748
382.0000,0.3877,-0.0996,0.7769,-4.9924,133.1374,-8.1908
445.0000,0.3833,-0.1077,0.7532,-12.8626,129.9313,-7.6641
441.0000,0.3792,-0.1174,0.7600,-20.5573,126.8473,-7.1603
357.0000,0.3550,-0.1338,0.7798,-26.8779,123.0840,-6.3359
479.0000,0.3533,-0.1206,0.7949,-32.1221,120.3130,-5.6718
420.0000,0.3550,-0.1770,0.8914,-30.4962,119.6565,-5.4198
378.0000,0.3408,-0.2185,0.9841,-25.0000,118.7481,-4.4580
523.0000,0.3269,-0.2056,1.0225,-18.8168,117.8779,-3.2137
408.0000,0.3274,-0.2297,1.0579,-9.5115,117.2290,-2.4885
387.0000,0.3206,-0.2458,1.0833,1.2214,116.6183,-1.5725
318.0000,0.3013,-0.2048,1.0564,8.2290,114.7634,0.1908
514.0000,0.2905,-0.1370,1.0120,10.0000,112.7176,0.8397
419.0000,0.2622,-0.1033,0.9658,9.3740,110.3435,1.1908
458.0000,0.2280,-0.0759,0.9348,4.6947,107.3283,1.6870
434.0000,0.2327,-0.0491,0.9287,-1.1298,103.5649,1.2977
416.0000,0.2031,-0.0559,0.9512,-8.7557,99.5496,1.9618
423.0000,0.1807,-0.0720,0.9785,-16.2290,95.7023,2.5267
414.0000,0.1802,-0.0854,0.9846,-21.0611,91.1679,3.3893
412.0000,0.1687,-0.1013,0.9819,-24.5802,86.2901,4.3282
403.0000,0.1680,-0.1047,0.9915,-27.0305,85.9313,5.3130
445.0000,0.1726,-0.1292,1.0066,-28.3588,82.8092,5.8168
392.0000,0.1765,-0.1418,1.0176,-29.0763,80.8931,6.4962
465.0000,0.1790,-0.1411,1.0024,-29.6260,80.1450,7.2366
403.0000,0.1670,-0.1794,1.0251,-26.9771,79.6565,7.2595
438.0000,0.1592,-0.1907,1.0217,-22.3282,79.4428,7.7099
460.0000,0.1482,-0.2073,1.0381,-16.1298,79.1908,7.8779
411.0000,0.1360,-0.2322,1.0811,-7.5191,79.2290,7.7405
409.0000,0.1094,-0.2361,1.0977,1.3969,79.0763,8.0763
355.0000,0.0896,-0.2114,1.0969,6.9084,77.4046,8.3969
557.0000,0.0859,-0.1729,1.0557,10.0992,75.2061,8.5573
395.0000,0.0828,-0.1484,1.0408,10.8779,73.0458,8.8168
422.0000,0.0669,-0.1475,1.0330,8.3053,70.0000,8.5496
442.0000,0.0581,-0.1167,1.0278,1.5649,65.7328,8.9771
385.0000,0.0508,-0.1052,1.0005,-7.6565,61.5725,8.9008
492.0000,0.0615,-0.1130,0.9863,-16.5496,57.5954,8.5344
460.0000,0.0703,-0.1287,0.9624,-24.7710,53.6718,8.4885
366.0000,0.0840,-0.1580,0.9468,-31.3588,50.0611,7.7405
508.0000,0.0986,-0.1799,0.9448,-35.8626,47.8779,7.1756
463.0000,0.1135,-0.2314,0.9775,-35.6031,46.9771,6.2137
425.0000,0.1147,-0.2817,1.0151,-29.0382,47.1221,5.6031
417.0000,0.1106,-0.3064,1.0378,-20.3359,47.8015,4.9618
481.0000,0.1042,-0.3018,1.0527,-11.0382,48.0382,4.6260
408.0000,0.1047,-0.2861,1.0500,-1.3206,48.3206,4.0153
419.0000,0.0955,-0.2791,1.0637,8.0687,48.2824,3.5649
447.0000,0.0620,-0.2549,1.0581,13.2290,47.2748,3.1756
426.0000,0.0427,-0.2241,1.0564,13.7328,45.2977,2.9695
460.0000,0.0403,-0.1919,1.0398,10.7710,42.9771,2.9847
446.0000,0.0310,-0.1865,1.0173,6.5802,40.2443,2.7176
435.0000,0.0151,-0.1604,1.0029,0.7786,36.2901,2.2519
430.0000,0.0132,-0.1599,0.9810,-6.6641,31.4046,1.7786
469.0000,0.0127,-0.1514,0.9590,-14.5725,27.3130,1.4580
380.0000,0.0200,-0.1675,0.9578,-21.3130,23.8397,1.3282
458.0000,0.0398,-0.1948,0.9846,-25.4351,20.9008,0.9008
460.0000,0.0410,-0.2378,1.0547,-25.0382,19.6565,0.3588
433.0000,0.0364,-0.2703,1.0955,-21.1527,19.0687,0.5573
430.0000,0.0383,-0.2830,1.1216,-14.9466,18.5038,0.3359
463.0000,0.0369,-0.2803,1.1077,-7.2824,17.2748,0.5954
463.0000,0.0308,-0.2590,1.0879,-0.3740,16.0916,0.7786
389.0000,0.0217,-0.2275,1.0420,4.4046,14.1450,0.9542
447.0000,0.0327,-0.2024,1.0159,5.8168,11.8397,1.5496
453.0000,0.0396,-0.1814,0.9875,4.5115,10.0305,1.8855
376.0000,0.0310,-0.1738,0.9692,1.5267,7.8015,2.3740
488.0000,0.0327,-0.1682,0.9741,-2.5954,5.8702,2.7557
439.0000,0.0461,-0.1692,0.9778,-5.8702,3.8015,3.2519
390.0000,0.0469,-0.1865,0.9744,-7.9847,1.8244,3.7023
451.0000,0.0649,-0.1912,0.9775,-8.6336,0.5496,3.8550
468.0000,0.0701,-0.2031,0.9719,-8.0076,-0.4885,4.0000
387.0000,0.0745,-0.2043,0.9626,-7.0382,-0.9313,4.2672
438.0000,0.0842,-0.2029,0.9504,-5.8626,-0.9847,4.4046
449.0000,0.0955,-0.1992,0.9285,-5.2519,-1.2519,4.3817
445.0000,0.0867,-0.2058,0.9036,-4.7863,-1.1756,4.3969
438.0000,0.0930,-0.1919,0.8955,-4.4504,-0.7557,4.0916
491.0000,0.0950,-0.1873,0.8901,-4.4656,-0.5191,3.9618
456.0000,0.0906,-0.1873,0.8901,-4.6718,-0.5038,3.6794
452.0000,0.0903,-0.1987,0.8765,-4.2290,-0.2519,3.2214
488.0000,0.0945,-0.1970,0.8638,-3.8168,0.1603,3.1069
474.0000,0.0854,-0.1958,0.8672,-3.1756,0.3893,2.9313
386.0000,0.0840,-0.2102,0.8767,-2.4198,1.0076,2.6183
436.0000,0.0774,-0.2021,0.8889,-1.5649,1.3740,2.6870
467.0000,0.0759,-0.1968,0.8865,-0.8702,1.6336,2.3435
416.0000,0.0649,-0.1985,0.8867,-0.1298,1.6870,1.8168
479.0000,0.0586,-0.2026,0.8899,0.7099,1.9389,1.8168
429.0000,0.0439,-0.2007,0.8972,0.8855,1.5496,1.8473
446.0000,0.0464,-0.1914,0.8933,0.6565,1.1908,1.6565
450.0000,0.0464,-0.1890,0.9136,0.6565,0.9389,1.5344
456.0000,0.0354,-0.1853,0.9207,0.2443,0.4351,1.1450
427.0000,0.0337,-0.1890,0.9224,0.2824,-0.2137,1.1298
511.0000,0.0295,-0.1938,0.9255,0.1145,-1.1069,1.3588
485.0000,0.0232,-0.1904,0.9414,0.3969,-1.8397,1.4656
408.0000,0.0273,-0.1895,0.9507,0.5496,-2.4275,1.5496
456.0000,0.0254,-0.1897,0.9661,1.3359,-3.6870,1.7023
521.0000,0.0144,-0.1858,0.9827,1.4885,-5.0382,1.9313
406.0000,0.0234,-0.1909,0.9751,1.6641,-6.2672,2.0763
458.0000,0.0334,-0.1768,0.9868,1.7176,-7.5191,2.2901
445.0000,0.0320,-0.1775,0.9854,1.3893,-8.9466,2.4275
469.0000,0.0359,-0.1851,0.9795,1.1603,-10.8168,2.8779
402.0000,0.0371,-0.1912,0.9941,1.1527,-12.3969,2.7939
537.0000,0.0403,-0.1992,1.0071,0.9542,-13.9160,3.0458
406.0000,0.0439,-0.1960,1.0310,0.9542,-15.6412,3.3053
460.0000,0.0537,-0.1995,1.0498,1.6260,-17.4809,3.2672
476.0000,0.0491,-0.2063,1.0554,2.3282,-19.5191,3.2137
422.0000,0.0383,-0.2056,1.0874,3.1756,-21.4275,3.0916
443.0000,0.0378,-0.2144,1.1096,3.8473,-23.7099,2.9695
474.0000,0.0217,-0.2109,1.1262,3.8397,-26.5344,2.7710
442.0000,0.0137,-0.2139,1.1394,3.4046,-29.5649,2.7023
413.0000,0.0090,-0.2197,1.1692,3.5954,-32.8397,2.1298
493.0000,-0.0103,-0.2214,1.2166,3.8779,-36.7023,1.5420
455.0000,-0.0225,-0.2253,1.2366,3.7710,-41.4733,1.1298
439.0000,-0.0325,-0.2097,1.2324,3.1985,-47.1145,0.8244
529.0000,-0.0374,-0.2046,1.2209,2.5573,-52.8168,0.6183
440.0000,-0.0386,-0.2092,1.2061,2.2214,-59.3511,0.4656
436.0000,-0.0278,-0.2078,1.2268,1.4198,-65.8702,0.0305
457.0000,-0.0242,-0.2053,1.2454,0.0153,-72.4809,0.0611
473.0000,-0.0266,-0.2112,1.2671,-1.6489,-78.3664,-0.3588
433.0000,-0.0076,-0.2131,1.2852,-2.4885,-84.7252,-0.6336
470.0000,0.0054,-0.2063,1.2524,-3.1145,-91.3283,-1.0687
453.0000,0.0295,-0.1938,1.2183,-4.5878,-97.7557,-1.1527
412.0000,0.0540,-0.1956,1.2012,-5.4275,-103.5115,-1.8855
457.0000,0.0630,-0.2129,1.1914,-6.2901,-108.9618,-2.0611
456.0000,0.0708,-0.2144,1.1885,-7.7710,-114.5267,-2.0916
461.0000,0.0825,-0.2190,1.1995,-8.8550,-120.2748,-2.3359
438.0000,0.0874,-0.2087,1.1960,-8.9084,-125.9924,-2.6031
457.0000,0.1052,-0.1992,1.1680,-9.3740,-132.1603,-2.5267
441.0000,0.1228,-0.1692,1.1553,-11.2672,-138.4580,-2.5191
310.0000,0.1423,-0.1643,1.1309,-15.1450,-144.2137,-2.4656
529.0000,0.1606,-0.1553,1.0789,-19.0916,-149.9008,-1.8626
398.0000,0.1838,-0.1799,1.0671,-21.2901,-154.1450,-2.0611
454.0000,0.1987,-0.1912,1.0623,-22.8092,-158.7023,-1.8244
486.0000,0.2268,-0.1743,1.0129,-25.0611,-162.0611,-1.1450
383.0000,0.2468,-0.1848,0.9626,-27.2443,-165.4198,-0.4809
500.0000,0.2764,-0.2048,0.9290,-26.8473,-168.6107,-1.0153
446.0000,0.3054,-0.2249,0.9111,-26.3435,-171.6260,-0.7786
395.0000,0.3191,-0.2124,0.8804,-27.1374,-173.6717,-1.2824
548.0000,0.3394,-0.2317,0.8984,-26.0382,-174.4351,-2.6565
432.0000,0.3442,-0.2595,0.8987,-21.9771,-175.9008,-3.3817
420.0000,0.3472,-0.2559,0.8704,-19.3740,-178.0534,-3.7634
477.0000,0.3604,-0.2280,0.8201,-19.2824,-180.4962,-4.3511
458.0000,0.3862,-0.2439,0.7915,-18.0153,-181.5802,-5.5191
486.0000,0.3894,-0.2478,0.7747,-16.8702,-183.9237,-6.1603
446.0000,0.4092,-0.2305,0.7332,-18.6641,-185.6260,-6.8855
461.0000,0.4404,-0.2041,0.6904,-24.1832,-187.4275,-7.7863
489.0000,0.4541,-0.1897,0.6775,-29.1603,-187.3817,-9.6870
452.0000,0.4629,-0.2090,0.6858,-35.0153,-188.0000,-11.1832
425.0000,0.4719,-0.2017,0.6667,-40.4809,-188.8855,-12.1221
454.0000,0.4890,-0.1934,0.6252,-44.7328,-188.7023,-13.2672
428.0000,0.4971,-0.2527,0.6382,-43.6260,-188.3206,-14.9618
553.0000,0.5127,-0.2507,0.6060,-39.4198,-188.2290,-15.0229
411.0000,0.5222,-0.2268,0.5759,-34.8779,-186.9237,-15.7863
357.0000,0.5339,-0.2769,0.5884,-26.4275,-184.8321,-16.4809
525.0000,0.5474,-0.2656,0.5725,-16.8397,-182.4275,-15.8244
462.0000,0.5427,-0.2686,0.5784,-8.3511,-179.8321,-15.4275
419.0000,0.5542,-0.2517,0.5247,0.3206,-177.9160,-14.8779
515.0000,0.5522,-0.2249,0.4934,9.0382,-176.3740,-14.3740
499.0000,0.5522,-0.2114,0.4966,14.7863,-176.1298,-13.7557
360.0000,0.5774,-0.2019,0.5005,20.2595,-175.2595,-13.1221
498.0000,0.5906,-0.1804,0.4902,22.2137,-173.8321,-12.4351
351.0000,0.5940,-0.1428,0.5061,21.2672,-172.1374,-12.0992
533.0000,0.5916,-0.1213,0.4910,17.2443,-170.5649,-12.2595
353.0000,0.5867,-0.1064,0.4570,13.5496,-169.9542,-11.4427
615.0000,0.5901,-0.1196,0.4639,9.2977,-170.2443,-11.1908
412.0000,0.6045,-0.1360,0.4851,7.5496,-170.5725,-10.7710
610.0000,0.6213,-0.1746,0.4966,10.2824,-169.9618,-9.8626
553.0000,0.6208,-0.1968,0.4968,15.2061,-169.4275,-9.5725
353.0000,0.6375,-0.1917,0.4746,22.5114,-169.8473,-8.5344
615.0000,0.6604,-0.2056,0.4614,31.3130,-169.2748,-8.2214
586.0000,0.6636,-0.2285,0.4150,38.8321,-169.2443,-7.6641
359.0000,0.6975,-0.1682,0.2329,46.2061,-169.9695,-6.2137
786.0000,0.7083,-0.1458,0.0566,50.0763,-170.7710,-6.2901
293.0000,0.7500,-0.1296,-0.1279,50.3511,-172.4198,-5.4656
533.0000,0.7961,-0.0940,-0.2920,47.8321,-170.9924,-4.4427
504.0000,0.8428,-0.0796,-0.5085,41.3893,-166.1374,-3.5038
462.0000,0.8979,-0.1040,-0.6428,32.5573,-158.8855,-2.3817
420.0000,0.9370,-0.0891,-0.6665,22.2137,-148.0916,-1.5649
504.0000,0.9993,-0.0271,-0.7288,5.6489,-132.1069,-0.9313
428.0000,1.0439,-0.0366,-0.6990,-14.2748,-111.0305,-2.2595
392.0000,1.3472,-0.3535,-0.6865,-21.9542,-64.6489,-3.9695
548.0000,0.9749,0.3250,-0.5776,-61.0611,-54.7328,-3.7634
551.0000,0.9861,-0.1270,-0.4536,-123.6031,-27.1450,-9.8626
425.0000,1.0632,-0.8208,-0.4504,-84.5725,2.1603,-6.2672
459.0000,0.9570,-0.5281,-0.4204,-28.1679,25.3817,2.2901
451.0000,0.8235,-0.1841,-0.3616,6.2366,30.6183,-0.3893
441.0000,0.8379,-0.3635,-0.2058,33.4809,33.7863,-5.9237
484.0000,0.8445,-0.3806,-0.1211,69.7634,39.3282,-5.0687
387.0000,0.8284,-0.2219,-0.1138,82.6565,48.0611,-5.4656
453.0000,0.8267,-0.1360,-0.1233,70.8626,54.3435,-7.3969
514.0000,0.7908,-0.1274,-0.0886,51.2901,55.4580,-9.1145
579.0000,0.8086,-0.1138,-0.0273,27.6183,61.7710,-8.8473
444.0000,0.7690,-0.0969,0.0403,2.1527,60.2366,-9.8931
463.0000,0.7815,-0.1299,0.1106,-9.2672,61.4885,-9.0992
543.0000,0.7937,-0.1340,0.1521,-15.0229,60.8397,-8.1603
463.0000,0.8062,-0.1462,0.1919,-12.7557,61.0916,-6.7710
508.0000,0.8433,-0.1543,0.1716,-12.0992,63.2519,-6.1832
440.0000,0.8772,-0.1196,0.1289,-15.4275,67.7634,-5.1145
498.0000,0.8687,-0.1077,0.0439,-18.5420,73.7557,-4.4733
433.0000,0.8616,-0.1208,0.0156,-23.4885,78.3588,-4.7557
469.0000,0.8618,-0.1418,0.0466,-26.3359,81.8397,-4.4351
446.0000,0.8867,-0.1414,0.0752,-26.3664,87.8855,-3.7252
512.0000,0.8882,-0.1648,0.1057,-24.9542,92.1069,-3.3817
444.0000,0.8923,-0.1621,0.1121,-18.3053,95.1832,-3.3359
486.0000,0.9004,-0.1628,0.1201,-11.9771,98.4962,-3.7634
498.0000,0.8987,-0.1521,0.1309,-7.2824,101.9237,-4.2824
416.0000,0.8948,-0.1636,0.1626,-3.3130,106.4504,-5.1908
547.0000,0.8906,-0.1565,0.1836,0.7023,110.7710,-5.2824
487.0000,0.8857,-0.1611,0.2102,3.0305,115.9389,-5.7176
415.0000,0.8735,-0.1655,0.2209,4.7099,121.1832,-6.1374
445.0000,0.8562,-0.1548,0.2109,7.5725,125.3664,-6.2748
477.0000,0.8530,-0.1541,0.1870,8.1374,128.7481,-6.4656
469.0000,0.8286,-0.1372,0.1558,6.3130,132.2595,-7.1298
434.0000,0.8093,-0.1582,0.1721,1.9008,137.0382,-7.4580
555.0000,0.7808,-0.1506,0.1890,-4.5802,141.2366,-7.8168
455.0000,0.7588,-0.1326,0.1978,-8.1756,144.6641,-7.8702
477.0000,0.7439,-0.1453,0.2673,-9.9847,147.4351,-8.7099
508.0000,0.7236,-0.1814,0.3379,-8.8473,149.8397,-8.6183
443.0000,0.7063,-0.2009,0.3933,-3.6794,152.1374,-8.0763
530.0000,0.7012,-0.2068,0.4165,2.7710,154.5878,-7.8855
482.0000,0.6855,-0.2136,0.4407,9.8855,155.5114,-7.8702
476.0000,0.6853,-0.2268,0.4480,18.0382,156.4733,-7.8397
417.0000,0.6797,-0.2068,0.4382,23.8626,156.8779,-7.3817
496.0000,0.6631,-0.1897,0.4368,26.8855,157.1527,-7.5038
472.0000,0.6575,-0.1572,0.4253,24.9160,158.9466,-7.3969
494.0000,0.6301,-0.1265,0.4036,21.5496,159.2443,-7.2977
442.0000,0.6172,-0.0940,0.4124,16.7481,157.7939,-7.9466
528.0000,0.6038,-0.0728,0.4536,9.0992,157.0076,-8.6947
451.0000,0.6035,-0.0996,0.5457,1.7481,157.8397,-9.2595
621.0000,0.5825,-0.1057,0.6072,-3.3969,158.7481,-8.6107
440.0000,0.5659,-0.0952,0.6428,-7.4885,158.7328,-8.1679
472.0000,0.5579,-0.1057,0.6946,-9.7481,157.8855,-8.3282
511.0000,0.5405,-0.1255,0.7295,-10.6107,157.1145,-8.2748
513.0000,0.5276,-0.1272,0.7239,-10.2748,155.5191,-7.8015
338.0000,0.5127,-0.1179,0.7229,-11.1069,153.9466,-7.4275
620.0000,0.5105,-0.1348,0.7251,-11.8168,152.1832,-6.8550
425.0000,0.5059,-0.1345,0.7327,-12.6565,151.8779,-6.3206
445.0000,0.4861,-0.1355,0.7410,-11.9618,151.1985,-6.0076
513.0000,0.4573,-0.1328,0.7412,-11.6718,148.8092,-5.8626
385.0000,0.4485,-0.1279,0.7856,-10.3206,146.4809,-5.9771
588.0000,0.4216,-0.1272,0.7815,-10.3053,143.7328,-5.6412
448.0000,0.4204,-0.1145,0.8167,-10.7023,142.7481,-5.1221
451.0000,0.4050,-0.1362,0.8381,-11.8244,141.7176,-5.0763
516.0000,0.3892,-0.1335,0.8472,-13.5649,139.8626,-4.4198
508.0000,0.3711,-0.1130,0.8413,-16.9924,137.3206,-4.0382
480.0000,0.3679,-0.1194,0.8528,-20.0305,134.7710,-3.8702
482.0000,0.3508,-0.1343,0.8779,-22.3359,133.5114,-3.5725
490.0000,0.3259,-0.1443,0.9133,-22.6718,132.4122,-2.9695
530.0000,0.3213,-0.1541,0.9294,-21.3435,130.4580,-3.4809
481.0000,0.3059,-0.1555,0.9675,-18.9771,129.4122,-3.3206
391.0000,0.2893,-0.1765,0.9731,-15.5267,128.7099,-3.8321
585.0000,0.2722,-0.1611,0.9731,-11.8626,127.3588,-3.1603
441.0000,0.2576,-0.1633,0.9695,-8.8702,125.2824,-2.8321
520.0000,0.2451,-0.1565,1.0010,-6.8168,122.3359,-2.8702
505.0000,0.2322,-0.1409,0.9988,-8.5038,120.3283,-2.4580
463.0000,0.2090,-0.1462,0.9880,-10.9313,118.4046,-2.0687
516.0000,0.1880,-0.1492,0.9775,-12.6565,114.7481,-1.6641
497.0000,0.1694,-0.1226,0.9531,-16.9924,110.9084,-1.5115
325.0000,0.1594,-0.1160,0.9465,-23.0076,106.8397,-1.6336
617.0000,0.1426,-0.1194,0.9565,-28.2672,103.9008,-1.3511
461.0000,0.1394,-0.1572,0.9973,-29.5725,100.8321,-1.6794
445.0000,0.1311,-0.2085,1.0769,-26.3130,98.6336,-1.3817
360.0000,0.1111,-0.2207,1.1277,-21.5649,96.8168,-0.4046
651.0000,0.1082,-0.2261,1.1372,-15.5115,94.7405,0.3969
430.0000,0.1067,-0.2334,1.1401,-6.4809,92.6641,0.8855
490.0000,0.0903,-0.2078,1.1592,1.8397,90.3664,1.5649
498.0000,0.0754,-0.1755,1.1523,4.9084,87.1221,1.7328
484.0000,0.0735,-0.1406,1.1123,4.0382,85.6565,1.5038
499.0000,0.0642,-0.1240,1.0771,0.3053,80.0687,1.7481
511.0000,0.0654,-0.1130,1.0396,-6.1756,75.4198,1.8626
520.0000,0.0547,-0.1023,1.0332,-13.8321,71.6260,2.1298
472.0000,0.0542,-0.1313,1.0479,-18.8015,67.9618,2.2290
432.0000,0.0398,-0.1609,1.0808,-21.4962,64.3511,2.7252
509.0000,0.0293,-0.1770,1.1033,-23.0458,60.8626,3.4809
519.0000,0.0483,-0.1890,1.1052,-21.6947,58.1832,4.4504
502.0000,0.0444,-0.2168,1.1196,-17.5649,55.5496,4.8931
426.0000,0.0532,-0.2095,1.1055,-13.3740,52.1603,5.5344
524.0000,0.0620,-0.1917,1.0808,-11.1145,49.4504,5.6718
506.0000,0.0720,-0.1824,1.0674,-10.2519,47.0763,5.8092
398.0000,0.0747,-0.1865,1.0615,-10.1145,44.7634,5.7405
496.0000,0.0735,-0.1838,1.0515,-11.2977,42.5954,5.6718
545.0000,0.0813,-0.1799,1.0486,-12.3206,40.4504,5.7863
471.0000,0.0774,-0.1895,1.0352,-12.8473,38.5115,5.3359
490.0000,0.0779,-0.2009,1.0093,-12.5649,36.5954,5.4198
485.0000,0.0930,-0.1931,0.9958,-12.9084,34.2824,5.2214
466.0000,0.0894,-0.1990,0.9910,-13.1679,32.6489,5.0534
453.0000,0.0901,-0.2031,0.9824,-13.5115,31.0305,4.8321
429.0000,0.0847,-0.1985,0.9768,-13.8702,29.3969,4.5191
550.0000,0.0798,-0.2024,0.9785,-13.9847,28.4046,4.6336
470.0000,0.0764,-0.2087,0.9824,-13.2366,27.2290,4.6107
510.0000,0.0669,-0.2205,0.9961,-11.1527,25.8855,4.3282
450.0000,0.0652,-0.2239,1.0049,-9.2824,24.3282,4.4504
478.0000,0.0637,-0.2051,1.0066,-7.6260,22.6870,4.4427
474.0000,0.0552,-0.2083,0.9785,-6.4656,21.1145,4.2366
497.0000,0.0564,-0.2070,0.9783,-5.7634,19.3893,4.0992
445.0000,0.0510,-0.2102,0.9883,-5.7710,17.9008,3.7481
509.0000,0.0576,-0.2090,0.9944,-6.2290,16.2748,3.3969
442.0000,0.0530,-0.2124,0.9973,-6.2748,14.5649,2.7328
484.0000,0.0476,-0.2141,0.9900,-6.0382,13.3282,2.1069
592.0000,0.0437,-0.2185,0.9871,-5.3511,11.5649,1.3206
465.0000,0.0410,-0.2300,0.9661,-4.6718,10.2672,0.5802
491.0000,0.0474,-0.2170,0.9729,-3.8321,9.3130,0.0534
478.0000,0.0503,-0.2173,0.9668,-3.1221,8.2824,-0.7939
490.0000,0.0540,-0.2212,0.9692,-2.1069,7.3740,-1.3130
480.0000,0.0574,-0.2219,0.9714,-0.8015,7.0000,-1.9084
532.0000,0.0564,-0.2195,0.9729,0.5496,6.8015,-2.2290
440.0000,0.0583,-0.2197,0.9739,2.2443,6.4275,-2.6183
487.0000,0.0505,-0.2100,0.9700,3.5420,5.7786,-2.7634
542.0000,0.0540,-0.2119,0.9768,4.3435,4.8473,-3.0916
496.0000,0.0488,-0.2000,0.9749,4.5267,4.0000,-3.0229
453.0000,0.0400,-0.2002,0.9651,4.0458,2.6947,-3.1679
492.0000,0.0371,-0.1975,0.9800,3.2595,1.7939,-3.3817
450.0000,0.0276,-0.1968,0.9951,2.3664,-0.1221,-3.0229
446.0000,0.0315,-0.1990,0.9941,1.6489,-1.5878,-2.9542
450.0000,0.0300,-0.1958,0.9888,1.1298,-3.3817,-2.6718
555.0000,0.0254,-0.2039,0.9980,0.8779,-5.0611,-2.4504
430.0000,0.0198,-0.2053,1.0237,1.5038,-6.6183,-2.0000
513.0000,0.0237,-0.2085,1.0173,1.9771,-8.3969,-1.4198
520.0000,0.0239,-0.2095,1.0315,2.5115,-10.2290,-0.7481
435.0000,0.0229,-0.2095,1.0278,2.6565,-11.9924,-0.0840
459.0000,0.0225,-0.1975,1.0247,2.8321,-14.0000,0.5038
562.0000,0.0298,-0.1978,1.0278,2.7634,-16.1908,0.9771
442.0000,0.0315,-0.1973,1.0393,2.6107,-18.6565,1.4962
468.0000,0.0396,-0.1982,1.0710,2.1221,-20.5878,1.7634
513.0000,0.0349,-0.2058,1.0940,1.5573,-22.7863,1.7710
482.0000,0.0222,-0.2083,1.1125,1.8168,-25.1145,2.1450
446.0000,0.0159,-0.2161,1.1277,2.3435,-27.5649,2.5038
417.0000,0.0134,-0.2141,1.1492,3.2061,-30.3511,2.6031
535.0000,0.0117,-0.2185,1.1677,4.0534,-33.6565,2.6565
458.0000,0.0071,-0.2175,1.1814,4.9237,-37.2290,2.5573
471.0000,-0.0088,-0.2205,1.1951,5.8397,-40.9618,2.3359
545.0000,-0.0183,-0.2144,1.1902,5.6489,-45.7710,2.6183
507.0000,-0.0144,-0.2043,1.1907,5.9695,-50.5115,2.5038
478.0000,-0.0164,-0.2192,1.2405,7.5802,-55.2901,2.1221
464.0000,-0.0215,-0.2100,1.2749,8.7557,-60.5344,2.1221
581.0000,-0.0212,-0.2024,1.2808,9.0000,-66.4046,2.0687
536.0000,-0.0215,-0.2102,1.2803,10.2290,-72.3435,2.5496
485.0000,-0.0161,-0.2144,1.2876,12.9542,-78.3893,2.4580
409.0000,-0.0203,-0.2053,1.3059,14.4580,-84.6183,2.4275
619.0000,-0.0142,-0.1892,1.2849,14.9160,-91.5573,3.1450
451.0000,0.0037,-0.1951,1.2993,14.9618,-98.6718,3.5802
423.0000,0.0068,-0.1934,1.3000,15.1145,-105.6718,4.0229
511.0000,0.0205,-0.1846,1.2842,13.8473,-113.4351,5.0076
454.0000,0.0293,-0.1868,1.2844,12.2443,-120.4657,5.6489
545.0000,0.0410,-0.1934,1.2900,11.4046,-127.8702,6.4656
548.0000,0.0613,-0.1829,1.2617,10.6718,-135.1603,7.4122
515.0000,0.0750,-0.1772,1.2219,9.9466,-142.4198,7.9160
483.0000,0.1138,-0.1729,1.1741,10.4885,-149.3740,8.1832
562.0000,0.1282,-0.1831,1.1804,10.4351,-155.2824,8.1145
451.0000,0.1450,-0.1799,1.1736,10.5496,-161.6412,8.3969
447.0000,0.1787,-0.1895,1.1470,11.4122,-167.1221,8.1298
513.0000,0.1929,-0.1799,1.1262,12.5420,-171.7786,7.6870
464.0000,0.2048,-0.1843,1.1074,11.9924,-176.8397,7.5802
480.0000,0.2202,-0.1777,1.0505,11.3893,-182.6565,7.5573
501.0000,0.2458,-0.1633,1.0090,9.9771,-187.2672,6.7023
408.0000,0.2495,-0.1658,0.9763,7.2824,-191.2824,6.0611
526.0000,0.2561,-0.1633,0.9304,6.1527,-195.9084,5.8473
594.0000,0.2861,-0.1499,0.8503,4.9771,-201.4504,5.3435
459.0000,0.2993,-0.1646,0.8450,5.1374,-205.1221,3.9847
558.0000,0.3235,-0.1724,0.8267,2.7023,-207.0458,3.0763
473.0000,0.3396,-0.1912,0.8174,3.0000,-209.0000,2.4733
526.0000,0.3545,-0.1914,0.8057,3.5725,-211.8779,1.3740
456.0000,0.3787,-0.1738,0.7468,4.2519,-212.7328,0.7328
460.0000,0.3882,-0.1858,0.7339,4.5420,-212.5114,-0.7023
565.0000,0.3953,-0.1687,0.7231,2.8550,-212.2901,-1.8168
430.0000,0.3989,-0.1697,0.6667,2.6183,-212.2366,-2.4275
520.0000,0.4265,-0.1597,0.6169,2.9542,-212.0382,-3.5649
480.0000,0.4336,-0.1694,0.5869,0.8931,-211.0611,-5.0000
518.0000,0.4458,-0.1682,0.5261,0.2519,-209.8855,-6.0763
547.0000,0.4600,-0.1606,0.5269,1.0305,-208.6183,-7.7176
481.0000,0.4629,-0.1873,0.6091,-1.4809,-207.0305,-9.6641
566.0000,0.4758,-0.1616,0.5237,-3.0458,-204.6641,-9.1985
493.0000,0.4927,-0.1560,0.4387,-3.0763,-202.4886,-10.4046
457.0000,0.5061,-0.1753,0.4414,-1.7405,-200.7863,-12.7557
461.0000,0.5337,-0.1765,0.4370,-2.3969,-197.7786,-13.3359
506.0000,0.5330,-0.1575,0.3596,-0.1985,-195.1298,-13.1832
469.0000,0.5447,-0.1350,0.3420,0.6641,-193.4580,-14.3893
453.0000,0.5840,-0.1348,0.3450,1.0000,-190.9237,-14.7863
601.0000,0.5894,-0.1113,0.2937,1.3053,-186.8244,-14.1985
504.0000,0.6121,-0.0942,0.3010,2.3588,-181.6412,-15.4656
588.0000,0.6423,-0.1140,0.3218,2.0916,-177.5649,-15.8779
413.0000,0.6648,-0.0950,0.2783,2.0153,-171.2137,-15.1374
580.0000,0.6787,-0.1016,0.2510,2.4427,-163.5114,-14.9084
266.0000,0.6892,-0.1040,0.2190,6.7863,-157.2977,-14.4656
566.0000,0.6997,-0.1079,0.1887,11.9389,-150.6794,-14.1679
473.0000,0.7148,-0.0840,0.1262,17.3817,-144.8168,-13.2061
559.0000,0.7307,-0.0483,0.0247,21.5954,-139.6031,-12.0305
470.0000,0.7527,-0.0271,-0.1160,23.4198,-135.6641,-11.0305
427.0000,0.7720,-0.0200,-0.2527,22.9542,-131.0611,-9.6412
527.0000,0.8057,-0.0205,-0.3557,17.9160,-126.0382,-7.9542
591.0000,0.8420,0.0039,-0.4548,8.1527,-118.2977,-6.5878
519.0000,0.8777,0.0273,-0.4897,-3.0382,-108.3130,-5.7939
456.0000,0.9199,0.0076,-0.5081,-15.1527,-97.6260,-5.3435
504.0000,0.9202,-0.0283,-0.4602,-23.4733,-83.9466,-4.2977
397.0000,0.9524,-0.0564,-0.4407,-28.7634,-69.5725,-3.5267
525.0000,0.9636,-0.0527,-0.4116,-30.8626,-51.7481,-1.7939
498.0000,0.9600,-0.0762,-0.3672,-30.7710,-33.2901,-1.3130
710.0000,0.9792,-0.0840,-0.3687,-26.1069,-15.6031,-0.6947
412.0000,0.9614,-0.1157,-0.2805,-21.2824,3.2366,0.0000
485.0000,0.9402,-0.1216,-0.2434,-13.2748,19.7863,0.2595
534.0000,0.9102,-0.1277,-0.1855,-0.9771,33.6107,0.7634
455.0000,0.8931,-0.1284,-0.1567,10.9466,44.1069,0.6565
462.0000,0.8679,-0.1345,-0.1064,19.3664,53.8855,0.8321
430.0000,0.8591,-0.1055,-0.0884,20.0763,63.1145,1.0382
559.0000,0.8250,-0.0916,-0.0513,18.2290,71.3893,0.7634
476.0000,0.8062,-0.0691,-0.0408,15.2366,75.3511,0.3664
478.0000,0.7878,-0.0637,-0.0122,9.0687,77.8015,0.6031
586.0000,0.7773,-0.0562,0.0103,2.2519,79.7634,0.9695
538.0000,0.7788,-0.0522,0.0435,-3.7634,81.5038,1.9695
519.0000,0.7837,-0.0505,0.0667,-8.0916,82.1832,2.4885
434.0000,0.7839,-0.0605,0.0991,-12.0916,82.6107,3.0611
595.0000,0.8145,-0.0620,0.1299,-15.5191,84.8244,3.2824
498.0000,0.8203,-0.0781,0.1431,-17.5573,87.7786,4.0076
420.0000,0.8328,-0.0791,0.1541,-18.3511,90.4275,4.2366
503.0000,0.8413,-0.0898,0.1714,-17.9924,95.0458,3.9084
510.0000,0.8406,-0.1106,0.1909,-16.7863,100.3130,3.4427
418.0000,0.8372,-0.1211,0.1951,-15.5191,105.7863,2.9847
486.0000,0.8313,-0.1240,0.2061,-12.9237,110.6412,2.1603
518.0000,0.8203,-0.1335,0.2302,-10.4504,115.7481,0.9542
435.0000,0.8088,-0.1587,0.2571,-9.2519,121.1374,-0.2519
359.0000,0.7969,-0.1492,0.2646,-7.6107,125.7481,-1.1832
594.0000,0.7776,-0.1411,0.2449,-6.6947,128.9771,-1.8626
477.0000,0.7683,-0.1335,0.2397,-6.3588,131.8626,-2.8321
441.0000,0.7632,-0.1401,0.2351,-6.9389,134.8015,-3.5649
508.0000,0.7405,-0.1328,0.2393,-7.9084,137.2061,-4.3511
456.0000,0.7246,-0.1282,0.2424,-9.6183,139.3206,-4.7252
484.0000,0.7183,-0.1287,0.2607,-10.9466,142.2137,-5.2366
442.0000,0.7114,-0.1296,0.2991,-11.5344,145.2290,-5.1298
496.0000,0.6973,-0.1367,0.4016,-11.1756,148.5954,-5.4656
484.0000,0.6909,-0.1433,0.4583,-10.6031,152.0153,-4.6794
527.0000,0.6824,-0.1470,0.4763,-9.3588,155.6107,-3.8092
487.0000,0.6714,-0.1301,0.4644,-7.5649,158.0611,-3.4809
398.0000,0.6624,-0.1406,0.4746,-5.3282,159.5420,-3.8168
524.0000,0.6326,-0.1296,0.4810,-3.4504,159.7252,-3.6870
494.0000,0.6189,-0.1189,0.4819,-2.2290,159.4733,-3.7939
475.0000,0.5962,-0.1282,0.5005,-3.4885,159.2366,-3.6870
484.0000,0.5884,-0.1125,0.5203,-4.1756,159.4733,-3.7634
493.0000,0.5764,-0.1304,0.5764,-4.6260,160.2290,-3.8397
414.0000,0.5623,-0.1377,0.6394,-5.0458,160.9237,-3.6794
395.0000,0.5471,-0.1208,0.6643,-5.8779,160.6794,-3.1298
601.0000,0.5334,-0.1111,0.6719,-6.4198,159.4198,-2.6183
452.0000,0.5076,-0.1362,0.7244,-4.1985,157.9084,-2.3435
497.0000,0.4856,-0.1292,0.7847,-2.9771,155.6031,-1.9771
494.0000,0.4648,-0.0935,0.8115,-5.1221,152.8550,-1.0763
442.0000,0.4561,-0.0754,0.8174,-9.8779,149.4809,-0.6565
600.0000,0.4453,-0.0776,0.7971,-14.9084,145.6260,-0.5344
485.0000,0.4399,-0.0881,0.8057,-19.4122,142.0000,-0.3511
492.0000,0.4390,-0.0889,0.8232,-25.5878,138.4046,-0.5115
489.0000,0.4353,-0.0886,0.8206,-32.7328,136.4733,-0.1298
470.0000,0.4333,-0.1072,0.7969,-37.8168,135.1374,0.3130
509.0000,0.4272,-0.1399,0.8340,-36.4580,134.1298,0.0305
531.0000,0.4019,-0.1675,0.8926,-32.1145,132.7252,0.5878
579.0000,0.3989,-0.1697,0.9358,-25.5954,132.5802,0.8779
499.0000,0.3787,-0.1860,0.9631,-17.1450,132.3053,1.0534
474.0000,0.3682,-0.1824,0.9600,-8.8168,130.8397,1.8092
565.0000,0.3479,-0.1553,0.9434,-2.7252,128.9847,2.4656
458.0000,0.3494,-0.1375,0.9402,0.6107,126.6718,2.9313
429.0000,0.3162,-0.1089,0.9241,-1.2748,124.1527,3.3969
591.0000,0.3071,-0.0803,0.9182,-7.9847,121.3740,3.5115
398.0000,0.3037,-0.1062,0.9080,-14.6947,120.4275,3.2748
578.0000,0.2769,-0.1248,0.9160,-17.5191,118.1069,3.4122
535.0000,0.2505,-0.1279,0.9434,-19.4580,115.4504,3.5191
414.0000,0.2375,-0.1597,0.9868,-17.9466,112.8550,3.6870
516.0000,0.2334,-0.1719,1.0352,-12.7099,110.3359,3.8397
520.0000,0.2139,-0.1819,1.0452,-7.1832,107.4733,4.3588
493.0000,0.2048,-0.1772,1.0452,-2.3893,103.5573,4.3053
508.0000,0.1951,-0.1621,1.0410,1.3435,100.8779,4.4885
495.0000,0.1814,-0.1536,1.0500,2.6183,98.0229,4.6718
539.0000,0.1658,-0.1301,1.0266,1.2290,93.9771,4.4656
441.0000,0.1750,-0.1177,1.0007,-2.8397,88.2061,3.9313
537.0000,0.1809,-0.1179,0.9829,-7.0229,86.4657,3.2519
455.0000,0.1777,-0.1301,0.9814,-10.1221,85.6260,2.6107
602.0000,0.1663,-0.1521,1.0142,-11.9771,81.9695,2.0382
505.0000,0.1614,-0.1589,1.0232,-11.2137,80.3893,1.1374
533.0000,0.1606,-0.1919,1.0527,-8.4198,81.3740,0.6641
485.0000,0.1375,-0.1970,1.1023,-2.5420,80.9237,0.3435
403.0000,0.1108,-0.1897,1.1152,3.2443,79.6183,-0.1374
516.0000,0.1033,-0.1667,1.0898,7.8092,77.7099,-0.2901
492.0000,0.0955,-0.1467,1.0632,9.6794,75.5802,-0.3359
447.0000,0.0815,-0.1294,1.0481,8.9542,71.8702,-0.5115
453.0000,0.0771,-0.1042,1.0164,4.2519,68.7786,-0.2977
572.0000,0.0789,-0.1096,1.0144,-0.5725,66.3740,-0.2901
496.0000,0.0564,-0.1287,1.0396,-4.2977,64.0840,0.0153
495.0000,0.0383,-0.1399,1.0725,-7.6870,61.1069,0.4351
451.0000,0.0320,-0.1309,1.0923,-10.1603,57.8626,0.6794
570.0000,0.0342,-0.1396,1.0911,-10.4504,54.8321,1.2214
484.0000,0.0259,-0.1533,1.0945,-7.6412,51.7557,1.4962
474.0000,0.0188,-0.1577,1.0947,-5.4809,48.3206,2.0229
523.0000,0.0237,-0.1431,1.0894,-5.1145,45.6336,2.6565
424.0000,0.0254,-0.1423,1.0803,-4.9160,43.0840,2.9618
555.0000,0.0317,-0.1428,1.0608,-5.1908,40.0534,3.6107
573.0000,0.0313,-0.1372,1.0652,-5.8473,37.6565,3.5344
464.0000,0.0354,-0.1489,1.0508,-6.5954,35.0000,3.8321
494.0000,0.0276,-0.1533,1.0542,-7.2366,32.7481,3.8779
606.0000,0.0369,-0.1521,1.0396,-8.1069,30.1908,4.0153
539.0000,0.0444,-0.1614,1.0349,-8.4656,27.6183,3.9695
483.0000,0.0474,-0.1660,1.0398,-7.9618,25.8015,3.5115
491.0000,0.0488,-0.1697,1.0447,-7.2901,24.1374,3.1221
431.0000,0.0562,-0.1648,1.0352,-7.3817,22.3130,2.9847
500.0000,0.0635,-0.1753,1.0269,-6.6718,21.0840,2.4809
494.0000,0.0583,-0.1753,1.0139,-4.7710,20.0305,2.1450
476.0000,0.0647,-0.1741,1.0049,-3.7939,18.5725,1.5725
423.0000,0.0627,-0.1724,0.9990,-3.2672,17.2977,1.0229
563.0000,0.0640,-0.1648,0.9763,-3.6718,16.1221,0.7481
475.0000,0.0728,-0.1682,0.9631,-3.7786,14.9389,0.3435
501.0000,0.0654,-0.1638,0.9463,-4.1298,13.8244,0.2519
518.0000,0.0781,-0.1545,0.9331,-5.2214,12.6641,-0.0534
533.0000,0.0730,-0.1697,0.9299,-5.7023,12.0000,-0.3282
372.0000,0.0818,-0.1616,0.9304,-6.5954,11.6870,-0.1832
568.0000,0.0767,-0.1658,0.9299,-6.9695,11.6947,-0.3053
478.0000,0.0754,-0.1704,0.9358,-6.7405,11.6947,-0.1908
498.0000,0.0637,-0.1726,0.9377,-5.8855,11.6183,0.0153
546.0000,0.0671,-0.1670,0.9309,-5.0992,11.5802,-0.0229
501.0000,0.0642,-0.1689,0.9316,-4.3435,11.3206,0.1527
434.0000,0.0645,-0.1616,0.9421,-3.3206,11.4046,-0.0458
509.0000,0.0574,-0.1589,0.9321,-2.7252,10.7023,0.0763
474.0000,0.0515,-0.1523,0.9343,-3.0153,10.1221,0.2748
409.0000,0.0493,-0.1523,0.9346,-3.2443,9.4656,0.5420
500.0000,0.0486,-0.1428,0.9236,-3.3435,9.0534,0.5496
496.0000,0.0447,-0.1377,0.9280,-4.1145,8.4046,0.7634
467.0000,0.0369,-0.1453,0.9253,-5.3053,7.9313,0.4962
416.0000,0.0315,-0.1548,0.9224,-5.4046,7.3893,0.8015
621.0000,0.0288,-0.1465,0.9231,-5.3206,6.7786,1.0992
467.0000,0.0298,-0.1458,0.9194,-4.7939,6.1450,1.2366
562.0000,0.0334,-0.1558,0.9348,-4.3282,5.8855,1.4427
505.0000,0.0293,-0.1504,0.9443,-3.9008,5.4580,1.5725
452.0000,0.0278,-0.1589,0.9583,-3.3359,5.2137,1.4809
462.0000,0.0232,-0.1599,0.9563,-2.8397,4.9008,1.4046
566.0000,0.0225,-0.1641,0.9644,-2.5344,4.2290,1.6336
450.0000,0.0229,-0.1606,0.9761,-1.9084,3.4885,1.2748
477.0000,0.0261,-0.1555,0.9768,-1.1832,2.3435,0.9389
536.0000,0.0186,-0.1646,0.9729,-1.0305,0.9237,0.4122
467.0000,0.0225,-0.1743,0.9805,-0.8855,-0.1069,0.1527
473.0000,0.0212,-0.1750,0.9854,-0.4351,-1.4275,-0.3053
495.0000,0.0239,-0.1636,0.9863,-0.3817,-3.0153,-0.5115
552.0000,0.0259,-0.1543,0.9800,-0.1298,-3.9160,-0.9084
400.0000,0.0288,-0.1558,0.9858,0.0534,-4.9466,-1.0687
531.0000,0.0339,-0.1587,0.9917,1.0840,-5.9084,-1.3664
470.0000,0.0210,-0.1460,0.9763,1.3130,-6.8473,-1.1069
444.0000,0.0325,-0.1489,0.9561,1.1756,-7.7710,-1.2672
465.0000,0.0322,-0.1553,0.9541,1.7634,-8.8473,-1.2901
506.0000,0.0278,-0.1560,0.9473,1.9618,-10.0076,-1.1221
548.0000,0.0308,-0.1580,0.9436,1.8779,-11.3588,-1.2061
507.0000,0.0393,-0.1575,0.9653,2.0000,-12.1832,-1.3740
497.0000,0.0437,-0.1587,0.9968,1.6107,-13.0000,-1.2901
412.0000,0.0388,-0.1604,1.0063,0.8855,-13.4733,-1.3740
506.0000,0.0359,-0.1602,0.9968,0.2901,-14.1985,-1.4580
534.0000,0.0288,-0.1638,0.9910,0.1069,-15.6489,-1.3130
486.0000,0.0342,-0.1570,1.0039,-0.0916,-17.2595,-1.3435
470.0000,0.0383,-0.1572,1.0198,-0.5267,-18.8397,-1.2443
564.0000,0.0320,-0.1450,1.0181,-1.4733,-20.1756,-1.2290
438.0000,0.0334,-0.1460,1.0288,-2.2672,-22.1527,-1.1069
516.0000,0.0356,-0.1543,1.0281,-2.1450,-24.4122,-1.2977
523.0000,0.0415,-0.1526,1.0408,-2.2672,-26.7328,-1.1298
442.0000,0.0383,-0.1624,1.0569,-2.5802,-29.0305,-1.2366
529.0000,0.0454,-0.1555,1.0737,-2.6565,-30.8931,-1.2290
585.0000,0.0344,-0.1521,1.1147,-2.1374,-32.8473,-1.1145
504.0000,0.0210,-0.1641,1.1384,-2.2672,-35.7252,-0.8397
588.0000,0.0188,-0.1531,1.1528,-2.1603,-38.9313,-0.4198
513.0000,0.0107,-0.1501,1.2031,-2.3130,-41.5878,-0.5649
354.0000,-0.0049,-0.1487,1.2449,-2.5649,-44.6031,-0.6947
585.0000,-0.0300,-0.1592,1.2822,-1.2977,-47.9160,-0.6870
487.0000,-0.0417,-0.1543,1.2886,0.3740,-53.2748,-0.2443
624.0000,-0.0474,-0.1445,1.2881,2.3664,-59.0534,-0.4198
511.0000,-0.0474,-0.1399,1.2808,4.6107,-65.6183,0.2748
606.0000,-0.0525,-0.1475,1.2964,5.9924,-71.9695,0.5115
420.0000,-0.0510,-0.1475,1.3247,5.9695,-78.9084,1.2443
589.0000,-0.0601,-0.1387,1.3435,6.6412,-86.5191,2.2595
578.0000,-0.0559,-0.1257,1.3682,7.4275,-94.3206,2.8397
383.0000,-0.0491,-0.1218,1.4045,9.0687,-103.4351,3.2824
543.0000,-0.0195,-0.1064,1.4067,9.6183,-112.3511,4.0458
593.0000,-0.0037,-0.1013,1.3616,9.7634,-121.1069,4.8092
627.0000,0.0381,-0.1189,1.3381,11.7252,-129.7557,5.6794
502.0000,0.0745,-0.1306,1.3455,13.9771,-137.3893,6.9618
637.0000,0.0972,-0.1099,1.3767,17.7939,-144.7939,7.6412
413.0000,0.1206,-0.1392,1.4287,20.1298,-150.3893,8.1985
527.0000,0.1294,-0.1318,1.4004,22.2672,-156.4733,9.6336
194.0000,0.1582,-0.1096,1.3174,24.1374,-163.2519,10.4580
765.0000,0.1956,-0.0896,1.2170,23.2443,-170.7710,10.9542
574.0000,0.2122,-0.0916,1.1794,21.4046,-177.2824,11.3206
741.0000,0.2292,-0.0815,1.1201,17.0611,-184.9389,11.7328
359.0000,0.2556,-0.0769,1.0933,11.5725,-192.0000,11.4656
600.0000,0.2776,-0.0889,1.0808,5.5267,-198.0916,11.2214
654.0000,0.2878,-0.0820,1.0310,-2.1527,-204.2137,11.4656
409.0000,0.3010,-0.0920,0.9690,-7.6794,-210.6641,10.7557
493.0000,0.3079,-0.1514,1.0027,-9.4122,-215.9466,8.9847
359.0000,0.2976,-0.1492,0.9771,-12.5267,-220.6031,8.9313
793.0000,0.3137,-0.1384,0.8877,-16.2290,-224.6260,7.9924
412.0000,0.3467,-0.1836,0.8638,-14.4809,-227.1985,5.5344
351.0000,0.3215,-0.2029,0.8701,-13.3817,-229.5572,4.6565
670.0000,0.3213,-0.1702,0.7710,-14.0153,-232.4580,3.9542
490.0000,0.3467,-0.1814,0.6985,-12.1298,-234.5878,2.2214
478.0000,0.3491,-0.2192,0.6858,-8.3053,-236.1679,1.6031
546.0000,0.3518,-0.1836,0.6116,-5.8321,-236.5954,1.2443
293.0000,0.3582,-0.1689,0.5696,-3.9847,-237.3740,-0.0763
701.0000,0.3789,-0.1609,0.5134,-2.7557,-238.3893,-0.2824
331.0000,0.4104,-0.1152,0.4487,-3.7328,-237.6031,-1.0153
492.0000,0.4158,-0.1221,0.4785,-9.9542,-235.2901,-3.1145
842.0000,0.4333,-0.1006,0.4319,-19.5267,-231.6107,-3.2824
503.0000,0.4607,-0.0835,0.3140,-28.4351,-226.1221,-4.3053
397.0000,0.4790,-0.1172,0.3005,-32.6794,-220.0076,-6.8168
519.0000,0.4849,-0.1169,0.2717,-35.5267,-214.7481,-7.3206
427.0000,0.5068,-0.1082,0.1589,-39.3969,-208.6488,-8.5496
539.0000,0.5405,-0.1519,0.0947,-38.1756,-200.8244,-11.6412
733.0000,0.5559,-0.1985,0.0552,-34.8626,-192.9542,-12.8168
599.0000,0.5796,-0.1665,-0.0530,-31.7481,-184.4275,-13.6718
221.0000,0.5840,-0.1912,-0.0901,-29.5954,-174.7710,-15.6183
568.0000,0.6208,-0.1807,-0.1191,-27.6260,-164.7557,-16.1679
403.0000,0.6611,-0.1519,-0.1946,-25.9924,-153.8015,-16.6031
519.0000,0.6880,-0.1423,-0.2395,-22.2137,-142.1908,-18.1679
525.0000,0.7043,-0.1565,-0.2480,-16.0458,-130.6794,-18.3053
318.0000,0.7456,-0.1360,-0.2341,-10.7176,-119.0840,-18.0458
318.0000,0.7725,-0.1274,-0.2239,-6.5420,-105.9313,-17.6794
840.0000,0.7991,-0.0972,-0.2810,-3.7863,-91.2824,-16.6336
356.0000,0.8135,-0.1047,-0.3369,-1.2595,-79.0763,-15.7634
526.0000,0.8213,-0.0789,-0.3728,-2.4809,-66.6183,-15.0534
570.0000,0.8381,-0.0662,-0.4016,-8.6870,-53.1985,-13.9160
525.0000,0.8459,-0.0376,-0.4199,-17.1908,-39.8015,-13.0611
474.0000,0.8628,-0.0342,-0.4192,-24.7634,-26.8550,-12.8779
442.0000,0.8801,-0.0645,-0.4031,-30.9313,-14.3588,-11.9542
491.0000,0.8823,-0.0613,-0.3855,-34.4122,-1.3435,-10.5878
510.0000,0.8792,-0.1052,-0.3328,-34.8779,11.0763,-9.3664
481.0000,0.8740,-0.1221,-0.2520,-32.0382,22.6641,-7.6870
451.0000,0.8762,-0.1135,-0.1777,-28.3282,34.7023,-5.7634
594.0000,0.8633,-0.0942,-0.1392,-23.9313,46.0076,-4.3435
453.0000,0.8503,-0.0925,-0.1165,-19.1527,55.9160,-2.5344
524.0000,0.8477,-0.0896,-0.0996,-14.6718,64.7481,-1.3588
431.0000,0.8374,-0.0923,-0.1067,-11.9160,73.0916,0.4427
511.0000,0.8352,-0.0769,-0.0938,-10.9542,80.8550,1.6336
499.0000,0.8318,-0.0613,-0.0696,-11.5573,88.5878,2.9847
490.0000,0.8337,-0.0642,-0.0479,-13.1527,94.0229,4.0153
515.0000,0.8367,-0.0571,-0.0298,-13.9542,100.9618,4.9771
465.0000,0.8315,-0.0596,-0.0059,-13.6336,107.6489,5.7939
490.0000,0.8433,-0.0583,-0.0042,-12.7176,114.0687,6.6183
532.0000,0.8279,-0.0752,0.0488,-9.4122,121.5038,6.9542
411.0000,0.8145,-0.1172,0.1196,-4.5725,129.0076,7.2366
581.0000,0.8047,-0.1301,0.1672,1.6947,136.3053,7.8779
515.0000,0.7961,-0.1472,0.2134,9.2595,144.0687,8.2748
476.0000,0.7766,-0.1716,0.2412,15.2595,151.7328,8.2366
350.0000,0.7468,-0.1638,0.2368,21.8779,157.7557,7.6183
565.0000,0.7334,-0.1479,0.2300,26.8015,160.7633,6.8702
479.0000,0.7092,-0.1182,0.2498,29.1145,163.0763,5.2901
442.0000,0.6797,-0.1094,0.2744,28.2137,164.3053,4.1832
512.0000,0.6624,-0.0750,0.2925,23.8779,165.2443,3.5878
494.0000,0.6584,-0.0669,0.3496,18.9237,166.6641,1.8321
414.0000,0.6431,-0.0901,0.4089,14.6412,167.9618,0.4351
511.0000,0.6240,-0.0901,0.4661,9.3359,168.1679,-0.7023
590.0000,0.6187,-0.0811,0.4648,5.2672,169.9313,-1.0916
520.0000,0.6035,-0.1104,0.4937,3.9924,170.0534,-1.7099
513.0000,0.5928,-0.1191,0.5176,5.7252,169.5114,-1.7710
350.0000,0.5762,-0.1165,0.5293,4.9008,168.9389,-2.3282
723.0000,0.5461,-0.1003,0.5125,4.4580,168.5572,-2.3664
446.0000,0.5425,-0.0869,0.5222,3.7634,167.6870,-2.3664
509.0000,0.5132,-0.1321,0.6128,4.5878,166.7481,-2.6260
484.0000,0.4868,-0.1360,0.6650,3.7710,165.6565,-1.5344
537.0000,0.4561,-0.1169,0.6873,0.9771,164.4733,-0.2443
540.0000,0.4431,-0.0994,0.6956,-0.5267,161.8702,0.7176
463.0000,0.4260,-0.1008,0.7097,-2.0076,158.5954,1.1603
444.0000,0.4087,-0.0793,0.7075,-6.1221,155.1679,1.7328
592.0000,0.4028,-0.0564,0.7107,-13.7863,151.7863,2.0229
479.0000,0.4102,-0.0840,0.7456,-18.6641,148.8397,2.1298
522.0000,0.4114,-0.1064,0.7747,-21.4504,146.4809,2.8626
481.0000,0.4094,-0.1274,0.8298,-22.8626,145.0305,3.1832
626.0000,0.3916,-0.1541,0.8423,-23.1221,143.5496,4.0382
519.0000,0.3875,-0.1477,0.8337,-21.2290,141.9771,5.0916
513.0000,0.3787,-0.1790,0.8523,-16.6794,141.1756,5.6260
469.0000,0.3555,-0.1677,0.8479,-13.4351,140.0458,6.5344
482.0000,0.3447,-0.1145,0.8267,-14.8855,138.3893,7.2519
512.0000,0.3416,-0.0830,0.7756,-21.5191,136.0611,7.7099
563.0000,0.3357,-0.0652,0.7493,-30.4809,134.6488,8.1985
476.0000,0.3213,-0.0898,0.7974,-38.0687,134.2290,8.3130
410.0000,0.3013,-0.1360,0.8608,-44.5496,133.4733,9.4809
592.0000,0.2788,-0.1196,0.8613,-51.6183,132.1374,11.0763
498.0000,0.2803,-0.1382,0.8447,-56.3282,131.2672,11.4962
497.0000,0.2480,-0.1958,0.8752,-55.0534,130.0458,12.7557
437.0000,0.2339,-0.1899,0.8533,-54.1985,128.0153,13.7710
545.0000,0.2312,-0.1851,0.8376,-53.7939,126.9847,14.3511
383.0000,0.2170,-0.2253,0.9158,-50.0305,127.4733,14.6489
602.0000,0.1934,-0.2385,0.9810,-44.3206,128.2672,15.7023
457.0000,0.1580,-0.2820,1.0723,-33.6489,129.7481,15.5191
466.0000,0.1279,-0.3630,1.1821,-16.2290,130.6107,16.2672
480.0000,0.0916,-0.3281,1.2166,0.5344,130.4656,17.3969
511.0000,0.0554,-0.3076,1.2053,14.6641,128.6412,17.1908
513.0000,0.0242,-0.2512,1.2151,25.5802,124.8702,16.7710
435.0000,-0.0029,-0.1567,1.1831,22.8855,117.7634,15.8397
481.0000,-0.0090,-0.0952,1.1296,8.0229,111.3359,14.2214
472.0000,-0.0208,-0.0881,1.0774,-8.8168,104.7481,13.5420
403.0000,-0.0430,-0.0891,1.0728,-26.9542,96.5725,12.7863
526.0000,-0.0391,-0.1277,1.1028,-43.6947,88.4046,11.8473
502.0000,-0.0469,-0.2007,1.1687,-51.9313,85.4962,11.5115
425.0000,-0.0525,-0.2903,1.2422,-49.8473,78.9847,11.3511
487.0000,-0.0547,-0.3540,1.2988,-39.8244,74.4733,11.6183
507.0000,-0.0420,-0.3628,1.3015,-26.2519,70.9084,11.6641
458.0000,-0.0432,-0.3364,1.2703,-12.7176,67.3893,11.3206
499.0000,-0.0347,-0.2986,1.2217,-3.1221,63.0382,10.9237
508.0000,-0.0325,-0.2671,1.1882,1.3130,58.8397,10.0611
483.0000,-0.0278,-0.2468,1.1802,0.3588,55.2137,9.4122
426.0000,-0.0171,-0.2268,1.1682,-3.9313,51.2595,8.7252
568.0000,-0.0081,-0.2158,1.1428,-9.9160,46.7786,7.3359
496.0000,-0.0046,-0.2249,1.1353,-14.2137,42.6870,6.1527
456.0000,0.0000,-0.2595,1.1482,-15.2137,39.2977,5.0382
529.0000,0.0027,-0.2878,1.1411,-13.8244,35.9695,4.2977
437.0000,0.0059,-0.2971,1.1199,-10.6336,32.9771,3.8550
534.0000,0.0122,-0.2903,1.1111,-6.2977,30.6260,3.1908
512.0000,0.0247,-0.2871,1.1040,-1.6718,28.1908,2.4504
458.0000,0.0227,-0.2864,1.1101,2.0382,25.8473,1.7252
531.0000,0.0103,-0.2778,1.1099,3.4275,23.1450,0.9847
540.0000,0.0181,-0.2693,1.1172,2.2214,18.7557,-0.2901
500.0000,0.0093,-0.2688,1.1274,-1.0992,13.2748,-1.6870
474.0000,0.0176,-0.2820,1.1836,-5.2672,7.0611,-3.2366
493.0000,0.0383,-0.3013,1.2024,-8.4504,1.9847,-4.7252
506.0000,0.0601,-0.3152,1.2056,-10.6565,-2.2290,-5.3664
473.0000,0.0708,-0.3186,1.1733,-9.4580,-4.7710,-5.7786
511.0000,0.0862,-0.3167,1.0862,-6.1908,-6.2137,-5.8855
490.0000,0.0894,-0.3062,1.0278,-1.2137,-6.5420,-6.0153
402.0000,0.1011,-0.2788,0.9553,2.7863,-6.4275,-5.9084
598.0000,0.1099,-0.2600,0.9167,5.1603,-6.3130,-5.8702
505.0000,0.1101,-0.2371,0.8704,5.8855,-6.0458,-5.9160
484.0000,0.1028,-0.2271,0.8628,5.9389,-5.1527,-5.8321
544.0000,0.0986,-0.2095,0.8369,4.6565,-3.7023,-5.7710
505.0000,0.1025,-0.2061,0.8369,2.2901,-2.9160,-5.8397
472.0000,0.0884,-0.2078,0.8167,1.4733,-2.0992,-6.0763
499.0000,0.0720,-0.2190,0.8286,0.8702,-1.1985,-5.5878
535.0000,0.0667,-0.2190,0.8315,0.8244,-0.4046,-5.3511
454.0000,0.0637,-0.2200,0.8499,0.9771,0.4885,-4.7176
504.0000,0.0518,-0.2183,0.8533,2.0534,1.1221,-4.1908
562.0000,0.0457,-0.2102,0.8706,2.9542,1.6794,-3.9313
453.0000,0.0317,-0.2173,0.8701,3.4504,1.7863,-3.4275
507.0000,0.0276,-0.2065,0.8711,2.9389,1.7252,-3.4351
504.0000,0.0259,-0.1934,0.8672,2.0153,1.8321,-3.0458
439.0000,0.0229,-0.1858,0.8618,1.2214,1.3359,-2.7863
497.0000,0.0181,-0.1846,0.8684,-0.2977,0.8321,-2.7252
519.0000,0.0151,-0.1926,0.8650,-1.6412,-0.0229,-2.8397
482.0000,0.0088,-0.1919,0.8870,-1.5115,-0.1527,-2.6336
455.0000,0.0156,-0.1985,0.8843,-1.5267,-0.8779,-2.4122
584.0000,0.0254,-0.2009,0.8943,-1.3588,-0.9466,-2.2137
484.0000,0.0288,-0.1978,0.8894,-0.3588,-0.9313,-2.2214
476.0000,0.0315,-0.1973,0.8979,1.0076,-0.9237,-2.2443
508.0000,0.0305,-0.2034,0.8987,1.9695,-0.6031,-2.0840
496.0000,0.0352,-0.1980,0.9038,2.7405,-0.7099,-2.2519
475.0000,0.0442,-0.1995,0.8884,3.4656,-0.0992,-2.2137
532.0000,0.0461,-0.1882,0.8853,4.0382,0.1298,-2.2137
488.0000,0.0493,-0.1877,0.8894,4.0992,0.1221,-2.3053
480.0000,0.0476,-0.1851,0.8779,3.3969,-0.0458,-2.2595
582.0000,0.0547,-0.1851,0.8804,2.3435,0.1527,-2.5038
475.0000,0.0569,-0.1953,0.8806,1.2901,-0.3969,-2.4733
518.0000,0.0593,-0.1841,0.8774,0.0992,-0.5725,-2.3359
559.0000,0.0613,-0.1790,0.8799,-1.0534,-0.4733,-2.1908
516.0000,0.0654,-0.1868,0.8970,-1.4580,-0.4504,-2.0992
541.0000,0.0637,-0.1948,0.8914,-1.1069,-0.1298,-1.7481
524.0000,0.0740,-0.1956,0.8992,-0.0153,0.1603,-1.3206
482.0000,0.0676,-0.1938,0.8926,1.5344,0.5038,-0.9084
495.0000,0.0593,-0.1956,0.8972,2.6260,0.7023,-0.3511
510.0000,0.0596,-0.1924,0.8931,3.3053,0.7023,-0.1603
547.0000,0.0581,-0.1936,0.8911,3.0687,0.0153,0.0458
505.0000,0.0645,-0.1846,0.8901,1.8626,-0.0458,0.6260
542.0000,0.0596,-0.1831,0.9043,0.4046,-0.9695,0.8779
515.0000,0.0574,-0.1848,0.9089,-1.6107,-1.3359,1.2824
492.0000,0.0520,-0.1941,0.9043,-3.2366,-2.1756,1.7939
573.0000,0.0588,-0.1892,0.9302,-4.8244,-3.1069,2.0916
520.0000,0.0510,-0.1938,0.9348,-6.0076,-3.7710,2.6031
480.0000,0.0549,-0.1980,0.9497,-6.5954,-4.7634,2.4656
501.0000,0.0488,-0.1956,0.9536,-7.8397,-5.4275,2.9847
529.0000,0.0442,-0.1965,0.9592,-8.7939,-6.5649,3.3359
478.0000,0.0400,-0.1970,0.9612,-10.6947,-7.5344,3.6947
574.0000,0.0413,-0.1919,0.9658,-13.3664,-9.1374,4.0076
521.0000,0.0530,-0.1953,0.9949,-15.5115,-10.7481,3.9237
478.0000,0.0432,-0.1951,1.0291,-17.2214,-12.9466,3.5344
575.0000,0.0508,-0.2141,1.0464,-17.9695,-14.5573,3.1069
522.0000,0.0505,-0.2385,1.0730,-16.8321,-16.2824,2.5725
535.0000,0.0403,-0.2593,1.0950,-13.3969,-18.1374,2.2290
505.0000,0.0332,-0.2859,1.1194,-7.8702,-20.0687,1.6183
531.0000,0.0229,-0.2820,1.1414,-2.5802,-22.6412,1.1069
465.0000,0.0278,-0.2803,1.1516,2.1145,-26.0076,0.6260
506.0000,0.0215,-0.2651,1.1545,5.6183,-29.8931,0.1527
505.0000,0.0176,-0.2500,1.1814,6.8168,-34.3817,-0.9237
470.0000,0.0183,-0.2400,1.2004,6.1298,-39.0534,-1.6947
436.0000,0.0203,-0.2285,1.2087,4.1832,-43.8779,-2.5267
550.0000,0.0178,-0.2187,1.2148,0.4504,-49.1298,-3.6107
475.0000,0.0261,-0.2100,1.2312,-3.1145,-54.7786,-5.1756
524.0000,0.0247,-0.2241,1.2478,-6.2061,-60.8626,-6.7176
498.0000,0.0256,-0.2312,1.2651,-9.4809,-66.5954,-7.9695
494.0000,0.0225,-0.2349,1.2620,-12.0916,-72.2519,-8.9924
553.0000,0.0356,-0.2505,1.2456,-13.3969,-77.6489,-9.7176
446.0000,0.0500,-0.2715,1.2734,-11.9924,-83.5649,-10.7557
472.0000,0.0342,-0.2803,1.2749,-10.0840,-89.1374,-11.2137
413.0000,0.0437,-0.2898,1.2793,-7.4809,-94.4580,-11.7557
511.0000,0.0459,-0.3047,1.2671,-3.5573,-100.1756,-12.3130
521.0000,0.0496,-0.3115,1.2786,1.9160,-105.7099,-12.3511
476.0000,0.0430,-0.3091,1.3147,6.6947,-110.7939,-12.2366
483.0000,0.0364,-0.3203,1.3311,11.5649,-116.1221,-12.4122
525.0000,0.0400,-0.2966,1.3228,16.1679,-122.0000,-12.2061
460.0000,0.0396,-0.2808,1.3101,20.1298,-128.1985,-12.4275
484.0000,0.0559,-0.2749,1.2979,23.0916,-134.7405,-12.4427
364.0000,0.0496,-0.2678,1.2947,23.8855,-141.2214,-12.6718
606.0000,0.0525,-0.2432,1.2683,23.5038,-148.8321,-12.7328
483.0000,0.0681,-0.2354,1.2690,23.4122,-155.8473,-13.1069
403.0000,0.0735,-0.2268,1.2688,21.3893,-163.5114,-13.2748
543.0000,0.1018,-0.1829,1.2065,17.1985,-171.2366,-13.6718
605.0000,0.1162,-0.1750,1.1504,11.0992,-178.4275,-13.8092
474.0000,0.1409,-0.1887,1.1116,5.8855,-185.7481,-14.0076
493.0000,0.1587,-0.1934,1.0601,-0.2824,-192.4198,-14.0382
530.0000,0.1841,-0.1616,1.0212,-6.9771,-198.2824,-13.7939
476.0000,0.2124,-0.1682,0.9792,-12.6718,-203.3511,-14.0458
557.0000,0.2332,-0.1650,0.9377,-15.2137,-207.5038,-14.4427
445.0000,0.2605,-0.1777,0.9158,-15.4656,-210.8473,-15.1298
578.0000,0.2727,-0.1826,0.9094,-16.2672,-213.7405,-15.3359
380.0000,0.2930,-0.1882,0.8635,-17.7786,-215.4656,-15.6947
548.0000,0.3054,-0.1763,0.7788,-18.2748,-216.8092,-15.2672
472.0000,0.3198,-0.1943,0.7683,-17.8702,-217.6641,-15.6183
484.0000,0.3220,-0.1912,0.6926,-19.0840,-219.5191,-15.1679
531.0000,0.3396,-0.1609,0.5977,-23.3282,-220.5420,-14.4427
448.0000,0.3579,-0.1265,0.5247,-28.0076,-221.6717,-15.0000
474.0000,0.3696,-0.1421,0.5386,-34.0382,-222.1756,-16.0229
500.0000,0.3789,-0.1521,0.5322,-43.0305,-222.0840,-16.5802
489.0000,0.4011,-0.1194,0.4409,-54.5344,-221.9389,-16.3817
500.0000,0.4238,-0.0984,0.3677,-67.7176,-221.4275,-17.2977
537.0000,0.4490,-0.1011,0.3052,-79.9313,-220.1679,-18.4962
314.0000,0.4592,-0.1091,0.2566,-91.2595,-218.2824,-19.8779
643.0000,0.4875,-0.1169,0.1873,-98.4504,-216.0000,-20.8015
457.0000,0.5186,-0.1738,0.2473,-96.0687,-210.0840,-23.3511
477.0000,0.5220,-0.2744,0.3767,-88.4657,-204.7633,-23.8931
589.0000,0.5486,-0.2197,0.3577,-79.6718,-198.6031,-22.8321
538.0000,0.5684,-0.2478,0.3025,-62.5420,-190.3435,-23.9008
468.0000,0.5925,-0.3201,0.2900,-41.5573,-182.4275,-24.5038
398.0000,0.6082,-0.3208,0.2676,-19.0687,-175.6336,-24.3588
555.0000,0.6160,-0.3462,0.2573,1.3817,-168.3206,-23.9771
402.0000,0.6365,-0.3171,0.2021,19.0000,-160.3053,-23.0916
439.0000,0.6465,-0.3477,0.2139,38.2366,-151.9008,-24.3740
313.0000,0.6497,-0.3574,0.1960,55.5115,-145.4733,-23.6565
797.0000,0.6770,-0.2739,0.1084,69.7176,-140.4809,-23.3817
181.0000,0.7009,-0.1790,-0.0332,77.1527,-137.5496,-23.2672
432.0000,0.7312,-0.1128,-0.1030,78.9924,-134.1145,-24.0763
704.0000,0.7656,-0.0564,-0.2349,70.0916,-133.7710,-24.0534
325.0000,0.8191,0.1104,-0.4812,49.9008,-131.4580,-22.5954
481.0000,0.8591,0.2158,-0.7144,22.8321,-127.4428,-22.6870
380.0000,0.8989,0.2334,-0.7874,-9.3664,-123.1145,-23.0305
600.0000,0.9521,0.2009,-0.8159,-41.5267,-115.7557,-22.6718
481.0000,0.9963,0.1716,-0.8247,-66.9695,-102.9618,-21.2977
480.0000,1.0242,0.0266,-0.6423,-86.7023,-82.4504,-18.2443
518.0000,1.0547,-0.0747,-0.4214,-92.7710,-60.2290,-13.7863
426.0000,1.0623,-0.1018,-0.2778,-86.4275,-34.9160,-8.7939
631.0000,1.0649,-0.1282,-0.2070,-67.5038,-7.2137,-4.7557
461.0000,1.0488,-0.1643,-0.1958,-37.7557,17.6183,-1.6870
501.0000,0.9934,-0.1931,-0.2483,-3.0534,35.7557,0.2748
463.0000,0.9558,-0.1741,-0.2744,31.4656,49.4733,1.0611
516.0000,0.9165,-0.2000,-0.2661,57.5954,60.5267,2.4046
475.0000,0.9004,-0.1562,-0.2397,71.0153,71.8626,5.0076
569.0000,0.8772,-0.1453,-0.2061,77.0840,81.0763,6.7710
487.0000,0.8459,-0.1140,-0.1541,77.0916,88.3817,8.2290
470.0000,0.8250,-0.0725,-0.1189,70.9389,93.2977,9.2519
476.0000,0.7988,-0.0276,-0.0791,60.3969,96.2214,9.7481
448.0000,0.7949,-0.0222,-0.0293,47.9847,96.8931,10.1374
596.0000,0.7896,-0.0356,0.0059,38.0611,97.1221,10.4809
521.0000,0.7937,-0.0530,0.0496,30.7710,96.1679,10.7252
460.0000,0.8037,-0.0564,0.1089,22.5267,94.5420,11.1985
524.0000,0.8198,-0.0618,0.1467,14.2824,94.0687,11.5954
509.0000,0.8416,-0.1074,0.1653,8.4504,95.3740,11.9008
474.0000,0.8508,-0.1313,0.1758,3.8626,97.0916,12.3664
508.0000,0.8643,-0.1306,0.1980,-0.1450,99.0305,13.0687
503.0000,0.8579,-0.1523,0.2153,-3.5649,102.1450,12.7405
479.0000,0.8643,-0.1514,0.2227,-5.8244,105.2748,12.0916
567.0000,0.8625,-0.1580,0.2361,-6.4046,107.4428,11.3359
473.0000,0.8645,-0.1851,0.2341,-3.9313,111.0534,10.2061
543.0000,0.8594,-0.2051,0.2100,-1.2061,114.5573,9.3969
491.0000,0.8530,-0.1919,0.2314,1.3893,118.5649,8.7176
410.0000,0.8374,-0.2156,0.2456,4.0992,122.8168,7.3359
512.0000,0.8242,-0.2095,0.2441,6.3588,126.8015,7.3359
606.0000,0.8088,-0.1873,0.2351,8.2824,131.0229,6.5802
497.0000,0.7866,-0.1719,0.2627,9.7176,134.0992,5.5038
461.0000,0.7837,-0.1777,0.2927,11.5573,137.4198,4.5725
548.0000,0.7620,-0.1785,0.3318,12.4656,140.6641,4.3359
491.0000,0.7454,-0.1680,0.3452,13.0076,144.0382,4.4275
458.0000,0.7112,-0.1731,0.3677,14.1450,147.5038,3.6336
533.0000,0.7039,-0.1909,0.4136,15.0382,150.1221,3.5420
551.0000,0.6880,-0.1655,0.4277,16.1298,152.1832,3.9084
448.0000,0.6663,-0.1724,0.4302,17.5878,154.3053,3.6947
477.0000,0.6453,-0.1731,0.4651,18.5114,156.6031,3.7176
455.0000,0.6018,-0.1709,0.4763,18.3588,157.2595,4.0534
630.0000,0.5891,-0.1421,0.4622,17.1756,156.9618,4.5649
486.0000,0.5767,-0.1235,0.4817,16.1679,156.9847,4.5038
503.0000,0.5515,-0.1753,0.5530,16.9847,156.3588,4.6641
519.0000,0.5410,-0.1670,0.6067,17.7557,156.4504,5.5420
559.0000,0.5217,-0.1399,0.6155,16.4656,155.7863,6.5802
537.0000,0.5164,-0.1384,0.6621,17.4122,154.5191,6.4198
465.0000,0.4978,-0.1611,0.7371,19.3053,153.4198,6.3969
510.0000,0.4846,-0.1514,0.7756,19.2519,151.6336,6.7176
554.0000,0.4641,-0.1194,0.7644,16.0687,149.5725,7.3740
421.0000,0.4597,-0.0930,0.7273,11.1374,147.0153,7.4198
491.0000,0.4487,-0.0867,0.7039,3.9542,144.4427,7.0840
547.0000,0.4429,-0.0654,0.6841,-4.9847,141.2748,7.0382
494.0000,0.4441,-0.0696,0.6887,-14.1374,139.2672,7.1679
442.0000,0.4363,-0.1074,0.7366,-20.5573,138.2519,7.0992
551.0000,0.4309,-0.1409,0.7803,-23.7023,137.5572,7.4504
484.0000,0.4148,-0.1572,0.8071,-22.9160,136.9847,7.9237
455.0000,0.4075,-0.1702,0.8215,-18.4427,137.1985,7.7405
534.0000,0.4063,-0.1982,0.8362,-12.0687,137.1527,7.9466
447.0000,0.3853,-0.1868,0.8252,-6.4504,137.6412,8.2748
537.0000,0.3713,-0.1917,0.8052,-1.1527,137.0916,8.7481
508.0000,0.3401,-0.1780,0.8218,2.2977,136.1832,9.4885
437.0000,0.3154,-0.1594,0.8225,1.7099,135.3740,9.9695
574.0000,0.3049,-0.1196,0.8350,-1.2824,133.8550,10.0000
491.0000,0.2981,-0.1206,0.8406,-5.1756,131.5878,9.2901
535.0000,0.2805,-0.1091,0.8560,-10.5344,130.0840,8.8015
439.0000,0.2734,-0.1282,0.8970,-15.0534,129.5420,7.8779
559.0000,0.2505,-0.1484,0.9297,-18.2901,129.1527,7.4885
464.0000,0.2217,-0.1653,0.9575,-19.3740,128.4962,6.8855
396.0000,0.2109,-0.1831,0.9836,-17.7481,127.3359,6.2901
557.0000,0.1870,-0.1904,0.9739,-14.9771,126.2290,5.9084
523.0000,0.1775,-0.1902,0.9834,-11.7405,125.1298,5.4351
475.0000,0.1548,-0.2219,1.0081,-6.3206,123.7863,4.8779
497.0000,0.1340,-0.2131,0.9990,-3.4198,121.1679,5.4504
495.0000,0.1050,-0.1758,0.9846,-5.2901,117.5878,6.0611
526.0000,0.1091,-0.1458,0.9780,-7.9008,114.1145,6.0992
510.0000,0.0791,-0.1748,1.0066,-8.9771,110.5191,6.1832
480.0000,0.0574,-0.1614,1.0479,-12.3817,106.3435,6.6336
496.0000,0.0437,-0.1213,1.0271,-19.0763,101.8397,7.1756
513.0000,0.0498,-0.1138,1.0500,-26.0305,97.9084,6.8550
474.0000,0.0496,-0.1279,1.0752,-32.4504,93.8015,6.7710
491.0000,0.0403,-0.1218,1.0916,-40.3969,89.6183,6.9237
495.0000,0.0413,-0.1401,1.1021,-48.3893,86.6412,6.9618
452.0000,0.0308,-0.1775,1.1309,-54.0992,86.0382,7.5420
468.0000,0.0271,-0.2136,1.1240,-56.2137,82.3130,8.1985
515.0000,0.0151,-0.2593,1.1323,-53.8092,79.5115,9.1069
408.0000,0.0110,-0.3032,1.1519,-46.2595,77.3283,9.9237
505.0000,-0.0098,-0.3303,1.1797,-35.5191,74.8397,10.8855
558.0000,-0.0168,-0.3381,1.1636,-23.3282,71.8702,11.7252
495.0000,-0.0295,-0.3364,1.1729,-10.2977,69.5573,12.3588
470.0000,-0.0425,-0.3364,1.1738,2.1374,66.5496,12.6794
487.0000,-0.0444,-0.2883,1.1465,9.9695,62.0916,12.9084
557.0000,-0.0256,-0.2415,1.1208,12.1450,57.2824,12.5802
458.0000,-0.0261,-0.2236,1.1240,10.5802,53.1145,12.2061
518.0000,-0.0144,-0.2192,1.1511,6.2443,48.7481,12.1527
481.0000,-0.0276,-0.2195,1.1660,-0.2977,43.8702,11.6412
501.0000,-0.0232,-0.2129,1.1638,-7.1908,39.2672,11.0916
523.0000,-0.0215,-0.2163,1.1497,-12.6336,35.2748,10.6489
459.0000,-0.0403,-0.2363,1.1433,-17.6947,28.7786,8.9237
497.0000,-0.0442,-0.2542,1.1821,-24.9847,19.6336,6.7557
512.0000,-0.0413,-0.2942,1.2852,-32.0382,8.7405,3.0534
491.0000,-0.0049,-0.3728,1.3770,-34.2519,-0.7481,-0.0382
452.0000,0.0378,-0.4211,1.4280,-33.2290,-6.7099,-1.2901
578.0000,0.0696,-0.4182,1.3987,-27.9771,-10.1908,-2.5725
508.0000,0.1064,-0.4236,1.3105,-16.8855,-11.4198,-3.7863
470.0000,0.1316,-0.3633,1.1746,-3.7939,-10.5725,-4.4427
483.0000,0.1409,-0.3298,1.0654,6.6260,-9.3588,-5.7481
490.0000,0.1458,-0.2903,0.9158,14.2214,-7.7557,-6.1908
483.0000,0.1335,-0.2661,0.8413,18.4198,-6.7557,-5.8702
474.0000,0.1282,-0.2185,0.7839,18.8626,-5.8092,-5.9771
507.0000,0.1265,-0.1965,0.7603,16.2214,-5.0611,-5.7786
529.0000,0.1160,-0.1755,0.7507,12.3740,-4.0382,-5.8168
507.0000,0.1167,-0.1768,0.7712,8.1450,-3.0458,-5.9084
518.0000,0.1023,-0.1970,0.7881,4.6412,-1.8397,-5.5496
478.0000,0.0901,-0.2058,0.8018,2.8855,0.1221,-4.7863
493.0000,0.0750,-0.2227,0.8269,2.9847,1.9847,-3.9771
510.0000,0.0542,-0.2283,0.8433,4.7710,3.0840,-3.0687
480.0000,0.0452,-0.2195,0.8428,6.3817,3.6489,-2.2366
559.0000,0.0420,-0.2097,0.8381,7.8626,3.6260,-1.4809
523.0000,0.0315,-0.1973,0.8437,8.2901,3.4427,-0.8244
467.0000,0.0220,-0.1838,0.8501,6.5267,3.6260,-0.3740
544.0000,0.0132,-0.1782,0.8564,3.6489,3.4427,0.3130
532.0000,0.0156,-0.1831,0.8574,1.2977,2.9084,0.9542
467.0000,0.0093,-0.1860,0.8652,0.1374,2.2137,1.5038
516.0000,0.0061,-0.1963,0.8896,-0.1450,1.5802,1.7863
495.0000,-0.0015,-0.2046,0.8967,0.0916,0.6794,2.2214
495.0000,0.0122,-0.2102,0.9023,0.9695,-0.0611,2.3817
516.0000,0.0234,-0.2141,0.9106,1.9313,-0.5267,2.2214
513.0000,0.0295,-0.2080,0.9111,2.2214,-0.8473,2.3130
506.0000,0.0266,-0.2122,0.9138,2.2290,-1.4656,2.0840
487.0000,0.0361,-0.2092,0.9150,1.8092,-2.0840,1.8321
420.0000,0.0400,-0.2087,0.9150,0.6565,-2.4122,1.4427
573.0000,0.0369,-0.2058,0.8984,-0.4122,-2.9466,1.1679
446.0000,0.0505,-0.2122,0.9016,-0.4885,-3.0840,0.7939
472.0000,0.0544,-0.2200,0.9150,-0.4122,-3.1603,0.5420
613.0000,0.0535,-0.2190,0.9172,0.2672,-3.1985,0.3053
472.0000,0.0542,-0.2239,0.9216,1.7710,-3.0534,-0.1221
501.0000,0.0566,-0.2278,0.9307,3.0305,-2.7939,-0.2901
532.0000,0.0479,-0.2136,0.9248,4.3893,-2.9160,-0.7176
487.0000,0.0605,-0.2170,0.9153,5.0458,-2.9084,-1.0687
489.0000,0.0552,-0.2053,0.9163,4.9847,-3.5191,-1.3282
522.0000,0.0579,-0.1978,0.9084,4.1908,-3.6107,-1.3817
477.0000,0.0630,-0.1987,0.9126,2.5267,-4.1145,-1.5191
464.0000,0.0652,-0.2000,0.9316,0.8550,-4.7176,-1.6641
550.0000,0.0562,-0.2043,0.9341,-1.0153,-5.2137,-1.5115
506.0000,0.0500,-0.2102,0.9390,-1.7252,-6.0611,-1.4656
446.0000,0.0510,-0.2253,0.9507,-1.4962,-6.9313,-1.1603
535.0000,0.0500,-0.2239,0.9607,-0.9237,-7.8168,-1.2443
451.0000,0.0569,-0.2183,0.9695,-0.2595,-8.6107,-1.0076
525.0000,0.0542,-0.2202,0.9744,0.6870,-9.9618,-0.8702
524.0000,0.0500,-0.2229,0.9683,1.5649,-11.4733,-0.4656
542.0000,0.0498,-0.2241,0.9739,2.1756,-12.8092,-0.3130
444.0000,0.0491,-0.2234,0.9912,2.0458,-14.0916,-0.1985
530.0000,0.0559,-0.2236,0.9880,1.8702,-15.7252,0.2061
444.0000,0.0486,-0.2195,0.9873,1.3664,-17.4885,0.3817
481.0000,0.0569,-0.2178,1.0112,1.4809,-19.4198,0.5191
450.0000,0.0474,-0.2297,1.0315,1.7099,-21.1756,0.6031
523.0000,0.0488,-0.2395,1.0505,2.4733,-23.0076,0.3130
456.0000,0.0454,-0.2493,1.0952,3.1298,-24.9237,0.2824
509.0000,0.0283,-0.2368,1.1375,4.8931,-27.1832,0.1832
469.0000,0.0103,-0.2507,1.1677,7.2290,-30.2061,-0.1298
458.0000,-0.0022,-0.2346,1.1965,9.3893,-34.0687,-0.2366
546.0000,-0.0051,-0.2314,1.2087,10.8244,-38.4046,-0.0534
445.0000,-0.0076,-0.2114,1.2263,10.9466,-43.4885,-0.2061
523.0000,-0.0012,-0.1873,1.2327,10.0153,-49.1069,-0.1374
556.0000,0.0059,-0.1802,1.2527,8.2977,-54.9618,0.0305
449.0000,0.0151,-0.1775,1.2659,6.6107,-61.1603,0.2595
496.0000,0.0278,-0.1807,1.2783,4.5725,-67.2214,0.8855
645.0000,0.0322,-0.1885,1.2864,2.8321,-73.1832,1.6718
404.0000,0.0491,-0.2092,1.3079,3.0687,-79.2366,2.2901
451.0000,0.0415,-0.2197,1.3560,4.5725,-85.1603,2.8855
410.0000,0.0474,-0.2168,1.3901,6.4962,-91.4275,3.5191
589.0000,0.0532,-0.2124,1.3972,8.2824,-98.1145,3.3511
486.0000,0.0442,-0.2187,1.4067,11.2137,-104.9542,3.2672
471.0000,0.0427,-0.2092,1.4092,13.2901,-112.7786,2.7710
525.0000,0.0503,-0.2065,1.4028,13.4809,-120.7176,1.9924
452.0000,0.0637,-0.2039,1.3564,14.0382,-128.8473,1.5267
506.0000,0.0850,-0.1973,1.2900,12.6641,-137.6183,1.3130
638.0000,0.1072,-0.1865,1.2300,9.6947,-145.6412,0.7328
418.0000,0.1355,-0.2205,1.1907,7.7939,-153.0076,0.1832
438.0000,0.1689,-0.2290,1.1746,6.9466,-160.3664,-0.1374
513.0000,0.1870,-0.2319,1.1860,5.3511,-166.5267,-0.9313
484.0000,0.2085,-0.2314,1.1726,4.7634,-171.9313,-1.8015
369.0000,0.2300,-0.2368,1.1421,4.1298,-176.9466,-2.9542
523.0000,0.2463,-0.2004,1.0515,3.5344,-182.4122,-3.9924
412.0000,0.2681,-0.2114,1.0017,4.3053,-186.5343,-5.5420
553.0000,0.2722,-0.2021,0.9448,3.7863,-190.5954,-6.1145
523.0000,0.2852,-0.1982,0.9084,2.4122,-194.2824,-6.9924
472.0000,0.2910,-0.2048,0.8770,1.2901,-197.4198,-7.2977
472.0000,0.3030,-0.1941,0.8457,1.7176,-199.4886,-7.3359
521.0000,0.3135,-0.2039,0.8691,2.6412,-201.6794,-7.8244
419.0000,0.3176,-0.1758,0.8184,3.4046,-203.8092,-7.3817
616.0000,0.3188,-0.1624,0.8171,3.2061,-205.2519,-7.8855
469.0000,0.3201,-0.1660,0.8423,2.8244,-206.0076,-8.3740
496.0000,0.3052,-0.1421,0.8132,0.1298,-207.5572,-7.7481
516.0000,0.3132,-0.1189,0.7427,-4.2214,-208.8321,-7.2366
587.0000,0.3311,-0.1145,0.6855,-10.5191,-210.1450,-7.7939
418.0000,0.3494,-0.0735,0.5920,-17.7786,-211.6260,-7.3740
510.0000,0.3694,-0.0854,0.5366,-22.4656,-212.0382,-8.5267
481.0000,0.3831,-0.1375,0.5613,-25.4351,-212.7252,-9.7863
563.0000,0.3989,-0.1270,0.5200,-26.8015,-213.3435,-9.2519
540.0000,0.4121,-0.1323,0.4968,-26.6947,-213.4504,-10.2214
499.0000,0.4307,-0.1477,0.4978,-26.0992,-212.0076,-10.8244
431.0000,0.4543,-0.1377,0.4685,-25.0534,-210.0992,-11.1374
629.0000,0.4753,-0.1421,0.4575,-23.4656,-206.8550,-12.2290
485.0000,0.4978,-0.1604,0.3962,-21.6794,-202.8779,-12.5954
322.0000,0.5088,-0.1348,0.3191,-20.6489,-198.8321,-12.4427
540.0000,0.5413,-0.1309,0.2813,-19.8626,-193.9313,-13.7023
580.0000,0.5579,-0.1448,0.3008,-21.6565,-188.0534,-15.0076
374.0000,0.5864,-0.1404,0.2590,-22.9695,-181.2977,-15.3435
560.0000,0.5828,-0.1538,0.2317,-20.5344,-174.0153,-16.9847
340.0000,0.5916,-0.1812,0.2280,-19.5496,-168.5496,-17.4733
480.0000,0.6196,-0.1528,0.1882,-18.1908,-162.4351,-18.3053
802.0000,0.6389,-0.1658,0.1802,-16.7023,-156.1832,-18.7099
508.0000,0.6663,-0.1648,0.1543,-11.0534,-149.6717,-19.0611
420.0000,0.6597,-0.1848,0.1904,-7.2214,-144.8550,-19.8473
632.0000,0.6838,-0.1646,0.1958,-4.8855,-139.5954,-19.8473
431.0000,0.7021,-0.1775,0.1670,-1.6565,-133.1603,-19.8779
482.0000,0.7224,-0.1660,0.0898,1.7863,-127.9389,-19.2519
390.0000,0.7346,-0.1494,-0.0022,5.7939,-124.9084,-18.2137
660.0000,0.7654,-0.1143,-0.1953,7.6870,-121.5038,-17.2290
277.0000,0.8066,-0.0542,-0.3713,6.3053,-118.0229,-16.5954
659.0000,0.8467,-0.0400,-0.4670,-0.2977,-114.0458,-16.2366
506.0000,0.8938,0.0024,-0.5681,-9.6794,-107.4046,-14.9389
386.0000,0.9333,0.0000,-0.5571,-21.6412,-97.1298,-14.3740
680.0000,0.9683,-0.0071,-0.5769,-33.3359,-85.1450,-12.2290
414.0000,1.0132,-0.0537,-0.5125,-42.7176,-68.6412,-10.7176
391.0000,1.0186,-0.0530,-0.4363,-48.8779,-50.8550,-8.6565
503.0000,1.0293,-0.0435,-0.4001,-50.4046,-31.9695,-6.3282
529.0000,1.0271,-0.0701,-0.4160,-47.5802,-11.6794,-4.9008
512.0000,1.0103,-0.0891,-0.3931,-41.8397,8.1069,-2.8015
494.0000,0.9849,-0.1030,-0.3455,-33.8168,24.6260,-0.7557
529.0000,0.9490,-0.1086,-0.3020,-25.9771,39.6947,1.1450
491.0000,0.9277,-0.1055,-0.2368,-19.3282,53.5191,3.5496
485.0000,0.8955,-0.1069,-0.1643,-12.6031,65.1756,5.2977
530.0000,0.8694,-0.1035,-0.1055,-8.3588,74.1985,6.9618
475.0000,0.8340,-0.1096,-0.0576,-5.7863,81.2901,8.5115
447.0000,0.8105,-0.1052,-0.0303,-4.1374,87.6794,9.7405
610.0000,0.8010,-0.1091,-0.0051,-3.5420,87.8092,11.6260
380.0000,0.7783,-0.1123,-0.0037,-2.9618,90.8321,13.2061
519.0000,0.7773,-0.1218,0.0012,-1.8931,91.8855,15.1527
529.0000,0.7866,-0.1125,0.0225,-1.0000,92.7481,16.2443
496.0000,0.7988,-0.1086,0.0581,-1.3817,93.4657,17.0076
518.0000,0.8218,-0.0979,0.0977,-2.8931,96.0687,17.8626
476.0000,0.8376,-0.1082,0.1138,-4.1069,99.7176,18.3664
465.0000,0.8367,-0.1372,0.1804,-3.5115,104.7176,18.0763
474.0000,0.8357,-0.1702,0.2341,-2.1603,110.4809,18.1069
559.0000,0.8398,-0.1760,0.2461,0.6412,116.4809,17.8397
586.0000,0.8274,-0.1882,0.2354,5.8168,121.9771,17.2748
498.0000,0.8169,-0.2148,0.2341,13.0382,126.4733,16.0840
570.0000,0.8076,-0.2346,0.2380,19.2977,130.2824,14.8626
453.0000,0.7949,-0.2173,0.2419,24.3206,134.3969,13.3359
480.0000,0.7830,-0.2012,0.2427,26.4427,138.5802,11.7710
528.0000,0.7651,-0.1807,0.2246,25.9008,142.1908,10.5344
476.0000,0.7524,-0.1675,0.2427,23.5344,145.5420,8.5878
502.0000,0.7312,-0.1536,0.2544,19.1069,148.1298,6.7328
393.0000,0.7144,-0.1333,0.2795,12.5954,150.1908,5.8015
592.0000,0.7126,-0.1206,0.2925,4.5115,151.6565,4.9313
463.0000,0.6987,-0.1443,0.3037,0.3053,154.2595,3.7710
567.0000,0.6792,-0.1638,0.3662,-2.4809,155.9389,2.9542
451.0000,0.6685,-0.1567,0.4246,-4.0000,157.9389,2.3664
478.0000,0.6736,-0.1870,0.4724,-2.2748,160.9313,1.2137
472.0000,0.6597,-0.2388,0.5327,5.2672,163.5191,0.8397
501.0000,0.6467,-0.2288,0.5549,14.5344,165.2977,1.2595
487.0000,0.6306,-0.2268,0.5823,23.5802,167.8931,0.9389
523.0000,0.6138,-0.2126,0.5984,30.9389,168.6717,1.1756
465.0000,0.5957,-0.1741,0.5679,33.4427,168.6488,1.4733
446.0000,0.5740,-0.1331,0.5144,31.6718,167.9847,1.1908
546.0000,0.5391,-0.0920,0.4629,23.8626,165.7328,1.3969
472.0000,0.5198,-0.0544,0.4619,11.5420,162.9695,1.4122
393.0000,0.5034,-0.0483,0.4880,-3.6794,159.2366,2.1374
605.0000,0.4883,-0.0391,0.5042,-19.3282,157.1756,2.5954
490.0000,0.4822,-0.0957,0.6003,-30.8244,156.0992,3.0611
459.0000,0.4712,-0.1411,0.6785,-35.8931,154.7557,4.6183
472.0000,0.4656,-0.1909,0.7703,-34.5038,154.1145,5.5725
470.0000,0.4700,-0.2224,0.8335,-26.7481,154.1145,6.3893
509.0000,0.4746,-0.2107,0.8352,-16.0458,154.7939,7.1298
512.0000,0.4722,-0.2273,0.8406,-3.4580,154.7633,7.1985
475.0000,0.4504,-0.1968,0.8208,5.3435,154.7939,8.0305
483.0000,0.4250,-0.1606,0.7969,6.6336,154.0229,9.1069
553.0000,0.4165,-0.1143,0.7502,1.8931,153.8626,9.6794
492.0000,0.3975,-0.0881,0.7065,-5.9924,152.9008,9.9160
543.0000,0.3616,-0.0745,0.6980,-18.0076,150.7557,9.6718
499.0000,0.3477,-0.0784,0.7139,-30.4504,149.0305,9.8626
514.0000,0.3228,-0.1465,0.7859,-37.5267,147.7176,9.9237
428.0000,0.2957,-0.2153,0.8687,-38.5878,146.1221,10.9313
618.0000,0.2729,-0.2539,0.9292,-33.4580,144.9695,11.5649
487.0000,0.2637,-0.2834,0.9739,-22.1603,144.8702,12.1985
477.0000,0.2419,-0.3220,1.0491,-4.6489,143.7176,12.4046
510.0000,0.2197,-0.3110,1.0879,12.3359,141.6870,12.4351
507.0000,0.1970,-0.2546,1.0889,24.0992,139.1985,12.3588
483.0000,0.1777,-0.1672,1.0581,26.7099,135.9313,12.0153
597.0000,0.1843,-0.0930,1.0061,20.1069,131.7252,10.7786
427.0000,0.1658,-0.0498,0.9707,6.3740,127.8244,9.1145
500.0000,0.1399,-0.0347,0.9382,-11.6641,123.8244,8.2901
467.0000,0.1282,-0.0698,0.9343,-28.9160,119.3283,8.2748
516.0000,0.1106,-0.1235,0.9441,-40.8550,114.5344,8.3740
423.0000,0.1106,-0.1599,1.0071,-46.7481,110.2977,8.3664
529.0000,0.1104,-0.2280,1.0645,-45.4733,106.3817,8.9618
602.0000,0.1084,-0.2651,1.1160,-38.4122,102.9084,9.8473
470.0000,0.1072,-0.3064,1.1677,-25.5344,100.7557,10.2214
502.0000,0.0881,-0.3240,1.2471,-9.6260,99.8550,11.0229
435.0000,0.0532,-0.2910,1.2966,2.9847,97.7710,11.6870
575.0000,0.0396,-0.2532,1.2761,10.5725,94.9542,11.9084
511.0000,0.0100,-0.2073,1.2664,13.3817,91.0840,12.2901
485.0000,-0.0049,-0.1689,1.2610,8.8092,85.8321,12.3053
474.0000,-0.0288,-0.1240,1.2078,-0.5649,77.8321,11.9008
524.0000,-0.0298,-0.1040,1.1609,-11.3435,70.4046,11.6183
460.0000,-0.0354,-0.1133,1.1255,-23.4656,62.6412,11.8473
563.0000,-0.0298,-0.1228,1.1060,-35.7099,55.2214,11.5802
561.0000,-0.0144,-0.1648,1.1104,-44.3664,49.0916,11.3588
480.0000,0.0000,-0.2520,1.1560,-45.9695,43.8550,11.0687
364.0000,0.0195,-0.2888,1.1785,-42.4733,39.9847,10.9389
606.0000,0.0398,-0.3145,1.1836,-34.6107,36.7710,10.5802
497.0000,0.0601,-0.3308,1.1968,-23.2443,35.3435,9.8321
459.0000,0.0693,-0.3474,1.1978,-9.5191,34.3664,9.3282
491.0000,0.0708,-0.3257,1.1743,2.6107,33.0992,9.1145
504.0000,0.0645,-0.3018,1.1392,10.5802,31.8092,8.5954
451.0000,0.0610,-0.2676,1.0701,14.8244,30.2443,8.1832
535.0000,0.0554,-0.2283,1.0430,15.2061,28.0076,7.6641
506.0000,0.0518,-0.2036,1.0081,12.1374,25.7099,6.6336
480.0000,0.0564,-0.1987,0.9917,7.1603,23.5344,5.9389
457.0000,0.0537,-0.2009,0.9683,1.1221,21.3130,5.1756
569.0000,0.0559,-0.2073,0.9417,-5.2137,19.2443,4.3282
486.0000,0.0613,-0.2251,0.9414,-11.0153,16.9237,3.2901
528.0000,0.0642,-0.2471,0.9573,-16.2672,13.5802,2.2290
518.0000,0.0625,-0.2778,0.9946,-20.4198,10.1450,1.2672
519.0000,0.0603,-0.3208,1.0613,-21.5725,7.8015,-0.1832
533.0000,0.0461,-0.3530,1.1211,-18.9008,5.8931,-1.1298
529.0000,0.0352,-0.3735,1.1685,-12.9084,4.1908,-1.8626
482.0000,0.0366,-0.3745,1.1760,-5.0992,2.7710,-2.9466
484.0000,0.0298,-0.3652,1.1548,3.0534,1.0763,-3.3893
521.0000,0.0259,-0.3411,1.1016,10.5420,-0.4962,-3.3511
455.0000,0.0205,-0.2969,1.0337,15.8092,-2.0763,-3.1756
516.0000,0.0352,-0.2642,0.9722,17.0458,-3.4504,-2.7786
449.0000,0.0398,-0.2458,0.9121,16.0000,-4.0000,-1.7786
527.0000,0.0374,-0.2246,0.8765,12.4427,-4.6107,-0.9924
542.0000,0.0447,-0.2024,0.8464,8.8168,-4.8015,-0.2901
495.0000,0.0313,-0.2168,0.8308,6.7481,-4.7328,0.3206
451.0000,0.0344,-0.2134,0.8152,5.7863,-4.8321,0.7863
528.0000,0.0417,-0.1985,0.8059,4.8397,-5.2061,1.4427
495.0000,0.0415,-0.2012,0.8232,5.3206,-5.0076,1.7863
490.0000,0.0442,-0.2095,0.8579,6.4885,-4.3206,2.0534
459.0000,0.0488,-0.1958,0.8848,6.7939,-3.5344,2.2061
508.0000,0.0405,-0.2000,0.8796,6.1679,-2.6260,2.2061
524.0000,0.0403,-0.1929,0.8704,5.1221,-2.0229,2.3130
512.0000,0.0391,-0.1829,0.8638,3.6412,-1.8626,2.4656
488.0000,0.0286,-0.1868,0.8655,2.1069,-1.9237,2.7328
528.0000,0.0266,-0.1841,0.8564,-0.3130,-2.5344,2.7328
554.0000,0.0327,-0.1816,0.8577,-1.9389,-2.9084,2.9008
481.0000,0.0239,-0.1985,0.8691,-2.3435,-3.1298,2.6565
472.0000,0.0159,-0.2151,0.8953,-1.9237,-3.1298,2.6870
502.0000,0.0149,-0.2090,0.9021,-1.1221,-3.3206,2.7405
510.0000,0.0208,-0.2141,0.9097,0.2824,-3.5954,2.5802
495.0000,0.0227,-0.2048,0.9050,1.2977,-3.9618,2.1527
533.0000,0.0222,-0.2000,0.9019,2.2519,-4.6260,1.9008
530.0000,0.0352,-0.1936,0.9026,2.6336,-4.8015,1.3206
474.0000,0.0347,-0.2000,0.9177,2.2443,-5.2748,1.0076
306.0000,0.0330,-0.1990,0.9253,1.3053,-5.7939,0.6031
626.0000,0.0388,-0.2029,0.9160,0.6107,-6.2595,0.2672
522.0000,0.0398,-0.2102,0.9075,0.7557,-6.4962,0.0229
487.0000,0.0449,-0.2095,0.9167,1.3969,-6.9924,-0.1679
508.0000,0.0449,-0.2163,0.9187,1.6718,-7.2901,-0.3053
524.0000,0.0454,-0.2048,0.9180,1.9542,-8.3664,-0.2519
464.0000,0.0552,-0.1968,0.8989,1.4580,-9.0763,-0.2824
510.0000,0.0549,-0.1980,0.8923,0.5954,-9.5954,-0.0382
512.0000,0.0608,-0.1887,0.8772,-1.4275,-9.7405,-0.0382
460.0000,0.0713,-0.1843,0.8870,-3.9542,-10.3130,0.1298
507.0000,0.0791,-0.1851,0.8948,-6.5344,-10.2443,0.3664
523.0000,0.0776,-0.1907,0.8879,-9.0763,-10.2214,0.4809
480.0000,0.0776,-0.1965,0.8948,-10.7939,-9.9618,0.8397
497.0000,0.0742,-0.1946,0.8911,-12.4275,-10.1298,1.0840
534.0000,0.0667,-0.1958,0.8718,-14.0229,-9.9695,1.4351
465.0000,0.0740,-0.1929,0.8711,-15.3130,-10.2519,2.0153
543.0000,0.0874,-0.2004,0.8645,-16.2366,-9.9008,2.4351
505.0000,0.0796,-0.1987,0.8748,-17.6183,-9.7557,2.9313
536.0000,0.0808,-0.1982,0.8826,-18.6183,-9.4733,3.2901
519.0000,0.0825,-0.2302,0.9111,-17.7328,-8.8168,3.7786
518.0000,0.0745,-0.2356,0.9382,-16.1145,-8.4809,4.3435
476.0000,0.0696,-0.2375,0.9524,-13.6718,-8.1374,4.6183
468.0000,0.0735,-0.2383,0.9465,-10.9618,-8.3893,4.7252
514.0000,0.0703,-0.2390,0.9443,-8.2366,-9.0687,4.6870
505.0000,0.0596,-0.2546,0.9558,-5.7939,-9.7634,4.6565
475.0000,0.0574,-0.2556,0.9583,-3.5573,-11.0611,4.5802
534.0000,0.0583,-0.2427,0.9639,-2.4733,-12.5420,4.4351
539.0000,0.0574,-0.2258,0.9573,-2.8702,-14.2672,4.0305
510.0000,0.0574,-0.2307,0.9756,-3.2595,-16.6870,3.3206
503.0000,0.0598,-0.2388,1.0122,-4.0916,-18.5954,2.6565
505.0000,0.0474,-0.2524,1.0164,-5.1908,-20.8702,1.7939
497.0000,0.0532,-0.2612,1.0403,-5.8779,-22.8321,1.3740
494.0000,0.0591,-0.2622,1.0632,-5.4275,-25.0458,0.3053
483.0000,0.0581,-0.2795,1.0962,-3.9237,-27.3282,-0.7634
439.0000,0.0518,-0.2791,1.1179,-2.8092,-30.3130,-1.7252
544.0000,0.0571,-0.2766,1.1301,-2.0763,-33.7099,-2.4656
523.0000,0.0549,-0.2661,1.1379,-1.2672,-37.1374,-3.9542
401.0000,0.0476,-0.2759,1.1536,-0.7634,-40.8092,-4.7328
583.0000,0.0481,-0.2646,1.1594,-1.3817,-44.5573,-5.4580
492.0000,0.0466,-0.2698,1.1843,-1.6489,-48.7863,-6.5802
453.0000,0.0444,-0.2739,1.2021,-1.3053,-53.0992,-7.7099
603.0000,0.0364,-0.2908,1.2493,-0.3435,-57.5344,-8.0992
498.0000,0.0356,-0.2771,1.2583,0.8626,-62.6565,-8.6183
487.0000,0.0391,-0.2815,1.2754,2.4351,-68.6336,-9.8931
586.0000,0.0283,-0.2852,1.2981,4.0611,-74.4733,-10.3282
493.0000,0.0244,-0.2805,1.3184,4.8855,-80.3588,-10.6947
428.0000,0.0222,-0.2715,1.3035,4.2519,-87.2824,-10.7939
546.0000,0.0369,-0.2595,1.2881,3.3893,-93.9160,-10.7557
538.0000,0.0483,-0.2595,1.2708,2.6718,-100.8015,-11.1450
381.0000,0.0508,-0.2678,1.2952,2.5344,-107.5420,-11.0611
524.0000,0.0664,-0.2671,1.2881,2.3206,-114.5267,-11.0840
607.0000,0.0818,-0.2527,1.2913,2.2595,-121.4198,-11.5725
455.0000,0.1030,-0.2754,1.2856,3.4962,-127.6489,-11.8931
496.0000,0.1099,-0.2671,1.2729,5.8092,-134.1985,-11.9618
562.0000,0.1326,-0.2578,1.2512,7.0992,-141.0458,-12.4122
378.0000,0.1528,-0.2520,1.2297,8.7176,-147.3893,-13.1069
531.0000,0.1658,-0.2539,1.2256,10.4046,-153.2748,-13.6641
582.0000,0.1653,-0.2600,1.2187,12.0458,-158.8931,-14.0382
467.0000,0.1750,-0.2581,1.2012,13.5038,-165.0763,-14.6489
459.0000,0.1938,-0.2349,1.1409,14.7634,-171.9389,-14.1221
548.0000,0.2102,-0.2046,1.1001,13.6947,-177.2672,-14.9771
514.0000,0.2280,-0.1951,1.0618,10.5649,-182.9847,-15.1908
498.0000,0.2332,-0.1680,0.9839,5.8244,-189.3969,-15.3359
511.0000,0.2546,-0.1658,0.9197,0.8473,-194.6565,-15.6718
369.0000,0.2629,-0.1799,0.9338,-4.4504,-198.4656,-16.7176
469.0000,0.2544,-0.1899,0.9319,-11.0534,-201.9924,-16.6565
605.0000,0.2622,-0.1528,0.8616,-17.0000,-206.3130,-16.9237
474.0000,0.2834,-0.1357,0.8210,-22.9618,-210.7557,-18.4885
476.0000,0.2927,-0.1150,0.7991,-31.4275,-214.1145,-20.4580
462.0000,0.3201,-0.0715,0.7625,-44.4809,-217.4733,-22.5344
490.0000,0.3501,-0.0579,0.7419,-57.6489,-220.0992,-25.7786
464.0000,0.3650,-0.0571,0.7681,-73.1374,-220.5114,-29.8321
506.0000,0.3931,-0.0129,0.7026,-90.4275,-220.2748,-32.8473
502.0000,0.3962,-0.0381,0.5681,-101.0000,-218.8321,-37.4733
536.0000,0.3916,-0.1475,0.5315,-103.7863,-216.7176,-42.6489
473.0000,0.3809,-0.1855,0.4197,-103.6489,-217.1603,-43.7634
572.0000,0.4060,-0.1675,0.2986,-98.6260,-216.2137,-45.7863
517.0000,0.4304,-0.2720,0.3303,-87.3283,-214.0458,-48.0153
517.0000,0.4531,-0.2876,0.3833,-72.9389,-211.4198,-47.0840
561.0000,0.4890,-0.2539,0.3884,-56.5267,-206.7099,-46.2290
509.0000,0.5483,-0.2446,0.3706,-37.0534,-198.7786,-46.0229
594.0000,0.5605,-0.2471,0.3599,-17.7405,-189.6947,-44.1832
536.0000,0.5576,-0.2227,0.2756,-0.3282,-181.6794,-41.8626
587.0000,0.5732,-0.2295,0.2136,14.2901,-174.4809,-39.4809
471.0000,0.5920,-0.2205,0.1833,25.8931,-166.5572,-36.1908
463.0000,0.5991,-0.1743,0.1182,32.1679,-158.7023,-32.3740
570.0000,0.6206,-0.1128,0.0176,34.3435,-153.0840,-29.0382
461.0000,0.6414,-0.0820,-0.0122,34.3206,-148.0458,-27.0305
523.0000,0.6628,-0.0806,-0.0168,32.3130,-143.1145,-25.1374
453.0000,0.7063,-0.1042,-0.0068,31.8397,-136.1527,-23.4046
653.0000,0.7239,-0.1536,-0.0310,31.7481,-129.7557,-20.8321
475.0000,0.7446,-0.1316,-0.1250,31.1145,-124.7634,-17.0000
611.0000,0.7881,-0.1150,-0.2507,29.5725,-119.9008,-14.6183
486.0000,0.8328,-0.0632,-0.3911,27.1756,-114.8015,-11.6489
415.0000,0.8765,-0.0347,-0.4971,22.9695,-108.0611,-10.2672
457.0000,0.9124,0.0039,-0.6057,15.2748,-100.9084,-8.2595
527.0000,0.9570,0.0100,-0.6035,2.7252,-90.4046,-6.0916
533.0000,0.9912,-0.0061,-0.5918,-12.4885,-77.7863,-3.2214
379.0000,1.0293,-0.0415,-0.5710,-23.3282,-61.1298,-0.7176
564.0000,1.0310,-0.0652,-0.5491,-28.6183,-44.6336,2.0916
362.0000,1.0242,-0.0862,-0.5259,-30.4275,-26.8092,4.7481
552.0000,1.0225,-0.1318,-0.4846,-28.6870,-8.6794,6.7939
506.0000,1.0225,-0.1550,-0.4185,-25.3969,10.2672,9.0229
494.0000,1.0117,-0.1448,-0.3516,-21.7328,27.5725,10.4962
435.0000,0.9829,-0.1489,-0.2937,-16.1069,43.9695,11.1832
499.0000,0.9404,-0.1738,-0.2625,-8.1756,58.5954,11.6412
471.0000,0.8994,-0.1794,-0.1870,-0.7786,69.6489,13.1832
573.0000,0.8682,-0.1692,-0.1313,3.2214,78.4046,14.0458
561.0000,0.8586,-0.1497,-0.0889,5.7710,87.8397,14.8397
495.0000,0.8337,-0.1467,-0.0779,7.6718,92.7252,15.4733
557.0000,0.8008,-0.1343,-0.0630,6.9389,96.7557,16.3893
512.0000,0.7861,-0.1301,-0.0396,5.5649,99.1374,17.0611
324.0000,0.7778,-0.1333,0.0498,3.8168,102.2214,17.7557
664.0000,0.7820,-0.1182,0.1011,0.6947,104.3893,18.6794
476.0000,0.7815,-0.1165,0.1660,-1.0916,107.0840,19.2137
448.0000,0.7837,-0.1892,0.2500,1.6183,110.5725,19.1145
455.0000,0.7881,-0.1978,0.2993,6.1832,113.0153,20.2061
591.0000,0.7986,-0.1948,0.3264,11.4122,115.4122,20.7252
415.0000,0.7922,-0.1956,0.3291,17.4962,117.6641,20.7099
478.0000,0.7920,-0.2024,0.3337,23.4962,119.6031,20.4122
500.0000,0.7749,-0.2041,0.3203,27.6260,120.8168,19.9466
464.0000,0.7766,-0.1738,0.3049,28.6489,121.9313,19.5954
503.0000,0.7700,-0.1418,0.2952,25.1603,122.9542,18.8855
582.0000,0.7610,-0.1375,0.2966,18.3893,124.2290,17.8168
492.0000,0.7573,-0.1355,0.3088,11.3893,125.6870,16.9084
485.0000,0.7458,-0.1521,0.3376,5.5725,127.7634,15.4885
553.0000,0.7410,-0.1838,0.3735,1.1756,129.9618,14.7634
510.0000,0.7222,-0.1912,0.3818,-1.2443,131.9618,14.8015
440.0000,0.7183,-0.2217,0.4004,-0.0153,134.1374,14.0153
553.0000,0.7080,-0.2505,0.4241,3.6718,135.9924,13.3740
484.0000,0.6946,-0.2612,0.4668,9.6565,137.1832,13.1069
479.0000,0.6797,-0.2664,0.5015,16.0763,138.7633,12.6260
520.0000,0.6785,-0.2471,0.5220,21.5649,139.8168,12.3511
489.0000,0.6624,-0.2043,0.5085,23.8015,140.2214,11.5420
506.0000,0.6433,-0.1799,0.5195,22.8626,139.6488,10.5649
553.0000,0.6279,-0.1685,0.5344,18.7939,139.2443,9.3435
454.0000,0.6057,-0.1555,0.5591,11.4504,139.1450,9.1221
511.0000,0.5979,-0.1499,0.5674,1.6107,139.0763,8.4809
579.0000,0.5752,-0.1597,0.5889,-7.4122,138.3664,8.2595
512.0000,0.5613,-0.1699,0.6189,-13.2137,137.7786,8.6718
437.0000,0.5647,-0.2217,0.6533,-13.3969,136.9618,8.2366
439.0000,0.5457,-0.2656,0.6897,-9.5649,136.4886,8.2824
533.0000,0.5359,-0.2671,0.6890,-2.9084,135.7099,9.0229
467.0000,0.5313,-0.2886,0.7241,8.6718,135.2443,8.9847
504.0000,0.5107,-0.3430,0.8040,23.9618,135.1069,9.4733
467.0000,0.4944,-0.3123,0.8398,37.4733,134.5572,10.9771
515.0000,0.4836,-0.2524,0.8171,46.2824,133.5343,11.4427
510.0000,0.4709,-0.1902,0.8030,49.3893,131.1145,11.4198
361.0000,0.4673,-0.1082,0.7793,44.2519,128.3053,10.4275
630.0000,0.4597,-0.0464,0.7378,29.4046,125.4504,8.7252
514.0000,0.4612,-0.0532,0.7249,13.7176,123.9466,7.2214
423.0000,0.4417,-0.1001,0.7502,-0.6336,122.2748,6.5344
464.0000,0.4402,-0.1147,0.7712,-14.7099,121.1145,6.2290
483.0000,0.4292,-0.1282,0.7837,-22.9618,121.0153,5.8092
501.0000,0.4092,-0.1970,0.8621,-22.7939,120.7023,4.9466
479.0000,0.3809,-0.2527,0.9324,-15.3588,120.1679,4.5954
511.0000,0.3628,-0.2825,0.9668,-5.7252,120.6565,5.0687
513.0000,0.3428,-0.2642,0.9421,3.8244,120.2977,5.5344
479.0000,0.3357,-0.2466,0.9194,12.0687,118.4198,5.0153
520.0000,0.3159,-0.2349,0.8989,17.3359,116.6336,5.0305
461.0000,0.3020,-0.2024,0.8843,18.0611,114.3664,4.9695
494.0000,0.2876,-0.1648,0.8586,13.0076,111.8168,4.8015
543.0000,0.2788,-0.1160,0.8455,4.7328,108.0992,4.3053
455.0000,0.2766,-0.1042,0.8735,-5.0992,104.9695,3.0534
500.0000,0.2710,-0.1350,0.9041,-14.4427,103.3817,2.2595
611.0000,0.2637,-0.1565,0.9248,-20.8550,102.5267,2.1145
574.0000,0.2522,-0.1824,0.9382,-22.8855,101.1832,1.5420
472.0000,0.2500,-0.2488,0.9922,-18.4198,100.7099,1.1679
596.0000,0.2314,-0.2700,1.0259,-9.6031,101.0458,1.6870
482.0000,0.2170,-0.2646,1.0327,0.9542,100.8321,1.5878
445.0000,0.2034,-0.2458,1.0205,9.7710,99.9466,1.5115
477.0000,0.1963,-0.2151,0.9973,14.9313,98.8168,1.6565
553.0000,0.1755,-0.1804,0.9631,15.2290,97.2672,1.7634
446.0000,0.1624,-0.1602,0.9480,12.2519,94.9313,2.1221
481.0000,0.1443,-0.1404,0.9602,7.1450,91.5267,2.0763
631.0000,0.1238,-0.1255,0.9690,-1.0305,88.3664,2.2519
501.0000,0.1211,-0.1274,0.9973,-8.0840,86.6260,2.0229
497.0000,0.1042,-0.1765,1.0459,-10.7863,82.8626,1.6336
471.0000,0.0742,-0.1973,1.0896,-12.0763,80.2519,2.0611
545.0000,0.0591,-0.1929,1.1194,-12.8855,76.5496,2.6260
521.0000,0.0518,-0.1914,1.1045,-11.8168,73.0916,2.9389
504.0000,0.0437,-0.1968,1.1108,-9.5725,69.0992,3.1221
476.0000,0.0356,-0.1865,1.1113,-9.2977,65.4046,3.7252
503.0000,0.0520,-0.1726,1.0906,-11.2519,62.0000,4.1450
398.0000,0.0491,-0.1626,1.0566,-14.7099,58.3130,4.9466
499.0000,0.0632,-0.1550,1.0183,-19.5954,54.8550,5.2672
508.0000,0.0767,-0.1877,1.0427,-21.8931,52.4809,5.0611
503.0000,0.0588,-0.2341,1.0745,-21.0305,50.5954,5.1298
376.0000,0.0671,-0.2415,1.0823,-18.8015,49.0153,5.2290
540.0000,0.0669,-0.2368,1.0588,-15.2519,47.3359,5.3511
508.0000,0.0745,-0.2480,1.0513,-9.5649,45.9313,5.1221
465.0000,0.0715,-0.2373,1.0369,-4.1527,44.5191,5.1069
502.0000,0.0754,-0.2144,1.0159,-1.1374,43.1221,4.9389
573.0000,0.0842,-0.2112,0.9888,-0.7634,41.8931,5.0611
462.0000,0.0776,-0.2078,0.9980,-1.1298,40.6641,4.8626
479.0000,0.0679,-0.2083,0.9939,-1.9542,39.1603,4.9389
501.0000,0.0676,-0.2002,0.9905,-3.8779,37.4122,4.8168
455.0000,0.0691,-0.1841,0.9622,-7.0687,35.6336,4.6336
512.0000,0.0640,-0.1814,0.9524,-9.4427,33.9695,4.6336
503.0000,0.0593,-0.2139,0.9792,-9.2519,32.4962,4.2977
470.0000,0.0510,-0.2295,0.9949,-8.2595,31.1069,4.4275
462.0000,0.0454,-0.2251,1.0051,-7.7176,29.9695,4.6565
547.0000,0.0425,-0.2197,0.9988,-6.7405,28.6641,4.7863
498.0000,0.0425,-0.2122,0.9719,-5.0000,26.3053,4.6947
487.0000,0.0396,-0.2102,0.9736,-3.9618,24.5802,4.7481
520.0000,0.0347,-0.1912,0.9521,-5.0458,23.0458,4.9466
461.0000,0.0322,-0.1853,0.9370,-7.8168,20.9847,4.7557
495.0000,0.0398,-0.1838,0.9392,-10.5191,19.7099,4.8092
510.0000,0.0254,-0.2009,0.9722,-12.8473,17.7863,4.3588
464.0000,0.0117,-0.2290,1.0208,-13.9237,15.0534,4.0534