raw_emg,raw_ax,raw_ay,raw_az,raw_gx,raw_gy,raw_gz
214.0000,-0.0212,-0.1533,0.8948,-4.2214,-0.3817,-0.5267
177.0000,-0.0254,-0.1528,0.8931,-4.4046,-0.4962,-0.4122
240.0000,-0.0215,-0.1489,0.8911,-4.5954,-0.5954,-0.4809
215.0000,-0.0186,-0.1584,0.9028,-4.8702,-0.5267,-0.5191
180.0000,-0.0244,-0.1772,0.9067,-4.6489,-0.7252,-0.6565
211.0000,-0.0251,-0.1660,0.8977,-4.7710,-0.1527,-0.8092
254.0000,-0.0276,-0.1611,0.9055,-4.8931,-0.0840,-1.1527
177.0000,-0.0303,-0.1641,0.9033,-4.6031,-0.2748,-1.4427
221.0000,-0.0254,-0.1604,0.9082,-4.5344,-0.2137,-1.4504
271.0000,-0.0239,-0.1580,0.9038,-4.6718,-0.1908,-1.7863
231.0000,-0.0293,-0.1597,0.8896,-4.8397,-0.1679,-1.8931
261.0000,-0.0215,-0.1584,0.9058,-5.4580,-0.1450,-1.8931
262.0000,-0.0256,-0.1562,0.8999,-6.0916,-0.3130,-2.0305
229.0000,-0.0205,-0.1541,0.9016,-6.3588,-0.2519,-2.0687
238.0000,-0.0166,-0.1621,0.8987,-6.3511,-0.5191,-1.9466
275.0000,-0.0181,-0.1580,0.8992,-6.1374,-0.3435,-1.7557
230.0000,-0.0217,-0.1599,0.8979,-6.1374,-0.5573,-1.8168
227.0000,-0.0154,-0.1646,0.8938,-5.7405,-0.5573,-1.8550
294.0000,-0.0149,-0.1621,0.8943,-5.7710,-0.5649,-1.8015
225.0000,-0.0110,-0.1587,0.8940,-5.6412,-0.5267,-1.8779
214.0000,-0.0183,-0.1621,0.9038,-5.6031,-0.7939,-1.9237
313.0000,-0.0137,-0.1619,0.8938,-5.5954,-0.8626,-2.0000
217.0000,-0.0146,-0.1621,0.8965,-5.4046,-0.9389,-1.9618
248.0000,-0.0085,-0.1609,0.8906,-5.2595,-1.1679,-2.0382
251.0000,-0.0095,-0.1616,0.8999,-5.2290,-1.3817,-2.2672
225.0000,-0.0168,-0.1643,0.8943,-5.4198,-1.5496,-2.2137
344.0000,-0.0190,-0.1653,0.8875,-5.5267,-2.0534,-2.4504
295.0000,-0.0081,-0.1619,0.8882,-5.4198,-2.3359,-2.1603
228.0000,-0.0049,-0.1743,0.8977,-5.4580,-2.4046,-2.1145
267.0000,-0.0046,-0.1816,0.9004,-5.1908,-2.4046,-2.0534
267.0000,-0.0120,-0.1741,0.8999,-4.8015,-2.7023,-2.2366
296.0000,-0.0061,-0.1777,0.8984,-4.1985,-2.8321,-2.3435
256.0000,-0.0020,-0.1772,0.9128,-3.5344,-2.8092,-2.1527
241.0000,-0.0137,-0.1775,0.9243,-2.3130,-3.2672,-2.3893
263.0000,-0.0107,-0.1797,0.9414,-1.1832,-3.5115,-2.4198
269.0000,-0.0288,-0.1802,0.9373,-0.2519,-4.2290,-2.9160
271.0000,-0.0273,-0.1731,0.9375,0.3664,-5.1679,-3.0763
260.0000,-0.0146,-0.1711,0.9487,0.3893,-6.2061,-3.5191
307.0000,-0.0288,-0.1670,0.9563,-0.1527,-7.3588,-3.8397
241.0000,-0.0354,-0.1711,0.9617,-1.2977,-8.7405,-4.0229
298.0000,-0.0247,-0.1704,0.9705,-2.3435,-10.1450,-4.3740
253.0000,-0.0244,-0.1794,0.9702,-2.8550,-11.6489,-4.5115
178.0000,-0.0220,-0.1841,0.9849,-3.5420,-13.0611,-4.8931
325.0000,-0.0242,-0.1877,0.9849,-3.6870,-14.6870,-5.3435
262.0000,-0.0203,-0.1836,1.0042,-3.5649,-16.1221,-5.9008
258.0000,-0.0308,-0.1924,1.0308,-2.6718,-17.5954,-6.3130
258.0000,-0.0444,-0.2063,1.0554,-1.7023,-19.1374,-6.4809
342.0000,-0.0498,-0.2043,1.0652,0.1527,-21.4046,-6.8779
261.0000,-0.0520,-0.2053,1.0840,1.7176,-23.5954,-7.0763
279.0000,-0.0676,-0.2019,1.0986,3.0916,-25.9237,-7.2595
377.0000,-0.0774,-0.1929,1.0945,4.5496,-29.0763,-7.7099
273.0000,-0.0845,-0.1765,1.1091,4.3435,-32.8702,-8.0229
260.0000,-0.0991,-0.1733,1.1362,3.4275,-36.4656,-8.3130
327.0000,-0.1050,-0.1670,1.1531,2.4198,-40.1908,-8.4809
257.0000,-0.1023,-0.1721,1.1753,1.0840,-45.0076,-8.7176
284.0000,-0.1084,-0.1716,1.1824,-0.3740,-49.7786,-9.0305
307.0000,-0.1172,-0.1711,1.1875,-1.7099,-54.5573,-9.1374
258.0000,-0.1135,-0.1663,1.1941,-2.8855,-59.3053,-9.1832
189.0000,-0.1101,-0.1731,1.1909,-2.5649,-64.5496,-9.1679
444.0000,-0.1094,-0.1753,1.2014,-1.7023,-69.0687,-9.0840
362.0000,-0.1111,-0.1821,1.2187,-0.5038,-73.2595,-9.0000
276.0000,-0.1104,-0.1880,1.2263,0.6183,-78.3893,-8.5649
308.0000,-0.1074,-0.1902,1.2244,1.6565,-83.7252,-8.0916
262.0000,-0.1003,-0.1738,1.2375,1.7863,-90.0458,-7.6870
307.0000,-0.0842,-0.1655,1.2427,0.2137,-95.0153,-7.3588
351.0000,-0.0862,-0.1526,1.2429,-0.9466,-101.7634,-7.2366
340.0000,-0.0688,-0.1641,1.2817,-0.6412,-107.6870,-7.4198
211.0000,-0.0579,-0.1562,1.2842,-0.0840,-113.0992,-7.3893
374.0000,-0.0452,-0.1558,1.2949,-0.3130,-120.7710,-7.6412
306.0000,-0.0249,-0.1482,1.2698,-0.8702,-128.0916,-7.2672
306.0000,-0.0024,-0.1487,1.2561,-2.5344,-134.4122,-7.3359
253.0000,0.0210,-0.1711,1.2434,-3.2519,-140.8550,-7.5878
328.0000,0.0469,-0.1677,1.1904,-5.3740,-148.2519,-6.6260
298.0000,0.0894,-0.1584,1.1240,-7.8321,-155.4962,-6.6031
230.0000,0.1147,-0.1851,1.1179,-9.4198,-160.6717,-7.0687
415.0000,0.1357,-0.1956,1.0850,-10.5954,-166.3130,-6.2061
140.0000,0.1741,-0.2131,1.0483,-11.3893,-172.5954,-6.0458
502.0000,0.2200,-0.2251,1.0571,-11.8397,-175.9313,-6.8779
356.0000,0.2461,-0.2263,1.0388,-10.1450,-178.3053,-6.9771
278.0000,0.2722,-0.2505,1.0476,-6.7557,-181.3435,-7.9695
258.0000,0.2944,-0.2261,1.0149,-2.9084,-184.3206,-8.0458
409.0000,0.3218,-0.2109,0.9280,-1.1298,-185.7176,-8.8321
295.0000,0.3401,-0.2175,0.9309,3.2901,-186.3206,-11.3740
381.0000,0.3406,-0.2161,0.8923,5.9008,-187.1450,-11.4885
320.0000,0.3523,-0.1643,0.7771,3.3130,-190.6260,-11.7099
342.0000,0.3921,-0.1394,0.7366,0.0458,-191.9771,-13.4275
330.0000,0.3997,-0.1548,0.7029,-3.2672,-193.1985,-14.5420
245.0000,0.4043,-0.1333,0.6626,-8.7634,-194.9924,-14.6260
296.0000,0.4280,-0.1309,0.5906,-15.2519,-197.1145,-15.4046
425.0000,0.4646,-0.1316,0.5833,-18.5954,-197.0458,-16.6870
337.0000,0.4819,-0.1355,0.5684,-21.4733,-196.8321,-17.1450
309.0000,0.4873,-0.1428,0.5535,-21.8855,-195.7481,-17.3206
280.0000,0.5095,-0.1353,0.5369,-20.6031,-193.6488,-16.9313
367.0000,0.5215,-0.1445,0.5459,-20.0305,-191.5572,-16.8779
251.0000,0.5337,-0.1194,0.5024,-17.8015,-187.9084,-16.0305
354.0000,0.5381,-0.1160,0.5210,-14.4351,-183.7176,-15.9542
314.0000,0.5361,-0.1099,0.5081,-11.0916,-181.0687,-14.3664
373.0000,0.5532,-0.0835,0.4897,-7.2061,-176.9084,-12.8550
274.0000,0.5503,-0.0986,0.4844,-2.7328,-173.0763,-11.8626
329.0000,0.5481,-0.1108,0.4934,2.4809,-169.6717,-10.0916
374.0000,0.5315,-0.0857,0.4648,7.0382,-167.7405,-7.8855
287.0000,0.5413,-0.0620,0.3992,10.4198,-165.9389,-6.0992
430.0000,0.5530,-0.0737,0.4128,13.5802,-162.9466,-5.7710
460.0000,0.5459,-0.0901,0.4385,15.1756,-162.0840,-3.1603
327.0000,0.5750,-0.0691,0.3821,15.7863,-161.0076,-1.0076
471.0000,0.5842,-0.0833,0.3843,15.9542,-159.1908,-0.2901
317.0000,0.6038,-0.0781,0.4202,17.4275,-156.3664,1.0153
483.0000,0.6130,-0.0813,0.4541,18.1374,-153.8397,1.6336
441.0000,0.6436,-0.0647,0.4426,18.9008,-152.4962,2.7328
332.0000,0.6843,-0.0505,0.4180,19.9160,-150.1374,2.2290
104.0000,0.7141,-0.0632,0.4109,22.4504,-146.2595,1.4809
323.0000,0.7229,-0.0750,0.3889,26.1527,-143.8092,1.0000
178.0000,0.7358,-0.0259,0.2778,26.4656,-142.8931,1.3511
294.0000,0.7471,-0.0039,0.1653,25.4809,-142.1756,1.2519
403.0000,0.7783,-0.0027,-0.0376,22.8931,-141.7863,1.6565
382.0000,0.8096,0.0393,-0.2595,19.1298,-140.7176,1.5115
143.0000,0.8337,0.0273,-0.3586,14.5191,-139.2214,0.2061
572.0000,0.8794,-0.0183,-0.3926,10.5038,-135.2290,-0.4809
334.0000,0.9053,-0.0417,-0.4214,3.2824,-127.7786,0.1679
267.0000,0.9570,-0.0981,-0.3877,-4.9237,-114.2977,0.0229
498.0000,0.9783,-0.1550,-0.3225,-11.5573,-98.7252,-0.7176
126.0000,1.0159,-0.1953,-0.1982,-8.2672,-75.5573,-0.4504
592.0000,0.9780,-0.2024,-0.0964,-10.3893,-59.3359,-2.0840
341.0000,0.9871,-0.1760,-0.0676,-9.5878,-41.0000,-2.5649
261.0000,0.9644,-0.2046,-0.0798,-0.0382,-22.6794,-3.4351
388.0000,0.9326,-0.1611,-0.0532,3.9313,-7.6718,-4.4809
364.0000,0.9216,-0.1616,-0.0789,11.9084,4.8015,-6.2977
380.0000,0.9209,-0.1934,-0.1055,19.9084,16.4656,-6.9618
292.0000,0.8752,-0.1990,-0.1099,25.1069,24.7786,-6.5267
321.0000,0.8667,-0.1753,-0.0789,27.3053,30.4275,-6.3435
320.0000,0.8599,-0.1497,-0.0479,25.7176,34.6031,-6.6107
358.0000,0.8533,-0.1467,-0.0215,21.3969,39.1298,-6.4733
403.0000,0.8376,-0.1338,0.0273,14.6260,41.9237,-6.0382
372.0000,0.8518,-0.1223,0.0645,6.2137,45.2977,-5.6489
321.0000,0.8542,-0.1277,0.1133,-1.0229,49.3053,-4.6031
279.0000,0.8518,-0.1553,0.1323,-6.3893,52.1374,-3.4275
421.0000,0.8599,-0.1670,0.1626,-11.4733,54.0382,-2.0611
333.0000,0.8555,-0.1602,0.1707,-13.9313,55.7405,-1.0916
352.0000,0.8679,-0.1826,0.1750,-13.9466,59.5267,-0.2595
393.0000,0.8594,-0.1758,0.1675,-13.0687,61.5191,0.1145
337.0000,0.8740,-0.1689,0.1602,-10.9618,62.5420,0.6183
434.0000,0.8696,-0.1631,0.1401,-9.7786,64.3588,0.5649
353.0000,0.8784,-0.1577,0.1384,-9.6183,67.3664,0.1985
409.0000,0.8857,-0.1658,0.1277,-11.2519,70.5573,0.0763
395.0000,0.8911,-0.1604,0.1282,-14.0458,75.0687,-0.2519
370.0000,0.9019,-0.1477,0.1096,-17.9847,80.2214,-0.9313
379.0000,0.8967,-0.1365,0.0947,-20.7252,84.7634,-1.7634
321.0000,0.8833,-0.1228,0.1133,-24.7786,88.9466,-2.9313
459.0000,0.8684,-0.1130,0.1157,-30.1756,94.3283,-3.2214
359.0000,0.8511,-0.1243,0.1885,-34.0916,101.2214,-4.7786
364.0000,0.8416,-0.1375,0.2688,-35.9237,107.3817,-5.4580
469.0000,0.8167,-0.1243,0.2942,-34.7328,112.8092,-5.7405
392.0000,0.8135,-0.1223,0.3088,-31.7099,118.3130,-6.2824
415.0000,0.8010,-0.1323,0.3228,-27.4275,122.7481,-6.9313
423.0000,0.7844,-0.1252,0.3152,-20.9084,124.2901,-7.3893
432.0000,0.7795,-0.0996,0.2864,-17.5038,128.3664,-7.5038
355.0000,0.7646,-0.1018,0.2434,-14.6489,130.5954,-7.8015
567.0000,0.7378,-0.0837,0.2227,-14.3053,132.9695,-7.7710
339.0000,0.7188,-0.0828,0.2073,-14.9313,135.6031,-8.1221
367.0000,0.6995,-0.0762,0.2410,-16.1069,138.1221,-8.4504
398.0000,0.6770,-0.0691,0.2676,-17.8626,140.1908,-8.3359
340.0000,0.6614,-0.0762,0.2979,-18.4351,142.9084,-7.8244
369.0000,0.6372,-0.0864,0.3691,-17.8321,145.4504,-7.6031
411.0000,0.6177,-0.0930,0.4080,-16.0611,147.7786,-6.2901
326.0000,0.6055,-0.0906,0.4639,-13.1985,149.9313,-5.5878
429.0000,0.5881,-0.0901,0.5244,-9.9008,152.5420,-5.0611
451.0000,0.5930,-0.0898,0.5793,-4.4122,153.6947,-4.6183
335.0000,0.5764,-0.0764,0.6003,-0.7023,155.8550,-4.2443
414.0000,0.5718,-0.0833,0.6262,2.1832,159.1145,-3.9084
390.0000,0.5452,-0.1030,0.6616,5.3435,161.1374,-3.8931
367.0000,0.5176,-0.1021,0.6335,9.2901,160.5191,-3.5267
342.0000,0.5127,-0.0886,0.5879,11.0305,159.1450,-3.3435
530.0000,0.4900,-0.0757,0.5410,10.3664,157.1908,-3.0305
332.0000,0.4661,-0.0596,0.5564,7.4962,154.5878,-2.6031
441.0000,0.4473,-0.0505,0.6138,0.6794,152.2748,-2.7863
402.0000,0.4402,-0.0469,0.6836,-7.2824,150.3511,-2.3206
370.0000,0.4287,-0.0686,0.7615,-13.7481,148.6336,-2.5725
504.0000,0.4153,-0.0947,0.8127,-17.6260,147.6565,-2.3893
443.0000,0.4180,-0.0911,0.8433,-19.0687,146.1145,-1.8168
363.0000,0.4153,-0.1265,0.8777,-16.5802,144.2290,-1.9160
327.0000,0.4004,-0.1318,0.8875,-13.3359,142.1603,-1.7863
503.0000,0.3765,-0.1484,0.8826,-10.3206,138.9695,-1.3969
343.0000,0.3821,-0.1638,0.9055,-6.5954,140.2519,-1.2901
398.0000,0.3704,-0.1794,0.9233,-1.9771,139.2061,-1.3588
385.0000,0.3613,-0.1536,0.9241,-0.6641,137.5114,-1.3740
388.0000,0.3391,-0.1514,0.9402,0.3206,136.4733,-2.0305
411.0000,0.3176,-0.1616,0.9399,1.7710,134.7405,-2.6489
426.0000,0.2986,-0.1411,0.9299,0.8626,131.2748,-2.5496
395.0000,0.2668,-0.1414,0.9504,-1.4046,127.1298,-2.9389
400.0000,0.2554,-0.1321,0.9744,-5.5496,124.2901,-3.1679
384.0000,0.2563,-0.1057,0.9429,-12.9313,119.6947,-3.2290
392.0000,0.2498,-0.1123,0.9282,-20.3130,115.3053,-3.5115
488.0000,0.2751,-0.1272,0.9092,-27.1908,114.5649,-3.6718
434.0000,0.2402,-0.1460,0.9412,-30.6107,110.4122,-4.0534
366.0000,0.2468,-0.1814,0.9924,-30.3664,109.5038,-4.2137
422.0000,0.2324,-0.1765,1.0051,-28.6107,108.8244,-4.0076
487.0000,0.2288,-0.1970,1.0178,-23.4504,108.6718,-3.8244
388.0000,0.2256,-0.2078,1.0120,-15.7710,108.2824,-3.2061
400.0000,0.2109,-0.2075,1.0212,-7.6107,107.4657,-2.5344
388.0000,0.1997,-0.1780,1.0195,-3.6794,106.3511,-2.3206
426.0000,0.1938,-0.1216,0.9724,-3.4885,104.9924,-1.8550
421.0000,0.1819,-0.1145,0.9233,-6.2061,103.0763,-1.2519
356.0000,0.1746,-0.1030,0.8936,-11.1756,100.7481,-1.0229
549.0000,0.1528,-0.0884,0.8582,-20.6107,97.9771,-0.7023
396.0000,0.1462,-0.1035,0.8711,-29.8779,95.4886,-0.0534
415.0000,0.1230,-0.1479,0.9434,-31.9771,94.1450,0.9313
382.0000,0.1040,-0.1760,1.0176,-30.3282,93.2595,2.1832
416.0000,0.0776,-0.1929,1.0886,-26.9847,91.4428,3.0534
413.0000,0.0623,-0.2046,1.1040,-21.1374,87.8550,3.9160
442.0000,0.0508,-0.2146,1.1233,-14.4351,87.0076,4.3740
410.0000,0.0405,-0.1985,1.0933,-9.7328,85.5115,5.0763
498.0000,0.0391,-0.1704,1.0818,-8.2290,82.4351,5.5496
455.0000,0.0217,-0.1575,1.0977,-8.4885,78.9237,5.9237
449.0000,0.0164,-0.1538,1.1240,-10.2672,77.0611,5.7710
409.0000,0.0012,-0.1489,1.1375,-11.7405,75.4046,6.4351
412.0000,-0.0205,-0.1575,1.1306,-11.9237,71.2137,6.6260
439.0000,-0.0208,-0.1736,1.1289,-9.8168,66.2519,7.3053
430.0000,-0.0171,-0.1738,1.1221,-8.4351,61.6183,7.8168
383.0000,-0.0203,-0.1675,1.1174,-7.3053,56.5573,8.1832
526.0000,-0.0212,-0.1704,1.1318,-7.5573,51.4046,8.6718
443.0000,-0.0269,-0.1758,1.1589,-8.8550,46.9466,8.9771
425.0000,-0.0215,-0.1843,1.1790,-8.6947,42.7939,9.1603
395.0000,-0.0251,-0.1777,1.1929,-8.0763,38.3664,9.3206
506.0000,-0.0178,-0.1689,1.1829,-8.5115,34.0153,9.0611
453.0000,-0.0037,-0.1677,1.1567,-9.1450,29.8702,8.9542
388.0000,0.0134,-0.1711,1.1306,-9.6947,25.7786,8.4275
433.0000,0.0259,-0.1667,1.1001,-11.4885,22.5954,8.0763
484.0000,0.0361,-0.1743,1.0532,-13.7252,19.9847,7.3282
404.0000,0.0552,-0.1765,1.0430,-14.7405,17.6107,6.3817
423.0000,0.0718,-0.2007,1.0361,-14.1756,16.0916,5.5267
435.0000,0.0791,-0.2053,1.0317,-12.3053,14.8626,4.6947
416.0000,0.0750,-0.2151,1.0144,-9.7481,13.8397,4.0153
414.0000,0.0928,-0.2302,0.9973,-6.2748,13.3588,3.5115
476.0000,0.0955,-0.2209,0.9636,-3.6489,12.8626,2.9160
413.0000,0.0933,-0.2000,0.9500,-2.0992,12.5878,2.4885
436.0000,0.0955,-0.2129,0.9346,-1.3130,12.9542,1.6031
453.0000,0.0925,-0.1938,0.9294,-1.2366,13.0992,1.3282
398.0000,0.0815,-0.1841,0.9004,-2.0076,12.9008,0.8015
352.0000,0.0842,-0.1807,0.8977,-2.2443,13.1145,0.5115
530.0000,0.0820,-0.1836,0.8716,-3.3664,12.9695,0.0992
373.0000,0.0762,-0.1812,0.8594,-4.4046,12.7252,-0.1756
431.0000,0.0664,-0.1792,0.8513,-5.0000,12.8397,-0.3282
469.0000,0.0676,-0.1809,0.8528,-5.8321,13.6718,-0.4351
382.0000,0.0645,-0.1924,0.8718,-5.1832,14.7786,-0.3130
383.0000,0.0405,-0.1938,0.8799,-3.8855,15.5038,-0.0382
486.0000,0.0303,-0.1873,0.8931,-2.4809,16.1832,0.0611
439.0000,0.0168,-0.1863,0.9094,-0.5038,16.8244,0.3359
483.0000,-0.0012,-0.1848,0.9270,1.7786,16.9389,0.7481
468.0000,-0.0164,-0.1782,0.9478,2.9695,16.9160,0.9084
418.0000,-0.0337,-0.1672,0.9668,3.4275,16.7252,1.5420
441.0000,-0.0479,-0.1506,0.9607,3.4733,15.6565,1.7328
519.0000,-0.0542,-0.1597,0.9702,3.1221,14.1603,2.1679
451.0000,-0.0627,-0.1567,0.9668,2.2214,12.6183,2.2214
433.0000,-0.0635,-0.1633,0.9724,1.5038,10.5573,2.3817
537.0000,-0.0828,-0.1638,0.9749,1.6260,8.4809,2.7252
471.0000,-0.0859,-0.1658,0.9771,1.6794,5.7252,2.7481
405.0000,-0.0913,-0.1736,1.0046,1.9008,2.9008,2.6794
482.0000,-0.0908,-0.1738,1.0122,2.2901,0.0076,2.9771
410.0000,-0.0828,-0.1758,1.0278,2.7557,-2.7481,3.0916
404.0000,-0.0684,-0.1760,1.0256,3.1374,-5.4046,3.0076
457.0000,-0.0654,-0.1780,1.0334,3.0992,-7.7557,3.0534
463.0000,-0.0493,-0.1741,1.0405,2.9389,-9.6031,3.1679
427.0000,-0.0400,-0.1775,1.0371,2.6947,-11.6031,2.9771
464.0000,-0.0298,-0.1816,1.0422,2.1374,-13.5191,2.9771
481.0000,-0.0249,-0.1868,1.0417,2.0305,-14.8702,2.6031
448.0000,-0.0125,-0.1797,1.0386,1.8550,-16.4122,2.4809
431.0000,0.0029,-0.1968,1.0349,2.4809,-17.6718,1.9084
349.0000,0.0042,-0.1914,1.0278,2.8626,-18.8397,1.4504
452.0000,0.0137,-0.1931,1.0105,3.5573,-20.2519,1.1221
375.0000,0.0222,-0.1926,1.0151,3.8015,-21.6412,0.9313
499.0000,0.0193,-0.1946,1.0242,4.2901,-22.6870,0.7405
455.0000,0.0222,-0.1855,1.0266,4.3359,-24.2290,0.6489
387.0000,0.0261,-0.1746,1.0393,4.1527,-25.7176,0.2901
494.0000,0.0242,-0.1843,1.0496,4.2214,-27.4046,0.3053
516.0000,0.0139,-0.1860,1.0637,4.2290,-29.2137,0.4122
346.0000,0.0061,-0.2024,1.0911,5.0763,-31.3893,0.1527
495.0000,-0.0007,-0.2109,1.1086,6.2214,-33.5725,0.6565
480.0000,-0.0115,-0.1948,1.1121,7.0382,-36.5649,1.0534
420.0000,-0.0012,-0.1917,1.0933,7.2061,-40.1527,1.3435
456.0000,-0.0049,-0.1790,1.1223,6.8244,-43.7557,1.2137
439.0000,-0.0203,-0.1597,1.1392,4.6947,-47.3893,1.7328
447.0000,-0.0212,-0.1797,1.1719,3.0840,-51.2901,1.9160
475.0000,-0.0520,-0.1833,1.2681,2.3969,-55.0763,1.2977
454.0000,-0.0754,-0.1919,1.3267,1.5802,-59.0992,1.5573
373.0000,-0.0947,-0.1992,1.3774,1.8855,-64.3970,1.3511
499.0000,-0.1013,-0.1890,1.3660,3.2366,-71.4275,1.2672
507.0000,-0.0835,-0.1687,1.2905,4.0763,-78.6107,1.6183
424.0000,-0.0579,-0.1687,1.2114,4.5038,-85.1908,2.0076
444.0000,-0.0195,-0.1733,1.1177,4.0153,-91.3970,2.5267
464.0000,0.0339,-0.1523,1.0327,2.3817,-97.9237,3.4656
477.0000,0.0945,-0.1465,0.9653,-0.1450,-103.9695,3.7786
432.0000,0.1328,-0.1584,0.9407,-2.0076,-107.7939,3.9924
340.0000,0.1873,-0.1694,0.9536,-3.3359,-110.5115,4.3359
503.0000,0.2078,-0.1797,1.0212,-3.9618,-111.7557,4.1450
440.0000,0.2231,-0.2109,1.1045,-2.2061,-110.9771,3.2214
386.0000,0.2158,-0.2104,1.1626,0.2824,-110.2672,3.2366
454.0000,0.2212,-0.1953,1.1587,3.8244,-110.5802,2.6718
442.0000,0.2363,-0.1899,1.1279,8.2901,-111.3664,1.5420
425.0000,0.2249,-0.1660,1.0869,11.1985,-112.1985,0.7023
483.0000,0.2039,-0.1545,1.0493,9.5878,-114.5496,-0.1908
418.0000,0.2058,-0.1477,0.9985,6.3740,-117.7939,-1.0076
375.0000,0.2102,-0.1470,0.9714,2.8702,-120.4046,-2.0000
462.0000,0.2085,-0.1455,0.9297,-1.2519,-123.1221,-2.6870
469.0000,0.2241,-0.1379,0.9104,-5.1603,-126.8779,-2.9847
452.0000,0.2375,-0.1545,0.9187,-7.4656,-130.4275,-3.6794
336.0000,0.2449,-0.1819,0.9414,-6.9924,-133.3359,-3.9924
533.0000,0.2551,-0.1853,0.9670,-5.5344,-136.1221,-3.7863
488.0000,0.2700,-0.1946,0.9556,-2.4351,-138.7939,-3.9084
471.0000,0.2808,-0.2002,0.9951,2.2443,-140.5038,-4.3282
526.0000,0.2759,-0.1726,0.9937,5.7786,-141.7786,-4.1603
458.0000,0.2788,-0.1465,0.9717,6.7023,-143.9847,-4.3053
381.0000,0.2820,-0.1255,0.9612,5.4122,-147.3893,-4.7557
401.0000,0.2903,-0.0774,0.9070,2.0534,-150.2366,-5.3282
516.0000,0.2886,-0.0842,0.9092,-3.5496,-152.4733,-6.9008
446.0000,0.2856,-0.0874,0.8977,-10.0611,-155.6870,-7.2214
553.0000,0.2996,-0.0615,0.8274,-17.8855,-159.5649,-7.5191
427.0000,0.3201,-0.0791,0.8198,-24.8397,-161.8397,-9.0305
448.0000,0.3337,-0.1113,0.8076,-29.7481,-164.4504,-9.8473
324.0000,0.3459,-0.0986,0.7397,-33.5496,-167.6488,-9.7176
520.0000,0.3774,-0.1289,0.7151,-34.8168,-170.1221,-10.6260
319.0000,0.3867,-0.1860,0.7415,-32.5649,-170.8779,-12.0611
445.0000,0.3840,-0.1594,0.6895,-30.3053,-172.4122,-11.1679
508.0000,0.4202,-0.1416,0.6758,-27.2061,-174.2901,-12.0687
378.0000,0.4409,-0.2273,0.6963,-19.4198,-174.8092,-13.7099
420.0000,0.4653,-0.1829,0.6450,-12.3893,-174.4580,-12.5802
499.0000,0.4783,-0.1462,0.6108,-10.2214,-175.0611,-13.0000
285.0000,0.5068,-0.1458,0.5752,-8.6565,-175.4656,-13.7328
608.0000,0.5256,-0.1440,0.5178,-7.6031,-174.4198,-13.6565
436.0000,0.5183,-0.1160,0.4941,-9.9313,-174.1069,-13.8473
343.0000,0.5439,-0.1050,0.4595,-14.1069,-173.4656,-14.4733
490.0000,0.5596,-0.1030,0.4543,-19.5649,-172.6717,-14.7252
435.0000,0.5769,-0.0959,0.4719,-25.0840,-170.0000,-15.5954
431.0000,0.5718,-0.1140,0.4844,-29.8168,-168.7557,-15.8855
445.0000,0.5986,-0.0583,0.4272,-32.0458,-167.4809,-15.7634
546.0000,0.6216,-0.1594,0.4321,-28.5267,-164.2901,-17.6641
332.0000,0.6182,-0.1653,0.3733,-23.5114,-163.6870,-16.5420
623.0000,0.6357,-0.1299,0.3284,-20.9618,-163.0840,-16.5573
455.0000,0.6477,-0.1401,0.3245,-18.7939,-160.8626,-17.0763
453.0000,0.6631,-0.1680,0.3523,-14.5038,-157.8321,-16.9313
442.0000,0.6782,-0.1506,0.3257,-13.0305,-155.7023,-15.9771
495.0000,0.6914,-0.1365,0.2791,-12.6107,-153.5038,-15.9160
277.0000,0.7173,-0.1116,0.2292,-13.6641,-149.9771,-15.1679
591.0000,0.7361,-0.0981,0.1826,-14.9924,-145.5649,-15.3435
306.0000,0.7573,-0.0967,0.1860,-17.5496,-142.1450,-15.5649
600.0000,0.7620,-0.1067,0.2202,-22.2366,-137.6488,-16.4580
388.0000,0.7839,-0.0735,0.1917,-23.6031,-133.4886,-15.5420
547.0000,0.8027,-0.1099,0.2285,-20.1298,-128.4962,-16.1756
277.0000,0.7976,-0.1328,0.2996,-16.8168,-125.3970,-15.9847
715.0000,0.8118,-0.1531,0.3552,-9.1221,-120.7252,-15.2137
407.0000,0.8203,-0.1670,0.3357,2.1679,-115.6641,-14.8168
112.0000,0.8306,-0.1987,0.3262,12.1527,-110.8779,-13.4733
845.0000,0.8384,-0.1724,0.2488,17.9847,-107.2977,-11.2672
258.0000,0.8525,-0.1160,0.0759,18.4122,-103.9084,-9.6412
431.0000,0.8628,-0.0696,-0.1121,16.6260,-101.4351,-8.7328
438.0000,0.8735,-0.0403,-0.2407,8.5267,-100.3130,-8.2214
591.0000,0.9121,0.0010,-0.3784,-2.2366,-100.5038,-8.0000
670.0000,0.9436,0.0286,-0.4180,-18.9542,-98.7786,-7.0305
101.0000,0.9624,0.0266,-0.3909,-34.6336,-95.6031,-6.4580
514.0000,1.0164,-0.0166,-0.2981,-47.9008,-86.4962,-6.5191
439.0000,1.0210,-0.0957,-0.1211,-56.8626,-75.2595,-5.2824
473.0000,1.0469,-0.1187,-0.0635,-57.8321,-62.0611,-4.0305
549.0000,1.0452,-0.1333,0.0122,-53.9008,-47.0076,-1.7099
458.0000,1.0420,-0.1240,0.0029,-44.9084,-31.6183,0.5802
460.0000,1.0085,-0.1143,-0.0566,-29.9389,-24.1450,2.2137
567.0000,1.0051,-0.0835,-0.1055,-15.3511,-15.6183,2.7710
397.0000,1.0071,-0.0872,-0.1350,-6.0000,-4.3969,3.2519
478.0000,0.9751,-0.0762,-0.1892,-0.4656,3.9313,4.2443
550.0000,0.9788,-0.0959,-0.2078,3.2977,11.6794,4.8168
447.0000,0.9490,-0.1116,-0.1904,5.1221,19.1679,5.9466
593.0000,0.9487,-0.1194,-0.1504,5.9008,27.6947,6.6794
410.0000,0.9229,-0.1150,-0.0791,4.8092,34.3588,7.5344
435.0000,0.9106,-0.1294,-0.0498,4.7176,40.1069,8.5954
476.0000,0.8926,-0.1455,-0.0405,5.6412,44.6718,8.9847
501.0000,0.8970,-0.1558,-0.0215,6.3893,49.9695,9.1985
442.0000,0.8772,-0.1572,-0.0200,6.3435,53.8397,9.1985
530.0000,0.8806,-0.1479,-0.0244,6.2137,58.8550,9.0763
681.0000,0.8770,-0.1504,-0.0374,7.3588,63.6718,8.6565
402.0000,0.8755,-0.1492,-0.0398,6.7176,67.7252,8.2595
463.0000,0.8687,-0.1484,-0.0264,3.6870,73.4122,7.7557
490.0000,0.8721,-0.1589,0.0017,2.3817,79.3893,7.0229
495.0000,0.8618,-0.1526,0.0005,1.0763,84.2977,6.9771
454.0000,0.8562,-0.1392,0.0244,-0.2214,89.0305,6.7328
442.0000,0.8420,-0.1531,0.0530,0.2824,95.0000,5.9924
473.0000,0.8262,-0.1589,0.1091,0.6336,100.7634,5.4198
538.0000,0.8245,-0.1448,0.1550,0.8702,105.4122,5.3359
484.0000,0.8303,-0.1592,0.1653,2.5954,110.6641,4.8626
445.0000,0.8220,-0.1558,0.1565,5.8397,114.9389,4.6489
526.0000,0.8110,-0.1582,0.1399,9.5420,118.1298,4.7099
491.0000,0.8137,-0.1545,0.1267,11.6794,121.2977,4.5725
460.0000,0.8008,-0.1399,0.1243,10.9466,125.2137,4.4046
421.0000,0.7878,-0.1243,0.1611,8.2137,129.3435,4.2366
514.0000,0.7742,-0.1279,0.1660,6.7939,131.8626,4.2443
452.0000,0.7703,-0.1172,0.1687,5.2672,135.1145,4.3053
476.0000,0.7488,-0.1113,0.1682,2.4351,137.5191,4.6183
465.0000,0.7473,-0.1125,0.2083,0.0153,140.0534,4.7023
536.0000,0.7458,-0.1206,0.2620,-1.3282,143.5649,4.5267
432.0000,0.7361,-0.1438,0.3523,-1.1374,147.4504,4.1908
486.0000,0.7151,-0.1658,0.4565,1.1756,150.8779,4.3053
489.0000,0.7048,-0.1565,0.4902,5.6260,153.8015,5.1908
436.0000,0.6929,-0.1531,0.4839,9.7252,155.5267,5.3664
506.0000,0.6907,-0.1516,0.4646,13.7634,156.7863,5.1908
416.0000,0.6643,-0.1526,0.4668,18.0916,156.9237,4.9618
529.0000,0.6567,-0.1309,0.4736,19.7863,155.7176,4.5878
559.0000,0.6414,-0.1401,0.4646,18.7023,155.1298,4.4962
441.0000,0.6245,-0.1208,0.4736,15.9695,155.0992,4.1298
495.0000,0.6143,-0.1321,0.5017,14.1908,154.5572,3.7863
452.0000,0.6055,-0.1309,0.5449,13.5649,154.1756,3.4504
589.0000,0.5999,-0.1299,0.5955,14.2366,152.8702,3.2290
406.0000,0.5806,-0.1199,0.5959,14.1603,150.9389,3.0305
484.0000,0.5808,-0.1182,0.5945,12.2901,148.9389,3.0992
483.0000,0.5659,-0.1143,0.6003,8.8473,145.3359,2.6870
438.0000,0.5984,-0.0974,0.6086,1.1679,147.3282,2.9771
423.0000,0.5798,-0.1118,0.5994,-5.4275,146.0840,3.1221
489.0000,0.5671,-0.1023,0.5984,-11.7252,144.5954,3.0763
505.0000,0.5576,-0.1084,0.6155,-15.5573,144.9008,2.7023
398.0000,0.5518,-0.1401,0.6816,-17.3664,144.8397,2.1298
620.0000,0.5154,-0.1497,0.7275,-17.2366,144.3359,2.4580
425.0000,0.5032,-0.1702,0.7727,-13.8244,144.7252,2.5267
479.0000,0.4912,-0.2012,0.8645,-7.0000,144.7863,2.1756
416.0000,0.4529,-0.1907,0.9006,-1.0763,143.8015,2.5954
529.0000,0.4414,-0.1675,0.9087,2.7099,141.7328,2.6031
476.0000,0.4412,-0.1494,0.8833,0.5649,139.1298,2.5191
536.0000,0.4231,-0.1211,0.8616,-3.1069,134.6183,2.0916
421.0000,0.4084,-0.1145,0.8118,-9.2214,130.4580,1.6412
520.0000,0.4063,-0.0901,0.7507,-19.9313,128.4733,1.4885
577.0000,0.3787,-0.1162,0.7217,-29.3969,124.9466,0.8092
356.0000,0.3901,-0.1841,0.7756,-34.9771,122.6794,0.7557
500.0000,0.3767,-0.1992,0.8335,-36.0382,121.5267,1.5954
460.0000,0.3701,-0.2468,0.9224,-29.8702,119.6412,1.5954
416.0000,0.3787,-0.2522,1.0181,-22.1756,120.9084,1.4351
478.0000,0.3411,-0.2415,1.0444,-10.1908,121.1221,1.8168
586.0000,0.3477,-0.2219,1.0415,1.5267,118.3970,1.3893
426.0000,0.3467,-0.2068,1.0090,9.7176,117.1145,1.4580
473.0000,0.3245,-0.1511,0.9585,9.9008,114.8550,1.1221
539.0000,0.3259,-0.1091,0.9041,1.7634,111.8855,0.9466
397.0000,0.3132,-0.1091,0.8320,-11.3740,110.4962,0.2366
533.0000,0.2964,-0.1125,0.7646,-25.5802,107.4351,0.2443
497.0000,0.2893,-0.1365,0.7483,-36.2214,105.4046,0.3359
517.0000,0.2737,-0.1860,0.7637,-42.9084,103.6489,0.7099
400.0000,0.2644,-0.2183,0.8271,-43.4198,102.2672,1.1069
565.0000,0.2568,-0.2424,0.9211,-39.0000,101.2366,0.9160
456.0000,0.2439,-0.2944,0.9900,-29.2672,101.5267,1.1450
468.0000,0.2314,-0.3062,1.0530,-16.1450,102.7939,1.5878
505.0000,0.2195,-0.2925,1.0781,-3.0534,103.3511,1.8779
460.0000,0.2124,-0.2300,1.0461,5.6870,103.0840,2.1374
475.0000,0.1995,-0.1926,0.9963,8.7863,102.4046,1.7634
483.0000,0.1968,-0.1360,0.9380,4.3893,99.6947,1.5115
440.0000,0.1843,-0.1147,0.8933,-5.0305,97.0916,1.7328
463.0000,0.1792,-0.1365,0.8694,-15.9542,95.5878,2.0000
456.0000,0.1755,-0.1526,0.8538,-26.3359,94.4504,2.8092
515.0000,0.1611,-0.1768,0.8711,-32.9466,93.1908,3.6947
459.0000,0.1458,-0.2310,0.9497,-30.8779,92.3588,4.0611
486.0000,0.1128,-0.2651,1.0374,-24.3511,91.4122,4.6870
487.0000,0.0977,-0.2644,1.0898,-15.5649,90.8779,5.7710
466.0000,0.0803,-0.2549,1.1257,-6.5954,89.1374,6.1069
499.0000,0.0579,-0.2222,1.1194,0.4962,89.5420,6.5191
464.0000,0.0391,-0.1895,1.0911,3.9847,86.3053,6.4962
496.0000,0.0352,-0.1501,1.0374,1.8779,81.4580,7.0305
497.0000,0.0313,-0.1306,1.0029,-5.5038,77.3511,6.9771
441.0000,0.0310,-0.1157,0.9417,-14.6565,72.8321,7.5038
503.0000,0.0325,-0.1240,0.9109,-24.4580,69.1221,7.5954
480.0000,0.0378,-0.1675,0.9309,-30.4656,66.2290,7.8473
538.0000,0.0364,-0.2014,0.9695,-32.2901,64.1069,8.0992
497.0000,0.0269,-0.2458,1.0413,-28.5267,62.8550,8.0382
489.0000,0.0022,-0.2964,1.1326,-19.6718,63.1298,7.8168
471.0000,-0.0054,-0.2908,1.1755,-9.9389,62.7863,7.8931
558.0000,-0.0105,-0.2512,1.1565,-1.0840,61.6107,7.7634
531.0000,-0.0164,-0.2371,1.1345,6.6183,60.0000,7.2137
429.0000,-0.0273,-0.2024,1.0947,10.0763,57.7939,6.4580
433.0000,-0.0320,-0.1833,1.0681,8.8244,54.8855,5.8855
574.0000,-0.0344,-0.1724,1.0457,5.1985,51.7710,5.4427
477.0000,-0.0408,-0.1875,1.0635,2.0992,49.2901,4.7710
430.0000,-0.0552,-0.2083,1.0828,-0.2977,45.5496,4.5191
496.0000,-0.0767,-0.2161,1.0920,-1.8092,41.0458,4.1069
480.0000,-0.0747,-0.2239,1.0937,-2.3740,36.5725,3.7328
488.0000,-0.0693,-0.2180,1.0972,-2.4504,32.5725,3.2443
440.0000,-0.0601,-0.2253,1.0906,-2.8779,28.8244,3.0076
526.0000,-0.0564,-0.2290,1.0857,-2.0687,25.3282,2.7099
349.0000,-0.0596,-0.2290,1.1006,-1.5344,22.1221,2.6565
530.0000,-0.0610,-0.2317,1.0874,-1.6412,19.0840,2.5420
530.0000,-0.0581,-0.2346,1.0940,-0.9847,16.0458,2.6718
459.0000,-0.0483,-0.2358,1.0876,-0.2672,12.9389,2.5420
445.0000,-0.0330,-0.2427,1.0781,0.0687,10.5191,2.0611
543.0000,-0.0173,-0.2202,1.0527,-0.3893,8.2748,1.8244
510.0000,-0.0127,-0.2288,1.0264,-0.9160,6.4275,1.1832
480.0000,0.0010,-0.2305,1.0173,-0.9160,4.7099,0.8550
504.0000,0.0032,-0.2283,1.0095,-1.1450,3.0458,0.6031
476.0000,0.0100,-0.2334,0.9937,-1.3282,1.8092,0.4504
480.0000,0.0229,-0.2344,0.9700,-1.4656,0.5038,0.1298
529.0000,0.0208,-0.2417,0.9768,-1.2672,0.0000,-0.2595
463.0000,0.0227,-0.2458,0.9617,-0.8244,-0.7099,-0.4885
494.0000,0.0234,-0.2339,0.9497,-0.9008,-1.4504,-0.5878
458.0000,0.0276,-0.2358,0.9419,-1.0992,-1.9160,-0.9389
489.0000,0.0186,-0.2356,0.9519,-1.3435,-2.5420,-1.0382
454.0000,0.0112,-0.2231,0.9319,-2.0000,-3.3511,-1.2443
574.0000,0.0110,-0.2288,0.9214,-2.6794,-4.0382,-1.0916
468.0000,0.0085,-0.2202,0.9172,-3.7176,-4.6489,-1.1908
437.0000,0.0071,-0.2239,0.9084,-4.3130,-4.9771,-1.3130
516.0000,-0.0017,-0.2285,0.9160,-4.4427,-5.4427,-1.1527
493.0000,-0.0125,-0.2302,0.9333,-4.7710,-5.8779,-1.1221
442.0000,-0.0107,-0.2271,0.9236,-4.1069,-6.2901,-1.2137
537.0000,-0.0061,-0.2258,0.9207,-3.1298,-6.8397,-1.2443
476.0000,-0.0093,-0.2222,0.9219,-2.3588,-7.3817,-1.2443
546.0000,-0.0117,-0.2273,0.9248,-1.9160,-7.7023,-1.5725
552.0000,-0.0088,-0.2078,0.9163,-1.4656,-8.1756,-1.4962
475.0000,-0.0154,-0.2126,0.9221,-0.8702,-8.9313,-1.9389
450.0000,-0.0220,-0.2114,0.9429,-0.4962,-9.5573,-2.1069
537.0000,-0.0200,-0.2124,0.9397,-0.2672,-10.2595,-2.3282
553.0000,-0.0188,-0.2007,0.9414,-0.3817,-11.1908,-2.2901
448.0000,-0.0137,-0.2034,0.9683,-0.3282,-12.1908,-2.1374
531.0000,-0.0178,-0.1990,0.9573,-0.2366,-12.9847,-2.3664
481.0000,-0.0159,-0.2017,0.9712,-0.0992,-13.6870,-2.5191
475.0000,-0.0129,-0.2041,0.9707,0.6565,-14.5344,-2.6641
492.0000,-0.0105,-0.1899,0.9673,1.0840,-15.8855,-2.6947
465.0000,-0.0020,-0.1907,0.9875,1.1374,-17.4733,-3.1221
432.0000,-0.0020,-0.1912,0.9905,1.0916,-18.9618,-3.2443
428.0000,0.0049,-0.1924,0.9912,0.3893,-20.3282,-2.9847
534.0000,0.0032,-0.2021,0.9827,1.2824,-21.8321,-2.9924
340.0000,0.0186,-0.2080,1.0017,2.6489,-23.5878,-2.7710
513.0000,0.0046,-0.2002,1.0120,3.5878,-25.3130,-2.3893
487.0000,0.0073,-0.1963,1.0234,3.8244,-27.2748,-2.0687
435.0000,0.0159,-0.2061,1.0466,4.3511,-28.8550,-1.6565
412.0000,0.0139,-0.1995,1.0654,4.4427,-30.9771,-1.4580
596.0000,0.0154,-0.2097,1.0779,5.0305,-33.0000,-0.9847
505.0000,0.0127,-0.2141,1.0798,6.7405,-34.9237,-0.5267
533.0000,0.0205,-0.2136,1.0959,9.5115,-36.9542,-0.1679
495.0000,0.0073,-0.2197,1.1172,12.9389,-39.1221,0.0305
412.0000,0.0093,-0.2102,1.1411,16.5496,-41.8779,0.3359
365.0000,0.0110,-0.1958,1.1311,19.3817,-45.6412,0.8473
558.0000,0.0117,-0.1777,1.1228,21.5496,-49.7710,1.3359
348.0000,0.0161,-0.1836,1.1331,23.0534,-53.0229,1.4962
428.0000,0.0164,-0.1619,1.1372,22.9389,-57.0840,2.2137
502.0000,-0.0049,-0.1438,1.1360,21.6489,-62.9237,2.6107
488.0000,0.0166,-0.1497,1.1721,18.1298,-65.6107,2.8779
432.0000,0.0015,-0.1631,1.2219,17.3969,-69.6718,3.5038
537.0000,-0.0103,-0.1597,1.2576,15.6489,-75.7939,4.0763
484.0000,-0.0032,-0.1602,1.2583,14.7863,-81.5115,4.7863
439.0000,0.0078,-0.1504,1.2332,13.8244,-86.8702,5.1527
560.0000,0.0125,-0.1350,1.1814,11.7786,-93.3053,5.2290
412.0000,0.0369,-0.1311,1.1689,8.4885,-98.8244,4.8855
453.0000,0.0530,-0.1426,1.1445,4.2595,-103.8015,5.0992
545.0000,0.0698,-0.1479,1.1453,0.9160,-108.3664,4.8321
475.0000,0.0950,-0.1611,1.1392,-0.0153,-112.9389,4.4046
496.0000,0.1147,-0.1565,1.1177,0.0305,-116.9695,3.6794
582.0000,0.1248,-0.1553,1.1042,0.8397,-121.1221,2.3740
404.0000,0.1375,-0.1870,1.1250,3.4580,-124.9237,1.4962
425.0000,0.1348,-0.1904,1.1458,5.0382,-128.1145,0.8702
624.0000,0.1487,-0.1968,1.1543,5.7252,-130.9008,0.6412
418.0000,0.1555,-0.2097,1.1438,6.6260,-133.9084,0.2748
532.0000,0.1536,-0.1934,1.1262,6.9847,-137.6336,-0.0611
469.0000,0.1638,-0.1978,1.1094,6.4122,-141.4122,-0.8321
433.0000,0.1636,-0.1760,1.0930,4.6336,-145.7405,-1.0534
558.0000,0.1760,-0.1619,1.0437,1.9771,-150.8092,-1.3588
474.0000,0.2002,-0.1746,1.0115,-1.2595,-155.5572,-1.8855
483.0000,0.2129,-0.1741,0.9736,-3.5802,-160.3130,-2.4656
308.0000,0.2419,-0.1677,0.9451,-5.4580,-164.5649,-2.7863
615.0000,0.2529,-0.1812,0.9409,-6.3588,-168.2901,-3.5267
428.0000,0.2744,-0.1985,0.9312,-5.0458,-171.0000,-3.6565
473.0000,0.3005,-0.2056,0.9092,-4.3664,-173.9389,-4.0000
452.0000,0.3264,-0.1819,0.8850,-5.1908,-176.4733,-4.4733
502.0000,0.3459,-0.1848,0.8491,-5.9542,-178.3817,-5.1527
518.0000,0.3616,-0.1870,0.8250,-6.2672,-180.0000,-5.4733
295.0000,0.3782,-0.2085,0.8164,-5.9695,-181.1145,-6.0992
594.0000,0.3948,-0.1851,0.7837,-7.9695,-182.3969,-6.2672
394.0000,0.3950,-0.1868,0.7612,-10.2824,-182.6183,-7.2595
589.0000,0.4080,-0.1831,0.7229,-13.3588,-183.4427,-8.2595
507.0000,0.4368,-0.1760,0.6677,-12.5725,-183.9847,-9.5267
360.0000,0.4470,-0.2144,0.6760,-11.4733,-184.4275,-10.7710
501.0000,0.4612,-0.2068,0.6467,-10.2748,-184.6947,-10.6412
605.0000,0.4766,-0.2156,0.5986,-8.3511,-183.9847,-10.6260
412.0000,0.4849,-0.2271,0.5952,-3.5878,-182.6641,-10.9313
542.0000,0.4880,-0.2251,0.5957,0.3053,-182.0153,-10.6641
485.0000,0.5078,-0.1831,0.5645,3.2290,-181.9695,-10.0000
462.0000,0.5178,-0.1638,0.5566,4.1832,-180.1756,-10.6183
473.0000,0.5208,-0.1389,0.5515,2.3282,-179.7863,-10.1374
506.0000,0.5417,-0.1223,0.4800,-1.3435,-179.2137,-10.1985
318.0000,0.5808,-0.1355,0.3933,-4.6412,-178.5420,-11.2061
639.0000,0.5791,-0.1384,0.3669,-7.8779,-176.7252,-11.4656
530.0000,0.5669,-0.1274,0.3850,-11.4198,-174.5114,-11.5267
438.0000,0.5786,-0.1216,0.3906,-13.7481,-173.9160,-11.7405
620.0000,0.6113,-0.1304,0.4175,-14.4656,-170.7099,-11.4962
502.0000,0.6223,-0.1113,0.3870,-13.3588,-168.3130,-11.0153
478.0000,0.6384,-0.1177,0.3652,-10.0000,-166.2977,-11.8397
482.0000,0.6541,-0.1079,0.3396,-8.6870,-163.4656,-11.3969
489.0000,0.6648,-0.0935,0.3149,-9.1527,-159.7176,-11.1756
543.0000,0.6748,-0.0930,0.3132,-10.3053,-155.7710,-11.2214
561.0000,0.6846,-0.0769,0.2493,-11.7252,-152.3664,-10.6794
528.0000,0.6919,-0.0657,0.2466,-12.4962,-148.4886,-10.4122
381.0000,0.6973,-0.0852,0.2439,-13.0611,-146.3206,-9.6565
447.0000,0.7312,-0.0513,0.2083,-12.8702,-142.5420,-8.8626
446.0000,0.7346,-0.0750,0.2583,-14.6260,-136.8168,-8.8931
408.0000,0.7627,-0.0903,0.2312,-15.6947,-130.7176,-8.1221
504.0000,0.7656,-0.0840,0.1841,-11.8168,-126.3435,-7.1756
532.0000,0.7783,-0.0667,0.1919,-8.3664,-123.2290,-6.4122
302.0000,0.7898,-0.0452,0.1848,-7.6412,-120.0992,-5.7023
454.0000,0.8101,-0.0422,0.1843,-5.2748,-115.2901,-5.2977
458.0000,0.8098,-0.0708,0.1506,1.2824,-111.6107,-4.6031
531.0000,0.8191,-0.0830,0.1609,7.6412,-108.3206,-4.0763
309.0000,0.8411,-0.0793,0.1689,10.7252,-104.3817,-2.6870
718.0000,0.8545,-0.0854,0.1748,13.5496,-98.8702,-1.9237
264.0000,0.8572,-0.0972,0.1489,14.0763,-94.8779,-1.4656
584.0000,0.8735,-0.1033,0.0828,16.7481,-90.6641,-1.3511
583.0000,0.8831,-0.0889,-0.0339,19.1374,-87.7481,-1.0916
391.0000,0.8943,-0.0645,-0.1589,18.8015,-84.1221,-1.5420
505.0000,0.9187,-0.0796,-0.2676,16.1908,-81.5038,-1.5573
727.0000,0.9297,-0.0857,-0.2754,12.9008,-78.0763,-1.8321
426.0000,0.9629,-0.0315,-0.3987,8.9160,-73.0687,-1.0534
487.0000,0.9780,-0.0513,-0.4131,2.3206,-66.1221,-1.5191
439.0000,0.9998,-0.0737,-0.3955,-7.0840,-57.9313,-1.2977
464.0000,1.0593,-0.0686,-0.3799,-17.8473,-40.0153,-0.2595
430.0000,1.0273,-0.0859,-0.3596,-23.2519,-26.9542,0.3206
673.0000,1.0127,-0.1243,-0.3159,-24.8244,-18.5191,0.0229
435.0000,1.0088,-0.1445,-0.2510,-24.6412,-4.7481,0.5115
510.0000,0.9929,-0.1643,-0.2151,-21.6489,9.0076,1.4046
489.0000,0.9915,-0.1611,-0.2129,-13.3817,23.0382,2.4504
536.0000,0.9714,-0.1797,-0.1860,0.7023,39.7176,3.5725
478.0000,0.9236,-0.1785,-0.1379,11.0305,45.7252,3.4427
476.0000,0.9014,-0.1865,-0.1038,19.4504,51.0382,3.1679
429.0000,0.8933,-0.1819,-0.0654,25.3893,59.9237,3.4198
543.0000,0.8596,-0.1704,-0.0383,25.0458,65.9542,3.4580
547.0000,0.8608,-0.1602,-0.0310,22.0305,70.7099,3.1069
449.0000,0.8440,-0.1714,-0.0242,20.0840,74.6107,3.3359
458.0000,0.8330,-0.1462,-0.0068,17.7710,76.9008,3.6183
536.0000,0.8181,-0.1333,0.0063,18.0000,77.2061,3.4504
471.0000,0.8276,-0.1240,0.0317,18.2595,77.0076,2.8779
492.0000,0.8394,-0.1147,0.0530,17.3588,77.7863,2.7863
492.0000,0.8523,-0.0996,0.0862,15.1298,80.4580,3.0000
509.0000,0.8701,-0.1016,0.1199,12.4427,83.7786,2.9313
477.0000,0.8835,-0.1040,0.1587,9.3740,88.3740,2.9847
486.0000,0.8879,-0.1111,0.1958,8.6794,91.8092,3.0840
591.0000,0.8811,-0.1025,0.1904,9.9466,96.5267,3.1527
477.0000,0.8792,-0.1094,0.1987,12.0916,100.5344,2.7557
563.0000,0.8735,-0.1187,0.2200,15.4046,104.5420,2.1221
519.0000,0.8582,-0.1243,0.2344,18.7176,107.8855,1.7099
500.0000,0.8630,-0.1125,0.2620,15.3130,112.1756,1.1069
437.0000,0.8535,-0.1074,0.2473,10.9466,117.7786,0.5878
608.0000,0.8259,-0.1116,0.2307,9.6641,121.3893,0.1145
377.0000,0.8225,-0.1091,0.2224,10.4809,124.5496,-0.5573
520.0000,0.7979,-0.1123,0.2444,11.7023,126.1374,-0.9237
487.0000,0.7944,-0.0940,0.2410,11.9313,127.2366,-0.8015
383.0000,0.7932,-0.1138,0.2617,11.6718,128.3435,-0.9084
507.0000,0.7761,-0.1074,0.3359,12.4122,130.1298,-0.9924
517.0000,0.7625,-0.1145,0.3833,11.8626,131.4656,-1.1832
454.0000,0.7600,-0.0955,0.4094,10.5878,133.4198,-1.0763
560.0000,0.7690,-0.0957,0.4243,9.9313,134.6183,-0.9008
453.0000,0.7493,-0.0969,0.4331,9.8626,135.3511,-1.1908
463.0000,0.7310,-0.1196,0.4949,12.2977,136.0229,-1.1756
410.0000,0.7300,-0.1167,0.5396,12.4580,136.1908,-1.2901
633.0000,0.7275,-0.1079,0.5186,10.0916,136.6107,-1.2748
437.0000,0.7153,-0.1196,0.5203,10.8473,136.9466,-1.3511
493.0000,0.7031,-0.1145,0.5330,10.0534,135.9771,-1.9542
558.0000,0.6895,-0.1042,0.5100,6.5496,134.9160,-2.1145
451.0000,0.6931,-0.0735,0.4836,0.4198,134.1985,-2.2977
492.0000,0.6626,-0.0881,0.4536,-4.5954,132.2137,-2.7481
457.0000,0.6504,-0.1045,0.4675,-6.7710,130.4122,-2.6870
457.0000,0.6443,-0.1252,0.5627,-8.4198,129.3206,-3.1985
607.0000,0.6438,-0.1287,0.6145,-9.1527,129.0076,-2.3282
502.0000,0.6299,-0.1287,0.6445,-8.4733,128.8779,-2.0534
375.0000,0.6301,-0.1311,0.6650,-6.6870,129.2137,-1.5878
589.0000,0.6323,-0.1343,0.6804,-4.3359,128.9466,-1.2290
510.0000,0.6370,-0.1421,0.7131,-1.2061,129.6488,-1.3282
445.0000,0.6272,-0.1348,0.7322,-1.8092,131.6641,-1.9160
469.0000,0.6079,-0.1106,0.7083,-1.7252,132.2214,-2.6260
558.0000,0.5767,-0.1011,0.6482,-2.1298,130.5725,-3.2366
454.0000,0.5757,-0.0881,0.6326,-5.0840,128.8931,-3.7634
469.0000,0.5540,-0.0825,0.5867,-12.0229,127.4275,-4.2443
661.0000,0.5471,-0.0718,0.5693,-20.5573,125.8550,-4.1756
450.0000,0.5383,-0.0869,0.5713,-29.4122,124.5191,-4.9695
379.0000,0.5139,-0.1155,0.6238,-36.8015,123.5802,-5.1603
663.0000,0.5127,-0.1155,0.6748,-42.4504,123.3588,-4.6412
446.0000,0.5083,-0.1501,0.7356,-41.7481,124.4733,-4.7023
456.0000,0.5090,-0.1960,0.8196,-33.9466,126.6641,-4.3817
418.0000,0.4866,-0.1924,0.8550,-25.7405,127.8244,-4.0229
527.0000,0.4641,-0.2095,0.8540,-15.3740,128.8092,-3.6260
476.0000,0.4524,-0.2036,0.8489,-5.9618,130.1603,-2.6183
472.0000,0.4346,-0.1462,0.7991,-1.0611,130.1069,-1.9160
495.0000,0.4045,-0.1023,0.7456,-2.0305,128.0153,-1.4351
490.0000,0.3994,-0.0754,0.7209,-8.2595,126.2214,-1.7710
489.0000,0.3733,-0.0562,0.6772,-19.7863,124.1679,-0.8779
558.0000,0.3589,-0.0574,0.6660,-34.1374,121.5496,-0.3130
473.0000,0.3452,-0.1030,0.6978,-43.2214,119.2366,-0.3206
415.0000,0.3445,-0.1250,0.7607,-49.2519,118.6107,-0.1679
490.0000,0.3247,-0.1445,0.8123,-51.2061,118.7634,0.1069
566.0000,0.3127,-0.2078,0.8816,-45.6641,118.2901,-0.1679
492.0000,0.3169,-0.2422,0.9421,-32.8702,119.0305,0.2137
507.0000,0.3042,-0.2307,0.9731,-20.1069,120.6870,0.9389
551.0000,0.2832,-0.2100,0.9446,-8.9313,121.0153,1.0229
509.0000,0.2673,-0.1912,0.9539,-0.5954,120.9542,1.2443
457.0000,0.2590,-0.1621,0.9138,1.4885,120.6412,1.2977
532.0000,0.2273,-0.1279,0.8792,-2.2137,118.1450,1.2137
476.0000,0.2144,-0.1116,0.8477,-9.4962,115.9924,0.6718
517.0000,0.2000,-0.0957,0.8428,-16.7786,113.2214,0.4046
459.0000,0.1768,-0.1084,0.8281,-25.7634,110.4657,0.3511
500.0000,0.1770,-0.1365,0.8628,-32.4046,108.2061,0.1527
570.0000,0.1677,-0.1587,0.8818,-35.8168,106.2977,0.6489
497.0000,0.1594,-0.1870,0.9568,-34.9771,105.0840,0.8397
489.0000,0.1560,-0.2268,1.0439,-27.7786,104.3435,0.9466
472.0000,0.1423,-0.2336,1.1121,-18.7099,104.6107,1.7252
490.0000,0.1311,-0.2161,1.0957,-11.4504,103.7863,1.9924
534.0000,0.1260,-0.2000,1.0745,-4.0305,102.2061,1.3969
502.0000,0.1038,-0.1509,1.0547,-1.1756,100.0840,1.6031
449.0000,0.0828,-0.1270,1.0420,-3.6412,97.4198,1.1145
581.0000,0.0632,-0.1299,1.0266,-6.9618,94.2977,0.9924
533.0000,0.0635,-0.1328,1.0068,-13.7634,91.3283,1.8015
434.0000,0.0520,-0.1431,0.9836,-19.8244,87.2672,2.1832
574.0000,0.0417,-0.1606,1.0134,-22.3435,86.2595,2.7634
468.0000,0.0371,-0.1785,1.0420,-23.1527,81.4198,3.4122
468.0000,0.0371,-0.2031,1.0850,-21.7023,77.8855,4.0000
515.0000,0.0247,-0.2173,1.1162,-17.8244,75.7634,4.4962
476.0000,0.0127,-0.2102,1.1475,-12.7863,73.0076,5.0534
500.0000,0.0098,-0.1882,1.1577,-9.4198,69.7863,5.3435
559.0000,0.0200,-0.1677,1.1316,-8.5038,66.9389,5.3282
525.0000,0.0200,-0.1682,1.1240,-9.1908,63.6794,4.9466
461.0000,0.0146,-0.1953,1.1216,-10.2137,60.5420,4.7328
505.0000,0.0127,-0.2112,1.1165,-11.4504,57.4351,5.0305
527.0000,0.0083,-0.1887,1.0940,-13.0534,54.0687,5.1985
461.0000,0.0107,-0.2019,1.0635,-14.2061,50.3893,4.9313
544.0000,0.0132,-0.2051,1.0652,-15.0840,47.2366,4.3740
450.0000,0.0212,-0.2161,1.0593,-15.3053,44.7863,3.8244
464.0000,0.0198,-0.2258,1.0659,-14.5954,42.3359,3.2519
477.0000,0.0181,-0.2461,1.0740,-12.4809,40.5496,2.7557
494.0000,0.0149,-0.2544,1.0691,-9.2595,38.7939,2.2061
486.0000,0.0161,-0.2546,1.0815,-5.3817,36.8397,1.8550
495.0000,0.0071,-0.2461,1.0935,-1.4580,34.9466,1.7786
515.0000,0.0010,-0.2366,1.0735,0.8702,32.4504,1.4733
454.0000,0.0015,-0.2322,1.0493,1.4122,29.9160,1.3588
514.0000,-0.0042,-0.2175,1.0327,0.7405,27.2977,1.2443
570.0000,0.0002,-0.2083,1.0281,-1.0763,24.8015,0.7634
494.0000,0.0024,-0.2004,1.0195,-3.5267,22.3435,0.5954
448.0000,-0.0054,-0.2156,1.0322,-4.2061,20.3359,0.1069
599.0000,-0.0186,-0.2297,1.0413,-4.3359,18.1527,-0.2061
453.0000,-0.0168,-0.2275,1.0344,-3.8626,16.0916,-0.4351
458.0000,-0.0193,-0.2261,1.0164,-2.5802,14.5496,-0.3130
557.0000,-0.0125,-0.2256,0.9858,-1.9160,12.5573,-0.3588
471.0000,-0.0137,-0.2095,1.0027,-2.0687,10.7405,-0.2519
453.0000,-0.0134,-0.2102,0.9851,-2.6031,9.1908,-0.1527
547.0000,-0.0168,-0.1973,0.9739,-3.7939,7.7176,0.0076
450.0000,-0.0168,-0.2046,0.9722,-4.6641,6.1145,0.0916
480.0000,-0.0139,-0.1965,0.9656,-5.3740,4.5573,0.1985
569.0000,0.0051,-0.2041,0.9453,-6.0611,3.5878,0.0305
547.0000,-0.0027,-0.2075,0.9421,-6.2290,2.6641,0.0534
481.0000,0.0056,-0.2275,0.9534,-5.4885,2.7252,-0.0534
533.0000,-0.0017,-0.2305,0.9600,-3.7176,2.5878,-0.5191
452.0000,-0.0090,-0.2249,0.9431,-2.5038,2.2748,-0.5267
468.0000,0.0012,-0.2126,0.9355,-1.4122,2.1221,-1.0305
542.0000,0.0056,-0.2126,0.9155,-0.6947,1.7710,-1.5573
472.0000,0.0022,-0.2102,0.9087,-0.9313,0.8702,-1.8931
446.0000,-0.0007,-0.2031,0.8992,-2.4046,0.6641,-2.2519
498.0000,0.0085,-0.2046,0.8901,-3.8855,0.5115,-2.2672
537.0000,0.0012,-0.2009,0.8899,-4.7405,0.4504,-2.2901
516.0000,0.0029,-0.2017,0.8984,-4.9466,0.1069,-2.4351
428.0000,-0.0020,-0.1975,0.9045,-4.0611,0.0229,-2.4122
501.0000,-0.0002,-0.2068,0.8970,-3.5725,-0.0916,-2.4198
471.0000,-0.0010,-0.2090,0.9058,-2.9695,-0.0840,-2.1985
492.0000,0.0063,-0.2017,0.9001,-2.0840,0.0458,-2.1221
498.0000,-0.0103,-0.1934,0.9072,-2.1450,-0.0305,-2.2366
426.0000,-0.0115,-0.1855,0.9070,-2.2137,-0.5267,-2.4046
508.0000,0.0005,-0.1929,0.8982,-2.6107,-0.5344,-2.2443
569.0000,0.0059,-0.1855,0.8916,-3.5420,-0.8779,-2.2519
473.0000,-0.0073,-0.1868,0.8979,-3.8244,-0.6183,-2.4275
581.0000,0.0002,-0.1904,0.8953,-3.5802,-1.2214,-2.0687
513.0000,-0.0066,-0.2017,0.9045,-3.2901,-1.6260,-1.9847
463.0000,-0.0129,-0.2039,0.9014,-2.5420,-1.5496,-1.9084
500.0000,-0.0066,-0.2019,0.9143,-1.5878,-1.6260,-1.7328
546.0000,-0.0115,-0.1953,0.9177,-1.2061,-2.2366,-1.6489
485.0000,-0.0063,-0.1963,0.9175,-0.8244,-2.7023,-1.5802
433.0000,-0.0100,-0.1951,0.9319,-1.3588,-3.0611,-1.6412
605.0000,-0.0122,-0.1909,0.9358,-1.5954,-3.6641,-1.5878
475.0000,-0.0110,-0.1987,0.9353,-1.2214,-4.5344,-1.4656
476.0000,-0.0098,-0.1936,0.9504,-0.2748,-5.0458,-1.4656
508.0000,-0.0115,-0.2085,0.9778,0.8473,-5.6183,-1.1527
393.0000,-0.0146,-0.1987,1.0017,1.8397,-6.5038,-0.6870
513.0000,-0.0081,-0.2004,0.9995,2.2519,-7.9466,-0.6107
483.0000,-0.0115,-0.1946,0.9902,1.8550,-9.6718,-0.3893
579.0000,-0.0139,-0.1948,1.0122,1.3740,-11.4580,-0.1985
480.0000,-0.0173,-0.1973,1.0300,0.4580,-13.3053,-0.2595
479.0000,-0.0171,-0.2004,1.0540,0.0687,-15.5649,-0.4504
483.0000,-0.0125,-0.2131,1.0754,0.6260,-18.2061,-0.3130
404.0000,-0.0020,-0.2124,1.0918,1.7634,-20.8321,-0.4809
502.0000,-0.0042,-0.2161,1.1130,3.4275,-23.8244,-0.3511
496.0000,0.0027,-0.2285,1.1270,4.5038,-26.6641,-0.1145
441.0000,0.0051,-0.2234,1.1375,5.6489,-29.9847,0.0153
470.0000,0.0190,-0.2300,1.1453,6.5038,-33.3664,0.1985
590.0000,0.0115,-0.2314,1.1626,7.5649,-37.3282,0.1756
577.0000,0.0212,-0.2283,1.1917,8.6260,-41.6947,0.1832
520.0000,0.0159,-0.2288,1.2187,9.9313,-46.1069,-0.4580
644.0000,0.0251,-0.2266,1.2429,11.6641,-50.5878,-0.6107
300.0000,0.0144,-0.2349,1.2717,14.1985,-54.9160,-1.1603
432.0000,0.0076,-0.2524,1.3213,17.7099,-59.3511,-1.0916
602.0000,0.0027,-0.2517,1.3376,21.5802,-64.2519,-0.9618
508.0000,-0.0154,-0.2388,1.3550,25.6183,-70.7328,-0.7939
442.0000,-0.0139,-0.2166,1.3552,28.2519,-76.0382,-0.9466
528.0000,-0.0244,-0.1992,1.3535,31.3664,-83.3130,-0.7939
394.0000,-0.0220,-0.1709,1.3301,30.7786,-91.1298,-0.8779
582.0000,-0.0032,-0.1606,1.2988,29.3740,-98.9389,-0.1985
454.0000,0.0149,-0.1506,1.2910,27.2137,-106.1145,0.1603
460.0000,0.0288,-0.1382,1.3147,24.4351,-113.2595,0.3435
542.0000,0.0322,-0.1577,1.3521,21.8931,-119.9084,0.2748
402.0000,0.0259,-0.1611,1.3682,20.7939,-126.3283,0.6412
517.0000,0.0227,-0.1672,1.3738,21.1450,-132.8855,0.4733
486.0000,0.0242,-0.1677,1.3562,23.3053,-139.5038,0.5725
528.0000,0.0300,-0.1604,1.3259,23.9466,-146.6336,0.6031
533.0000,0.0415,-0.1360,1.2646,22.2061,-153.8015,0.3282
443.0000,0.0569,-0.1338,1.2214,20.0916,-160.4962,0.0611
591.0000,0.0625,-0.1409,1.1987,16.0458,-166.9466,-0.1298
466.0000,0.0793,-0.1328,1.1851,10.1374,-173.2748,-0.4046
587.0000,0.1045,-0.1450,1.1340,5.1527,-179.2748,-1.3817
467.0000,0.1208,-0.1506,1.0972,2.3435,-184.6336,-2.3969
571.0000,0.1375,-0.1455,1.0525,-0.3053,-190.3588,-3.7252
636.0000,0.1560,-0.1470,1.0098,-1.7710,-195.1908,-4.9771
501.0000,0.1804,-0.1611,1.0146,-0.7481,-198.6794,-6.5878
376.0000,0.1975,-0.1885,1.0376,1.5878,-201.3969,-7.2061
668.0000,0.1992,-0.1736,1.0056,2.9695,-204.2366,-7.6260
519.0000,0.2178,-0.1697,0.9121,5.8779,-206.8168,-7.6107
508.0000,0.2393,-0.1521,0.8237,9.4122,-209.4046,-7.5344
467.0000,0.2498,-0.1433,0.7732,11.9466,-211.9466,-7.5038
523.0000,0.2705,-0.1243,0.7407,12.0153,-214.7710,-6.7710
446.0000,0.3049,-0.0767,0.6978,9.0763,-216.5038,-5.7328
531.0000,0.3262,-0.0874,0.7100,4.8550,-216.6412,-5.3435
530.0000,0.3196,-0.0842,0.7249,0.1298,-216.2214,-4.3130
496.0000,0.3347,-0.0767,0.6775,-6.1069,-216.1145,-3.1908
592.0000,0.3621,-0.0752,0.6140,-11.4046,-216.1985,-2.9542
490.0000,0.3779,-0.0854,0.5974,-13.2595,-214.2595,-3.1527
389.0000,0.3784,-0.1279,0.6028,-12.1985,-212.6565,-2.9084
503.0000,0.3823,-0.1074,0.5630,-13.0076,-211.1069,-2.0076
667.0000,0.4006,-0.1296,0.4949,-11.2748,-209.2214,-1.6641
378.0000,0.4204,-0.1262,0.4058,-7.8931,-207.9008,-0.8244
451.0000,0.4299,-0.1277,0.4236,-5.3740,-206.5802,-0.6183
496.0000,0.4507,-0.1072,0.4094,-5.7557,-205.3359,0.1908
529.0000,0.4827,-0.0859,0.3672,-6.9771,-203.1298,0.7328
480.0000,0.5022,-0.1199,0.4282,-7.8855,-198.9618,-0.2824
512.0000,0.5139,-0.1274,0.4043,-11.4504,-195.2824,0.9237
512.0000,0.5298,-0.0957,0.2878,-14.0382,-191.8473,1.3893
507.0000,0.5591,-0.0974,0.2219,-14.6260,-189.1679,0.8397
497.0000,0.5803,-0.1172,0.2336,-13.8244,-185.2977,-0.3359
462.0000,0.5889,-0.1250,0.2500,-13.9466,-180.8931,-0.3664
381.0000,0.6160,-0.1223,0.2119,-12.1069,-176.2290,-0.7939
614.0000,0.6423,-0.1389,0.2402,-11.1450,-171.2672,-1.3893
508.0000,0.6670,-0.1189,0.2246,-9.6565,-165.4886,-1.3664
491.0000,0.6804,-0.1191,0.2136,-8.3053,-158.8244,-2.4656
555.0000,0.6902,-0.1279,0.2007,-4.9695,-152.9313,-3.1374
455.0000,0.6973,-0.1318,0.1765,-0.2748,-146.5114,-3.5115
460.0000,0.7092,-0.1147,0.1677,5.5420,-140.5343,-3.1374
605.0000,0.7229,-0.1311,0.1816,13.0534,-135.8931,-3.9389
260.0000,0.7542,-0.1167,0.1926,20.5802,-129.4275,-2.9695
641.0000,0.7583,-0.1357,0.2004,27.6947,-123.0916,-2.6870
522.0000,0.7622,-0.1355,0.1562,33.4275,-118.5878,-1.5420
224.0000,0.7646,-0.1362,0.1187,37.7023,-115.4504,-1.1985
969.0000,0.7854,-0.0916,0.0435,37.4046,-112.0840,-1.4046
599.0000,0.8062,-0.0696,-0.0564,33.5649,-109.6794,-1.8550
375.0000,0.8455,-0.0288,-0.2246,24.9084,-108.1832,-1.8092
436.0000,0.8684,-0.0256,-0.3508,10.3588,-104.9084,-2.6336
513.0000,0.9224,-0.0305,-0.4272,-6.0534,-100.5496,-3.3664
524.0000,0.9597,-0.0129,-0.5098,-25.7634,-93.4657,-3.0076
413.0000,0.9983,-0.0129,-0.5864,-42.9008,-82.6794,-3.4733
462.0000,1.0325,-0.0754,-0.5793,-54.1985,-69.4580,-4.3893
692.0000,1.0667,-0.1282,-0.5222,-60.3130,-53.0687,-4.9389
443.0000,1.0820,-0.1531,-0.4453,-59.8092,-32.5344,-4.8397
502.0000,1.0757,-0.1899,-0.3628,-50.7557,-11.8244,-4.8626
567.0000,1.0452,-0.1965,-0.3137,-35.3053,6.1221,-4.8779
469.0000,1.0093,-0.1758,-0.2878,-17.4504,22.8397,-4.9618
521.0000,0.9880,-0.1582,-0.2690,2.4809,36.9618,-4.9618
480.0000,0.8972,-0.1489,-0.2551,17.8702,43.0076,-5.6489
486.0000,0.9109,-0.0715,-0.1719,24.9160,54.3435,-4.9237
534.0000,0.8525,-0.0513,-0.1265,21.2137,61.5115,-4.3282
404.0000,0.8296,-0.0513,-0.0701,14.7099,65.4809,-3.8321
611.0000,0.8191,-0.0408,-0.0320,7.8702,71.1985,-1.9618
476.0000,0.7976,-0.0083,-0.0120,-1.3664,75.2061,-0.3893
576.0000,0.7815,-0.0422,0.0051,-5.0916,75.5038,0.9160
459.0000,0.7900,-0.0325,0.0247,-6.4198,76.3130,2.6183
552.0000,0.8025,-0.0522,0.0635,-7.3511,76.8473,3.9237
531.0000,0.8137,-0.0391,0.0806,-8.3359,79.0611,5.5496
459.0000,0.8279,-0.0605,0.1082,-9.2595,82.1527,6.6947
468.0000,0.8447,-0.0703,0.1421,-10.2901,85.9542,7.6641
487.0000,0.8564,-0.0801,0.1719,-10.7863,89.7786,8.4351
349.0000,0.8635,-0.0986,0.1711,-9.4885,94.9389,8.7099
592.0000,0.8635,-0.1157,0.1528,-7.7099,98.2366,8.6183
450.0000,0.8628,-0.1301,0.1658,-4.5802,102.6641,8.0000
432.0000,0.8601,-0.1570,0.1675,-1.8244,106.7786,7.0153
613.0000,0.8557,-0.1677,0.1646,1.4198,110.9160,6.1450
499.0000,0.8643,-0.1655,0.1812,5.6107,115.5725,5.2519
459.0000,0.8608,-0.1677,0.2002,6.9924,120.0305,4.0229
550.0000,0.8452,-0.1626,0.1992,8.6260,124.2595,2.9160
480.0000,0.8242,-0.1514,0.1741,10.5267,127.1145,1.8626
460.0000,0.8252,-0.1440,0.1890,11.7863,129.7099,0.8931
488.0000,0.8086,-0.1389,0.2285,12.5344,132.5725,0.4275
640.0000,0.8064,-0.1467,0.2598,12.3282,135.1603,0.4733
420.0000,0.7988,-0.1313,0.2964,12.0229,136.9160,0.2824
496.0000,0.7788,-0.1436,0.3652,12.3664,139.1603,-0.0916
487.0000,0.7605,-0.1504,0.4141,12.7405,141.2290,-0.0916
507.0000,0.7500,-0.1228,0.4275,12.7710,141.5496,0.0229
507.0000,0.7429,-0.1116,0.4302,11.7786,141.9542,-0.0916
358.0000,0.7378,-0.1084,0.4592,9.7023,142.5496,-0.4580
518.0000,0.7190,-0.0991,0.4688,7.2672,142.5420,-0.8397
397.0000,0.7090,-0.0999,0.4626,5.0076,142.4656,-1.2061
570.0000,0.6938,-0.1108,0.4836,2.5115,142.4427,-1.0534
428.0000,0.6741,-0.1343,0.5298,2.3130,142.4198,-0.8015
511.0000,0.6643,-0.1421,0.5796,4.5954,141.6107,-0.4656
469.0000,0.6453,-0.1360,0.5947,6.6489,140.4504,-0.0534
569.0000,0.6460,-0.1243,0.5903,9.3511,138.9924,0.2061
471.0000,0.6348,-0.1064,0.6021,9.8244,137.4046,0.4656
524.0000,0.6331,-0.0789,0.6323,6.6260,135.9771,-0.0305
442.0000,0.6206,-0.0620,0.6196,-0.4885,134.4198,-0.2366
573.0000,0.6074,-0.0615,0.5901,-10.0840,133.2977,-0.7176
397.0000,0.6001,-0.0708,0.5776,-16.7939,132.4809,-1.2137
633.0000,0.6008,-0.0867,0.6123,-24.3817,132.4962,-1.3740
465.0000,0.5884,-0.0891,0.6206,-28.2824,132.4122,-1.6183
478.0000,0.5662,-0.1382,0.6833,-26.2901,132.6641,-2.3130
556.0000,0.5422,-0.1572,0.7195,-21.7634,133.1527,-2.1832
483.0000,0.5408,-0.1702,0.7468,-13.3206,134.1756,-2.0916
460.0000,0.5178,-0.1624,0.7654,-4.2366,134.5496,-1.8168
432.0000,0.5164,-0.1453,0.7598,2.0382,134.7786,-1.4046
582.0000,0.5054,-0.1165,0.7339,3.6870,134.4427,-1.3130
516.0000,0.4902,-0.0928,0.7185,1.3969,133.6183,-1.2977
467.0000,0.4753,-0.0715,0.7031,-4.6107,133.2214,-1.5725
489.0000,0.4421,-0.0593,0.7012,-11.8092,131.7176,-2.0000
551.0000,0.4456,-0.0645,0.7119,-20.3359,131.1679,-2.9237
377.0000,0.4329,-0.0979,0.7419,-25.1298,131.0305,-3.5038
533.0000,0.4111,-0.0957,0.7617,-27.4962,130.0153,-3.1985
521.0000,0.3977,-0.1121,0.7961,-26.7176,130.6107,-3.6870
487.0000,0.3818,-0.1472,0.8433,-22.9389,128.9008,-3.7939
360.0000,0.3650,-0.1406,0.8599,-19.2137,127.2061,-3.4275
571.0000,0.3735,-0.1340,0.8511,-17.9466,127.3359,-2.7176
493.0000,0.3442,-0.1399,0.8472,-16.5725,125.2443,-2.0000
448.0000,0.3237,-0.1282,0.8645,-16.4351,123.2519,-1.0076
554.0000,0.3210,-0.0920,0.8523,-20.0687,121.4886,-0.4351
520.0000,0.3130,-0.0901,0.8777,-23.7863,119.4962,-0.8168
467.0000,0.3088,-0.1160,0.9270,-25.3130,117.6183,-1.0534
507.0000,0.2983,-0.1082,0.9326,-27.9924,117.7710,-0.8015
579.0000,0.2864,-0.1179,0.9058,-27.9847,118.0458,-1.4427
463.0000,0.2664,-0.1667,0.9204,-24.9237,116.9542,-1.6412
519.0000,0.2444,-0.1741,0.9495,-20.4198,115.1756,-1.6107
505.0000,0.2405,-0.1504,0.9617,-18.9389,115.7328,-0.9389
462.0000,0.2134,-0.1638,0.9397,-17.7634,114.2824,-0.7023
525.0000,0.2026,-0.1404,0.9221,-17.9771,112.1298,-0.5038
533.0000,0.1953,-0.1147,0.8706,-22.1908,109.5954,0.0458
472.0000,0.1824,-0.1013,0.8264,-28.5954,107.4122,0.6412
422.0000,0.1765,-0.1113,0.8154,-36.1374,104.9618,0.8855
564.0000,0.1663,-0.1301,0.7944,-44.6336,103.1679,1.5954
482.0000,0.1741,-0.1538,0.8013,-49.2672,102.6641,2.1908
410.0000,0.1667,-0.2100,0.8796,-47.8168,102.1527,2.5420
610.0000,0.1494,-0.2212,0.9333,-43.4809,102.1221,2.8550
445.0000,0.1504,-0.2417,0.9800,-33.7557,104.8550,3.0153
521.0000,0.1230,-0.2859,1.0747,-19.1985,107.0611,3.5725
499.0000,0.0908,-0.2690,1.1348,-4.5420,108.5649,4.6565
473.0000,0.0688,-0.2419,1.1409,6.0382,108.5115,4.9313
535.0000,0.0432,-0.1870,1.1116,12.0763,107.3511,5.4656
510.0000,0.0388,-0.1401,1.0740,11.3893,105.3970,5.7557
441.0000,0.0154,-0.1138,1.0000,3.7939,101.3511,6.1298
560.0000,-0.0168,-0.0811,0.9297,-7.4504,95.9466,6.5038
593.0000,-0.0107,-0.0610,0.8635,-21.2901,89.9542,6.7634
455.0000,0.0024,-0.0840,0.8813,-34.1985,85.9084,7.1603
355.0000,0.0156,-0.1299,0.9150,-42.7557,80.8397,7.4427
576.0000,0.0034,-0.2107,1.0168,-43.8855,76.5802,7.8015
425.0000,-0.0022,-0.2969,1.1355,-34.4885,75.4733,8.0992
476.0000,-0.0195,-0.3418,1.2563,-19.7557,75.4351,9.4733
554.0000,-0.0249,-0.3113,1.3015,-4.9313,74.0076,10.2519
458.0000,-0.0225,-0.2693,1.2717,8.2595,72.1603,10.1985
511.0000,-0.0337,-0.2297,1.2327,16.6183,69.9771,10.2137
527.0000,-0.0444,-0.1843,1.1870,17.1832,66.1603,10.2901
444.0000,-0.0544,-0.1367,1.1392,9.1679,61.2443,9.9847
545.0000,-0.0522,-0.1418,1.1128,-1.3893,57.0763,9.4275
500.0000,-0.0493,-0.1611,1.0786,-11.7176,52.0916,8.7099
420.0000,-0.0652,-0.1882,1.0615,-18.5114,46.3053,8.0611
522.0000,-0.0640,-0.2222,1.0625,-21.5954,40.2443,6.9237
562.0000,-0.0479,-0.2488,1.0901,-22.0458,34.5038,5.6183
453.0000,-0.0325,-0.2708,1.1306,-19.1374,30.7481,5.0000
516.0000,-0.0264,-0.2898,1.1646,-13.5573,28.0534,4.5267
528.0000,-0.0303,-0.2913,1.1829,-6.9389,25.7099,3.7557
465.0000,-0.0295,-0.2910,1.2014,-0.4733,23.9695,3.2901
492.0000,-0.0317,-0.2593,1.1843,4.1145,22.0534,3.1450
518.0000,-0.0310,-0.2354,1.1497,6.2366,19.1069,2.6107
501.0000,-0.0317,-0.2092,1.0969,5.7939,15.5802,2.0000
480.0000,-0.0327,-0.2083,1.0693,3.8015,12.4809,1.5267
526.0000,-0.0322,-0.1963,1.0496,0.3435,9.1374,1.0611
466.0000,-0.0278,-0.2041,1.0444,-2.8779,6.1221,0.5115
444.0000,-0.0220,-0.2197,1.0457,-5.5802,3.1756,0.2977
543.0000,-0.0154,-0.2234,1.0232,-6.7176,0.9847,-0.0992
521.0000,-0.0107,-0.2268,1.0120,-7.0076,-1.1985,-0.4733
465.0000,-0.0125,-0.2246,1.0029,-6.9466,-3.1985,-0.7557
541.0000,-0.0134,-0.2266,0.9771,-6.9466,-4.3969,-1.0076
516.0000,-0.0046,-0.2290,0.9421,-7.6183,-5.3282,-1.3893
497.0000,-0.0027,-0.2312,0.9285,-7.7557,-5.6794,-1.5496
519.0000,-0.0063,-0.2253,0.9058,-7.8015,-5.6412,-1.9618
509.0000,-0.0095,-0.2317,0.8945,-7.0305,-5.5191,-2.4809
523.0000,-0.0146,-0.2485,0.8872,-5.4122,-5.5954,-3.0000
550.0000,-0.0063,-0.2449,0.8970,-3.3893,-5.0611,-3.7099
488.0000,-0.0137,-0.2458,0.8909,-0.8626,-3.8397,-4.3359
453.0000,-0.0190,-0.2390,0.8989,1.2519,-3.5649,-4.8550
589.0000,-0.0283,-0.2383,0.8965,3.0763,-2.8015,-5.6718
502.0000,-0.0273,-0.2302,0.8782,4.5267,-2.4962,-5.8626
475.0000,-0.0291,-0.2183,0.8655,5.0000,-1.9542,-5.9466
527.0000,-0.0188,-0.2102,0.8618,5.1985,-1.9237,-6.0916
521.0000,-0.0212,-0.1943,0.8557,4.3817,-1.9084,-6.2519
469.0000,-0.0295,-0.1909,0.8608,3.3740,-1.6489,-5.9618
514.0000,-0.0247,-0.1804,0.8572,1.7939,-2.0763,-5.5725
426.0000,-0.0154,-0.1702,0.8611,0.1603,-2.0153,-5.5725
464.0000,-0.0176,-0.1702,0.8511,-1.0229,-2.0382,-5.1756
591.0000,-0.0193,-0.1780,0.8684,-1.3664,-1.8015,-4.9466
584.0000,-0.0171,-0.1860,0.8704,-0.5649,-1.1908,-4.1374
456.0000,-0.0166,-0.1851,0.8904,0.3435,-0.9389,-3.3969
480.0000,-0.0212,-0.1882,0.8940,1.2824,-0.6412,-2.9847
561.0000,-0.0161,-0.1743,0.8909,2.0153,-0.9313,-2.1221
502.0000,-0.0181,-0.1631,0.8772,1.8626,-0.7786,-1.6870
490.0000,-0.0239,-0.1687,0.8813,1.8092,-0.8092,-1.3664
532.0000,-0.0173,-0.1743,0.8848,0.7099,-1.2290,-1.2901
450.0000,-0.0168,-0.1711,0.8818,0.1832,-1.4046,-0.9084
463.0000,-0.0103,-0.1697,0.8860,-0.9313,-1.7023,-1.0229
573.0000,-0.0051,-0.1716,0.8823,-1.4580,-2.2290,-0.6870
456.0000,-0.0061,-0.1807,0.8960,-1.5115,-2.1527,-0.7481
490.0000,0.0007,-0.1772,0.8938,-1.6107,-1.8626,-0.6107
545.0000,0.0037,-0.1775,0.9016,-1.8244,-1.9466,-0.9695
517.0000,0.0051,-0.1799,0.9011,-1.4198,-1.8473,-0.9847
477.0000,0.0071,-0.1816,0.8948,-1.1832,-1.7099,-1.0687
521.0000,0.0173,-0.1846,0.8975,-1.0229,-1.9237,-1.4198
466.0000,0.0129,-0.1809,0.9004,-0.8244,-1.9695,-1.4656
491.0000,0.0112,-0.1809,0.8970,-1.0992,-1.7786,-1.3511
540.0000,0.0227,-0.1724,0.8845,-1.7176,-1.8855,-1.2061
525.0000,0.0249,-0.1746,0.8984,-2.0153,-1.9847,-1.3817
460.0000,0.0142,-0.1819,0.9150,-1.9237,-2.0458,-1.3282
548.0000,0.0122,-0.1897,0.9119,-1.2595,-1.9160,-1.3893
491.0000,0.0151,-0.1877,0.9255,-0.3282,-1.8931,-1.1832
513.0000,0.0032,-0.1921,0.9316,0.8092,-2.0687,-1.0763
477.0000,0.0000,-0.1843,0.9329,1.6107,-2.4809,-0.9389
542.0000,0.0034,-0.1787,0.9482,1.4198,-3.2290,-0.7557
453.0000,-0.0061,-0.1736,0.9507,0.5344,-4.0687,-0.6565
445.0000,-0.0134,-0.1743,0.9514,-0.8473,-4.8931,-0.4122
592.0000,-0.0212,-0.1646,0.9624,-2.3130,-5.9542,-0.1985
420.0000,-0.0281,-0.1843,0.9883,-2.5802,-7.0840,-0.0076
465.0000,-0.0330,-0.1897,1.0144,-1.8473,-8.4885,0.3435
550.0000,-0.0376,-0.1855,1.0347,-0.8015,-10.2137,1.0534
484.0000,-0.0322,-0.1890,1.0288,0.1527,-12.3435,1.4275
515.0000,-0.0269,-0.1799,1.0386,1.0763,-14.7939,1.7481
436.0000,-0.0249,-0.1826,1.0339,0.4962,-17.3130,2.0687
521.0000,-0.0146,-0.1868,1.0369,-0.4809,-19.9771,2.4962
582.0000,-0.0154,-0.1948,1.0432,-1.4580,-22.3282,2.8397
474.0000,-0.0112,-0.1995,1.0903,-2.3664,-25.0916,3.0916
488.0000,-0.0115,-0.1941,1.1155,-3.2214,-27.7863,3.3053
446.0000,-0.0012,-0.2139,1.1345,-3.5573,-30.7176,3.3740
536.0000,-0.0032,-0.2102,1.1436,-3.0076,-34.0611,3.4198
442.0000,-0.0039,-0.2214,1.1648,-2.5496,-37.1679,2.9924
444.0000,-0.0049,-0.2222,1.1863,-2.4580,-40.9160,2.6412
617.0000,-0.0083,-0.2253,1.1970,-2.4351,-44.9466,2.1679
496.0000,-0.0037,-0.2275,1.2129,-2.4656,-49.5802,1.6565
489.0000,-0.0051,-0.2317,1.2205,-2.3664,-54.4046,1.0687
533.0000,-0.0122,-0.2378,1.2007,-2.3740,-59.5573,0.5420
444.0000,0.0022,-0.2275,1.1980,-2.4046,-64.9695,-0.3664
473.0000,0.0085,-0.2224,1.2051,-3.0763,-71.0611,-1.2519
559.0000,0.0237,-0.2246,1.2187,-4.9695,-75.6336,-2.2061
549.0000,0.0313,-0.2332,1.2253,-5.1374,-81.0687,-2.4733
451.0000,0.0322,-0.2471,1.2544,-4.0458,-86.4351,-3.3588
515.0000,0.0315,-0.2600,1.3093,-1.7863,-91.2824,-3.7252
481.0000,0.0256,-0.2454,1.2947,-0.9160,-96.9389,-3.9084
539.0000,0.0313,-0.2256,1.3030,-1.2290,-102.8397,-4.5878
490.0000,0.0439,-0.2136,1.3257,-1.4733,-108.5115,-5.5420
333.0000,0.0381,-0.2063,1.3394,-3.0229,-114.3740,-6.1679
493.0000,0.0188,-0.2085,1.3284,-5.0076,-121.2901,-6.6641
478.0000,0.0349,-0.2241,1.3198,-5.5420,-127.7939,-7.5573
490.0000,0.0273,-0.2375,1.3350,-5.2137,-134.0687,-7.6260
396.0000,0.0205,-0.2378,1.3030,-5.4351,-142.2901,-7.6489
629.0000,0.0430,-0.2229,1.2292,-5.6947,-150.7939,-7.5420
512.0000,0.0698,-0.2139,1.1914,-5.8244,-158.0611,-8.2519
440.0000,0.0964,-0.2153,1.1707,-7.7252,-164.7481,-8.4351
444.0000,0.1216,-0.2187,1.1265,-8.3206,-172.0763,-8.8550
541.0000,0.1458,-0.2136,1.1140,-8.2366,-178.2137,-9.4122
449.0000,0.1653,-0.2283,1.1257,-6.8321,-182.5954,-10.2595
364.0000,0.1873,-0.2515,1.1006,-3.8397,-187.0458,-10.4046
564.0000,0.2129,-0.2417,1.0408,-1.9618,-191.3511,-10.5802
447.0000,0.2417,-0.2158,0.9807,-0.1679,-194.0992,-11.1145
496.0000,0.2451,-0.2417,0.9954,2.2519,-195.7786,-12.4656
498.0000,0.2378,-0.2256,0.9976,2.9771,-199.2290,-11.9695
442.0000,0.2512,-0.1731,0.9233,0.8626,-202.6107,-12.1756
658.0000,0.2642,-0.1523,0.8818,-2.0916,-204.9542,-13.6565
485.0000,0.2688,-0.1790,0.8450,-4.7786,-206.9160,-14.8397
492.0000,0.2690,-0.1824,0.7805,-6.7634,-209.7633,-14.9313
568.0000,0.3013,-0.1836,0.7170,-7.1450,-212.2519,-15.5191
478.0000,0.3047,-0.2131,0.7151,-5.8702,-212.7557,-16.3359
448.0000,0.3086,-0.2366,0.6960,-2.5878,-213.3359,-15.8779
532.0000,0.3086,-0.2227,0.6492,0.7634,-214.4427,-15.7710
640.0000,0.3359,-0.2002,0.5593,3.5725,-216.0382,-15.5420
517.0000,0.3682,-0.1885,0.5315,7.0611,-215.5191,-16.5802
479.0000,0.3855,-0.2209,0.5337,8.7863,-215.4504,-18.0840
508.0000,0.3972,-0.1782,0.4932,9.6183,-214.3206,-17.6489
440.0000,0.4158,-0.1523,0.4460,8.3969,-211.7099,-18.0916
495.0000,0.4268,-0.1892,0.5005,5.8626,-207.3969,-19.0000
455.0000,0.4314,-0.1677,0.4641,4.4198,-203.9618,-17.9847
460.0000,0.4429,-0.1345,0.3721,2.6718,-200.2672,-17.6336
595.0000,0.4624,-0.1240,0.3708,2.6870,-195.6641,-18.5496
520.0000,0.4775,-0.1262,0.3823,2.6947,-191.5114,-18.1527
527.0000,0.5154,-0.1079,0.3157,1.7176,-187.9389,-17.2366
420.0000,0.5388,-0.0923,0.2864,-0.2061,-182.9313,-16.7481
576.0000,0.5669,-0.1140,0.2903,-1.3206,-176.7176,-15.5038
505.0000,0.5652,-0.1113,0.2827,0.3588,-170.8473,-14.0305
464.0000,0.5837,-0.1025,0.2690,3.1603,-166.3282,-11.9695
548.0000,0.5996,-0.0688,0.2048,6.9389,-161.8473,-9.8321
368.0000,0.6382,-0.0701,0.2195,10.4656,-156.2901,-8.9389
562.0000,0.6479,-0.0879,0.2693,11.6336,-150.7786,-7.4046
410.0000,0.6729,-0.0596,0.2366,12.3969,-145.0687,-5.3511
501.0000,0.6833,-0.0754,0.2454,13.1908,-139.3359,-4.7252
461.0000,0.7026,-0.0664,0.2588,14.0458,-135.5954,-3.6947
652.0000,0.7288,-0.0940,0.2859,16.2672,-129.9313,-2.9924
365.0000,0.7317,-0.1064,0.3118,17.7786,-125.6870,-2.8015
737.0000,0.7493,-0.1287,0.2949,21.6489,-122.2519,-2.4656
265.0000,0.7615,-0.1365,0.2795,26.1908,-118.8168,-2.6718
662.0000,0.7712,-0.1411,0.2056,31.0000,-115.9160,-2.2443
422.0000,0.7825,-0.1116,0.0759,35.8550,-115.0229,-1.7710
511.0000,0.8176,-0.0784,-0.1245,34.2137,-114.1374,-1.6412
311.0000,0.8472,-0.0466,-0.3325,26.9695,-112.4428,-1.8550
773.0000,0.8828,-0.0581,-0.4172,11.3817,-109.6565,-2.8321
488.0000,0.9312,-0.0313,-0.4941,-8.9160,-103.3588,-2.2672
519.0000,0.9722,0.0320,-0.6174,-29.1298,-95.2443,-1.5573
478.0000,1.0076,0.0127,-0.6396,-52.2443,-83.4046,-1.9771
591.0000,1.0256,-0.0527,-0.5640,-68.1908,-72.2137,-2.9389
460.0000,1.0417,-0.1472,-0.3594,-75.9008,-55.5649,-2.6336
243.0000,1.0713,-0.1614,-0.2219,-75.2443,-33.4351,-0.3969
876.0000,1.0188,-0.2258,-0.1697,-59.0992,-14.2061,1.7634
398.0000,1.0002,-0.2661,-0.1914,-36.3359,1.4046,3.4504
357.0000,0.9849,-0.2219,-0.2373,-10.2137,15.3130,4.4809
490.0000,0.9478,-0.1604,-0.2603,8.4580,26.2748,4.8473
345.0000,0.8984,-0.1365,-0.2217,23.1298,32.1221,4.6870
577.0000,0.8936,-0.0715,-0.1384,29.4733,36.6947,5.3206
464.0000,0.8623,-0.0334,-0.0972,23.7099,40.1603,5.1679
425.0000,0.8469,-0.0354,-0.0566,15.0534,43.9695,6.3130
549.0000,0.8586,-0.0127,-0.0083,4.8702,52.1221,7.6183
559.0000,0.8110,-0.0266,0.0198,-8.2519,52.3588,7.5725
469.0000,0.8293,-0.0376,0.0513,-13.7710,52.4580,7.6718
475.0000,0.8403,-0.0591,0.0798,-16.6183,56.9237,8.6489
526.0000,0.8220,-0.0872,0.0874,-15.2595,58.5802,8.9924
339.0000,0.8452,-0.1316,0.1138,-9.8015,60.0000,9.3588
536.0000,0.8533,-0.1240,0.1326,-4.2061,63.4809,9.9771
542.0000,0.8633,-0.1377,0.1377,1.7481,67.8702,10.0916
480.0000,0.8696,-0.1348,0.1533,8.6794,71.9542,9.7710
528.0000,0.8813,-0.1438,0.1414,15.1221,77.0382,9.3740
499.0000,0.8818,-0.1628,0.1394,20.8855,81.8015,8.3282
400.0000,0.8706,-0.1602,0.1545,25.2061,87.4198,7.1679
499.0000,0.8689,-0.1616,0.1479,28.2214,91.2748,5.6870
504.0000,0.8606,-0.1792,0.1724,31.4046,96.3283,3.7481
621.0000,0.8552,-0.1799,0.2009,34.8626,101.7634,2.2061
442.0000,0.8552,-0.1780,0.2090,36.4656,107.3588,0.6183
501.0000,0.8596,-0.1785,0.2085,33.4427,115.3970,-1.0153
557.0000,0.8477,-0.1873,0.1897,34.0611,121.7328,-2.4885
458.0000,0.8320,-0.1455,0.1602,31.0229,126.4122,-3.6336
493.0000,0.8191,-0.1262,0.1279,26.7710,129.1374,-5.5878
547.0000,0.8005,-0.1177,0.1331,22.9847,130.7405,-6.7252
514.0000,0.7957,-0.1077,0.1497,17.0916,132.7328,-8.0992
540.0000,0.7732,-0.1116,0.2285,9.3893,136.0611,-9.3130
557.0000,0.7634,-0.1194,0.2878,4.2061,138.9466,-9.8092
444.0000,0.7690,-0.1238,0.3164,1.4275,142.1603,-10.1527
517.0000,0.7583,-0.0986,0.3645,0.0382,145.3817,-10.0687
503.0000,0.7451,-0.1182,0.3899,1.8015,147.2977,-10.2901
457.0000,0.7380,-0.1355,0.4370,6.6641,150.0000,-10.5954
505.0000,0.7334,-0.1353,0.4453,11.2519,152.3664,-10.1221
494.0000,0.7302,-0.1333,0.4646,12.8092,154.7863,-9.7863
539.0000,0.7202,-0.1357,0.4333,10.2748,159.9313,-9.7099
596.0000,0.6826,-0.1104,0.3835,7.9618,163.7099,-9.1374
487.0000,0.6448,-0.0981,0.3735,6.4885,164.3359,-9.6260
433.0000,0.6157,-0.0793,0.3777,3.4198,163.6183,-9.6718
585.0000,0.5969,-0.0515,0.3792,-0.8473,161.7863,-9.7557
488.0000,0.5784,-0.0696,0.4714,-4.3282,161.8473,-9.6183
352.0000,0.5591,-0.0869,0.5564,-8.4885,160.1832,-9.4656
687.0000,0.5549,-0.0806,0.6016,-11.9542,158.3893,-8.7023
461.0000,0.5493,-0.0955,0.6616,-12.0382,158.6794,-7.8397
417.0000,0.5525,-0.1084,0.7129,-9.5038,158.5038,-7.1756
560.0000,0.5369,-0.0911,0.7458,-8.3130,157.5114,-6.1603
545.0000,0.5261,-0.0874,0.7485,-7.9695,156.1985,-5.8931
449.0000,0.5042,-0.1035,0.7456,-8.5954,156.0229,-5.7023
434.0000,0.4758,-0.0879,0.7402,-10.4351,155.2137,-5.0916
685.0000,0.4497,-0.0645,0.7034,-14.1679,151.8855,-4.7023
526.0000,0.4473,-0.0483,0.6956,-17.6870,149.7939,-4.6260
491.0000,0.4333,-0.0667,0.7520,-21.2672,147.9847,-4.2519
499.0000,0.3467,-0.0974,0.8013,-22.7939,140.6488,-4.5725
564.0000,0.4189,-0.0925,0.8223,-28.2290,141.9618,-3.7099
549.0000,0.3970,-0.1089,0.8203,-26.8702,139.2595,-2.6870
499.0000,0.3936,-0.1428,0.8892,-21.5878,136.7252,-2.2366
425.0000,0.3879,-0.1262,0.9451,-16.9542,134.0382,-1.8015
531.0000,0.3784,-0.1106,0.9387,-14.4733,132.0916,-0.9695
510.0000,0.3687,-0.1064,0.9399,-13.6641,131.2595,-0.5420
459.0000,0.3674,-0.0974,0.9370,-15.4046,130.6488,-0.2824
323.0000,0.3408,-0.0789,0.9033,-20.9695,128.6183,-0.4046
664.0000,0.3354,-0.0632,0.8420,-27.0382,126.8473,-0.4885
437.0000,0.3269,-0.1008,0.8574,-30.5573,125.6718,-0.6183
419.0000,0.3066,-0.1265,0.8684,-32.3969,123.9389,0.0458
610.0000,0.2756,-0.1106,0.8396,-35.7863,121.8702,0.9771
503.0000,0.2578,-0.1567,0.8257,-34.7634,118.2901,2.1603
497.0000,0.2810,-0.1941,0.8718,-31.6183,119.2137,3.5802
456.0000,0.2581,-0.1948,0.8953,-26.1221,117.5573,5.4046
516.0000,0.2524,-0.1821,0.9048,-22.2214,116.5420,6.5267
494.0000,0.2410,-0.2065,0.9216,-15.4809,115.4886,7.0000
469.0000,0.2229,-0.2043,0.9438,-8.2977,113.7634,7.4962
510.0000,0.2146,-0.1533,0.9558,-6.0305,111.9771,7.3664
403.0000,0.2031,-0.1345,0.9604,-6.5573,110.3053,6.8092
515.0000,0.1978,-0.1182,0.9324,-10.1756,108.6870,5.9847
553.0000,0.1921,-0.1057,0.9346,-15.5878,106.7863,4.9160
479.0000,0.1931,-0.1189,0.9805,-20.7786,105.4428,4.0076
575.0000,0.1885,-0.1370,0.9841,-25.0382,104.8244,3.2214
506.0000,0.1748,-0.1687,0.9895,-26.6260,104.2443,2.5649
463.0000,0.1511,-0.1987,1.0037,-26.5649,104.1450,2.4733
558.0000,0.1479,-0.2119,0.9849,-23.5954,104.5115,2.5573
443.0000,0.1250,-0.2275,1.0088,-17.0611,104.7023,2.6565
434.0000,0.0933,-0.2209,1.0176,-10.7176,103.5420,2.1985
588.0000,0.0725,-0.1946,0.9980,-6.1985,101.3664,1.9466
542.0000,0.0654,-0.1860,1.0139,-2.0992,99.6260,1.6718
491.0000,0.0388,-0.1855,1.0620,0.5649,97.4809,1.9313
511.0000,0.0105,-0.1765,1.0894,0.8855,94.6947,2.3664
393.0000,-0.0120,-0.1577,1.1086,-1.2519,89.6260,2.8779
571.0000,-0.0051,-0.1438,1.0923,-4.2672,86.4428,3.3893
494.0000,-0.0110,-0.1521,1.1157,-6.4962,83.0305,3.5649
384.0000,-0.0281,-0.1658,1.1609,-7.0305,79.0687,3.5191
528.0000,-0.0393,-0.1543,1.1763,-8.7328,75.0076,3.9847
529.0000,-0.0486,-0.1753,1.1836,-8.7176,71.4733,4.0534
473.0000,-0.0530,-0.1953,1.1819,-8.1069,67.1908,4.0229
482.0000,-0.0659,-0.1897,1.1663,-7.8015,62.7328,4.5267
504.0000,-0.0654,-0.1790,1.1445,-7.0992,58.0229,4.1679
544.0000,-0.0698,-0.1760,1.1228,-7.5802,52.6260,4.6183
478.0000,-0.0603,-0.1650,1.1160,-8.8015,47.9618,4.8702
529.0000,-0.0652,-0.1846,1.1304,-9.7786,43.6183,4.8626
489.0000,-0.0562,-0.1965,1.1399,-9.3817,38.9771,4.9084
497.0000,-0.0488,-0.1963,1.1582,-10.0153,35.0458,5.2061
491.0000,-0.0386,-0.2019,1.1675,-9.4733,31.1908,5.0840
512.0000,-0.0273,-0.2114,1.1548,-8.4656,27.8244,4.9466
476.0000,-0.0283,-0.2117,1.1428,-6.8244,24.8168,4.4809
527.0000,-0.0164,-0.2009,1.1304,-6.2366,22.1145,4.0840
514.0000,-0.0088,-0.1958,1.1052,-6.6412,19.3893,3.3282
500.0000,0.0034,-0.1985,1.0620,-6.7405,16.9618,2.6718
474.0000,0.0088,-0.2029,1.0425,-7.0305,14.8855,1.7863
485.0000,0.0200,-0.2153,1.0264,-6.6794,12.7710,1.1756
515.0000,0.0176,-0.2183,1.0142,-6.6412,10.9924,0.6718
509.0000,0.0215,-0.2231,1.0154,-6.1527,9.7252,0.3206
515.0000,0.0325,-0.2212,1.0234,-4.1985,9.0153,-0.0229
499.0000,0.0205,-0.2231,1.0132,-2.3282,7.8702,-0.0763
497.0000,0.0205,-0.2131,1.0105,-0.8397,6.8244,-0.4427
478.0000,0.0212,-0.2039,0.9856,-0.0992,5.6107,-0.4198
514.0000,0.0142,-0.1953,0.9729,-0.1832,4.5267,-0.3053
471.0000,0.0090,-0.1978,0.9678,-0.4275,3.4122,-0.3817
471.0000,0.0100,-0.1909,0.9609,-1.1756,1.9160,-0.3359
479.0000,0.0059,-0.1860,0.9648,-1.5344,1.0229,-0.4733
496.0000,0.0046,-0.1877,0.9719,-2.0076,-0.0382,-0.4122
559.0000,-0.0066,-0.2009,0.9714,-1.8015,-0.8779,-0.7328
473.0000,-0.0049,-0.1970,0.9626,-1.2595,-2.1679,-0.7099
481.0000,-0.0015,-0.1975,0.9595,-1.0611,-2.8550,-0.9542
534.0000,-0.0056,-0.1919,0.9343,-0.8779,-3.5115,-0.8244
525.0000,-0.0090,-0.1892,0.9238,-0.8015,-4.4809,-0.9847
480.0000,-0.0039,-0.1863,0.9141,-1.1221,-4.9847,-1.0153
456.0000,-0.0007,-0.1838,0.9160,-1.0229,-5.4962,-1.1374
506.0000,-0.0042,-0.1799,0.9075,-1.4809,-6.0153,-1.1145
468.0000,-0.0034,-0.1797,0.8989,-1.5802,-6.2977,-1.2748
507.0000,0.0002,-0.1819,0.8887,-1.2290,-6.4962,-1.2443
500.0000,0.0017,-0.1665,0.8816,-1.3130,-6.1527,-1.5267
458.0000,0.0051,-0.1714,0.8918,-1.5038,-5.9008,-1.7023
501.0000,-0.0024,-0.1741,0.8848,-1.2901,-5.1298,-1.5573
496.0000,0.0000,-0.1655,0.8813,-1.6183,-4.5191,-1.2366
485.0000,-0.0078,-0.1655,0.8762,-2.0763,-3.7863,-0.9771
539.0000,-0.0012,-0.1597,0.8728,-2.1908,-3.3359,-0.4885
493.0000,-0.0024,-0.1550,0.8630,-2.2290,-2.8550,-0.1374
481.0000,-0.0020,-0.1531,0.8706,-2.5267,-2.5954,0.4275
512.0000,-0.0051,-0.1506,0.8516,-3.1069,-2.6489,0.7786
497.0000,-0.0056,-0.1462,0.8535,-4.0534,-2.1450,0.9924
510.0000,0.0000,-0.1511,0.8530,-5.1756,-2.1679,1.5344
516.0000,-0.0010,-0.1519,0.8489,-5.5878,-1.9237,1.6412
516.0000,-0.0002,-0.1616,0.8616,-5.7176,-1.6260,2.0687
463.0000,-0.0002,-0.1604,0.8733,-5.9313,-1.3664,1.9771
511.0000,0.0005,-0.1611,0.8799,-5.9313,-0.8321,2.2748
519.0000,0.0044,-0.1472,0.8757,-6.1756,-0.7786,2.0763
451.0000,-0.0027,-0.1621,0.8923,-6.2824,-0.5344,1.6718
517.0000,-0.0034,-0.1675,0.8872,-6.3969,-0.6489,1.5573
539.0000,0.0054,-0.1641,0.8975,-6.7099,-0.5802,1.4962
432.0000,0.0046,-0.1604,0.8916,-6.9237,-0.7023,1.2214
500.0000,0.0049,-0.1702,0.8879,-6.6031,-0.7634,0.9542
503.0000,0.0100,-0.1680,0.8992,-5.8092,-0.9695,0.8855
454.0000,0.0088,-0.1680,0.9146,-4.9389,-0.8702,0.8168
490.0000,0.0002,-0.1658,0.9116,-4.2595,-0.9084,0.8092
543.0000,0.0007,-0.1753,0.9124,-3.7252,-1.0229,0.9237
474.0000,0.0007,-0.1770,0.9260,-3.2672,-1.6107,0.5725
478.0000,0.0059,-0.1790,0.9187,-2.6947,-1.7939,0.5038
504.0000,0.0076,-0.1729,0.9089,-2.2443,-2.7405,0.5115
493.0000,0.0029,-0.1753,0.9146,-1.9924,-3.4427,0.5649
488.0000,-0.0039,-0.1760,0.9307,-1.8779,-4.2290,0.6489
572.0000,0.0029,-0.1863,0.9370,-1.6947,-5.1374,0.6260
485.0000,0.0088,-0.1775,0.9395,-1.0763,-5.7557,0.4046
513.0000,0.0051,-0.1792,0.9397,-0.8931,-6.6336,0.6870
458.0000,0.0068,-0.1833,0.9448,-0.5573,-7.0763,0.6107
479.0000,0.0105,-0.1826,0.9465,-0.7176,-7.5344,0.6718
537.0000,0.0256,-0.1870,0.9441,-0.5038,-8.1069,0.6718
450.0000,0.0200,-0.1936,0.9556,0.1298,-8.7710,0.4656
530.0000,0.0139,-0.1985,0.9717,0.3893,-9.2137,0.3664
492.0000,0.0095,-0.1970,0.9705,0.4733,-9.9084,0.3511
504.0000,0.0127,-0.1963,0.9692,0.6107,-10.6107,0.3893
540.0000,0.0181,-0.1919,0.9783,0.8244,-11.9008,0.4198
456.0000,0.0212,-0.1877,0.9739,0.8855,-13.2443,0.3817
520.0000,0.0264,-0.1919,0.9829,0.4351,-14.7481,0.1679
526.0000,0.0339,-0.1938,0.9883,-0.5038,-16.4504,0.2672
533.0000,0.0229,-0.1941,0.9966,-0.7481,-18.1145,0.2977
496.0000,0.0342,-0.1995,1.0198,-0.9695,-19.6565,0.2595
455.0000,0.0396,-0.1975,1.0354,-1.8092,-21.7939,0.4122
500.0000,0.0344,-0.1936,1.0454,-2.7176,-23.7710,0.3130
484.0000,0.0391,-0.1953,1.0488,-2.8092,-26.0305,-0.0076
500.0000,0.0405,-0.2017,1.0632,-3.2824,-28.4351,-0.1679
449.0000,0.0354,-0.1990,1.0874,-4.2366,-30.9008,-0.6031
493.0000,0.0247,-0.2146,1.1194,-4.5496,-33.5878,-0.8092
572.0000,0.0208,-0.2241,1.1274,-4.1527,-36.9084,-1.3130
512.0000,0.0271,-0.2227,1.1465,-3.0534,-40.5496,-1.7557
491.0000,0.0237,-0.2231,1.1575,-2.1298,-44.2519,-2.4275
511.0000,0.0254,-0.2229,1.1611,-1.7176,-47.7557,-2.8397
552.0000,0.0217,-0.2292,1.1646,-1.4122,-51.8397,-3.4046
496.0000,0.0247,-0.2219,1.1711,-0.9771,-56.3282,-4.0916
468.0000,0.0178,-0.2026,1.1882,-1.5420,-61.1756,-4.7710
499.0000,0.0300,-0.1985,1.1895,-4.2977,-65.4809,-5.5420
601.0000,0.0271,-0.1941,1.1716,-5.9008,-70.3664,-6.2214
547.0000,0.0444,-0.1951,1.1956,-6.9160,-75.8168,-6.9847
512.0000,0.0471,-0.2168,1.2151,-7.1298,-80.3206,-7.8168
461.0000,0.0542,-0.2192,1.2263,-6.8321,-84.9084,-8.1832
594.0000,0.0566,-0.2153,1.2295,-6.4351,-90.1374,-8.8473
475.0000,0.0566,-0.2002,1.2354,-6.1374,-94.6183,-9.3817
483.0000,0.0610,-0.1987,1.2407,-7.1679,-99.4198,-9.8092
566.0000,0.0549,-0.1838,1.2297,-8.7023,-104.8168,-10.4733
420.0000,0.0588,-0.1897,1.2222,-9.8855,-110.6031,-10.9924
585.0000,0.0767,-0.1648,1.1680,-12.9695,-116.5573,-10.9695
482.0000,0.0925,-0.1550,1.1218,-15.7252,-122.2366,-11.8397
472.0000,0.1160,-0.1736,1.1182,-17.0076,-127.7176,-12.6641
378.0000,0.1260,-0.1860,1.1323,-18.0534,-131.9847,-13.1374
541.0000,0.1362,-0.1931,1.1309,-18.0916,-135.6641,-13.4580
519.0000,0.1526,-0.2263,1.1482,-15.2977,-138.3206,-13.9924
417.0000,0.1519,-0.2227,1.1704,-12.1908,-141.1756,-13.8779
732.0000,0.1587,-0.2178,1.1492,-9.2366,-143.5954,-13.9771
463.0000,0.1724,-0.2080,1.1204,-4.9389,-145.7405,-14.1374
474.0000,0.1826,-0.1973,1.1062,-1.7328,-149.0076,-13.3588
461.0000,0.1919,-0.1489,1.0664,-3.5496,-152.6794,-12.2977
493.0000,0.1938,-0.1030,0.9624,-9.7634,-157.1679,-11.7786
466.0000,0.2297,-0.0950,0.8853,-15.8321,-160.7863,-12.3130
254.0000,0.2319,-0.1333,0.8845,-20.7710,-164.1145,-12.4656
629.0000,0.2407,-0.1023,0.8413,-28.7328,-167.5191,-11.2061
482.0000,0.2666,-0.1399,0.8462,-34.3359,-169.4046,-12.2290
426.0000,0.2703,-0.2085,0.8916,-33.2824,-171.3817,-11.9237
502.0000,0.2903,-0.2009,0.8547,-29.0763,-172.9160,-10.6412
448.0000,0.3118,-0.2390,0.8557,-22.5725,-174.1679,-10.7557
497.0000,0.3232,-0.2515,0.8357,-13.4198,-174.7481,-9.6718
263.0000,0.3271,-0.2395,0.7710,-5.1145,-175.6717,-8.9008
622.0000,0.3467,-0.2190,0.7119,1.8015,-176.1527,-8.3588
522.0000,0.3713,-0.2332,0.7241,7.8397,-175.2824,-8.3664
401.0000,0.3643,-0.2126,0.7002,10.6641,-175.2519,-7.3206
493.0000,0.3694,-0.1780,0.6711,10.2977,-175.1298,-7.6183
477.0000,0.3887,-0.2002,0.6895,9.4962,-174.1756,-8.2672
529.0000,0.3855,-0.1763,0.6296,9.0840,-173.7023,-7.2748
529.0000,0.3916,-0.1733,0.6436,7.7557,-174.2443,-8.1756
462.0000,0.4116,-0.1636,0.6345,5.5878,-174.9771,-8.1756
533.0000,0.4270,-0.1453,0.5715,4.4198,-175.0916,-7.7863
441.0000,0.4470,-0.1562,0.5586,3.4275,-174.4275,-8.3969
451.0000,0.4580,-0.1812,0.5625,3.6565,-174.6488,-8.1985
572.0000,0.4790,-0.1624,0.5081,3.0611,-175.1908,-7.3359
413.0000,0.5088,-0.1843,0.4810,5.9084,-173.7633,-8.1832
534.0000,0.5144,-0.2024,0.5151,9.0763,-172.9695,-7.9847
411.0000,0.5398,-0.1865,0.4526,11.0763,-172.4122,-7.1603
470.0000,0.5664,-0.1814,0.4097,12.6412,-170.8244,-7.6870
567.0000,0.5857,-0.1824,0.4114,13.4046,-168.6488,-8.0687
364.0000,0.6052,-0.1584,0.3721,12.1298,-166.3511,-8.0458
623.0000,0.6301,-0.1521,0.3528,10.5344,-164.2824,-9.2977
432.0000,0.6423,-0.1497,0.3567,11.3053,-160.2290,-10.2519
393.0000,0.6621,-0.1777,0.3633,12.1069,-156.0076,-11.2290
472.0000,0.6814,-0.1782,0.3406,12.7939,-151.8244,-12.0153
526.0000,0.6973,-0.1816,0.2939,12.6260,-147.5114,-12.3664
354.0000,0.7083,-0.1890,0.2888,14.9924,-141.6794,-13.0992
549.0000,0.7180,-0.1985,0.2915,14.9389,-137.4046,-13.3435
547.0000,0.7344,-0.1423,0.2092,11.3435,-133.2366,-13.7710
566.0000,0.7324,-0.1460,0.1479,6.6641,-129.5572,-14.5725
402.0000,0.7610,-0.1328,0.0601,3.1985,-126.7786,-14.3588
623.0000,0.7964,-0.1091,-0.0647,-0.0458,-123.3283,-14.2977
618.0000,0.8213,-0.1213,-0.1890,-3.4351,-119.3283,-14.2748
434.0000,0.8562,-0.1382,-0.2588,-3.6031,-113.6641,-14.1298
549.0000,0.9014,-0.1606,-0.3132,-1.4504,-106.0840,-12.6565
470.0000,0.9419,-0.1851,-0.3679,4.2214,-95.4351,-10.7023
503.0000,0.9675,-0.1628,-0.4565,14.3206,-84.3588,-7.7176
505.0000,0.9844,-0.1562,-0.4509,22.9924,-72.8321,-5.4656
480.0000,1.0078,-0.1204,-0.4006,28.0687,-58.2214,-2.6565
389.0000,1.0298,-0.0762,-0.4170,25.9542,-43.5267,-0.0840
526.0000,1.0205,-0.0276,-0.4207,20.4427,-28.6718,2.3359
529.0000,1.0227,-0.0115,-0.4116,10.0763,-13.1145,3.1985
355.0000,0.9961,-0.0305,-0.3530,1.0534,3.7786,3.8321
590.0000,0.9768,-0.0454,-0.3037,-6.7557,17.5191,4.8244
563.0000,0.9521,-0.0562,-0.2415,-12.0534,30.9160,5.5954
468.0000,0.9204,-0.1045,-0.1663,-13.0229,43.1527,6.4809
428.0000,0.8960,-0.1167,-0.1084,-8.7328,52.6107,7.2748
567.0000,0.8687,-0.1238,-0.0471,-3.8473,60.4733,8.0229
410.0000,0.8223,-0.1218,-0.0144,-0.7557,65.4122,8.2824
420.0000,0.8279,-0.1348,0.0540,3.6641,71.7099,8.7786
466.0000,0.7952,-0.1106,0.1135,4.7557,77.3664,9.3435
518.0000,0.7666,-0.0889,0.1489,5.1756,78.9160,9.6947
471.0000,0.7776,-0.0732,0.1716,4.8702,80.2824,9.9008
535.0000,0.7646,-0.0522,0.1748,2.1832,81.6641,9.9542
474.0000,0.7617,-0.0549,0.2209,-0.1374,82.0076,10.2366
477.0000,0.7659,-0.0559,0.2578,-2.8550,81.9695,10.5115
592.0000,0.7795,-0.0320,0.2725,-6.9008,82.1374,10.9695
435.0000,0.7952,-0.0479,0.3157,-9.5725,84.1527,10.9160
472.0000,0.7891,-0.0930,0.3894,-9.6565,86.7481,10.7099
521.0000,0.8074,-0.0911,0.4053,-9.1603,87.6641,11.4198
466.0000,0.8018,-0.0994,0.3889,-7.3893,87.3283,11.1527
531.0000,0.8169,-0.1187,0.3582,-4.9389,89.7557,10.3740
465.0000,0.8218,-0.1230,0.3384,-2.8473,90.0153,9.8015
612.0000,0.8232,-0.1309,0.3066,-1.0382,91.3053,8.7634
479.0000,0.8323,-0.1377,0.2788,-0.6336,92.8092,7.6489
540.0000,0.8240,-0.1382,0.2869,-1.4885,95.2366,5.9847
439.0000,0.8149,-0.1672,0.3254,-2.1756,98.1145,4.6794
482.0000,0.8088,-0.1660,0.3464,-2.0534,100.5496,4.0076
557.0000,0.8118,-0.1526,0.3430,-1.7328,102.4275,2.7405
466.0000,0.8123,-0.1721,0.3582,-0.0382,104.5878,1.6336
422.0000,0.7957,-0.1770,0.3853,0.9313,106.4122,0.2137
627.0000,0.7783,-0.1633,0.3843,1.4351,107.8855,-0.5725
430.0000,0.7639,-0.1750,0.3872,1.6870,109.6183,-1.3588
505.0000,0.7600,-0.1726,0.3799,1.7710,111.3053,-1.9389
545.0000,0.7625,-0.1538,0.3762,0.9389,112.4962,-2.2977
475.0000,0.7561,-0.1482,0.3945,0.9924,114.0611,-2.9160
481.0000,0.7327,-0.1716,0.4502,0.6794,115.7710,-3.6260
498.0000,0.7200,-0.1587,0.4866,-0.0611,117.3588,-3.4656
489.0000,0.7014,-0.1567,0.4758,0.4122,118.3588,-3.4351
472.0000,0.7026,-0.1550,0.4758,1.8244,118.8626,-3.1985
524.0000,0.6843,-0.1460,0.5042,3.5115,119.4504,-3.0382
483.0000,0.6680,-0.1382,0.5435,2.3435,119.3893,-2.7405
496.0000,0.6711,-0.1138,0.5366,0.3817,119.3740,-2.5802
526.0000,0.6594,-0.1384,0.5498,-0.7023,119.6565,-2.2061
462.0000,0.6499,-0.1365,0.5789,-1.6412,120.5954,-1.8931
442.0000,0.6404,-0.1389,0.6150,-3.6641,121.8473,-1.3664
565.0000,0.6355,-0.1450,0.6060,-4.5344,122.6947,-1.3817
355.0000,0.6292,-0.1543,0.5825,-2.5115,123.5420,-0.8855
581.0000,0.6096,-0.1570,0.5647,-0.8015,123.6412,-0.4962
459.0000,0.5981,-0.1479,0.5701,-0.0992,124.4275,-0.5038
474.0000,0.5884,-0.1516,0.5669,-1.1450,124.8779,-0.4733
513.0000,0.5652,-0.1365,0.5657,-2.4733,124.8550,0.2748
513.0000,0.5498,-0.1592,0.5945,-3.7328,125.1603,0.8244
518.0000,0.5386,-0.1543,0.6326,-6.2595,125.6107,1.8321
420.0000,0.5310,-0.1279,0.6550,-9.8931,126.0305,2.4809
551.0000,0.5061,-0.1313,0.6604,-12.6641,126.3206,2.8397
494.0000,0.4832,-0.1492,0.6929,-13.8092,125.5954,2.7481
366.0000,0.4827,-0.1355,0.7056,-14.8855,126.1374,2.7939
616.0000,0.4622,-0.1279,0.7029,-18.3435,126.1221,2.7252
506.0000,0.4624,-0.1311,0.7437,-19.7328,126.8931,1.7710
423.0000,0.4521,-0.1707,0.8333,-18.6489,128.5649,1.2595
530.0000,0.4158,-0.1785,0.8740,-16.2748,128.9847,1.1145
539.0000,0.3838,-0.2085,0.8848,-10.2977,128.9618,1.4122
495.0000,0.3657,-0.2190,0.8999,-3.9313,129.2061,2.2443
502.0000,0.3499,-0.2041,0.8987,2.7176,128.5725,2.8397
479.0000,0.3445,-0.1692,0.8679,4.7252,127.0840,3.0000
503.0000,0.3113,-0.1270,0.8259,2.0763,123.3206,2.6870
489.0000,0.3223,-0.1113,0.7878,-3.3130,121.6870,2.7786
571.0000,0.3120,-0.0947,0.7615,-14.5115,119.5420,2.2443
481.0000,0.2886,-0.0999,0.7402,-25.4656,116.8015,2.1679
572.0000,0.2913,-0.1362,0.7686,-32.4427,114.9618,1.6183
434.0000,0.2761,-0.1794,0.8486,-35.2519,113.2748,1.0992
535.0000,0.2542,-0.2083,0.9426,-30.9618,113.1298,1.0916
482.0000,0.2537,-0.2568,1.0356,-19.2443,113.9771,0.6565
511.0000,0.2297,-0.2739,1.1155,-4.7481,114.5802,0.7481
498.0000,0.2053,-0.2512,1.1165,6.5496,114.5267,1.3511
523.0000,0.1855,-0.2119,1.0659,13.0687,113.7176,1.6412
528.0000,0.1777,-0.1423,1.0066,14.9008,111.6489,1.6107
448.0000,0.1672,-0.1091,0.9634,8.0611,108.5725,1.2137
566.0000,0.1567,-0.0647,0.9229,-4.1679,105.5878,0.3206
520.0000,0.1423,-0.1072,0.8997,-15.7176,102.5878,-0.4275
403.0000,0.1272,-0.1414,0.8923,-26.2519,99.5878,-0.5344
600.0000,0.1157,-0.1711,0.8916,-32.6565,97.3206,-0.0229
540.0000,0.1118,-0.2183,0.9226,-32.3740,94.7252,-0.1298
403.0000,0.1001,-0.2490,0.9963,-26.9542,92.0382,0.1832
520.0000,0.1099,-0.2588,1.0203,-18.5267,91.2061,0.8092
565.0000,0.0962,-0.2744,1.0649,-8.3740,90.8168,1.6031
428.0000,0.0833,-0.2622,1.0959,1.1221,90.7481,1.9160
491.0000,0.0759,-0.2185,1.1147,7.0611,88.3359,2.4809
571.0000,0.0632,-0.1907,1.0854,9.6641,87.2519,2.1832
394.0000,0.0544,-0.1633,1.0625,7.9542,86.3740,2.0992
498.0000,0.0527,-0.1379,1.0347,2.3359,83.6031,2.0229
566.0000,0.0466,-0.1313,1.0002,-4.7328,80.2672,1.6107
446.0000,0.0415,-0.1685,1.0032,-10.3053,77.4657,1.4885
452.0000,0.0234,-0.1753,0.9971,-14.6336,74.3130,1.7176
599.0000,0.0178,-0.1858,0.9795,-17.9924,70.1908,2.0000
474.0000,0.0254,-0.2144,0.9998,-18.0534,66.5496,1.9008
453.0000,0.0237,-0.2368,1.0308,-15.3282,63.4122,2.4122
584.0000,0.0039,-0.2205,1.0396,-13.1756,60.3664,2.9771
489.0000,0.0112,-0.2234,1.0549,-10.4580,57.9313,3.0382
510.0000,0.0137,-0.2192,1.0657,-6.8321,56.0992,3.4122
488.0000,-0.0022,-0.2231,1.0896,-4.3282,54.4809,3.5725
498.0000,-0.0073,-0.2129,1.1086,-2.7863,52.5038,3.2824
456.0000,-0.0137,-0.1970,1.1008,-2.0992,50.0076,2.9847
548.0000,-0.0010,-0.1904,1.0825,-2.3893,47.9237,2.6031
521.0000,-0.0125,-0.1963,1.0811,-2.8626,45.4351,2.1298
471.0000,-0.0178,-0.2024,1.1008,-3.0763,42.7252,1.6794
503.0000,-0.0193,-0.2124,1.0886,-3.6031,39.9237,1.4580
496.0000,-0.0337,-0.2004,1.0813,-4.5038,36.7328,1.3053
414.0000,-0.0288,-0.2036,1.0789,-5.1832,32.9084,0.9847
505.0000,-0.0276,-0.1992,1.0693,-6.0076,29.4885,0.8092
512.0000,-0.0342,-0.1968,1.0693,-7.2290,25.7099,0.5954
473.0000,-0.0303,-0.2207,1.0955,-7.7023,22.3511,0.1908
515.0000,-0.0237,-0.2205,1.1152,-6.9160,19.8168,-0.0076
537.0000,-0.0317,-0.2258,1.1287,-5.7481,17.6641,-0.2519
453.0000,-0.0220,-0.2285,1.1233,-3.9389,15.1298,-0.5496
529.0000,-0.0200,-0.2256,1.0935,-2.1145,12.5878,-0.8931
472.0000,-0.0103,-0.2236,1.0703,-1.4733,9.6947,-1.4198
460.0000,-0.0132,-0.2166,1.0574,-1.1221,7.3435,-1.9084
513.0000,0.0005,-0.2141,1.0483,-1.0763,5.0687,-2.4275
528.0000,0.0088,-0.2056,1.0371,-1.4275,3.0076,-2.6107
483.0000,-0.0007,-0.2163,1.0227,-1.6718,0.8244,-2.9847
509.0000,0.0054,-0.2180,1.0195,-1.4427,-1.0992,-3.1221
533.0000,0.0186,-0.2061,1.0081,-1.5038,-2.7328,-3.4351
481.0000,0.0217,-0.2107,0.9934,-1.4580,-4.1679,-3.7023
508.0000,0.0305,-0.2104,0.9875,-1.7481,-5.1832,-3.9618
488.0000,0.0386,-0.2007,0.9675,-2.2214,-6.0763,-4.2519
532.0000,0.0276,-0.2107,0.9451,-2.9466,-6.7939,-4.4962
494.0000,0.0432,-0.2053,0.9448,-3.1603,-7.2595,-4.6107
506.0000,0.0496,-0.1982,0.9375,-3.7328,-7.4809,-4.6412
515.0000,0.0513,-0.1963,0.9204,-3.8168,-8.4885,-4.9924
513.0000,0.0530,-0.2024,0.9111,-4.0000,-8.5649,-4.9008
520.0000,0.0498,-0.2019,0.9031,-3.7405,-8.3893,-4.9160
506.0000,0.0461,-0.1995,0.9031,-3.9771,-8.3511,-4.8397
443.0000,0.0415,-0.1860,0.9001,-3.8702,-7.9847,-4.7405
558.0000,0.0505,-0.1863,0.8784,-3.8779,-7.7634,-4.5267
488.0000,0.0408,-0.1890,0.8787,-3.6412,-7.7481,-4.2290
477.0000,0.0378,-0.1948,0.8816,-3.4427,-7.2137,-4.1527
520.0000,0.0300,-0.1885,0.8784,-3.3359,-7.3130,-3.9160
495.0000,0.0327,-0.1848,0.8618,-4.2901,-6.9160,-4.0076
507.0000,0.0269,-0.1782,0.8669,-5.4275,-6.7481,-3.9466
494.0000,0.0229,-0.1792,0.8667,-6.3511,-6.5038,-3.7023
494.0000,0.0134,-0.1797,0.8674,-7.3053,-6.5878,-3.4046
483.0000,0.0166,-0.1907,0.8677,-8.4809,-6.0763,-3.1832
439.0000,0.0217,-0.1902,0.8743,-8.9389,-5.8168,-3.1374
587.0000,0.0161,-0.1936,0.8555,-9.3969,-5.8244,-3.3588
497.0000,0.0056,-0.1912,0.8591,-9.2214,-5.8473,-3.2290
507.0000,0.0037,-0.1870,0.8623,-8.9466,-5.7710,-3.2824
518.0000,-0.0046,-0.1912,0.8674,-8.7557,-5.9237,-3.2366
460.0000,-0.0005,-0.1941,0.8691,-8.2977,-6.2519,-3.1908
486.0000,0.0022,-0.1975,0.8787,-7.6718,-5.7023,-3.1832
560.0000,0.0188,-0.1880,0.8826,-7.0763,-5.3359,-2.9313
440.0000,0.0039,-0.1958,0.8806,-5.8626,-4.7405,-2.9695
471.0000,0.0171,-0.1912,0.8711,-4.7023,-4.5267,-3.0763
636.0000,0.0234,-0.1870,0.8682,-3.8321,-4.0458,-3.1069
506.0000,0.0286,-0.1899,0.8677,-2.8855,-3.6947,-2.9695
464.0000,0.0283,-0.1807,0.8958,-2.0000,-3.4504,-3.2137
520.0000,0.0264,-0.1868,0.9146,-1.0305,-3.1069,-3.1603
428.0000,0.0247,-0.1863,0.9260,-0.5038,-2.9695,-3.0763
512.0000,0.0247,-0.1804,0.9299,0.5954,-3.4427,-3.0458
511.0000,0.0327,-0.1685,0.9463,1.5267,-3.5649,-3.0000
387.0000,0.0295,-0.1646,0.9382,1.3664,-4.7939,-2.8473
605.0000,0.0347,-0.1594,0.9358,0.7099,-6.0153,-2.7786
534.0000,0.0388,-0.1675,0.9563,0.3893,-7.0000,-2.7557
413.0000,0.0381,-0.1670,0.9819,-0.2366,-8.5344,-2.8321
571.0000,0.0369,-0.1787,0.9949,-0.3282,-9.9695,-2.6336
460.0000,0.0342,-0.1846,1.0181,0.7099,-11.5954,-2.3740
469.0000,0.0244,-0.1895,1.0364,2.3206,-13.0992,-2.3053
492.0000,0.0242,-0.1836,1.0613,4.0076,-15.2290,-2.6641
596.0000,0.0293,-0.1904,1.0828,5.2519,-17.2748,-2.6183
527.0000,0.0342,-0.1816,1.0835,6.4122,-19.8931,-2.7863
505.0000,0.0305,-0.1919,1.1067,6.8931,-22.7328,-3.0763
533.0000,0.0247,-0.1975,1.1157,7.0763,-25.3817,-3.4427
556.0000,0.0325,-0.1938,1.1067,7.4198,-28.9466,-3.4427
407.0000,0.0339,-0.1812,1.1074,7.1450,-32.8092,-3.8168
588.0000,0.0322,-0.1963,1.1272,7.0000,-36.2137,-4.2672
457.0000,0.0344,-0.2012,1.1389,6.2366,-40.2061,-4.4885
521.0000,0.0317,-0.1934,1.1443,4.8244,-44.5344,-4.5496
263.0000,0.0381,-0.2026,1.1550,4.7939,-47.7634,-4.6489
630.0000,0.0376,-0.2266,1.2061,5.3817,-51.2595,-4.7176
477.0000,0.0222,-0.2339,1.2627,7.5573,-54.6489,-4.5954
521.0000,0.0134,-0.2500,1.3135,10.7481,-58.9847,-4.4504
475.0000,0.0044,-0.2549,1.2981,14.7405,-63.8168,-4.0687
517.0000,0.0068,-0.2344,1.2700,17.7557,-69.7176,-3.8550
587.0000,0.0122,-0.2031,1.2317,18.8244,-76.7176,-3.8931
574.0000,0.0293,-0.1899,1.2173,16.1985,-81.9924,-4.0611
410.0000,0.0288,-0.1865,1.2124,12.9847,-87.8244,-3.9237
546.0000,0.0378,-0.2034,1.2305,10.1756,-93.9389,-4.4351
304.0000,0.0383,-0.2092,1.2390,7.8550,-100.1450,-4.7023
581.0000,0.0566,-0.2163,1.2205,6.5878,-105.6718,-4.5954
443.0000,0.0684,-0.2217,1.2134,7.3130,-111.6412,-5.0153
474.0000,0.0723,-0.2278,1.2346,8.4427,-117.1145,-5.4504
620.0000,0.0703,-0.2175,1.2427,7.5420,-122.5420,-5.7634
548.0000,0.0916,-0.2148,1.2163,6.4046,-127.4275,-6.1603
479.0000,0.1038,-0.2434,1.2161,7.3511,-131.8015,-7.2748
464.0000,0.1150,-0.2227,1.1660,8.1679,-137.0305,-7.2366
611.0000,0.1335,-0.1824,1.0815,6.5954,-143.3435,-7.8321
522.0000,0.1670,-0.1897,1.0100,4.5573,-149.1679,-9.0458
321.0000,0.1948,-0.1929,0.9602,1.1985,-153.5191,-9.4351
679.0000,0.2202,-0.1677,0.9321,-2.9008,-157.6870,-9.8626
454.0000,0.2490,-0.1987,0.9749,-4.0229,-160.1908,-10.9466
284.0000,0.2461,-0.2144,1.0300,-4.4122,-162.1908,-11.4580
670.0000,0.2427,-0.1809,0.9988,-5.1908,-164.6717,-10.3588
541.0000,0.2668,-0.1675,0.9961,-2.4427,-166.8550,-11.4275
462.0000,0.2712,-0.1987,1.0327,2.5267,-168.4580,-12.0000
260.0000,0.2583,-0.1653,0.9771,5.0153,-170.0611,-10.6183
717.0000,0.2695,-0.1272,0.8608,5.4656,-173.0382,-9.8168
415.0000,0.3010,-0.1497,0.8362,8.2214,-174.6336,-10.0229
367.0000,0.3022,-0.1538,0.8254,9.0153,-175.9466,-8.6031
619.0000,0.3110,-0.1008,0.7366,7.2672,-178.5343,-6.9695
434.0000,0.3276,-0.0850,0.6924,5.8321,-181.3130,-6.3740
482.0000,0.3572,-0.1111,0.7341,4.5954,-182.0687,-6.9466
424.0000,0.3550,-0.1042,0.7266,0.6107,-182.7863,-5.6565
547.0000,0.3757,-0.0798,0.6843,-2.6641,-183.8931,-5.4504
468.0000,0.3989,-0.1250,0.7339,-3.4275,-183.4275,-6.6718
429.0000,0.4038,-0.1152,0.7056,-4.6641,-182.1985,-5.6718
623.0000,0.4172,-0.0913,0.6321,-4.9160,-181.5878,-5.7939
486.0000,0.4346,-0.1416,0.6582,-0.1221,-180.0153,-7.9008
565.0000,0.4346,-0.1641,0.6680,3.7252,-178.9389,-7.6260
406.0000,0.4529,-0.1138,0.5623,4.4275,-177.9618,-6.7863
490.0000,0.4783,-0.1052,0.4993,5.4198,-178.1603,-7.3740
556.0000,0.4937,-0.1062,0.4609,3.3664,-177.1985,-7.9084
546.0000,0.5137,-0.0708,0.3821,-2.0840,-176.4351,-6.9389
343.0000,0.5342,-0.0435,0.3635,-8.4504,-174.5572,-7.8931
573.0000,0.5388,-0.0889,0.4932,-17.5344,-171.6794,-9.3511
507.0000,0.5278,-0.1045,0.5579,-25.8626,-168.4886,-8.3969
480.0000,0.5430,-0.0649,0.4937,-32.5649,-166.8321,-7.8779
371.0000,0.5676,-0.0740,0.5254,-34.8626,-163.5114,-9.8931
511.0000,0.5525,-0.1741,0.7026,-34.0992,-160.3511,-11.4046
510.0000,0.5396,-0.1980,0.7942,-29.1527,-158.2443,-10.6183
534.0000,0.5537,-0.2146,0.7637,-18.0000,-157.5802,-9.8702
445.0000,0.5762,-0.2104,0.6409,-4.2137,-158.4198,-8.2137
757.0000,0.5886,-0.1799,0.4297,7.9847,-160.7633,-6.1374
385.0000,0.6223,-0.1399,0.1943,17.6107,-164.7252,-4.5496
346.0000,0.6418,-0.1055,0.0151,26.3740,-167.4427,-4.3740
514.0000,0.6797,-0.0869,-0.0828,31.4351,-170.1832,-3.1221
681.0000,0.7292,-0.0479,-0.1658,30.9008,-170.5343,-1.3969
407.0000,0.7869,-0.0164,-0.2310,28.5573,-168.7405,0.9924
396.0000,0.8411,-0.0371,-0.2937,30.1603,-163.0153,3.5725
541.0000,0.9236,-0.0088,-0.4734,33.6794,-156.6794,6.6412
480.0000,0.9490,-0.0090,-0.5564,32.9008,-148.6183,8.8321
448.0000,0.9749,-0.0063,-0.5791,30.9008,-138.7099,11.4046
452.0000,1.0054,0.0957,-0.7603,28.1069,-124.4351,14.5115
580.0000,1.0229,0.0911,-0.6624,21.7786,-104.8168,14.2519
489.0000,1.0215,0.0042,-0.5083,15.9466,-87.2214,12.6489
564.0000,1.1050,-0.0364,-0.2966,11.1908,-49.1145,16.3282
488.0000,1.0298,-0.0664,-0.1221,8.3893,-19.3893,16.6183
351.0000,0.9976,-0.1423,-0.0186,13.5344,2.0305,18.0458
652.0000,0.9744,-0.2070,-0.0332,24.3435,22.0916,18.5420
465.0000,0.9438,-0.2461,-0.0505,39.3282,43.4733,18.6870
515.0000,0.9397,-0.2029,-0.1584,47.8397,68.8168,18.5114
390.0000,0.8804,-0.2024,-0.1858,56.3206,84.1985,17.7634
585.0000,0.8186,-0.2126,-0.2043,61.0840,86.4351,15.6718
539.0000,0.8232,-0.1899,-0.1580,65.0840,88.2290,12.5115
512.0000,0.8098,-0.1677,-0.1230,68.1374,94.7405,10.1603
515.0000,0.7649,-0.1145,-0.0615,66.2672,96.3359,8.3435
488.0000,0.7502,-0.0867,-0.0176,60.5802,96.7557,6.9847
546.0000,0.7456,-0.0444,0.0117,50.6412,98.9160,5.5725
493.0000,0.7520,-0.0195,0.0640,39.6565,100.0076,4.0687
502.0000,0.7566,-0.0139,0.0754,29.1908,100.4275,3.4427
609.0000,0.7495,-0.0068,0.0667,21.8015,99.5038,2.6260
486.0000,0.7659,0.0034,0.0779,18.5344,99.6565,2.0305
515.0000,0.7905,-0.0493,0.0876,15.8092,100.4198,1.9924
576.0000,0.8091,-0.0388,0.0735,11.3817,103.1145,2.6947
489.0000,0.8115,-0.0720,0.0947,7.7786,107.7939,2.0458
510.0000,0.8320,-0.0916,0.1443,3.2366,113.4198,2.0992
475.0000,0.8403,-0.0833,0.1658,0.3893,119.1298,2.6031
559.0000,0.8437,-0.0823,0.1958,-0.7939,123.7252,1.8779
459.0000,0.8416,-0.0789,0.2249,-1.0916,128.4733,0.8321
583.0000,0.8394,-0.1128,0.2632,-0.1069,133.8092,-0.4962
479.0000,0.8335,-0.1223,0.2661,0.3053,138.3511,-1.1298
363.0000,0.8188,-0.1138,0.2896,0.7557,143.0763,-2.1374
558.0000,0.8047,-0.1401,0.2612,0.0611,147.2595,-2.8626
518.0000,0.7922,-0.1426,0.2312,-1.1832,151.0305,-3.3359
443.0000,0.7737,-0.1267,0.2405,-5.3969,154.7481,-4.4046
597.0000,0.7446,-0.1172,0.2358,-7.5115,158.7481,-5.3893
514.0000,0.7249,-0.1150,0.2427,-7.4427,161.3206,-6.7481
465.0000,0.6914,-0.1177,0.2822,-7.0153,163.5496,-8.1908
347.0000,0.6726,-0.1172,0.3335,-7.4427,165.8779,-9.1298
565.0000,0.6489,-0.1296,0.3857,-6.8702,168.8168,-9.7557
424.0000,0.6252,-0.1438,0.5078,-5.7405,172.2672,-11.4580
517.0000,0.5916,-0.1628,0.6555,-3.5344,174.9389,-11.8397
645.0000,0.5750,-0.1375,0.6951,-1.8473,176.6717,-11.2061
423.0000,0.5498,-0.1260,0.6975,-0.3664,176.7710,-11.7557
496.0000,0.5288,-0.1382,0.6819,2.9389,177.5343,-11.6336
555.0000,0.5137,-0.1086,0.6560,2.3664,176.4504,-11.7939
465.0000,0.4785,-0.0698,0.5996,-3.3969,173.7939,-12.2901
505.0000,0.4441,-0.0715,0.5532,-11.6412,171.2672,-13.0763
522.0000,0.4333,-0.0513,0.5264,-19.1221,169.1450,-13.1832
429.0000,0.4041,-0.0378,0.5078,-28.8168,165.0076,-12.0916
553.0000,0.3943,-0.0559,0.5381,-38.1221,161.3893,-12.5191
623.0000,0.3699,-0.0928,0.5793,-45.1679,158.8550,-11.1832
320.0000,0.3701,-0.1321,0.6252,-49.3053,156.3969,-10.3206
592.0000,0.3750,-0.1646,0.6997,-48.5115,156.6794,-9.0840
532.0000,0.3657,-0.1714,0.7856,-43.2519,156.4962,-8.1679
422.0000,0.3484,-0.1968,0.8684,-37.9389,157.3206,-7.3817
498.0000,0.3296,-0.1699,0.8933,-33.7252,157.6336,-6.5496
612.0000,0.3208,-0.1428,0.8811,-31.4885,158.3664,-6.3206
436.0000,0.3103,-0.1365,0.8728,-29.1756,157.9771,-6.7405
500.0000,0.2954,-0.1155,0.8567,-31.3969,158.5191,-6.7099
628.0000,0.2800,-0.1011,0.8289,-37.9771,159.5343,-6.9084
232.0000,0.2532,-0.1426,0.8237,-40.4351,160.7939,-7.5115
592.0000,0.2065,-0.1636,0.8240,-42.3435,159.8244,-6.8550
623.0000,0.1792,-0.1768,0.8760,-40.9924,157.1450,-6.7710
427.0000,0.1606,-0.2378,1.0117,-34.0458,156.9466,-6.7939
450.0000,0.1069,-0.2532,1.0869,-25.7023,154.9160,-5.8473
585.0000,0.0623,-0.2329,1.1074,-19.3817,148.8168,-4.8397
513.0000,0.0601,-0.2065,1.0964,-14.6718,143.5725,-4.5954
476.0000,0.0503,-0.1995,1.1431,-10.1985,140.0840,-4.3664
417.0000,0.0105,-0.1519,1.1846,-10.5496,134.8855,-4.0229
589.0000,-0.0232,-0.0869,1.1812,-18.2366,128.1374,-4.0840
525.0000,-0.0115,-0.0930,1.1936,-24.6336,122.8168,-4.7252
544.0000,-0.0371,-0.1587,1.2842,-26.9924,118.1985,-5.0840
379.0000,-0.0879,-0.1663,1.3481,-27.2824,111.6260,-4.8702
538.0000,-0.0884,-0.1609,1.3413,-27.4275,103.6183,-5.0458
632.0000,-0.0938,-0.1743,1.3330,-25.1450,96.6336,-5.1679
436.0000,-0.0823,-0.1914,1.3638,-20.7863,91.0992,-4.8702
476.0000,-0.1284,-0.2134,1.4133,-15.9466,84.6107,-4.1450
514.0000,-0.1279,-0.2063,1.4309,-11.8931,78.5878,-3.4351
440.0000,-0.1448,-0.1980,1.3926,-8.7023,70.4351,-2.6870
522.0000,-0.1318,-0.2000,1.3391,-6.9542,63.2519,-2.2290
567.0000,-0.1094,-0.1685,1.3015,-5.4962,55.4504,-1.7176
446.0000,-0.1033,-0.1509,1.2749,-7.2290,46.6412,-1.6641
528.0000,-0.0842,-0.1406,1.2588,-9.8626,38.8321,-1.3511
512.0000,-0.0732,-0.1663,1.2664,-12.2595,34.1221,-0.8626
488.0000,-0.0710,-0.1890,1.2590,-13.7939,29.1221,0.0229
455.0000,-0.0481,-0.1995,1.2488,-13.0000,23.9084,0.4580
571.0000,-0.0190,-0.1958,1.2200,-10.4733,19.0076,0.9160
468.0000,0.0034,-0.2002,1.2209,-6.7099,15.1832,1.2290
487.0000,0.0129,-0.2039,1.2026,-2.8626,10.5954,1.7634
542.0000,0.0308,-0.2068,1.1814,-0.7405,7.6718,2.5420
474.0000,0.0371,-0.1970,1.1448,-0.3511,5.5496,2.9160
324.0000,0.0447,-0.1851,1.0981,-1.2290,3.1908,3.6107
621.0000,0.0583,-0.1819,1.0569,-3.1756,0.0916,3.7099
527.0000,0.0774,-0.1792,1.0239,-4.7710,-2.1679,3.7939
446.0000,0.0803,-0.1960,1.0264,-5.2214,-4.2977,3.6489
516.0000,0.0942,-0.2158,1.0271,-5.5115,-6.5115,3.7023
503.0000,0.1035,-0.2046,1.0132,-6.5496,-8.1221,3.4733
480.0000,0.1116,-0.2085,0.9822,-7.4809,-9.7481,3.2214
460.0000,0.1208,-0.2104,0.9607,-8.1298,-11.0687,3.2137
591.0000,0.1194,-0.2080,0.9172,-9.0687,-12.1298,2.8321
479.0000,0.1289,-0.2266,0.9094,-8.6718,-12.8779,2.5038
507.0000,0.1282,-0.2405,0.9243,-7.4962,-13.2672,2.1603
530.0000,0.1340,-0.2339,0.9324,-6.5954,-13.0000,1.6107
411.0000,0.1321,-0.2332,0.9226,-6.0840,-13.3511,1.4885
564.0000,0.1318,-0.2239,0.9006,-4.8626,-13.9695,1.0916
572.0000,0.1406,-0.2183,0.8774,-4.0763,-13.7710,0.3740
426.0000,0.1423,-0.2190,0.8591,-4.1298,-13.5115,-0.0305
496.0000,0.1445,-0.2151,0.8650,-4.5802,-13.2595,-0.3282
566.0000,0.1284,-0.2007,0.8645,-5.7328,-12.8168,-0.9847
435.0000,0.1382,-0.1934,0.8521,-6.3130,-12.2519,-1.4046
547.0000,0.1394,-0.1963,0.8459,-6.0534,-12.2061,-1.8168
563.0000,0.1350,-0.2014,0.8479,-5.9084,-11.8168,-2.3893
436.0000,0.1335,-0.1880,0.8481,-5.5267,-11.2977,-2.5649
506.0000,0.1274,-0.1899,0.8591,-5.2672,-10.4580,-2.4198
527.0000,0.1228,-0.1919,0.8589,-4.7863,-9.3740,-2.6641
473.0000,0.1138,-0.1799,0.8564,-4.8855,-8.7176,-2.7099
554.0000,0.1138,-0.1633,0.8506,-5.4809,-8.5573,-2.6031
524.0000,0.1140,-0.1660,0.8367,-5.0992,-7.8473,-2.5191
448.0000,0.1069,-0.1667,0.8428,-4.9618,-7.1298,-2.1679
450.0000,0.1074,-0.1748,0.8616,-4.6718,-6.6260,-1.8397
569.0000,0.1101,-0.1567,0.8713,-4.6107,-5.7634,-1.4733
490.0000,0.1038,-0.1604,0.8608,-4.3130,-5.3893,-1.1756
461.0000,0.1021,-0.1619,0.8708,-3.6870,-4.5496,-0.9771
541.0000,0.1030,-0.1589,0.8757,-3.5267,-4.0000,-0.6412
464.0000,0.0933,-0.1521,0.8623,-3.6336,-3.5115,-0.4351
472.0000,0.0947,-0.1462,0.8787,-3.5573,-2.7252,-0.4198
507.0000,0.0847,-0.1465,0.8713,-3.5420,-2.5496,0.0916
520.0000,0.0835,-0.1494,0.8569,-3.8321,-2.1832,0.1679
431.0000,0.0779,-0.1504,0.8618,-3.7939,-1.8397,0.2977
541.0000,0.0840,-0.1523,0.8713,-4.1527,-1.7710,0.5496
507.0000,0.0842,-0.1592,0.8662,-4.8244,-1.7023,0.9847
451.0000,0.0916,-0.1470,0.8718,-5.4809,-1.1679,0.9924
549.0000,0.0972,-0.1562,0.8721,-5.4351,-0.6412,1.4122
473.0000,0.0891,-0.1626,0.8726,-5.0687,-0.4580,1.3206
443.0000,0.0837,-0.1621,0.8777,-4.7023,-0.1450,1.7481
524.0000,0.0881,-0.1626,0.8726,-4.0305,0.4122,1.7863
494.0000,0.0942,-0.1560,0.8752,-3.6107,0.6565,2.0687
500.0000,0.0903,-0.1711,0.8704,-3.2366,0.6107,2.0382
502.0000,0.0969,-0.1838,0.8740,-2.4427,1.0229,1.9466
519.0000,0.0967,-0.1870,0.8777,-2.0153,1.5038,2.0076
440.0000,0.0947,-0.1836,0.8760,-1.5420,1.5420,2.0992
483.0000,0.1030,-0.1809,0.8752,-1.1374,1.8626,2.0458
613.0000,0.0979,-0.1887,0.8691,-0.5115,1.8244,1.8855
436.0000,0.0962,-0.1929,0.8762,0.1298,2.0305,1.6031
479.0000,0.1099,-0.1912,0.8733,0.6489,2.0458,1.5954
492.0000,0.1086,-0.1829,0.8843,0.5573,2.2366,1.6183
539.0000,0.1152,-0.1807,0.8811,0.7481,2.5420,1.5191
498.0000,0.1111,-0.1897,0.8738,1.2443,2.9084,1.4198
530.0000,0.1143,-0.1887,0.8840,1.5038,3.1756,1.2366
448.0000,0.1150,-0.1790,0.8914,2.0000,3.4046,1.0076
477.0000,0.1121,-0.1799,0.8994,2.3130,3.3282,0.8015
556.0000,0.1074,-0.1858,0.8999,2.0000,3.2672,0.7710
387.0000,0.1067,-0.1865,0.8992,1.7786,3.1603,0.5420