raw_emg,raw_ax,raw_ay,raw_az,raw_gx,raw_gy,raw_gz
123.0000,0.0137,-0.1504,0.9053,-25.7557,16.8321,-48.8550
136.0000,0.0088,-0.1504,0.8977,-1.0458,27.8321,-49.3511
144.0000,0.0208,-0.1399,0.8977,-0.6947,6.4198,-52.0840
102.0000,0.0146,-0.1462,0.9048,-3.1756,1.2977,-0.0916
174.0000,0.0144,-0.1445,0.9026,-3.2595,1.6718,-0.7786
115.0000,0.0188,-0.1438,0.9077,-3.2290,1.6565,-0.8473
113.0000,0.0146,-0.1423,0.9109,-2.9695,1.5649,-0.8397
156.0000,0.0181,-0.1438,0.9026,-2.7481,1.5496,-0.7710
169.0000,0.0122,-0.1421,0.9033,-2.5267,1.3511,-0.7634
132.0000,0.0227,-0.1414,0.9033,-2.8855,1.3969,-0.9008
152.0000,0.0239,-0.1404,0.9062,-2.7405,1.2595,-0.7481
162.0000,0.0190,-0.1401,0.9111,-2.8015,1.3282,-0.6260
177.0000,0.0156,-0.1379,0.9121,-2.8473,1.1221,-0.6718
188.0000,0.0137,-0.1411,0.9014,-2.8244,1.0840,-0.7786
171.0000,0.0112,-0.1467,0.9019,-3.0076,0.8855,-0.5878
162.0000,0.0139,-0.1409,0.9031,-2.8092,0.8779,-0.4962
174.0000,0.0127,-0.1423,0.9182,-3.2977,0.7634,-0.5191
181.0000,0.0234,-0.1353,0.8997,-3.3359,0.8473,-0.6107
179.0000,0.0071,-0.1438,0.9011,-3.2824,0.7176,-0.5191
164.0000,0.0103,-0.1470,0.9026,-3.1756,0.7252,-0.4351
187.0000,0.0085,-0.1450,0.9097,-3.1756,0.6641,-0.5725
167.0000,0.0171,-0.1423,0.9075,-3.0153,0.5496,-0.3359
219.0000,0.0125,-0.1411,0.8962,-2.7634,0.6718,-0.5649
181.0000,0.0046,-0.1460,0.9023,-2.8244,0.3969,-0.3893
194.0000,0.0063,-0.1440,0.8979,-3.0382,0.2443,-0.3588
181.0000,0.0127,-0.1377,0.9084,-3.2672,0.5267,-0.3817
218.0000,0.0098,-0.1438,0.9060,-3.4885,0.6107,-0.4504
221.0000,0.0115,-0.1440,0.8967,-3.3511,0.7252,-0.2977
193.0000,0.0159,-0.1462,0.8989,-3.3740,0.3740,-0.4962
216.0000,0.0049,-0.1453,0.9155,-3.0916,0.7176,-0.5115
196.0000,0.0173,-0.1445,0.9053,-3.1450,0.8092,-0.3511
208.0000,0.0176,-0.1458,0.9021,-3.2214,0.6260,-0.4733
221.0000,0.0117,-0.1467,0.8948,-3.0534,0.6260,-0.5344
223.0000,0.0000,-0.1494,0.9075,-3.1221,1.0534,-0.4351
194.0000,0.0071,-0.1489,0.9043,-3.1527,1.1221,-0.6031
235.0000,0.0103,-0.1436,0.9072,-3.0611,0.9771,-0.6947
207.0000,0.0061,-0.1406,0.8970,-2.9008,0.9084,-0.7176
215.0000,0.0054,-0.1411,0.9026,-3.1756,1.1832,-0.7634
214.0000,0.0122,-0.1426,0.8997,-3.6870,1.0687,-0.6794
224.0000,0.0051,-0.1482,0.8962,-3.7863,1.1069,-0.4504
221.0000,0.0142,-0.1487,0.9055,-3.7710,1.1527,-0.3435
228.0000,0.0120,-0.1475,0.9009,-3.4885,1.4275,-0.4351
219.0000,0.0105,-0.1411,0.8938,-3.3130,1.2672,-0.1221
240.0000,0.0122,-0.1431,0.8962,-2.8321,1.2290,-0.5649
210.0000,0.0112,-0.1421,0.9077,-2.9237,1.2366,-0.5954
258.0000,0.0122,-0.1396,0.9089,-2.8626,1.4885,-0.6107
239.0000,0.0190,-0.1379,0.9048,-3.2977,1.4580,-0.2214
227.0000,0.0164,-0.1414,0.9014,-3.4046,1.5573,-0.4351
231.0000,0.0039,-0.1467,0.8975,-3.2977,1.5344,-0.5954
245.0000,0.0178,-0.1470,0.9070,-3.3282,1.4733,-0.3969
223.0000,0.0103,-0.1455,0.9082,-3.0840,1.1145,-0.3893
251.0000,0.0095,-0.1431,0.9067,-2.8473,1.1756,-0.3435
213.0000,0.0046,-0.1470,0.9084,-2.9389,1.1450,-0.3664
246.0000,0.0037,-0.1370,0.9038,-3.0992,1.0305,-0.2519
250.0000,0.0183,-0.1472,0.9150,-3.3435,1.2214,-0.0458
246.0000,0.0129,-0.1484,0.9094,-3.3817,1.2977,-0.1527
236.0000,0.0122,-0.1487,0.9163,-3.1527,1.0458,0.0000
273.0000,0.0093,-0.1389,0.9238,-2.8931,1.0153,-0.2443
253.0000,0.0186,-0.1453,0.9285,-2.8550,0.8321,-0.2595
234.0000,0.0193,-0.1392,0.9324,-2.4809,0.5267,-0.2443
267.0000,0.0261,-0.1392,0.9368,-2.3664,0.6031,-0.1221
227.0000,0.0247,-0.1401,0.9214,-2.2366,0.1985,0.1145
244.0000,0.0176,-0.1399,0.9253,-2.0305,-0.0153,0.2443
295.0000,0.0227,-0.1431,0.9307,-1.9618,-0.3664,0.0534
258.0000,0.0271,-0.1418,0.9351,-1.9389,-0.8702,0.2519
216.0000,0.0217,-0.1438,0.9314,-1.7786,-1.5420,0.1527
272.0000,0.0237,-0.1367,0.9426,-1.6107,-1.9924,0.2137
303.0000,0.0232,-0.1348,0.9465,-0.9771,-2.3588,0.3511
260.0000,0.0181,-0.1318,0.9426,-1.6183,-3.8550,0.2214
248.0000,0.0229,-0.1311,0.9478,-2.5038,-6.2137,0.1832
321.0000,0.0313,-0.1323,0.9578,-2.4733,-4.9466,0.1832
301.0000,0.0234,-0.1377,0.9602,-3.1298,-4.7252,0.3130
261.0000,0.0259,-0.1387,0.9705,-3.9237,-6.8473,0.6412
264.0000,0.0303,-0.1387,0.9783,-4.1603,-7.8473,1.2443
246.0000,0.0247,-0.1384,0.9971,-3.5725,-8.1603,1.3359
290.0000,0.0107,-0.1382,0.9985,-3.0076,-9.7099,1.6870
266.0000,0.0227,-0.1382,1.0022,-3.2137,-12.0992,1.5802
276.0000,0.0046,-0.1394,1.0112,-3.9389,-14.4351,1.9771
266.0000,0.0103,-0.1443,1.0200,-5.0229,-16.9542,2.1450
267.0000,0.0022,-0.1372,1.0225,-8.0382,-18.9924,2.0840
296.0000,0.0020,-0.1506,1.0435,-8.9313,-22.2595,1.8550
295.0000,-0.0073,-0.1550,1.0510,-8.2977,-24.9389,1.3053
243.0000,-0.0178,-0.1562,1.0574,-8.1221,-29.1450,1.2214
287.0000,-0.0149,-0.1567,1.0601,-7.4122,-32.0916,0.8321
271.0000,-0.0037,-0.1628,1.0796,-7.1679,-35.0840,0.3969
339.0000,-0.0103,-0.1602,1.0759,-7.9237,-38.1832,0.1756
294.0000,0.0029,-0.1575,1.1060,-9.9924,-40.9313,-0.0305
301.0000,0.0078,-0.1826,1.1221,-10.4351,-42.9847,-0.0916
308.0000,0.0046,-0.1760,1.1211,-10.3664,-44.7328,-0.3435
290.0000,0.0117,-0.1609,1.1262,-10.0153,-48.6031,-0.9847
298.0000,0.0325,-0.1572,1.1230,-8.6489,-51.8702,-1.2366
316.0000,0.0325,-0.1528,1.1230,-8.6641,-53.4885,-1.7634
337.0000,0.0439,-0.1477,1.1045,-9.7405,-55.9847,-2.0305
294.0000,0.0425,-0.1494,1.0935,-11.6565,-60.0305,-2.3817
328.0000,0.0508,-0.1626,1.1003,-12.8168,-62.5420,-2.6107
323.0000,0.0486,-0.1726,1.1284,-12.6870,-64.3130,-2.8931
295.0000,0.0088,-0.1851,1.1377,-11.9847,-71.0305,-2.6870
261.0000,0.0410,-0.1831,1.1797,-12.8397,-69.2901,-3.0229
338.0000,0.0330,-0.1787,1.1890,-8.2214,-71.5878,-3.5573
256.0000,0.0259,-0.1802,1.1833,-6.1298,-77.2137,-3.9466
355.0000,0.0305,-0.1675,1.1826,-5.3359,-80.5878,-4.4275
287.0000,0.0144,-0.1809,1.1541,-2.8473,-85.5115,-4.2824
330.0000,0.0232,-0.1731,1.1636,-6.2061,-88.2061,-4.4275
310.0000,0.0205,-0.1709,1.1633,-6.3359,-92.9542,-4.4733
294.0000,0.0305,-0.1726,1.1626,-7.3817,-97.9313,-4.5420
333.0000,0.0442,-0.1780,1.1606,-6.9084,-102.0000,-4.9389
306.0000,0.0442,-0.1682,1.1436,-7.7176,-106.5802,-4.6336
349.0000,0.0608,-0.1853,1.1455,-9.4656,-111.3740,-4.7939
256.0000,0.0745,-0.1833,1.1543,-9.7099,-115.4504,-4.9695
343.0000,0.0837,-0.1833,1.1597,-9.1832,-119.0763,-4.8397
299.0000,0.0981,-0.1750,1.1450,-9.0153,-124.2137,-5.2443
314.0000,0.1052,-0.1731,1.1340,-9.2061,-128.7939,-5.2061
265.0000,0.1223,-0.1855,1.1113,-9.6031,-132.3511,-5.4885
388.0000,0.1396,-0.1768,1.0691,-11.9389,-136.1374,-5.4656
338.0000,0.1445,-0.1694,1.0317,-15.1298,-142.0000,-5.2290
289.0000,0.1748,-0.1699,1.0181,-18.4962,-144.6794,-5.2366
402.0000,0.2014,-0.1655,0.9749,-20.4580,-148.0763,-5.2137
302.0000,0.2178,-0.1904,0.9861,-24.0382,-151.0611,-5.3511
367.0000,0.2288,-0.2114,0.9932,-24.4733,-153.7863,-5.4351
271.0000,0.2339,-0.1958,0.9819,-24.6183,-156.2672,-5.8397
263.0000,0.2649,-0.2056,0.9846,-24.8702,-158.9008,-6.8626
365.0000,0.2817,-0.2039,0.9714,-21.8931,-159.0305,-7.7786
279.0000,0.2930,-0.1997,0.9368,-19.7557,-162.0076,-8.8702
368.0000,0.3208,-0.1772,0.8931,-20.3817,-164.0534,-10.0153
326.0000,0.3455,-0.1970,0.8896,-18.4504,-163.7252,-10.8244
376.0000,0.3374,-0.1782,0.8301,-17.3969,-167.6565,-10.6641
309.0000,0.3572,-0.1711,0.7742,-19.0458,-170.4275,-11.6870
316.0000,0.3767,-0.1892,0.7644,-20.5725,-169.8244,-11.9847
322.0000,0.3821,-0.1917,0.7417,-19.9542,-171.4656,-11.6641
308.0000,0.3994,-0.1741,0.6895,-21.8702,-173.8931,-11.2595
259.0000,0.4241,-0.1904,0.7063,-21.7099,-174.1756,-11.6718
397.0000,0.4312,-0.1921,0.6853,-21.8244,-173.9924,-11.1374
406.0000,0.4509,-0.1897,0.6521,-22.7863,-175.3664,-11.0916
347.0000,0.4783,-0.2102,0.6206,-21.3969,-174.9847,-11.1832
309.0000,0.4895,-0.2187,0.5947,-19.6183,-174.5496,-11.1985
354.0000,0.5110,-0.2053,0.5559,-19.2443,-176.4427,-11.0153
327.0000,0.5303,-0.1943,0.4873,-17.4656,-176.7786,-11.1298
313.0000,0.5557,-0.2290,0.4995,-15.9389,-174.2901,-11.9542
423.0000,0.5710,-0.2273,0.4895,-13.6565,-172.6565,-11.3740
326.0000,0.5742,-0.2161,0.4946,-11.4046,-172.1527,-11.8626
316.0000,0.6057,-0.2439,0.5286,-5.6107,-169.4275,-13.3817
385.0000,0.6130,-0.1970,0.4939,0.6031,-166.4427,-13.5038
266.0000,0.6294,-0.1648,0.4729,3.5802,-165.5267,-14.9695
365.0000,0.6514,-0.1790,0.4895,6.4733,-162.6947,-16.5725
316.0000,0.6531,-0.1458,0.4595,7.5115,-160.0382,-16.6412
349.0000,0.6616,-0.0974,0.3977,3.1069,-159.4886,-17.3893
290.0000,0.6802,-0.0952,0.4060,0.9237,-156.7786,-18.4580
391.0000,0.6846,-0.1167,0.4231,-2.9924,-153.9466,-19.2443
337.0000,0.6956,-0.0745,0.3816,-7.0611,-154.3435,-19.0611
320.0000,0.7095,-0.0886,0.4114,-10.7481,-152.7939,-19.6183
376.0000,0.7224,-0.1099,0.4150,-12.7557,-149.5802,-18.9924
412.0000,0.7246,-0.0818,0.3494,-14.3435,-148.4962,-18.1145
356.0000,0.7412,-0.0835,0.3262,-17.5725,-147.8397,-17.5038
358.0000,0.7502,-0.1074,0.3301,-16.8092,-145.5802,-16.1908
386.0000,0.7476,-0.0850,0.2571,-16.7252,-145.3588,-14.2061
273.0000,0.7590,-0.0823,0.2197,-17.8931,-147.0382,-12.8931
433.0000,0.7817,-0.1143,0.2419,-16.3817,-144.5191,-11.5344
380.0000,0.7981,-0.0994,0.1917,-14.0076,-143.3588,-9.1679
392.0000,0.8015,-0.1155,0.1367,-9.9618,-144.8397,-7.4427
306.0000,0.9939,-0.1262,0.2239,-7.1298,-88.6565,-5.6794
423.0000,0.7117,-0.1313,0.1443,-0.3053,-168.1985,-3.0534
307.0000,1.0652,-0.0798,0.1443,7.7557,-121.2519,-3.3588
423.0000,0.7966,-0.1101,0.1106,8.5038,-132.6488,-2.9924
428.0000,0.8694,-0.1089,0.0901,1.1527,-145.5038,-1.4962
363.0000,0.9324,-0.1135,0.0945,9.9160,-135.1374,-1.1603
343.0000,0.9219,-0.1189,0.0662,16.9618,-128.8092,-1.2443
323.0000,0.9041,-0.1289,0.0720,23.2061,-129.6870,-1.1832
501.0000,0.9236,-0.1272,0.0752,29.1985,-126.2595,-2.4656
262.0000,0.9343,-0.1614,0.0676,39.3817,-122.4351,-1.8244
462.0000,0.9426,-0.1584,0.0391,45.4885,-118.5344,-1.5649
319.0000,0.9580,-0.1494,0.0259,53.7405,-115.9160,-2.0687
321.0000,0.9729,-0.1733,-0.0037,62.7176,-110.0000,-2.5115
363.0000,0.9614,-0.1633,-0.0637,72.4733,-105.1069,-2.5038
538.0000,0.9487,-0.1479,-0.1389,79.4046,-103.0458,-2.2290
358.0000,0.9573,-0.1428,-0.1675,83.0840,-100.1298,-2.1832
327.0000,0.9607,-0.1360,-0.2502,84.6870,-96.2901,-1.8702
417.0000,0.9541,-0.1367,-0.2920,81.1679,-90.2748,-0.7023
362.0000,0.9587,-0.1436,-0.2773,72.3283,-85.5802,0.1221
400.0000,0.9807,-0.1030,-0.2805,60.4580,-72.1756,0.6031
366.0000,0.9819,-0.1274,-0.3066,54.2519,-67.2748,2.0153
402.0000,0.9663,-0.1331,-0.3230,36.2443,-64.2519,2.0916
446.0000,0.9868,-0.1738,-0.2976,44.6107,-51.2366,2.2519
404.0000,0.9861,-0.1755,-0.2979,28.9084,-47.0153,3.0992
358.0000,0.9890,-0.1868,-0.2891,18.3969,-42.1832,2.7023
407.0000,0.9976,-0.2095,-0.2668,13.1527,-28.4809,2.6947
319.0000,0.9709,-0.2209,-0.2322,8.7176,-17.6336,2.7099
403.0000,0.9727,-0.2297,-0.2009,5.9924,-9.9466,2.1298
262.0000,0.9531,-0.2437,-0.1755,0.1527,-4.7176,1.7863
412.0000,1.0093,-0.2310,-0.1550,4.1145,10.1527,0.6794
349.0000,0.9768,-0.2358,-0.1306,4.0992,20.1374,-0.6794
350.0000,0.9612,-0.2361,-0.1223,3.9160,28.5573,-2.2443
437.0000,0.9702,-0.2520,-0.1292,2.5954,36.6870,-3.1756
381.0000,0.9663,-0.2512,-0.1545,-2.3511,48.0229,-4.0611
351.0000,0.9631,-0.2400,-0.1458,-9.3359,58.4962,-4.8779
357.0000,0.9573,-0.2329,-0.1331,-13.6031,64.0763,-5.6412
448.0000,0.9478,-0.2305,-0.1367,-6.9771,64.1069,-6.9313
382.0000,0.9434,-0.2197,-0.1465,1.8397,65.0153,-8.7023
379.0000,0.9426,-0.2241,-0.1421,10.7176,64.9466,-10.7634
408.0000,0.9458,-0.2175,-0.1389,8.3053,66.6489,-11.7176
441.0000,0.9580,-0.1960,-0.1477,-0.5649,69.8015,-12.1679
332.0000,0.9624,-0.1821,-0.1255,-9.0000,74.4504,-12.8550
374.0000,0.9702,-0.1890,-0.0562,-14.5725,78.9160,-13.9924
409.0000,0.9822,-0.1743,-0.0100,-15.6489,81.6031,-15.3511
451.0000,1.0005,-0.1562,0.0176,-15.2672,85.3206,-17.0229
452.0000,0.9998,-0.1394,0.0298,-11.5267,88.6336,-19.3893
419.0000,1.0063,-0.1433,0.0505,-8.8855,92.9008,-21.7328
296.0000,1.0029,-0.1272,0.0752,-8.8397,96.2519,-23.5420
362.0000,0.9973,-0.1294,0.0625,-8.2672,99.7405,-25.4351
391.0000,0.9893,-0.1218,0.0615,-6.2061,104.1450,-26.4809
382.0000,0.9719,-0.1235,0.0757,-5.9389,107.1679,-27.8092
375.0000,0.9692,-0.1099,0.0659,-3.1603,108.3893,-29.3359
432.0000,0.9609,-0.1069,0.0576,-0.3969,110.4504,-30.0992
395.0000,0.9541,-0.0881,0.0415,0.0076,112.5267,-30.3130
440.0000,0.9319,-0.0823,0.0242,0.4809,113.9847,-30.5954
371.0000,0.9133,-0.0833,0.0210,-0.3359,115.3435,-30.0458
382.0000,0.8987,-0.0935,0.0510,-3.2519,117.6947,-29.5878
372.0000,0.8940,-0.1047,0.0811,-6.5038,119.5878,-28.7710
395.0000,0.8862,-0.0874,0.1135,-7.9008,122.4351,-28.1374
398.0000,0.8799,-0.0928,0.1978,-11.0076,125.9542,-27.2824
423.0000,0.8855,-0.0818,0.2268,-9.4733,129.8931,-26.9237
377.0000,0.8745,-0.0930,0.2402,-6.7328,133.0763,-27.0687
476.0000,0.8628,-0.0803,0.2439,-4.6794,135.7405,-27.0153
413.0000,0.8562,-0.0684,0.2451,-1.7710,138.1145,-27.1374
378.0000,0.8469,-0.0740,0.2632,-0.6870,141.2519,-26.8931
463.0000,0.8279,-0.0637,0.2659,0.8092,145.2290,-26.8626
407.0000,0.8237,-0.0654,0.2478,1.9313,146.9618,-26.4733
373.0000,0.7954,-0.0442,0.2263,0.7328,147.4275,-25.6870
386.0000,0.7822,-0.0417,0.2371,-1.5649,148.5420,-25.4198
479.0000,0.7627,-0.0393,0.2585,-3.9695,150.0687,-24.7328
404.0000,0.7456,-0.0244,0.2539,-6.3435,150.9084,-23.6718
388.0000,0.7173,-0.0547,0.3149,-9.1221,149.5954,-23.0229
422.0000,0.7156,-0.0679,0.3984,-9.2595,151.0534,-22.8397
431.0000,0.7302,-0.0615,0.4465,-11.3969,153.6565,-23.0458
424.0000,0.7058,-0.0557,0.4709,-6.6718,156.4122,-23.5649
397.0000,0.7068,-0.0505,0.5024,-2.6718,158.3282,-24.9008
449.0000,0.7004,-0.0474,0.5273,0.5954,158.3740,-26.7786
404.0000,0.6897,-0.0374,0.5166,3.4733,160.9008,-28.3969
391.0000,0.6777,-0.0139,0.5129,2.7939,163.2443,-30.0916
487.0000,0.6580,-0.0059,0.4922,0.0229,164.1756,-31.2901
384.0000,0.6350,0.0081,0.4617,-1.3511,164.5496,-31.9008
414.0000,0.6042,0.0090,0.4526,-4.4962,164.1756,-32.1450
419.0000,0.5581,0.0044,0.4656,-9.4733,161.2366,-31.4122
347.0000,0.5566,-0.0032,0.5361,-13.5038,161.7863,-30.6718
393.0000,0.5212,-0.0068,0.5876,-19.6565,160.4351,-29.1298
440.0000,0.5103,-0.0027,0.6045,-22.7710,158.0992,-27.4885
407.0000,0.5100,-0.0430,0.7046,-23.1221,157.7023,-26.4885
435.0000,0.4841,-0.0315,0.7703,-19.8779,158.3664,-25.1221
503.0000,0.4814,-0.0051,0.7764,-17.1374,156.9542,-23.4733
417.0000,0.4678,0.0002,0.7712,-14.1221,154.3969,-23.1756
346.0000,0.4673,0.0042,0.7729,-11.3206,153.3053,-22.2519
486.0000,0.4473,-0.0017,0.7446,-10.9542,152.5572,-20.9008
413.0000,0.4321,-0.0115,0.7266,-13.2366,151.2824,-19.3435
412.0000,0.4209,-0.0476,0.7393,-15.4275,150.4886,-17.7863
441.0000,0.4009,-0.0361,0.7117,-16.4427,148.6794,-15.8931
431.0000,0.3826,-0.0266,0.7285,-17.6412,145.5649,-14.5267
342.0000,0.3674,-0.0249,0.7593,-17.2366,144.2595,-14.3130
476.0000,0.3511,0.0015,0.7683,-17.8244,142.3511,-14.0000
429.0000,0.3479,0.0051,0.7866,-20.6870,139.6412,-13.7710
414.0000,0.3560,-0.0188,0.8757,-21.3588,138.7557,-14.3664
352.0000,0.3259,-0.0217,0.9148,-22.3588,139.2672,-14.2443
482.0000,0.2969,-0.0083,0.9231,-23.7099,136.8855,-14.8244
417.0000,0.2944,-0.0010,0.9153,-21.7710,134.3740,-16.2901
412.0000,0.2947,-0.0112,0.8843,-20.7863,132.8321,-17.5496
455.0000,0.2959,0.0066,0.8447,-21.5573,132.3588,-18.1603
428.0000,0.2791,-0.0410,0.8354,-26.4885,131.6260,-17.7099
365.0000,0.2852,-0.0647,0.8792,-23.0534,137.9389,-17.3893
449.0000,0.2219,-0.0554,0.8911,-27.4733,129.6794,-16.2977
458.0000,0.2085,-0.0486,0.9031,-26.9237,125.9847,-15.9008
415.0000,0.2139,-0.0869,1.0061,-17.2672,133.1374,-15.8015
424.0000,0.1543,-0.0779,1.0425,-9.0534,128.8626,-15.5496
438.0000,0.1382,-0.0366,1.0510,-3.1908,125.2519,-15.4962
452.0000,0.1360,-0.0146,1.0212,-2.1985,121.5649,-15.2901
402.0000,0.1392,0.0125,0.9951,-3.7634,121.2824,-14.7405
425.0000,0.1062,0.0286,0.9629,-8.9084,120.5115,-13.8855
437.0000,0.0930,0.0283,0.9219,-20.0229,115.6947,-11.4656
405.0000,0.0884,0.0159,0.9280,-28.3893,112.2061,-9.1832
452.0000,0.0703,0.0005,0.9434,-35.2519,111.3511,-7.1832
474.0000,0.0535,-0.0076,0.9478,-38.7863,108.0153,-5.1145
415.0000,0.0457,-0.0598,1.0212,-36.4656,102.1908,-4.0000
408.0000,0.0366,-0.0896,1.0796,-32.3282,101.9466,-2.2214
461.0000,0.0081,-0.0947,1.1108,-25.5038,102.0611,0.0000
439.0000,0.0122,-0.0854,1.1299,-19.7710,98.8550,1.0840
425.0000,0.0151,-0.0696,1.1372,-11.5878,97.0458,1.7481
430.0000,-0.0068,-0.0496,1.1113,-6.0916,95.3817,2.3817
459.0000,-0.0125,-0.0247,1.0864,-3.8702,92.2061,2.8321
392.0000,-0.0142,-0.0151,1.0740,-7.5191,87.3817,3.3664
455.0000,-0.0291,-0.0188,1.0879,-12.2137,87.0229,4.0992
466.0000,-0.0466,-0.0247,1.0874,-16.8015,86.4046,5.3206
469.0000,-0.0562,-0.0325,1.1035,-21.0076,82.7405,6.2061
426.0000,-0.0645,-0.0581,1.1357,-20.6183,79.9542,6.7023
422.0000,-0.0769,-0.0781,1.1792,-17.8321,76.2901,7.0382
438.0000,-0.0820,-0.0859,1.1838,-12.8397,73.9695,6.7557
450.0000,-0.0725,-0.0920,1.1711,-8.7405,68.3970,6.3435
444.0000,-0.0747,-0.0884,1.1426,-7.1221,63.5420,5.8473
418.0000,-0.0583,-0.0823,1.1199,-6.9389,61.4046,5.8321
458.0000,-0.0596,-0.0752,1.0969,-9.0611,56.2137,5.6794
440.0000,-0.0417,-0.0686,1.0701,-13.2519,52.9008,5.8397
411.0000,-0.0325,-0.0679,1.0583,-15.5954,46.2977,5.4733
479.0000,-0.0027,-0.0798,1.0559,-17.5954,43.9389,5.3740
446.0000,-0.0137,-0.1047,1.0303,-19.8092,39.1221,5.4656
432.0000,-0.0066,-0.1362,1.0398,-17.4962,35.2901,6.0153
359.0000,-0.0034,-0.1365,1.0642,-16.9008,34.4885,6.5344
489.0000,0.0017,-0.1545,1.0789,-12.7786,33.8855,7.1298
465.0000,0.0059,-0.1433,1.0745,-8.9924,33.5649,7.2901
441.0000,0.0012,-0.1392,1.0857,-3.7405,32.3282,7.0992
435.0000,-0.0037,-0.1235,1.0940,0.9771,33.3053,7.3359
450.0000,-0.0208,-0.1084,1.0847,3.0000,32.2137,6.8779
456.0000,-0.0344,-0.0977,1.0583,3.1069,30.4351,6.6183
458.0000,-0.0537,-0.0901,1.0391,1.7481,27.4504,6.1832
440.0000,-0.0461,-0.0874,1.0203,-1.6031,30.1221,6.4198
453.0000,-0.0544,-0.0952,1.0344,-3.1145,27.4198,6.1221
392.0000,-0.0730,-0.0933,1.0173,-6.4809,24.3206,5.9237
488.0000,-0.0789,-0.0891,1.0369,-7.8321,22.3282,5.6718
461.0000,-0.0918,-0.1011,1.0337,-8.9466,18.3359,4.5191
448.0000,-0.0940,-0.1101,1.0593,-8.0611,15.9924,3.8244
447.0000,-0.0984,-0.1204,1.0715,-6.1374,12.5649,3.2595
472.0000,-0.1021,-0.1089,1.0723,-4.8779,11.5573,1.9542
426.0000,-0.1062,-0.1118,1.0723,-2.8168,9.4885,1.1832
458.0000,-0.1106,-0.1160,1.0559,-1.1527,6.9237,0.1450
456.0000,-0.0962,-0.1001,1.0347,0.0305,4.1221,-0.3664
445.0000,-0.0981,-0.1001,1.0339,-0.1908,1.5954,-0.9695
422.0000,-0.1038,-0.0925,1.0386,-0.6794,-0.5496,-1.2901
471.0000,-0.1008,-0.0964,1.0298,-1.6565,-2.4046,-1.3282
478.0000,-0.0864,-0.0852,1.0249,-2.5115,-4.9084,-1.4427
434.0000,-0.0845,-0.0947,1.0386,-2.6107,-6.9160,-1.5649
451.0000,-0.0793,-0.0979,1.0474,-2.2137,-8.1985,-1.2672
425.0000,-0.0764,-0.0940,1.0410,-1.9771,-9.8779,-1.1069
469.0000,-0.0747,-0.1011,1.0474,-1.7786,-11.7710,-1.1374
439.0000,-0.0713,-0.0977,1.0330,-1.8015,-13.4046,-0.9389
474.0000,-0.0610,-0.0911,1.0237,-2.6107,-14.9618,-0.6794
445.0000,-0.0671,-0.0957,1.0378,-3.1298,-16.5802,-0.2901
477.0000,-0.0688,-0.0918,1.0332,-3.0763,-18.5267,-0.0229
479.0000,-0.0686,-0.0811,1.0391,-2.9313,-20.6794,-0.0458
456.0000,-0.0728,-0.0852,1.0540,-2.4275,-22.5344,-0.0611
443.0000,-0.0771,-0.0808,1.0681,-1.7023,-24.4580,-0.0763
480.0000,-0.0801,-0.0791,1.0667,-1.3817,-26.6107,-0.4580
436.0000,-0.0825,-0.0754,1.0549,-1.4656,-29.6565,-0.1298
459.0000,-0.0847,-0.0720,1.0623,-2.6794,-32.9389,-0.3282
477.0000,-0.0825,-0.0754,1.0588,-3.5878,-35.2748,-0.3969
407.0000,-0.0867,-0.0706,1.0632,-5.1679,-38.6183,0.2443
463.0000,-0.1040,-0.0938,1.0979,-7.6336,-41.9008,0.4275
446.0000,-0.1282,-0.0984,1.1504,-7.1374,-45.3206,0.8168
445.0000,-0.1174,-0.0986,1.1995,-6.7252,-48.0534,1.2748
438.0000,-0.1453,-0.1033,1.2183,-4.6260,-53.6489,1.1527
515.0000,-0.1567,-0.0913,1.1953,-1.9084,-59.5496,1.0076
450.0000,-0.1431,-0.0769,1.1851,0.7710,-63.1985,0.8931
434.0000,-0.1421,-0.0901,1.1895,2.5878,-68.6107,0.7099
483.0000,-0.1394,-0.0869,1.1846,4.4580,-73.0153,1.4122
463.0000,-0.1387,-0.0649,1.1687,2.4198,-78.2061,2.8015
415.0000,-0.1047,-0.0574,1.1421,0.1603,-84.6870,3.2901
480.0000,-0.0745,-0.0525,1.1199,-1.8626,-91.7099,3.9771
452.0000,-0.0344,-0.0398,1.0913,-7.9084,-96.8397,5.4504
442.0000,-0.0054,-0.0508,1.0752,-11.9924,-101.6031,6.2519
458.0000,0.0181,-0.0723,1.0940,-15.2977,-105.8015,7.7786
466.0000,0.0532,-0.0854,1.0813,-18.5954,-109.6412,8.9389
429.0000,0.0676,-0.0955,1.1182,-19.2672,-111.8015,9.6260
486.0000,0.0774,-0.1206,1.1516,-18.2366,-114.4198,10.3206
448.0000,0.0981,-0.1118,1.1865,-14.4046,-113.8855,10.7939
484.0000,0.1003,-0.1069,1.1890,-11.3130,-115.9237,10.8702
437.0000,0.1069,-0.0952,1.1384,-9.6641,-117.8321,10.9542
446.0000,0.1125,-0.1045,1.1177,-6.9542,-119.5954,11.2977
466.0000,0.1157,-0.0977,1.1011,-8.1603,-120.8244,11.5954
434.0000,0.1267,-0.0757,1.1042,-8.1679,-123.0076,12.0458
509.0000,0.1096,-0.0852,1.0857,-10.2290,-126.9237,12.0000
437.0000,0.1172,-0.0737,1.0952,-9.9389,-127.9695,11.4580
499.0000,0.1287,-0.0610,1.0730,-14.2748,-132.0382,11.6260
453.0000,0.1221,-0.0525,1.0293,-16.1221,-137.5802,10.7328
442.0000,0.1438,-0.0613,1.0293,-19.5878,-142.0305,10.9008
523.0000,0.1660,-0.0640,1.0056,-22.6641,-143.5572,10.7405
418.0000,0.1721,-0.0862,1.0210,-23.6336,-147.2214,11.0153
476.0000,0.1594,-0.1155,1.0588,-22.0076,-151.4733,11.3282
483.0000,0.1948,-0.1045,1.0803,-20.1374,-151.6183,10.9313
436.0000,0.2087,-0.1294,1.0920,-13.4198,-152.8855,11.0763
432.0000,0.2009,-0.1108,1.0608,-8.6947,-159.1985,10.3664
498.0000,0.2178,-0.0923,0.9976,-4.5191,-163.2519,10.1908
467.0000,0.2385,-0.0923,0.9639,-3.3969,-166.6488,10.3282
439.0000,0.2617,-0.0906,0.9209,-4.9924,-168.8473,10.6336
469.0000,0.2900,-0.0750,0.8494,-10.7099,-171.9084,10.8092
457.0000,0.3123,-0.0684,0.8174,-17.9771,-176.5649,10.6794
437.0000,0.3425,-0.0979,0.7979,-21.9695,-177.3282,10.2214
477.0000,0.3586,-0.1194,0.8127,-25.2977,-179.6412,9.9389
537.0000,0.3730,-0.1150,0.7761,-27.8092,-183.3664,9.2290
481.0000,0.4153,-0.1343,0.7698,-27.6260,-183.1527,8.0229
467.0000,0.4189,-0.1763,0.8101,-24.9847,-182.8397,7.3588
437.0000,0.4299,-0.1599,0.7756,-22.0992,-183.8855,6.9008
440.0000,0.4617,-0.1292,0.6860,-20.5114,-184.4275,5.8626
476.0000,0.4834,-0.1287,0.6533,-19.3664,-184.2901,4.5649
440.0000,0.4812,-0.1240,0.6191,-18.5038,-183.3282,4.4885
515.0000,0.4873,-0.1162,0.5913,-20.5878,-182.5572,4.3053
459.0000,0.5037,-0.1318,0.5784,-24.9924,-182.1756,4.0687
441.0000,0.5161,-0.1169,0.5596,-28.5725,-181.7252,4.0916
505.0000,0.5330,-0.1047,0.5369,-30.9771,-180.4046,3.4198
421.0000,0.5386,-0.1179,0.5161,-32.9695,-181.0611,2.7328
553.0000,0.5500,-0.1360,0.5066,-31.8168,-180.3893,2.2061
491.0000,0.5569,-0.1819,0.5559,-29.7863,-177.8931,1.6107
449.0000,0.5603,-0.2217,0.5825,-24.7710,-176.4504,1.6489
453.0000,0.5750,-0.2117,0.5508,-18.6260,-174.9618,1.3053
459.0000,0.5854,-0.1792,0.4690,-10.7405,-173.8779,1.0000
475.0000,0.5957,-0.1614,0.3848,-3.6260,-174.6183,0.7863
474.0000,0.6189,-0.1382,0.2944,-0.2748,-175.9924,1.3740
464.0000,0.6328,-0.1541,0.3162,1.9160,-174.4351,1.2595
487.0000,0.6521,-0.1880,0.3228,0.6641,-174.3740,1.9618
494.0000,0.6606,-0.1465,0.2615,-2.1221,-175.7557,3.4198
433.0000,0.6858,-0.1492,0.2480,-4.4275,-177.4198,2.9084
534.0000,0.7190,-0.1748,0.2390,-1.6336,-178.0000,2.8626
404.0000,0.7200,-0.1782,0.2380,-0.7481,-179.3740,3.3588
487.0000,0.7439,-0.1948,0.2278,0.5496,-178.6641,3.1679
491.0000,0.7727,-0.1772,0.1929,2.6794,-177.9618,3.0840
456.0000,0.7742,-0.1665,0.1655,3.4122,-176.8244,2.8092
460.0000,0.8545,-0.1812,0.2139,5.1145,-169.3359,2.0534
412.0000,0.8176,-0.1685,0.1870,5.9618,-174.1908,1.2443
510.0000,0.8447,-0.1482,0.1306,7.9618,-171.9618,-0.2214
448.0000,0.8418,-0.1743,0.1763,10.8473,-166.4122,-1.6183
479.0000,0.8601,-0.1780,0.1826,11.4427,-161.6412,-2.7557
445.0000,0.8740,-0.1431,0.1494,11.0840,-159.5114,-3.8397
488.0000,0.8918,-0.1309,0.1384,11.6183,-154.3435,-5.1221
415.0000,0.8928,-0.1194,0.1040,10.0992,-148.3053,-6.7023
487.0000,0.9050,-0.1265,0.0669,10.3053,-142.9695,-8.0916
496.0000,0.8953,-0.1521,0.0928,12.5573,-137.4886,-9.4198
420.0000,0.9065,-0.1562,0.0618,8.9389,-131.1603,-9.7328
453.0000,0.9094,-0.1379,0.0334,10.5573,-126.5649,-9.4122
466.0000,0.9280,-0.1375,0.0232,12.9084,-121.3283,-10.5649
490.0000,0.9265,-0.1460,0.0264,14.3282,-116.2672,-10.6489
423.0000,0.9363,-0.1431,0.0132,14.4733,-111.5038,-10.5344
487.0000,0.9509,-0.1409,0.0029,16.1756,-105.3970,-10.3893
501.0000,0.9431,-0.1506,-0.0327,18.3817,-101.3511,-10.3893
462.0000,0.9465,-0.1467,-0.0537,20.4504,-98.1069,-10.5802
425.0000,0.9727,-0.1592,-0.0051,20.8931,-93.2061,-10.8397
585.0000,0.9832,-0.1448,-0.0029,20.7863,-86.6489,-10.8397
408.0000,0.9880,-0.1306,-0.0474,22.1145,-82.3664,-11.1145
335.0000,0.9827,-0.1335,-0.0986,24.6260,-79.1832,-11.2290
564.0000,0.9714,-0.0977,-0.2024,29.3359,-78.2137,-11.5038
420.0000,0.9727,-0.1221,-0.2864,33.0840,-78.1832,-10.4809
389.0000,1.0129,-0.1226,-0.3523,38.0687,-74.0992,-9.6260
513.0000,1.0171,-0.0886,-0.4573,32.3969,-74.0458,-9.0076
400.0000,0.9456,-0.0762,-0.4775,46.5954,-78.2901,-7.9313
464.0000,0.9817,-0.0737,-0.4795,34.2290,-79.5115,-5.4656
515.0000,1.0386,-0.0830,-0.4539,36.4885,-70.7786,-4.0687
360.0000,1.0146,-0.1150,-0.4348,37.8092,-65.3053,-0.8779
570.0000,1.0994,-0.0688,-0.3933,16.2672,-41.3359,1.4122
474.0000,1.0747,-0.1370,-0.3220,25.0382,-21.3893,6.0916
477.0000,1.0190,-0.1001,-0.2612,4.0458,-19.1145,7.0382
468.0000,1.0415,-0.1174,-0.2559,11.0458,-7.2901,9.3817
441.0000,1.0149,-0.1155,-0.2776,12.0687,-0.6336,9.9008
512.0000,1.0117,-0.1257,-0.2678,18.6718,6.5878,9.1679
481.0000,0.9883,-0.1475,-0.2820,22.0153,10.2672,7.9924
449.0000,0.9939,-0.1692,-0.2690,22.6107,17.9237,7.9313
514.0000,0.9875,-0.1863,-0.2566,20.3359,26.6031,7.6947
466.0000,0.9822,-0.1877,-0.2419,14.7328,37.0916,7.7557
494.0000,0.9656,-0.1938,-0.2239,7.3740,47.9695,7.7252
459.0000,0.9622,-0.2117,-0.1919,5.0000,54.6641,6.9847
481.0000,0.9377,-0.2192,-0.1514,3.7634,58.0840,6.2214
543.0000,0.9421,-0.2163,-0.1035,2.9847,60.6489,5.3893
476.0000,0.9543,-0.2051,-0.0823,2.5573,63.6183,4.0534
417.0000,0.9521,-0.1985,-0.0815,3.7557,65.7023,2.7252
567.0000,0.9441,-0.2000,-0.0977,1.4275,66.2214,0.6947
459.0000,0.9326,-0.1782,-0.1101,1.0000,64.2824,-1.7557
444.0000,0.9385,-0.1846,-0.1165,1.5344,62.9008,-3.7710
508.0000,0.9485,-0.1946,-0.1179,1.4198,61.9160,-5.9084
407.0000,0.9573,-0.1838,-0.1216,-0.2519,61.4962,-7.4885
539.0000,0.9597,-0.1704,-0.1125,-2.8550,61.6870,-8.8702
459.0000,0.9663,-0.1646,-0.0901,-5.7023,63.9618,-10.4504
450.0000,0.9661,-0.1699,-0.0598,-8.6947,66.9313,-12.1450
528.0000,0.9846,-0.1519,-0.0437,-10.3359,71.3893,-13.5954
496.0000,0.9944,-0.1494,-0.0349,-9.1221,76.6336,-15.3130
489.0000,0.9890,-0.1658,0.0078,-8.4656,82.6870,-16.7481
424.0000,0.9880,-0.1631,0.0278,-10.9008,88.5573,-18.0229
492.0000,0.9868,-0.1531,-0.0010,-10.8244,95.9618,-19.2672
446.0000,0.9722,-0.1438,0.0120,-9.0382,101.9084,-20.1832
525.0000,0.9602,-0.1477,0.0002,-7.5344,105.6947,-21.5649
456.0000,0.9482,-0.1536,0.0081,-4.9313,108.9084,-22.7328
494.0000,0.9404,-0.1570,0.0066,-2.7176,110.9084,-23.1298
488.0000,0.9465,-0.1348,-0.0288,-3.3969,113.2901,-23.8168
505.0000,0.9302,-0.1184,-0.0408,-2.6336,116.4886,-24.0763
493.0000,0.9177,-0.1116,-0.0208,-4.9313,119.6031,-23.7939
381.0000,0.9182,-0.1084,0.0232,-8.1603,122.7863,-23.8855
528.0000,0.9138,-0.1008,0.0498,-10.3053,126.2214,-23.4809
461.0000,0.9114,-0.0994,0.0596,-12.0611,129.5267,-22.9618
487.0000,0.9050,-0.0847,0.0811,-13.0382,132.9160,-22.1985
514.0000,0.8997,-0.0833,0.1082,-13.0916,136.3206,-21.5725
474.0000,0.8933,-0.0950,0.1492,-12.3664,140.0153,-21.0229
474.0000,0.8840,-0.1025,0.2295,-12.7634,145.7176,-20.2290
435.0000,0.8760,-0.1028,0.2854,-12.6107,150.8397,-20.3206
529.0000,0.8647,-0.0862,0.2847,-9.5573,153.8855,-20.1145
479.0000,0.8528,-0.0752,0.2849,-7.6565,156.5496,-20.1069
470.0000,0.8423,-0.0852,0.2827,-4.3053,158.5420,-20.9008
464.0000,0.8188,-0.0679,0.2588,-1.4427,158.0382,-20.5420
563.0000,0.8049,-0.0557,0.2153,-1.6183,156.7405,-20.7328
400.0000,0.7754,-0.0408,0.1753,-3.9542,153.7939,-20.1679
571.0000,0.7546,-0.0417,0.1538,-8.9084,151.6641,-19.0000
454.0000,0.7424,-0.0476,0.1667,-16.3740,149.1985,-17.8092
471.0000,0.7310,-0.0715,0.2358,-23.2748,147.3893,-16.7176
527.0000,0.7305,-0.0625,0.2817,-28.2977,145.9924,-15.0153
504.0000,0.7222,-0.0640,0.3350,-31.5267,146.2824,-13.7863
468.0000,0.7207,-0.0779,0.4167,-33.4962,149.4962,-13.0840
492.0000,0.7107,-0.0828,0.5151,-29.6870,152.0458,-12.8931
465.0000,0.6951,-0.0776,0.5632,-26.1298,153.8397,-13.2824
473.0000,0.6975,-0.0554,0.6018,-21.7710,156.3969,-13.8779
359.0000,0.6804,-0.0566,0.6094,-18.4733,158.1756,-14.9008
587.0000,0.6738,-0.0317,0.6040,-15.2824,159.8473,-16.1069
442.0000,0.6580,-0.0488,0.6099,-13.9924,160.4656,-17.1527
408.0000,0.6436,-0.0664,0.6563,-12.5267,162.1145,-18.3969
563.0000,0.6211,-0.0566,0.6248,-10.1679,162.9008,-18.5725
470.0000,0.5898,-0.0581,0.5991,-7.1298,160.6870,-18.4580
481.0000,0.5713,-0.0735,0.5879,-3.9237,157.7099,-18.6565
518.0000,0.5710,-0.0579,0.5447,-1.1908,155.0382,-17.9237
472.0000,0.5510,-0.0603,0.5471,-1.3206,153.7939,-16.7557
481.0000,0.5466,-0.0679,0.5864,-3.8168,149.4351,-14.9618
451.0000,0.5391,-0.0466,0.6101,-7.0382,147.0840,-12.8244
513.0000,0.4871,-0.0552,0.6062,-9.9008,142.2595,-10.8779
461.0000,0.5286,-0.0303,0.6213,-12.7557,144.0000,-10.3893
482.0000,0.5007,-0.0503,0.6519,-14.8321,142.2214,-8.6794
489.0000,0.4966,-0.0574,0.6797,-15.2366,141.4046,-7.2901
478.0000,0.4905,-0.0688,0.7231,-16.0687,141.0305,-6.3359
476.0000,0.4875,-0.0676,0.7844,-14.1832,141.6488,-5.5038
557.0000,0.4709,-0.0632,0.8489,-9.4275,143.7252,-5.7328
491.0000,0.4539,-0.0583,0.8940,-2.6718,145.4656,-6.4504
452.0000,0.4404,-0.0508,0.9258,3.9771,145.2290,-7.6412
570.0000,0.4263,-0.0374,0.9272,12.1603,147.0916,-8.9695
590.0000,0.4036,-0.0337,0.9233,17.3588,148.8779,-10.2443
454.0000,0.3918,-0.0486,0.9326,21.2595,149.9695,-11.1527
454.0000,0.3706,-0.0544,0.9492,23.8702,150.5038,-11.4809
486.0000,0.3525,-0.0393,0.9546,25.5114,151.7863,-11.9237
513.0000,0.3208,-0.0356,0.9355,23.7176,150.5114,-11.7481
458.0000,0.2822,-0.0361,0.9226,22.3969,145.9847,-11.2672
432.0000,0.2649,-0.0293,0.8994,20.7481,143.0992,-10.4046
498.0000,0.2739,-0.0271,0.8730,19.1374,146.0382,-8.7710
497.0000,0.2366,-0.0215,0.8689,8.2443,136.7252,-7.4122
496.0000,0.2405,-0.0098,0.8718,-1.6641,128.6336,-5.6412
464.0000,0.2466,0.0044,0.8740,-10.9084,126.4504,-4.3969
484.0000,0.2166,-0.0029,0.8601,-19.3435,121.2290,-3.4656
521.0000,0.2236,-0.0159,0.8362,-25.7023,116.1756,-2.6107
446.0000,0.2175,-0.0315,0.8425,-31.2214,110.7939,-2.1603
439.0000,0.2073,-0.0518,0.8442,-34.6031,108.9847,-1.0000
527.0000,0.1987,-0.0747,0.8645,-37.5878,106.0000,-0.0153
410.0000,0.2014,-0.1025,0.9395,-35.4351,104.9313,0.6107
490.0000,0.1831,-0.1099,1.0161,-28.0534,106.7099,0.9008
548.0000,0.1694,-0.0815,1.0657,-18.7405,107.7023,0.1145
489.0000,0.1460,-0.0649,1.0911,-7.8626,107.0840,-1.1756
471.0000,0.1333,-0.0291,1.0793,0.4198,109.7710,-2.5420
479.0000,0.1184,-0.0002,1.0396,0.9771,111.8626,-3.5573
471.0000,0.0942,0.0034,0.9756,-4.1527,110.4886,-4.2595
429.0000,0.0845,-0.0034,0.9541,-10.8015,109.1374,-3.9924
531.0000,0.0688,-0.0151,0.9246,-18.7252,107.8931,-3.6412
439.0000,0.0298,-0.0491,0.9189,-26.4198,103.8092,-2.5038
517.0000,0.0356,-0.0676,0.9431,-31.1069,103.2824,-2.1069
486.0000,-0.0051,-0.1040,0.9810,-29.4580,99.5649,-1.3435
405.0000,-0.0007,-0.1226,1.0317,-27.8626,97.3817,-0.7710
512.0000,-0.0107,-0.1067,1.0669,-20.6489,95.3206,-0.7710
477.0000,-0.0234,-0.1128,1.0813,-12.4122,92.2748,-0.9924
473.0000,-0.0261,-0.1106,1.1187,-5.4733,90.1069,-1.3435
427.0000,-0.0420,-0.0769,1.1421,-0.1679,87.5038,-1.2595
492.0000,-0.0615,-0.0542,1.1323,2.5115,86.5191,-1.7252
531.0000,-0.0693,-0.0491,1.1416,2.2061,82.9542,-1.9847
426.0000,-0.0781,-0.0544,1.1558,1.8931,80.2824,-2.3817
465.0000,-0.0908,-0.0562,1.1614,1.1756,78.1985,-2.0992
488.0000,-0.1006,-0.0527,1.1494,-1.2137,74.1908,-1.9466
456.0000,-0.1040,-0.0613,1.1506,-2.6870,69.4886,-1.6260
508.0000,-0.1064,-0.0710,1.1501,-3.4962,65.4657,-1.1603
505.0000,-0.1199,-0.0620,1.1597,-2.6031,62.3206,-0.4962
462.0000,-0.1074,-0.0649,1.1753,-2.4122,55.7405,-0.5115
504.0000,-0.0903,-0.0723,1.1721,-2.2366,50.3282,0.0305
476.0000,-0.0793,-0.0688,1.1599,-1.3282,46.2748,0.7939
532.0000,-0.0725,-0.0754,1.1570,-0.8397,41.8473,0.8855
471.0000,-0.0564,-0.0869,1.1611,-0.2443,37.7710,1.5725
512.0000,-0.0420,-0.0667,1.1599,-0.4046,33.9389,2.0382
499.0000,-0.0317,-0.0635,1.1560,-0.7481,30.4962,2.5191
455.0000,-0.0232,-0.0583,1.1299,-2.4122,26.0611,2.9695
466.0000,-0.0049,-0.0500,1.1187,-4.4504,23.7099,3.3588
502.0000,0.0042,-0.0569,1.0862,-7.0000,19.9847,3.7710
457.0000,0.0112,-0.0640,1.0698,-10.6794,16.0534,4.1756
476.0000,0.0234,-0.0632,1.0520,-13.7023,14.6641,5.1221
522.0000,0.0247,-0.0774,1.0315,-15.6947,12.1298,6.3206
487.0000,0.0322,-0.0945,1.0383,-17.1908,10.8168,6.7939
486.0000,0.0210,-0.1084,1.0317,-16.0840,9.1908,7.2748
478.0000,0.0071,-0.1206,1.0320,-14.3893,8.8473,7.7634
496.0000,0.0168,-0.1245,1.0264,-12.2748,8.9618,7.8702
490.0000,-0.0046,-0.1228,1.0137,-7.8550,6.7634,7.5802
486.0000,0.0046,-0.1013,1.0132,-8.7099,7.1069,6.9771
497.0000,-0.0137,-0.1064,1.0002,-5.4580,8.5420,6.2290
488.0000,-0.0332,-0.1030,0.9844,-4.2977,7.0382,5.3740
466.0000,-0.0403,-0.0920,0.9631,-5.6412,3.8473,4.7634
481.0000,-0.0439,-0.0896,0.9622,-6.5115,4.0916,4.0305
521.0000,-0.0554,-0.0940,0.9458,-8.3053,4.8550,3.5496
510.0000,-0.0654,-0.0896,0.9453,-10.2061,3.6107,2.9695
469.0000,-0.0793,-0.0964,0.9404,-10.7023,1.8473,2.6260
457.0000,-0.0801,-0.0942,0.9553,-9.8931,1.1832,2.2137
453.0000,-0.0876,-0.0850,0.9478,-8.2290,0.3053,1.6260
513.0000,-0.0889,-0.0977,0.9412,-6.9084,-1.0305,1.3282
502.0000,-0.0857,-0.0925,0.9492,-6.0763,-2.0229,1.3588
494.0000,-0.0928,-0.0942,0.9490,-4.9389,-2.9084,0.9313
552.0000,-0.0840,-0.0820,0.9604,-5.9160,-2.3664,0.9237
495.0000,-0.0825,-0.0862,0.9790,-3.8473,-2.2824,0.8779
478.0000,-0.0847,-0.0913,0.9954,-2.5267,-3.8702,0.8779
471.0000,-0.0869,-0.0791,1.0042,-1.5573,-5.3740,0.9008
427.0000,-0.0852,-0.0891,1.0144,-0.8931,-5.7252,0.7405
524.0000,-0.0857,-0.0854,1.0168,-1.3206,-6.4275,0.5649
472.0000,-0.0818,-0.0854,1.0269,-1.9771,-7.8321,0.7786
467.0000,-0.0796,-0.0786,1.0142,-2.2748,-9.3817,0.8550
490.0000,-0.0801,-0.0820,1.0171,-1.6489,-11.6412,0.9313
500.0000,-0.0713,-0.0769,1.0093,-1.8702,-14.5878,1.2901
427.0000,-0.0684,-0.0703,1.0129,-2.9847,-17.8244,1.0763
516.0000,-0.0615,-0.0894,1.0337,-4.1832,-20.4046,0.9771
481.0000,-0.0596,-0.0991,1.0437,-5.7099,-23.1985,1.0992
530.0000,-0.0566,-0.1072,1.0649,-6.3969,-26.1527,1.3435
434.0000,-0.0605,-0.1133,1.0852,-5.7710,-29.1298,0.9924
510.0000,-0.0576,-0.1157,1.1165,-4.2672,-31.6031,0.9847
486.0000,-0.0508,-0.1050,1.1233,-2.4656,-34.6031,0.5878
540.0000,-0.0486,-0.1104,1.1294,-1.7023,-37.8931,0.0305
536.0000,-0.0576,-0.1060,1.1272,-0.8397,-40.7099,-0.2519
466.0000,-0.0535,-0.1104,1.1399,-1.6947,-43.2672,-0.6031
463.0000,-0.0498,-0.1013,1.1445,-2.7252,-46.5267,-0.6260
530.0000,-0.0566,-0.1006,1.1406,-3.4504,-49.7099,-0.2824
528.0000,-0.0527,-0.0962,1.1274,-4.9924,-54.1298,-0.4733
519.0000,-0.0491,-0.1089,1.1191,-4.6565,-58.4962,-0.7481
500.0000,-0.0483,-0.1123,1.1196,-4.3893,-63.5344,-0.3511
499.0000,-0.0469,-0.1104,1.1167,-4.9313,-67.2137,0.2824
452.0000,-0.0457,-0.1135,1.1223,-4.7710,-70.7023,0.8473
503.0000,-0.0342,-0.1243,1.1296,-2.8244,-74.0382,1.3206
538.0000,-0.0271,-0.1267,1.1431,-1.1908,-77.5573,2.2977
511.0000,-0.0327,-0.1284,1.1589,2.2672,-81.2595,2.8550
481.0000,-0.0237,-0.1167,1.1741,4.9924,-84.2366,3.1374
513.0000,-0.0186,-0.0964,1.1799,6.5649,-88.4580,3.4504
570.0000,-0.0017,-0.0793,1.1790,5.4809,-91.0687,3.6794
472.0000,-0.0220,-0.0806,1.1541,2.7557,-97.3130,5.1221
500.0000,0.0027,-0.0618,1.1604,-1.5954,-97.9542,5.5420
497.0000,0.0120,-0.0698,1.1611,-2.7176,-100.9695,5.9466
537.0000,0.0002,-0.0688,1.1699,-5.3664,-107.5344,6.1527
476.0000,0.0076,-0.0679,1.1804,-5.5115,-111.0992,6.1374
393.0000,0.0144,-0.0691,1.2078,-5.8855,-113.9542,6.0916
583.0000,0.0020,-0.0669,1.1931,-6.7023,-120.3817,6.5954
509.0000,0.0300,-0.0623,1.1787,-7.5038,-123.0076,6.5725
505.0000,0.0186,-0.0808,1.1768,-6.4427,-128.5878,7.0382
479.0000,0.0425,-0.0735,1.1687,-5.9466,-132.9084,7.3206
541.0000,0.0369,-0.0571,1.1121,-6.8931,-138.3740,7.7786
494.0000,0.0737,-0.0557,1.1096,-8.3740,-143.9160,7.7176
515.0000,0.0981,-0.0461,1.0974,-9.6412,-150.4427,8.2061
482.0000,0.1272,-0.0396,1.0776,-13.6336,-154.3435,8.6107
485.0000,0.1387,-0.0522,1.0803,-17.7939,-159.5572,8.9084
558.0000,0.1636,-0.0503,1.0754,-22.5573,-161.4886,10.0840
419.0000,0.1541,-0.0618,1.0569,-27.0458,-170.9466,9.3893
464.0000,0.2061,-0.0488,1.0620,-26.4885,-169.2443,10.5038
459.0000,0.1943,-0.0686,1.0466,-27.2977,-172.4656,10.5191
516.0000,0.2229,-0.0759,1.0378,-25.0153,-176.3359,10.7099
480.0000,0.2375,-0.0686,0.9712,-23.7557,-180.1756,10.5725
512.0000,0.2681,-0.0488,0.9033,-25.9237,-185.1985,11.3359
515.0000,0.2908,-0.0686,0.8713,-26.7099,-188.6107,11.9466
540.0000,0.3071,-0.0781,0.8337,-28.4046,-189.6565,12.7634
567.0000,0.3123,-0.0813,0.8157,-32.4656,-192.6565,14.0611
520.0000,0.3274,-0.0935,0.8162,-34.1298,-196.2977,14.7634
445.0000,0.3354,-0.1050,0.8064,-33.9542,-198.6336,14.6718
584.0000,0.3760,-0.1033,0.7683,-31.5573,-197.0992,15.2061
558.0000,0.3928,-0.1077,0.7578,-30.5191,-201.8321,14.2672
475.0000,0.4182,-0.1211,0.7212,-28.0153,-202.8779,13.9771
457.0000,0.4324,-0.1255,0.6963,-26.5573,-202.1527,13.6794
452.0000,0.4460,-0.1431,0.6733,-27.2824,-203.2137,13.1603
533.0000,0.4653,-0.1177,0.6033,-27.8626,-204.1221,13.1221
514.0000,0.4915,-0.1069,0.5369,-29.4733,-203.2977,12.2519
483.0000,0.4941,-0.1506,0.5842,-30.4809,-202.3817,10.4733
525.0000,0.5078,-0.1521,0.5403,-31.6641,-202.1450,10.5725
503.0000,0.5310,-0.1196,0.4602,-33.3588,-202.5954,9.9847
480.0000,0.5559,-0.1570,0.4407,-33.5191,-201.5267,8.2672
403.0000,0.5713,-0.1748,0.4072,-31.8321,-200.8550,7.7252
592.0000,0.5840,-0.1489,0.3403,-30.8321,-201.4198,7.2901
465.0000,0.6030,-0.1934,0.3811,-28.3130,-199.7710,5.7481
471.0000,0.6221,-0.2390,0.4150,-23.0534,-197.2137,5.1069
530.0000,0.6287,-0.2053,0.3459,-17.7328,-196.0763,5.3206
557.0000,0.6558,-0.2222,0.3545,-10.6565,-193.2290,3.8015
498.0000,0.6687,-0.2629,0.3811,-3.4580,-189.2290,2.4504
465.0000,0.6887,-0.2122,0.3005,2.5267,-185.7328,2.4427
630.0000,0.7063,-0.1934,0.2622,6.4427,-183.8244,1.0763
466.0000,0.7219,-0.2012,0.2244,9.3359,-181.7328,-0.1603
465.0000,0.7224,-0.1902,0.1445,11.4580,-179.2901,-0.9542
518.0000,0.7363,-0.1606,0.1162,8.5496,-177.4733,-1.5038
468.0000,0.7668,-0.1685,0.1301,6.0840,-174.0382,-2.3282
438.0000,0.7722,-0.1523,0.0867,4.0229,-171.8397,-2.8855
557.0000,0.7795,-0.1558,0.1130,0.5191,-167.1450,-3.7099
488.0000,0.8115,-0.1616,0.1172,-2.5802,-163.1908,-5.1756
498.0000,0.8206,-0.1550,0.0864,-3.9618,-159.3282,-6.4122
445.0000,0.8418,-0.1416,0.0547,-5.1069,-154.1069,-6.9008
593.0000,0.8484,-0.1616,0.0293,-0.9084,-148.2748,-8.0840
438.0000,0.8503,-0.1846,0.0657,3.6794,-142.2824,-8.7481
552.0000,0.8594,-0.1851,0.0781,7.6794,-137.2137,-9.1450
446.0000,0.8760,-0.1638,0.0500,11.8321,-132.2519,-9.4580
426.0000,0.8767,-0.1514,0.0293,18.2519,-127.3664,-9.9466
493.0000,0.8914,-0.1450,0.0288,23.7710,-121.5191,-10.1603
512.0000,0.9011,-0.1575,0.0264,27.8931,-116.8779,-10.1679
573.0000,0.9109,-0.1597,0.0022,31.7176,-111.9695,-9.9389
336.0000,0.9084,-0.1687,-0.0071,33.9618,-106.0382,-9.5725
693.0000,0.9148,-0.1733,-0.0068,35.3206,-99.1527,-8.8092
401.0000,0.9185,-0.1814,-0.0513,37.0840,-94.4809,-8.3435
517.0000,0.9136,-0.1804,-0.0837,37.5878,-89.5344,-7.3740
540.0000,0.9236,-0.1641,-0.1196,37.7328,-86.0534,-6.9847
273.0000,0.9294,-0.1567,-0.1504,38.7481,-83.4122,-6.5038
583.0000,0.9324,-0.1392,-0.1787,38.8321,-81.3511,-6.5725
490.0000,0.9260,-0.1213,-0.2109,39.5496,-77.9924,-6.4427
435.0000,0.9514,-0.1345,-0.2500,37.8855,-76.5344,-6.7023
448.0000,0.9497,-0.1174,-0.2837,37.7863,-73.6336,-5.8931
441.0000,1.0117,-0.1345,-0.3140,35.0382,-66.1374,-4.7634
492.0000,1.0637,-0.0957,-0.3123,30.2519,-57.4885,-5.2214
351.0000,0.9373,-0.1543,-0.3506,35.9695,-59.2824,-3.7634
581.0000,0.9917,-0.1353,-0.3284,23.3817,-47.9542,-2.2137
598.0000,0.9451,-0.1414,-0.3696,15.5649,-49.8397,-1.8931
440.0000,1.0483,-0.1335,-0.3860,14.7405,-29.3740,-0.5725
451.0000,0.9819,-0.1470,-0.3586,10.6565,-23.2748,0.7099
619.0000,1.0015,-0.1565,-0.3459,8.3435,-14.7863,1.1298
451.0000,1.0132,-0.1521,-0.3005,2.3893,-3.9618,1.8855
535.0000,1.0181,-0.1619,-0.2703,-2.1527,7.8168,2.3893
445.0000,1.0161,-0.1794,-0.2412,-3.3511,21.9237,3.0382
618.0000,1.0051,-0.1748,-0.2334,-7.1221,31.8321,2.7863
467.0000,1.0022,-0.1633,-0.2163,-7.5344,40.7099,2.4198
571.0000,0.9922,-0.1665,-0.2141,-8.4809,49.9618,2.1985
471.0000,0.9756,-0.1626,-0.2068,-8.2519,57.7710,1.0534
446.0000,0.9558,-0.1738,-0.1895,-10.4046,63.5420,0.1374
557.0000,0.9604,-0.1689,-0.1882,-11.4427,68.2519,-0.3664
471.0000,0.9507,-0.1787,-0.1860,-10.1679,72.8931,-0.7634
499.0000,0.9438,-0.1758,-0.1702,-8.7328,75.6031,-1.6412
592.0000,0.9307,-0.1675,-0.1917,-7.6641,76.8168,-1.9695
470.0000,0.9292,-0.1670,-0.1885,-7.0305,78.4809,-2.3130
466.0000,0.9321,-0.1821,-0.1521,-7.6641,81.4580,-2.6489
546.0000,0.9312,-0.1660,-0.1238,-7.6565,84.0611,-2.7481
488.0000,0.9470,-0.1663,-0.0762,-8.5191,87.9847,-3.4580
523.0000,0.9438,-0.1760,-0.0024,-10.2977,94.7328,-4.0305
306.0000,0.9495,-0.1755,0.0393,-9.3817,100.1908,-4.9542
649.0000,0.9529,-0.1799,0.0708,-6.8931,105.6412,-6.2977
506.0000,0.9495,-0.1716,0.0859,-2.1145,110.1908,-8.0687
483.0000,0.9429,-0.1741,0.1262,2.5115,114.4962,-9.9924
476.0000,0.9412,-0.1580,0.1260,5.1679,119.9924,-11.8168
468.0000,0.9409,-0.1528,0.0989,7.8779,125.8473,-13.7786
515.0000,0.9182,-0.1406,0.0781,9.4275,130.1221,-15.1832
526.0000,0.8936,-0.1292,0.0474,8.4580,132.3282,-16.5649
558.0000,0.8877,-0.1316,0.0283,8.0763,133.1603,-17.6565
451.0000,0.8711,-0.1270,0.0300,7.5344,134.4504,-18.0992
455.0000,0.8689,-0.1094,0.0425,5.0153,135.7481,-18.4046
498.0000,0.8677,-0.0935,0.0576,3.8779,136.5191,-18.3435
463.0000,0.8542,-0.0952,0.0852,1.6489,138.1221,-18.4580
497.0000,0.8611,-0.1157,0.1780,-0.0305,140.6947,-18.3359
472.0000,0.8735,-0.1133,0.2344,-3.6336,143.6183,-18.8626
575.0000,0.8545,-0.1248,0.2627,0.9924,147.0687,-18.2748
459.0000,0.8474,-0.1221,0.2661,4.0305,149.5267,-18.1145
427.0000,0.8403,-0.1296,0.2991,7.1374,152.1221,-18.4885
553.0000,0.8296,-0.1152,0.2820,10.2443,155.2595,-19.0229
454.0000,0.8196,-0.1003,0.2595,9.6794,156.8931,-19.2366
493.0000,0.8066,-0.0889,0.2393,5.4427,159.1069,-18.8397
377.0000,0.7832,-0.0815,0.2041,0.5420,161.3817,-18.4580
606.0000,0.7559,-0.0574,0.1711,-3.4733,161.9084,-17.6947
488.0000,0.7400,-0.0588,0.1711,-10.2290,161.3359,-16.9771
526.0000,0.7212,-0.0854,0.2222,-16.0153,160.2901,-16.1679
493.0000,0.7068,-0.1008,0.2996,-18.3740,160.6794,-14.8779
501.0000,0.6875,-0.1028,0.3379,-20.5420,161.1374,-13.5954
454.0000,0.6824,-0.1243,0.4409,-20.5573,162.0534,-13.1679
469.0000,0.6833,-0.1335,0.5071,-17.0916,164.1985,-13.1145
528.0000,0.6721,-0.1121,0.5134,-12.1450,166.7405,-13.3130
415.0000,0.6572,-0.1052,0.5190,-8.4656,168.2366,-13.8473
530.0000,0.6436,-0.0859,0.5007,-5.6870,168.7710,-13.9695
492.0000,0.6333,-0.0583,0.4893,-5.3588,169.4886,-14.4275
457.0000,0.6111,-0.0679,0.5173,-8.0992,170.5420,-14.6412
597.0000,0.5872,-0.0576,0.5056,-10.7634,170.9466,-14.5115
479.0000,0.5569,-0.0542,0.4978,-12.8092,170.9924,-14.0534
481.0000,0.5249,-0.0603,0.5098,-16.3359,169.1832,-13.4656
610.0000,0.5117,-0.0596,0.5068,-19.0000,167.8092,-12.5878
473.0000,0.4956,-0.0701,0.5330,-22.0305,166.5038,-11.6412
494.0000,0.4829,-0.0801,0.5842,-23.0229,165.8015,-10.9313
466.0000,0.4795,-0.0649,0.5984,-23.4504,165.0305,-10.2061
488.0000,0.4800,-0.0466,0.6238,-23.8473,164.8473,-9.9924
458.0000,0.4734,-0.0564,0.6865,-22.3817,164.8473,-10.9160
519.0000,0.4658,-0.0205,0.7053,-21.0076,166.2214,-11.5725
482.0000,0.4524,0.0015,0.7017,-22.9542,166.6183,-11.9695
506.0000,0.4375,0.0261,0.6741,-28.7710,165.9237,-12.2214
505.0000,0.4326,0.0322,0.6304,-37.2443,166.9389,-12.8473
463.0000,0.4268,0.0107,0.6030,-49.1298,167.6260,-12.9084
414.0000,0.3755,-0.0376,0.5925,-63.4733,164.8015,-11.6489
535.0000,0.4158,-0.0286,0.5974,-75.1069,166.4580,-11.5878
514.0000,0.3523,-0.1306,0.6167,-84.3130,166.5954,-10.2137
459.0000,0.3669,-0.2214,0.7415,-70.4351,175.0687,-9.9313
559.0000,0.2949,-0.2688,0.8818,-63.0611,171.6870,-8.5954
500.0000,0.2747,-0.2825,0.9553,-47.1374,171.9771,-8.8931
461.0000,0.2810,-0.3198,1.1323,-13.9084,182.6488,-9.6870
496.0000,0.1746,-0.3501,1.2307,14.2672,181.1145,-10.9237
502.0000,0.1277,-0.3088,1.2695,41.1450,177.9237,-13.0305
371.0000,0.1094,-0.2642,1.2710,64.5267,179.3130,-15.4733
563.0000,0.0652,-0.1511,1.2187,72.8168,178.2672,-17.5267
481.0000,0.0234,-0.0701,1.1501,66.6412,173.1298,-19.5725
514.0000,-0.0068,-0.0425,1.1016,52.5878,167.9924,-20.9618
480.0000,-0.0449,0.0107,1.0669,31.3130,159.7481,-19.9618
464.0000,-0.0615,0.0391,1.0449,8.3511,150.7176,-18.8092
528.0000,-0.0896,0.0332,1.0076,-12.2519,139.4275,-16.7099
516.0000,-0.0842,-0.0098,1.0378,-29.6794,129.5038,-15.0763
495.0000,-0.0837,-0.0784,1.0989,-36.7634,119.5115,-12.5038
455.0000,-0.0793,-0.1514,1.1829,-36.4885,111.8473,-9.8015
468.0000,-0.0779,-0.1821,1.2234,-29.1069,104.5496,-6.7328
521.0000,-0.0667,-0.1956,1.2502,-16.1527,97.3588,-4.6947
493.0000,-0.0439,-0.1841,1.2781,0.2214,92.7710,-3.2290
477.0000,-0.0320,-0.1487,1.2678,11.6183,88.3053,-1.7252
501.0000,-0.0242,-0.0864,1.2302,14.7099,86.6107,-0.6336
498.0000,-0.0066,-0.0542,1.1785,10.8092,82.9618,0.1374
496.0000,-0.0032,-0.0383,1.1301,1.3664,82.2595,0.9084
502.0000,0.0020,-0.0354,1.0798,-10.8855,79.7405,1.8779
507.0000,0.0056,-0.0564,1.0657,-20.9160,77.1450,2.7405
440.0000,0.0007,-0.0784,1.0574,-26.0458,75.6718,3.3893
540.0000,0.0068,-0.1021,1.0518,-26.3511,73.1832,3.4351
545.0000,0.0149,-0.1367,1.0610,-24.0229,70.3511,3.7634
495.0000,0.0012,-0.1904,1.1035,-17.7252,68.2519,3.6489
506.0000,-0.0149,-0.2107,1.1536,-11.0229,68.4275,3.9160
501.0000,-0.0305,-0.2014,1.1743,-3.6718,68.0763,3.8397
494.0000,-0.0361,-0.1797,1.1990,5.3206,67.9466,3.1298
517.0000,-0.0513,-0.1350,1.1628,8.7252,65.7786,1.9008
506.0000,-0.0586,-0.1233,1.1301,11.5725,62.9084,0.5725
484.0000,-0.0720,-0.1055,1.0947,10.0305,59.8473,-0.5649
516.0000,-0.0840,-0.1104,1.0645,2.6107,55.9924,-0.8626
469.0000,-0.0857,-0.1201,1.0598,-3.7328,53.7786,-0.7710
484.0000,-0.0889,-0.1250,1.0784,-9.7405,50.3053,-0.3588
473.0000,-0.0947,-0.1514,1.1033,-10.9008,45.8015,-0.3282
521.0000,-0.1023,-0.1489,1.1038,-7.9389,40.5802,-0.4580
491.0000,-0.1008,-0.1565,1.1123,-3.8168,34.8397,-0.9160
503.0000,-0.0969,-0.1494,1.0967,0.3206,30.2137,-0.9160
505.0000,-0.0891,-0.1367,1.0889,1.5038,25.8015,-0.6794
473.0000,-0.0811,-0.1211,1.0735,0.3206,21.9695,-0.3511
503.0000,-0.0708,-0.1147,1.0659,-2.8626,18.6641,0.4885
485.0000,-0.0588,-0.1189,1.0608,-6.1603,15.7634,1.0153
509.0000,-0.0608,-0.1255,1.0647,-7.7099,12.6031,1.2214
538.0000,-0.0525,-0.1282,1.0569,-8.4504,9.9618,1.1298
522.0000,-0.0449,-0.1436,1.0557,-7.1603,7.2519,1.1298
500.0000,-0.0303,-0.1428,1.0645,-4.6107,5.0763,0.8779
493.0000,-0.0232,-0.1372,1.0598,-2.5954,3.6489,0.4504
515.0000,-0.0212,-0.1313,1.0525,-0.6870,2.6183,0.3664
423.0000,-0.0168,-0.1233,1.0444,0.6870,1.4504,0.2290
541.0000,-0.0188,-0.1226,1.0322,1.3206,0.4733,-0.3588
495.0000,-0.0078,-0.1243,1.0332,2.0840,-0.4504,-0.6412
502.0000,-0.0220,-0.1167,1.0149,2.3053,-1.2901,-0.8473
503.0000,-0.0244,-0.1123,1.0098,2.3053,-2.1069,-1.5649
490.0000,-0.0298,-0.1084,1.0051,2.0076,-2.9695,-2.2519
448.0000,-0.0339,-0.0952,0.9954,1.7710,-4.8168,-3.1527
531.0000,-0.0376,-0.0867,0.9868,0.4504,-6.7939,-3.8779
524.0000,-0.0420,-0.0889,0.9670,-1.1908,-9.0687,-4.2443
497.0000,-0.0366,-0.0957,0.9612,-2.2901,-11.6107,-4.8626
536.0000,-0.0439,-0.1008,0.9578,-4.0076,-13.9160,-4.4885
483.0000,-0.0393,-0.0977,0.9719,-4.8550,-15.9237,-4.3664
479.0000,-0.0498,-0.1003,0.9697,-4.7481,-17.5725,-4.4962
488.0000,-0.0549,-0.1099,0.9790,-4.0916,-19.3435,-4.5420
485.0000,-0.0586,-0.0994,0.9897,-2.3130,-21.5573,-3.8855
479.0000,-0.0674,-0.0959,0.9824,-0.6260,-22.7939,-3.4580
483.0000,-0.0686,-0.0911,0.9939,-0.0458,-23.9466,-2.8855
564.0000,-0.0610,-0.0903,0.9849,-0.2901,-24.8779,-1.9008
478.0000,-0.0684,-0.0813,0.9937,-2.4809,-26.2977,-0.8550
504.0000,-0.0659,-0.0728,1.0061,-4.0687,-27.9618,-0.3435
523.0000,-0.0681,-0.0784,1.0049,-5.6947,-28.7481,0.5191
468.0000,-0.0679,-0.0820,1.0237,-7.0687,-29.8855,1.0153
499.0000,-0.0674,-0.0713,1.0298,-7.3893,-31.0153,1.4275
433.0000,-0.0728,-0.0872,1.0325,-7.2061,-32.6718,1.1756
567.0000,-0.0681,-0.0947,1.0217,-9.6107,-34.8702,2.1069
479.0000,-0.0725,-0.0903,1.0405,-9.4809,-38.7023,2.9847
457.0000,-0.0640,-0.0901,1.0488,-9.5725,-40.6718,3.5496
509.0000,-0.0730,-0.0881,1.0486,-10.0458,-42.8397,3.7252
550.0000,-0.0603,-0.1006,1.0396,-9.7099,-45.4962,3.9008
497.0000,-0.0503,-0.1035,1.0515,-7.9466,-48.2061,3.9618
421.0000,-0.0391,-0.0981,1.0688,-6.9008,-49.5344,4.2443
535.0000,-0.0278,-0.0938,1.0891,-5.8779,-50.6641,3.7252
528.0000,-0.0151,-0.1018,1.0918,-4.7634,-51.1374,3.7405
466.0000,-0.0032,-0.0996,1.1106,-3.0076,-51.6031,3.1298
455.0000,-0.0020,-0.0906,1.1226,-1.9542,-51.3893,2.3053
577.0000,-0.0029,-0.0977,1.1206,-0.7786,-51.4809,1.6641
442.0000,0.0015,-0.1045,1.1316,0.4962,-52.2137,0.7786
543.0000,-0.0032,-0.1062,1.1365,1.2901,-53.3969,0.4046
497.0000,-0.0007,-0.1121,1.1135,2.0000,-55.8702,0.3435
446.0000,-0.0073,-0.1128,1.1194,0.8092,-59.6031,0.3740
451.0000,-0.0107,-0.1074,1.1506,2.4351,-63.5267,0.4962
539.0000,-0.0129,-0.1213,1.1467,4.2443,-65.8702,1.4885
506.0000,-0.0144,-0.1194,1.1367,5.8779,-70.7099,1.9924
504.0000,0.0005,-0.0933,1.1558,8.0840,-75.4733,2.9008
511.0000,0.0093,-0.0723,1.1489,9.9160,-78.9466,3.0153
403.0000,0.0229,-0.0527,1.1340,12.5573,-81.9084,3.3282
587.0000,0.0334,-0.0234,1.1157,10.9924,-86.5573,3.2824
397.0000,0.0366,-0.0110,1.1531,8.6870,-91.0687,3.7557
522.0000,0.0205,0.0173,1.1746,5.9313,-94.8626,3.6031
525.0000,0.0283,0.0229,1.1938,3.1069,-96.6489,3.7328
428.0000,0.0049,0.0046,1.1997,0.0611,-99.9771,3.7710
653.0000,-0.0093,-0.0188,1.1743,-1.7557,-104.8397,5.1908
540.0000,-0.0051,-0.0503,1.1772,-3.2137,-105.8702,7.8244
433.0000,-0.0427,-0.1238,1.2158,-0.4046,-110.4733,11.1069
418.0000,-0.0447,-0.1570,1.1963,2.9771,-112.2137,14.8092
522.0000,-0.0393,-0.1389,1.1174,3.0611,-120.9847,19.0305
469.0000,-0.0376,-0.1152,1.1162,4.8779,-130.0076,21.2443
234.0000,-0.0276,-0.0833,1.1096,6.7634,-138.2366,22.9389
637.0000,0.0007,-0.0361,1.0325,-0.0687,-148.5267,24.5496
477.0000,0.0330,-0.0029,1.0435,-11.0000,-161.2824,25.2901
504.0000,0.0767,-0.0767,1.0898,-25.7939,-169.1145,24.6107
509.0000,0.1423,-0.0564,1.0977,-30.6260,-169.7557,26.0840
528.0000,0.1560,-0.0632,1.0659,-40.7023,-178.8702,25.8779
474.0000,0.2126,-0.1150,1.0850,-39.9695,-189.5191,25.3130
295.0000,0.2788,-0.1521,1.0317,-32.2901,-192.4504,25.3130
972.0000,0.3235,-0.1406,0.9595,-27.9466,-196.4656,26.8931
412.0000,0.3459,-0.1963,0.9971,-26.2137,-203.0763,27.8702
331.0000,0.3884,-0.1980,1.0278,-19.6641,-202.8015,29.1221
570.0000,0.4043,-0.1770,0.9714,-14.6336,-201.6488,30.6336
454.0000,0.4243,-0.1616,0.9229,-11.7786,-204.1069,30.3130
355.0000,0.4355,-0.1453,0.8264,-5.5725,-206.7405,30.4427
847.0000,0.4504,-0.1257,0.7000,-4.3206,-208.9771,31.3511
357.0000,0.4519,-0.1482,0.6638,-10.1450,-212.4046,31.3282
441.0000,0.4558,-0.1768,0.7410,-17.5573,-216.1069,31.2519
636.0000,0.4695,-0.1379,0.7000,-21.5725,-217.1908,30.8550
441.0000,0.4875,-0.1343,0.6995,-23.0382,-214.7786,27.4733
487.0000,0.4871,-0.1987,0.7646,-17.1603,-214.2061,22.5267
515.0000,0.4907,-0.2021,0.6592,-5.7634,-212.9466,20.2214
539.0000,0.5034,-0.1909,0.5295,1.5573,-213.0000,17.8321
413.0000,0.5020,-0.1968,0.5063,4.3282,-211.7481,15.6718
754.0000,0.5178,-0.1902,0.4385,2.4885,-209.4427,14.9695
445.0000,0.5122,-0.1677,0.3638,-5.4809,-205.9695,15.3817
487.0000,0.5166,-0.1792,0.3984,-18.3893,-202.8931,14.0916
467.0000,0.5339,-0.1462,0.3542,-29.0305,-200.0305,12.9618
417.0000,0.5605,-0.1372,0.3096,-38.0153,-197.3435,10.6794
592.0000,0.5605,-0.1765,0.2603,-41.8702,-197.1756,8.2748
472.0000,0.5779,-0.2163,0.2888,-43.4275,-194.8244,6.5496
404.0000,0.5935,-0.2471,0.3179,-49.3588,-192.3206,4.4809
822.0000,0.6135,-0.2498,0.2383,-46.1985,-190.3359,1.3511
427.0000,0.6577,-0.2893,0.1841,-33.4504,-176.8321,0.4504
481.0000,0.6245,-0.3018,0.1990,-29.5191,-180.1298,-1.6947
496.0000,0.6833,-0.2891,0.1162,-17.5038,-177.2595,-2.8015
551.0000,0.6833,-0.2556,0.0464,-8.7023,-169.5420,-3.7023
478.0000,0.6875,-0.2795,0.1128,-3.7710,-163.5878,-4.8321
579.0000,0.7170,-0.2639,0.0815,-2.8244,-160.5954,-5.0458
364.0000,0.7449,-0.2249,0.0457,-2.1679,-153.4046,-5.0840
524.0000,0.7695,-0.2234,0.0959,-2.9542,-146.6641,-6.3435
439.0000,0.7805,-0.1960,0.0334,-2.0687,-142.7328,-6.0458
508.0000,0.7915,-0.1860,0.0305,-1.6489,-136.3588,-6.3664
539.0000,0.8113,-0.1819,0.0803,-4.8015,-130.7863,-6.8092
501.0000,0.8396,-0.1721,0.0063,-6.1450,-124.5649,-6.6718
511.0000,0.8396,-0.1599,-0.0242,-9.6412,-117.8321,-6.5725
528.0000,0.8433,-0.1743,-0.0032,-14.3664,-112.7328,-6.9618
517.0000,0.8716,-0.1704,-0.0046,-20.0076,-107.5420,-6.3435
556.0000,0.8896,-0.1631,-0.0171,-23.5878,-102.2977,-6.4656
428.0000,0.8970,-0.1799,-0.0474,-22.8779,-96.6489,-7.0992
514.0000,0.9075,-0.2327,-0.0139,-19.5802,-90.2824,-7.4046
476.0000,0.9216,-0.2661,-0.0029,-13.0305,-87.1603,-7.7023
397.0000,0.9392,-0.2554,-0.0518,-2.2519,-80.9847,-6.9847
484.0000,0.9392,-0.2395,-0.0847,11.1832,-75.4351,-6.6183
488.0000,0.9324,-0.2253,-0.1353,24.4809,-73.7176,-7.5573
480.0000,0.9487,-0.2261,-0.1785,34.3435,-71.3740,-8.1756
489.0000,0.9670,-0.2126,-0.2107,39.3893,-66.6641,-8.5115
591.0000,0.9839,-0.1726,-0.2505,39.5191,-59.7786,-8.4427
424.0000,0.9863,-0.1487,-0.3230,22.2061,-52.0840,-8.1374
454.0000,1.0088,-0.1062,-0.2793,8.9924,-42.8626,-8.6870
371.0000,1.0107,-0.1243,-0.3083,-2.4275,-34.9084,-9.1679
446.0000,0.7100,-0.1855,-0.3484,1.3435,-49.0840,-9.6107
553.0000,0.9509,-0.1279,-0.3579,-18.1527,-8.7557,-7.5344
368.0000,0.9441,-0.1299,-0.2754,-20.9313,-12.1832,-6.6794
443.0000,1.0154,-0.1106,-0.2312,-11.1679,4.8473,-7.6794
524.0000,0.9634,-0.1846,-0.2461,-14.3893,9.6412,-5.6489
527.0000,0.9590,-0.1553,-0.1743,-16.9924,13.1145,-4.7634
531.0000,0.9968,-0.1763,-0.1631,-16.9389,24.7863,-3.5420
556.0000,1.0056,-0.1665,-0.1223,-9.6412,37.1298,-3.7786
452.0000,0.9761,-0.1914,-0.0906,6.9389,44.7710,-4.3130
490.0000,0.9668,-0.1726,-0.0813,9.5344,49.6031,-5.4733
498.0000,0.9617,-0.1841,-0.0618,14.5954,55.4046,-6.1069
450.0000,0.9575,-0.1914,-0.0581,13.0916,63.2443,-5.7176
575.0000,0.9521,-0.1741,-0.0735,10.8397,69.6489,-6.0534
462.0000,0.9319,-0.1790,-0.0708,12.6565,72.4428,-6.4122
425.0000,0.9241,-0.1887,-0.0779,14.6031,73.9924,-7.1069
514.0000,0.9229,-0.1733,-0.0735,17.2901,74.1679,-7.9237
471.0000,0.9326,-0.1721,-0.0640,19.8321,75.5878,-9.0840
644.0000,0.9426,-0.1692,-0.0164,20.4198,78.5267,-9.8855
424.0000,0.9475,-0.1545,-0.0020,20.5725,81.9618,-10.6641
493.0000,0.9622,-0.1882,0.0820,19.2290,87.9695,-11.9389
502.0000,0.9763,-0.1858,0.1445,19.9847,93.5496,-12.9695
539.0000,0.9807,-0.1660,0.1565,23.0992,99.8321,-13.9313
526.0000,0.9700,-0.1780,0.1599,28.6031,105.6336,-15.3740
502.0000,0.9551,-0.1973,0.1536,33.6336,110.1145,-17.1832
375.0000,0.9460,-0.1919,0.1401,38.0687,113.5573,-17.8397
585.0000,0.9287,-0.1794,0.0994,39.5802,117.3664,-18.1145
459.0000,0.9199,-0.1455,0.0457,37.2595,120.5725,-17.9618
463.0000,0.8914,-0.1172,-0.0103,31.7634,120.5573,-17.1527
494.0000,0.8613,-0.1243,-0.0403,26.3817,118.9313,-16.4275
519.0000,0.8437,-0.0964,-0.0269,18.7939,118.1603,-14.7786
548.0000,0.8398,-0.0823,0.0132,11.9466,118.1298,-14.2595
482.0000,0.8433,-0.0823,0.1021,7.2748,121.1221,-13.2214
582.0000,0.8596,-0.0945,0.1831,3.8779,124.8092,-12.9237
477.0000,0.8572,-0.1060,0.2483,4.5420,130.3664,-12.7481
517.0000,0.8472,-0.1438,0.3052,9.5649,136.3053,-12.7405
475.0000,0.8340,-0.1553,0.3789,16.7863,143.1908,-12.9389
512.0000,0.8235,-0.1389,0.4014,25.1374,149.4122,-14.1908
511.0000,0.8015,-0.1147,0.4087,34.3053,154.5420,-15.7481
465.0000,0.7773,-0.1096,0.3887,40.1069,158.5802,-17.6031
460.0000,0.7412,-0.0583,0.3145,40.9618,160.7023,-18.7557
470.0000,0.7100,-0.0278,0.2629,36.4504,160.6412,-19.5954
384.0000,0.6755,-0.0388,0.2720,25.0992,158.9618,-20.2824
658.0000,0.6536,-0.0278,0.2920,12.7786,156.9542,-20.1450
455.0000,0.6436,-0.0100,0.3027,-0.0992,154.7939,-19.5878
509.0000,0.6382,-0.0398,0.3674,-10.8015,152.8855,-19.8702
485.0000,0.6294,-0.0659,0.4585,-15.5954,152.0611,-20.2137
555.0000,0.6301,-0.0803,0.4978,-15.3130,151.7023,-19.7939
474.0000,0.6230,-0.0908,0.6023,-12.2824,153.1145,-20.6565
525.0000,0.6172,-0.1003,0.6816,-3.5725,157.0534,-21.2595
477.0000,0.6038,-0.0986,0.6934,3.9084,158.9618,-22.1908
509.0000,0.5872,-0.0796,0.6736,8.2061,159.6947,-23.3435
270.0000,0.5637,-0.0503,0.6426,9.2061,159.9466,-23.8779
696.0000,0.5410,-0.0051,0.5894,4.0382,158.8092,-24.1527
457.0000,0.5413,-0.0095,0.5642,-4.7176,157.1374,-24.7634
350.0000,0.5188,-0.0383,0.5984,-14.5496,155.1450,-24.5038
663.0000,0.5007,-0.0105,0.6118,-24.8702,152.6565,-23.3053
461.0000,0.5078,-0.0410,0.6733,-32.3282,150.3359,-22.7939
387.0000,0.4944,-0.0889,0.7607,-32.6794,149.3130,-22.1221
680.0000,0.4832,-0.0867,0.8098,-25.2443,150.1908,-20.9160
452.0000,0.4597,-0.1042,0.8420,-18.8702,146.0305,-20.1450
469.0000,0.4788,-0.1157,0.8850,-10.5878,146.2366,-19.8244
513.0000,0.4568,-0.0732,0.8914,-3.5344,146.3588,-18.9542
562.0000,0.4709,-0.0432,0.8894,-3.3435,147.2443,-19.4351
465.0000,0.5400,0.0278,1.2104,4.3511,124.7863,-20.3282
437.0000,0.5034,0.0005,0.9756,-1.7939,148.3893,-20.8168
541.0000,0.3994,0.0181,0.8984,-3.0229,149.6641,-18.9695
573.0000,0.3733,-0.0120,0.8542,-2.4122,145.2366,-18.9466
466.0000,0.4031,-0.0327,0.8840,3.3206,152.6260,-20.4885
508.0000,0.3191,-0.0383,0.8450,-1.6489,144.6488,-18.4580
499.0000,0.2937,-0.0068,0.7859,-11.8321,141.0229,-17.0763
508.0000,0.2847,-0.0046,0.7764,-18.9924,137.2901,-15.6489
491.0000,0.2705,-0.0066,0.7749,-24.5573,133.6794,-14.5420
546.0000,0.2451,0.0029,0.7703,-28.2748,128.0916,-14.6794
527.0000,0.2537,-0.0239,0.7881,-37.5344,119.0305,-13.8626
451.0000,0.2622,-0.0713,0.8437,-42.0305,119.6870,-13.6183
637.0000,0.2451,-0.0979,0.8904,-42.6947,121.0382,-13.0992
499.0000,0.2471,-0.1201,0.9082,-40.0229,122.2214,-13.1832
514.0000,0.2349,-0.1545,0.9641,-31.9618,122.5115,-13.8397
472.0000,0.2214,-0.1731,1.0391,-19.7634,126.1603,-14.7176
515.0000,0.2068,-0.1536,1.0149,-8.1298,129.2214,-16.2366
514.0000,0.1931,-0.1294,0.9612,0.4046,128.9160,-17.5725
493.0000,0.1843,-0.0959,0.9053,4.8779,129.4886,-18.9924
507.0000,0.1501,-0.0693,0.8247,3.2519,129.2748,-18.9924
455.0000,0.1309,-0.0491,0.7795,-8.0229,126.8626,-19.0458
614.0000,0.1238,-0.0398,0.7732,-20.8855,124.1069,-18.0229
450.0000,0.0959,-0.0986,0.8672,-32.8168,122.6031,-16.9237
470.0000,0.0679,-0.1448,0.9722,-32.7328,122.7405,-15.9542
546.0000,0.0339,-0.1548,1.0098,-30.7176,121.8702,-14.7481
537.0000,0.0334,-0.1816,1.0686,-17.7405,118.3511,-15.0916
481.0000,0.0125,-0.1812,1.0918,-2.4275,115.2214,-15.5649
523.0000,-0.0012,-0.1394,1.0977,9.7176,114.2901,-15.3740
511.0000,-0.0137,-0.0867,1.0591,12.4351,111.7405,-15.2977
491.0000,-0.0261,-0.0574,1.0347,7.0229,108.9389,-14.9313
470.0000,-0.0283,-0.0107,0.9932,-3.5573,107.4275,-13.8931
544.0000,-0.0366,0.0007,0.9521,-18.4580,103.1908,-13.2366
483.0000,-0.0388,-0.0288,0.9473,-30.6031,99.2061,-13.0458
492.0000,-0.0457,-0.0762,0.9985,-38.0763,96.5267,-12.8092
542.0000,-0.0574,-0.1235,1.0522,-36.5954,93.2290,-12.5344
489.0000,-0.0857,-0.1567,1.1250,-31.2977,90.6336,-12.0229
489.0000,-0.0725,-0.1899,1.1599,-20.2977,87.9924,-12.6641
507.0000,-0.0730,-0.1689,1.1321,-8.8244,90.1527,-11.6870
505.0000,-0.0735,-0.1240,1.1047,-1.9160,86.7710,-11.4809
453.0000,-0.0862,-0.0957,1.0767,0.2443,81.4046,-11.7099
511.0000,-0.0874,-0.0715,1.0596,-0.6412,81.1679,-10.9313
496.0000,-0.1057,-0.0586,1.0703,-8.0382,80.3130,-9.8702
463.0000,-0.1262,-0.0676,1.0852,-14.2977,77.5267,-8.5878
508.0000,-0.1440,-0.0698,1.1091,-18.2061,74.9695,-7.3893
502.0000,-0.1499,-0.0918,1.1252,-16.9160,72.0687,-6.8397
499.0000,-0.1575,-0.1082,1.1445,-12.8168,67.9771,-6.1145
455.0000,-0.1575,-0.0955,1.1489,-6.3206,62.4046,-5.5344
536.0000,-0.1572,-0.0911,1.1416,-2.9389,58.6031,-4.9389
490.0000,-0.1682,-0.0776,1.1367,-1.1221,54.1908,-3.8321
468.0000,-0.1731,-0.0874,1.1257,-3.6489,50.5038,-2.4656
474.0000,-0.1743,-0.0615,1.1150,-7.7023,47.3282,-1.5191
507.0000,-0.1538,-0.0693,1.1084,-10.9466,44.0687,-1.0458
501.0000,-0.1589,-0.0649,1.0916,-13.1374,39.2290,-0.4427
542.0000,-0.1538,-0.0742,1.0771,-14.3282,33.3053,-0.7557
515.0000,-0.1394,-0.0967,1.0796,-15.0153,29.6565,-0.5649
447.0000,-0.1345,-0.1028,1.0920,-13.7786,27.1527,-0.3435
506.0000,-0.1331,-0.1169,1.0825,-12.7328,25.0992,-0.0534
506.0000,-0.1277,-0.1165,1.0928,-10.7863,22.2366,0.3359
485.0000,-0.1396,-0.1116,1.0884,-8.0229,21.0076,0.7939
459.0000,-0.1521,-0.1069,1.0732,-5.0458,19.5954,1.1069
509.0000,-0.1621,-0.0862,1.0549,-3.4351,17.4275,1.7099
513.0000,-0.1887,-0.0706,1.0520,-3.7786,16.3206,2.4351
487.0000,-0.1794,-0.0605,1.0266,-4.8321,13.4122,3.0305
487.0000,-0.1877,-0.0601,1.0315,-7.4962,11.3359,4.2061
516.0000,-0.1807,-0.0669,1.0110,-10.7405,9.3130,5.5496
488.0000,-0.1912,-0.0667,0.9966,-12.8168,7.0458,6.6183
494.0000,-0.1807,-0.0833,1.0012,-14.3206,4.4122,7.6260
516.0000,-0.1790,-0.0979,1.0012,-14.3511,2.5954,8.3664
504.0000,-0.1606,-0.1040,0.9907,-13.0611,-0.0076,8.9542
484.0000,-0.1418,-0.1208,0.9932,-11.5878,-1.0763,9.0000
497.0000,-0.1321,-0.1223,0.9966,-10.3359,-2.5954,9.2672
516.0000,-0.1350,-0.1409,0.9883,-6.5420,-4.4885,8.9313
499.0000,-0.1335,-0.1414,0.9895,-5.0153,-6.0458,8.4733
441.0000,-0.1104,-0.1387,1.0134,-3.2977,-7.1450,7.5649
500.0000,-0.1135,-0.1292,1.0007,-2.5954,-7.5267,6.5649
552.0000,-0.1074,-0.1328,0.9941,-2.5115,-9.0992,5.3435
483.0000,-0.1111,-0.1333,0.9873,-3.2366,-10.6794,4.0076
489.0000,-0.1125,-0.1331,1.0049,-4.2672,-11.7176,2.4733
500.0000,-0.1079,-0.1333,1.0217,-6.0534,-12.9466,1.3130
462.0000,-0.1055,-0.1370,1.0337,-8.1450,-15.1374,-0.0840
509.0000,-0.1028,-0.1287,1.0271,-9.9160,-17.7481,-0.8397
499.0000,-0.0981,-0.1455,1.0125,-12.8702,-19.7634,-1.3588
511.0000,-0.0911,-0.1497,1.0266,-15.6641,-21.4427,-1.8092
514.0000,-0.0957,-0.1572,1.0308,-17.0763,-24.5267,-1.8321
568.0000,-0.0957,-0.1685,1.0596,-18.2595,-27.0076,-1.9924
470.0000,-0.0933,-0.1780,1.0791,-17.4504,-29.0229,-2.1832
446.0000,-0.0947,-0.1792,1.0925,-16.1985,-30.9542,-2.1679
513.0000,-0.1067,-0.1746,1.1145,-14.9389,-33.7252,-2.3893
496.0000,-0.1138,-0.1885,1.1182,-13.7939,-36.2366,-2.7176
477.0000,-0.1287,-0.1836,1.1470,-12.6947,-38.6031,-2.7099
499.0000,-0.1472,-0.1729,1.1294,-13.3435,-41.5267,-2.3511
510.0000,-0.1494,-0.1624,1.1167,-14.6412,-45.9160,-2.7023
460.0000,-0.1440,-0.1543,1.1067,-17.4504,-50.9389,-3.1069
529.0000,-0.1421,-0.1536,1.1125,-18.7405,-55.7099,-3.7099
480.0000,-0.1443,-0.1685,1.1270,-20.3664,-60.8473,-3.9924
484.0000,-0.1538,-0.1650,1.1597,-21.0458,-65.5115,-4.3130
524.0000,-0.1482,-0.1753,1.1677,-22.0840,-69.7328,-4.6718
543.0000,-0.1343,-0.1721,1.1711,-22.2672,-74.6718,-5.4885
464.0000,-0.1277,-0.1829,1.1631,-20.0840,-79.6260,-6.1221
513.0000,-0.1238,-0.1707,1.1548,-18.3435,-84.6641,-6.5573
485.0000,-0.1021,-0.1746,1.1445,-20.3359,-89.0076,-6.7786
519.0000,-0.0911,-0.1758,1.1565,-21.0840,-93.0000,-6.7176
473.0000,-0.0996,-0.1958,1.1602,-20.6718,-95.9084,-6.4733
475.0000,-0.0842,-0.1904,1.1689,-19.2901,-99.5267,-6.3359
507.0000,-0.0757,-0.1904,1.1870,-18.0229,-104.0076,-6.7328
519.0000,-0.0723,-0.1912,1.1968,-15.7405,-107.4657,-6.7786
483.0000,-0.0637,-0.1924,1.1768,-13.4962,-111.7557,-6.2824
496.0000,-0.0508,-0.1870,1.1362,-12.2443,-116.4122,-6.1679
459.0000,-0.0271,-0.1826,1.1208,-12.9771,-120.5496,-5.6718
476.0000,-0.0347,-0.1748,1.1257,-15.1908,-125.7099,-4.8092
538.0000,-0.0205,-0.1819,1.1074,-18.9542,-130.5954,-4.1374
609.0000,-0.0012,-0.1924,1.1262,-21.2901,-134.4504,-3.5267
410.0000,-0.0032,-0.2190,1.1497,-21.1832,-137.1450,-2.7328
478.0000,-0.0007,-0.2205,1.1592,-18.4122,-141.3893,-2.3053
731.0000,0.0261,-0.2107,1.1504,-14.0916,-144.9313,-2.0229
493.0000,0.0281,-0.2288,1.1760,-7.7557,-149.0305,-2.4962
282.0000,0.0461,-0.2576,1.2109,1.8092,-151.0992,-2.2672
678.0000,0.0601,-0.2312,1.1750,11.7786,-152.8473,-1.3664
589.0000,0.0513,-0.2388,1.1555,19.9237,-159.4351,-0.2672
328.0000,0.0618,-0.2783,1.2031,28.7023,-159.7633,0.7863
481.0000,0.0723,-0.2793,1.1960,42.6183,-157.0992,2.7252
614.0000,0.0447,-0.2434,1.1099,51.3435,-164.9084,4.1069
414.0000,0.0737,-0.1951,1.0828,60.2901,-171.5267,4.2519
648.0000,0.0903,-0.1580,1.0300,62.4275,-173.5267,6.0153
523.0000,0.1255,-0.1060,0.9634,61.5878,-175.5878,6.9313
467.0000,0.1042,-0.1438,1.0156,57.9313,-181.7481,8.7557
168.0000,0.0972,-0.0894,0.9658,43.5420,-184.0763,10.7099
625.0000,0.1252,-0.0632,0.8872,31.4656,-187.0534,11.6412
535.0000,0.1431,-0.0586,0.8550,21.7252,-194.3511,11.2137
414.0000,0.1616,-0.0842,0.8782,13.7405,-197.5572,11.0687
366.0000,0.1807,-0.0706,0.7993,5.6794,-198.3206,11.3130
563.0000,0.2065,-0.0476,0.7322,-7.7252,-203.7710,10.6489
518.0000,0.2666,-0.0461,0.6780,-19.2290,-208.0458,9.1527
441.0000,0.3044,-0.0410,0.6042,-31.3817,-208.5114,9.0305
458.0000,0.3359,-0.0273,0.5293,-43.1450,-210.3588,8.5878
620.0000,0.3774,-0.0078,0.4736,-54.5878,-213.9389,7.0916
482.0000,0.3967,-0.0234,0.4861,-64.1374,-214.4962,6.1908
547.0000,0.4170,-0.0469,0.4758,-71.1679,-213.9618,5.2137
298.0000,0.4492,-0.1042,0.5085,-75.9008,-213.7176,3.1527
573.0000,0.4607,-0.1279,0.4658,-74.7023,-212.2137,1.5954
471.0000,0.4956,-0.1597,0.4316,-70.1298,-210.9313,0.4198
490.0000,0.5029,-0.2344,0.4419,-60.4046,-209.7099,-1.5725
402.0000,0.5305,-0.2444,0.4133,-56.1756,-209.0229,0.1756
461.0000,0.5420,-0.2456,0.3279,-51.9542,-203.7863,0.4656
535.0000,0.5571,-0.2678,0.2886,-46.8168,-202.8855,0.6565
382.0000,0.5688,-0.2944,0.3040,-42.9847,-200.7328,0.4427
710.0000,0.5979,-0.2478,0.2227,-39.4351,-197.1450,1.1679
464.0000,0.6245,-0.2205,0.1936,-39.2519,-196.7939,-0.1985
354.0000,0.6592,-0.2227,0.2522,-37.3359,-193.5267,-2.6565
594.0000,0.6826,-0.1580,0.1934,-37.6718,-190.1908,-3.4504
569.0000,0.7136,-0.1365,0.1707,-40.0076,-188.7939,-6.6870
564.0000,0.7310,-0.1411,0.1721,-42.5878,-185.3206,-9.7634
654.0000,0.7637,-0.1431,0.1470,-48.4809,-180.5420,-11.3359
468.0000,0.7744,-0.1655,0.1936,-53.4656,-173.7786,-13.6412
409.0000,0.7813,-0.2024,0.2351,-55.6641,-168.5878,-15.7023
659.0000,0.8035,-0.1619,0.2009,-55.3130,-163.2824,-16.7786
480.0000,0.8157,-0.1528,0.1680,-52.2443,-155.5802,-18.8702
592.0000,0.8352,-0.1597,0.1370,-48.8397,-151.0153,-19.8321
534.0000,0.8274,-0.1365,0.0803,-49.4962,-145.6107,-19.5878
528.0000,0.8044,-0.1484,0.0850,-48.8168,-139.5572,-18.9084
455.0000,0.8342,-0.1897,0.1042,-49.6107,-139.5114,-18.3664
455.0000,0.8879,-0.1763,0.0693,-44.4122,-131.9237,-17.0916
402.0000,0.8484,-0.1475,0.0061,-37.1985,-132.0534,-15.6412
540.0000,0.8860,-0.1548,0.0198,-23.4046,-129.3206,-15.3435
450.0000,0.8997,-0.1360,0.0132,-10.3893,-126.9695,-14.9695
442.0000,0.9155,-0.1318,-0.0073,1.3664,-122.8397,-13.6641
663.0000,0.9280,-0.1355,-0.0034,11.8702,-120.0076,-12.9542
448.0000,0.9519,-0.1187,-0.0129,22.4427,-114.8855,-11.2595
381.0000,0.9705,-0.1101,-0.0190,33.3282,-108.5878,-10.0992
832.0000,0.9639,-0.0896,-0.0498,44.8550,-103.0458,-8.8473
493.0000,0.9641,-0.0706,-0.0962,54.7710,-98.0992,-6.9466
464.0000,0.9805,-0.0452,-0.1030,60.2366,-92.2061,-5.6641
587.0000,0.9944,-0.0137,-0.1655,61.9160,-84.6718,-4.0840
454.0000,0.9822,-0.0313,-0.2354,62.3664,-76.8473,-2.2214
350.0000,0.9827,-0.0493,-0.2920,58.8855,-68.8244,0.7863
450.0000,0.9790,-0.0874,-0.3311,54.6031,-59.7328,3.1756
519.0000,0.9905,-0.1221,-0.3528,48.9847,-51.3359,6.0992
440.0000,0.9697,-0.1284,-0.3982,42.3206,-43.0611,8.6947
513.0000,0.9150,-0.1357,-0.4431,34.8626,-42.7176,10.4809
469.0000,1.0259,-0.1316,-0.3838,42.4733,-21.0840,11.0305
607.0000,1.0061,-0.1743,-0.3667,32.7863,-9.1908,12.2443
515.0000,1.0054,-0.2019,-0.3315,22.8397,1.3206,10.8855
485.0000,0.9910,-0.2839,-0.3359,16.8931,16.9160,13.8931
415.0000,1.0212,-0.2700,-0.2949,16.0458,33.8092,9.8855
439.0000,1.0046,-0.2937,-0.2500,19.6031,42.2366,7.1298
530.0000,1.0029,-0.3350,-0.1865,30.3206,51.4885,4.7939
443.0000,1.0012,-0.3142,-0.1287,37.4656,60.6183,1.1527
508.0000,1.0037,-0.3372,-0.1157,43.4656,72.4657,-2.2595
501.0000,0.9878,-0.3286,-0.0833,44.6641,84.9466,-4.6718
467.0000,0.9705,-0.3301,-0.1130,45.6794,92.2672,-7.1069
554.0000,0.9338,-0.2896,-0.1287,47.5649,94.8626,-8.9771
466.0000,0.9290,-0.2549,-0.1445,50.2214,93.9466,-11.0916
461.0000,0.9329,-0.2080,-0.1445,51.3969,93.3359,-12.7405
490.0000,0.9160,-0.1504,-0.1709,47.5344,90.9695,-13.7710
400.0000,0.9121,-0.1135,-0.1880,38.5344,86.7481,-14.2290
594.0000,0.9270,-0.0881,-0.1543,25.4122,86.9771,-13.8321
444.0000,0.9307,-0.0618,-0.1177,9.8931,87.2443,-12.4122
516.0000,0.9404,-0.0498,-0.0828,-3.9924,90.8168,-11.3206
530.0000,0.9431,-0.0957,-0.0342,-13.1527,96.0305,-9.5725
442.0000,0.9456,-0.1309,0.0405,-17.8244,102.0229,-7.9237
550.0000,0.9475,-0.1760,0.1323,-16.6031,107.8855,-6.2977
451.0000,0.9468,-0.2251,0.2029,-9.6031,116.8168,-5.0305
559.0000,0.9470,-0.2397,0.2563,2.0534,125.3206,-4.6489
546.0000,0.9319,-0.2434,0.2939,15.4046,133.9771,-5.0382
535.0000,0.9229,-0.2422,0.2971,27.5114,141.7023,-6.1145
496.0000,0.9060,-0.2351,0.2646,39.4122,148.8397,-7.2366
430.0000,0.8774,-0.2090,0.2014,50.7634,152.4198,-8.6183
582.0000,0.8315,-0.1692,0.1511,57.3053,152.2137,-9.5038
473.0000,0.8032,-0.1514,0.1147,59.0763,149.9542,-10.2748
537.0000,0.7766,-0.1392,0.1177,56.4809,147.5114,-10.0763
427.0000,0.7637,-0.1223,0.1575,51.9084,145.2137,-9.9008
524.0000,0.7576,-0.1121,0.1885,46.1450,142.5496,-10.1756
487.0000,0.7510,-0.0940,0.2678,40.1221,139.8397,-10.4504
461.0000,0.7546,-0.1116,0.3718,36.5191,139.7176,-11.6412
533.0000,0.7498,-0.1057,0.4238,34.9924,141.0916,-11.5573
493.0000,0.7422,-0.0889,0.4714,34.1145,142.9389,-12.7023
481.0000,0.7351,-0.0925,0.5491,34.4046,145.4809,-14.2290
313.0000,0.7185,-0.0884,0.5811,33.4580,148.5725,-15.4046
634.0000,0.6987,-0.0623,0.5728,31.1679,150.0382,-16.3511
483.0000,0.6750,-0.0303,0.5417,26.2595,150.2061,-16.9008
494.0000,0.6641,-0.0479,0.5310,20.7557,149.6412,-17.9771
372.0000,0.6333,-0.0645,0.5232,12.9847,147.1450,-17.8473
614.0000,0.6292,-0.0383,0.5068,4.3130,144.5114,-17.1679
461.0000,0.6208,-0.0386,0.5010,-3.6565,141.1603,-16.3817
478.0000,0.6118,-0.0642,0.5024,-8.4656,138.1145,-15.8855
514.0000,0.6021,-0.0676,0.5120,-11.9618,134.5267,-14.6947
470.0000,0.6035,-0.0662,0.5483,-14.7939,131.8626,-14.1527
492.0000,0.6135,-0.0637,0.5854,-15.7939,130.5114,-13.9618
466.0000,0.6047,-0.0852,0.6130,-14.9008,130.8015,-13.5802
436.0000,0.5977,-0.1047,0.6323,-12.8931,131.9847,-13.3053
436.0000,0.5977,-0.1047,0.6538,-9.6641,133.9847,-12.9008
579.0000,0.5762,-0.1084,0.6738,-6.0000,135.6412,-12.9237
463.0000,0.5623,-0.1143,0.7046,-2.0534,138.2672,-13.1450
509.0000,0.5364,-0.1238,0.7673,3.8779,141.0763,-12.8473
536.0000,0.5076,-0.1111,0.7830,9.7710,144.0382,-12.8931
528.0000,0.4834,-0.0881,0.7710,14.0153,144.5878,-13.1603
483.0000,0.4570,-0.0640,0.7795,14.9771,143.3664,-14.1145
496.0000,0.4519,-0.0317,0.7744,14.3359,143.8702,-14.6336
529.0000,0.4211,0.0037,0.7507,7.6718,140.8397,-14.8321
462.0000,0.4216,0.0122,0.7231,-3.7481,135.7863,-15.2977
491.0000,0.4377,-0.0159,0.7144,-14.7023,137.0763,-15.6794
556.0000,0.4246,0.0073,0.7036,-28.1679,127.3817,-13.1450
512.0000,0.3933,-0.0186,0.6768,-39.0840,126.5573,-13.4580
321.0000,0.3967,-0.0500,0.6958,-47.1679,122.6718,-12.3282
626.0000,0.4155,-0.0771,0.7578,-47.9771,120.9160,-11.9924
503.0000,0.4053,-0.1367,0.8354,-42.8092,121.7939,-11.6031
473.0000,0.3774,-0.1897,0.9336,-30.5344,124.5267,-10.9313
473.0000,0.3447,-0.2319,1.0281,-11.3130,129.5114,-10.9542
539.0000,0.3486,-0.1824,1.0352,10.2290,134.2443,-12.0382
488.0000,0.3455,-0.1321,1.0215,30.6107,133.5114,-14.5649
484.0000,0.3335,-0.0715,0.9714,45.6031,133.9237,-16.5114
509.0000,0.3188,0.0115,0.8833,46.6260,133.0687,-17.1450
479.0000,0.2791,0.0535,0.7976,31.4885,132.6794,-17.6870
438.0000,0.2568,0.0820,0.7368,4.9313,128.9695,-16.2366
555.0000,0.2422,0.0869,0.6782,-26.9771,124.3435,-14.1527
451.0000,0.2385,0.0271,0.7263,-53.2443,119.7710,-13.4580
530.0000,0.2168,-0.0369,0.8247,-68.0840,116.8168,-12.1145
581.0000,0.2095,-0.0935,0.9136,-70.6641,111.2977,-11.4275
523.0000,0.2349,-0.1743,1.0249,-62.0153,115.8244,-12.0916
408.0000,0.2007,-0.2566,1.1011,-33.1069,117.0000,-12.0458
589.0000,0.1826,-0.2234,1.1226,-9.8092,114.5115,-12.0992
508.0000,0.1787,-0.2087,1.1267,15.2366,115.0000,-12.6641
490.0000,0.1687,-0.1482,1.1099,30.7099,118.7634,-12.7328
486.0000,0.1387,-0.0642,1.0447,35.4962,118.8779,-11.9771
508.0000,0.1392,0.0227,0.9807,28.6641,117.4275,-11.9008
501.0000,0.1497,0.0950,0.8896,11.3664,116.2748,-11.8855
493.0000,0.1479,0.1301,0.7910,-9.0305,114.5038,-11.3435
506.0000,0.1519,0.1509,0.7148,-35.3435,109.7481,-10.7176
460.0000,0.1648,0.1174,0.6760,-61.9313,103.0534,-10.4656
419.0000,0.1704,0.0640,0.6533,-83.9542,100.8550,-9.5038
604.0000,0.1624,-0.0010,0.7126,-97.4657,98.6565,-7.8473
516.0000,0.1316,-0.1870,0.9150,-95.4122,98.5573,-7.0611
490.0000,0.0803,-0.3186,1.1299,-77.9695,107.2748,-4.4122
533.0000,0.0278,-0.3655,1.2153,-45.4198,112.2824,-2.0534
480.0000,0.0171,-0.3250,1.2727,-4.2290,114.5115,-1.7405
498.0000,0.0166,-0.2686,1.2834,38.9466,119.0153,-2.5191
508.0000,-0.0225,-0.1475,1.2422,69.9389,120.4962,-3.8321
494.0000,-0.0530,-0.0452,1.1685,78.6031,119.9008,-3.7939
475.0000,-0.1038,0.0496,1.0659,68.3130,117.4275,-2.0840
512.0000,-0.1404,0.1304,0.9744,41.3664,114.8473,0.6183
428.0000,-0.1807,0.1418,0.9426,12.4351,110.6260,2.9771
570.0000,-0.2161,0.1401,0.9512,-16.0916,101.3283,4.8244
515.0000,-0.2415,0.0608,1.0266,-35.3664,87.0840,6.0076
488.0000,-0.2529,-0.0322,1.1506,-45.0000,75.1374,7.4656
478.0000,-0.2554,-0.1311,1.2783,-40.2977,67.6947,9.0305
519.0000,-0.2412,-0.1755,1.3589,-28.4275,63.0916,11.0992
492.0000,-0.2532,-0.1982,1.3687,-13.5725,53.4656,11.7099
488.0000,-0.2104,-0.1829,1.3613,1.6412,50.4351,12.9313
480.0000,-0.2209,-0.1624,1.3376,16.9618,41.5420,13.0992
513.0000,-0.2126,-0.1008,1.2505,18.4198,39.0916,14.7405
501.0000,-0.2021,-0.0630,1.1853,7.7252,30.0382,16.0229
498.0000,-0.1897,-0.0493,1.1533,-2.5878,22.0229,16.4962
492.0000,-0.1538,-0.0618,1.1079,-14.6412,18.8397,17.0534
471.0000,-0.1287,-0.0515,1.1008,-20.5878,10.3588,16.3664
513.0000,-0.0786,-0.1038,1.0701,-29.3893,3.0992,15.2137
507.0000,-0.0408,-0.1470,1.0637,-30.5954,-1.6565,14.5267
501.0000,-0.0132,-0.1965,1.0681,-31.2672,-6.8092,13.6107
429.0000,0.0100,-0.2456,1.0942,-29.9084,-9.5573,13.0458
549.0000,0.0215,-0.2607,1.1128,-27.4351,-7.0611,13.0687
489.0000,0.0117,-0.2725,1.1235,-19.5114,-6.7328,12.1145
460.0000,0.0076,-0.2661,1.1140,-9.5649,-4.6718,10.4885
530.0000,-0.0083,-0.2378,1.0999,1.3206,-5.7023,8.3969
492.0000,-0.0054,-0.2112,1.0647,7.5267,-5.5420,6.2137
491.0000,-0.0046,-0.1880,1.0010,10.1679,-4.1145,4.3588
490.0000,-0.0244,-0.1636,0.9609,7.0840,-4.1679,3.0153
503.0000,-0.0317,-0.1460,0.9326,1.0687,-6.8244,1.8779
522.0000,-0.0413,-0.1492,0.9329,-5.2824,-9.0305,1.1908
460.0000,-0.0513,-0.1487,0.9412,-9.5954,-10.2443,0.4962
536.0000,-0.0669,-0.1587,0.9458,-11.3359,-12.3206,-0.4427
533.0000,-0.0596,-0.1655,0.9590,-10.1985,-15.4885,-1.4275
481.0000,-0.0679,-0.1721,0.9634,-8.3893,-17.3435,-2.0763
479.0000,-0.0676,-0.1621,0.9622,-6.5954,-18.1603,-2.3817
476.0000,-0.0684,-0.1514,0.9543,-6.2901,-18.6489,-2.1908
479.0000,-0.0671,-0.1321,0.9417,-6.2748,-18.7557,-1.8779
525.0000,-0.0662,-0.1243,0.9172,-5.6794,-18.8321,-1.9466
486.0000,-0.0720,-0.1121,0.9077,-6.5267,-20.0382,-2.0611
507.0000,-0.0571,-0.1062,0.8884,-6.8931,-20.6412,-1.9313
515.0000,-0.0496,-0.1118,0.8840,-7.7786,-20.6641,-1.5725
530.0000,-0.0461,-0.1167,0.9036,-8.1985,-19.9008,-1.2214
492.0000,-0.0405,-0.1379,0.9290,-7.2824,-19.2061,-0.8473
505.0000,-0.0583,-0.1301,0.9443,-5.1221,-18.5649,-0.5115
477.0000,-0.0591,-0.1265,0.9551,-2.5115,-17.2901,-0.3206
527.0000,-0.0613,-0.1260,0.9749,0.5954,-16.5267,-0.6947
522.0000,-0.0659,-0.1218,0.9849,2.6412,-16.0840,-0.5725
434.0000,-0.0850,-0.1230,1.0090,3.9237,-15.9466,-0.4198
527.0000,-0.1033,-0.1233,1.0425,4.0763,-15.8855,-0.1374
514.0000,-0.1189,-0.1243,1.0688,5.4198,-18.1069,-0.3435
481.0000,-0.1382,-0.1211,1.0959,5.7710,-20.5802,-0.7405
487.0000,-0.1543,-0.1216,1.1052,6.3435,-23.7176,-0.5802
529.0000,-0.1589,-0.1084,1.1001,6.8321,-28.7710,-0.6870
489.0000,-0.1570,-0.0957,1.1121,5.1985,-34.6641,-1.0611
504.0000,-0.1736,-0.1069,1.1287,1.1756,-39.9008,0.4046
477.0000,-0.1833,-0.1309,1.1465,-3.8397,-46.0458,2.3359
491.0000,-0.1702,-0.1487,1.1470,-8.3893,-53.4962,4.1603
528.0000,-0.1375,-0.1611,1.1755,-11.3130,-60.8779,5.5802
531.0000,-0.1155,-0.1650,1.2009,-11.2824,-67.8473,6.7176
489.0000,-0.0945,-0.1626,1.2375,-9.3053,-74.0458,7.3969
485.0000,-0.0955,-0.1687,1.2627,-6.0229,-81.4275,8.8626
463.0000,-0.0852,-0.1699,1.2578,-2.1527,-86.5191,10.8321
531.0000,-0.0596,-0.1746,1.2637,1.8931,-91.3664,12.2214
482.0000,-0.0540,-0.1836,1.2861,6.0076,-96.9313,14.4427
468.0000,-0.0425,-0.1765,1.2905,7.0992,-101.7634,17.1527
505.0000,-0.0203,-0.1682,1.2786,8.1069,-104.4122,19.7634
515.0000,-0.0042,-0.1504,1.2319,7.0840,-111.9695,22.0840
520.0000,0.0352,-0.1304,1.1890,7.5115,-116.9847,24.3969
503.0000,0.0403,-0.0920,1.1426,5.4656,-122.8168,26.9084
475.0000,0.0803,-0.0461,1.1365,-2.5878,-126.5038,28.0229
520.0000,0.0996,-0.0476,1.1191,-9.6260,-131.7710,28.5649
525.0000,0.1121,-0.0508,1.1240,-17.3817,-138.5114,28.7786
483.0000,0.1353,-0.0562,1.1646,-23.8244,-143.7252,27.9237
380.0000,0.1431,-0.0806,1.1697,-25.0763,-147.2519,25.8397
623.0000,0.1494,-0.0835,1.1404,-26.3206,-151.2214,24.6489
479.0000,0.1741,-0.1069,1.1479,-27.9771,-156.7863,22.0840
501.0000,0.1687,-0.1196,1.1724,-25.1679,-158.3740,20.3511
489.0000,0.1748,-0.1221,1.1843,-23.4351,-159.2366,17.9008
540.0000,0.1523,-0.1260,1.1345,-21.6031,-164.4351,16.0153
481.0000,0.1753,-0.1111,1.0718,-20.8702,-166.4351,13.8702
487.0000,0.1794,-0.1287,1.0417,-19.6565,-169.8397,12.3740
607.0000,0.1860,-0.1287,0.9805,-18.2061,-172.1298,11.8550
543.0000,0.1882,-0.1494,0.9697,-20.3282,-178.2290,11.7939
425.0000,0.2048,-0.1716,1.0029,-23.5496,-182.2061,11.9924
507.0000,0.2466,-0.1462,0.9880,-20.6641,-178.3893,12.0000
476.0000,0.2197,-0.1165,0.9102,-25.2519,-186.8244,11.5802
525.0000,0.2583,-0.0925,0.8828,-24.3435,-192.1374,10.4656
401.0000,0.2637,-0.0916,0.8486,-23.2366,-196.2901,10.5267
572.0000,0.2834,-0.0872,0.8274,-24.0916,-199.9542,10.6565
272.0000,0.3022,-0.0876,0.8059,-26.4809,-201.5114,10.9160
601.0000,0.3174,-0.0698,0.7466,-31.1069,-205.4351,11.5038
488.0000,0.3552,-0.0845,0.7129,-33.8626,-207.8702,11.3740
452.0000,0.3635,-0.0852,0.6650,-34.7786,-208.8168,11.5954
500.0000,0.3862,-0.0857,0.6279,-35.9084,-210.0458,11.7710
591.0000,0.4067,-0.1143,0.6216,-34.9237,-209.8015,12.2672
454.0000,0.4275,-0.1719,0.6516,-32.8015,-207.3511,12.6718
542.0000,0.4370,-0.1873,0.6177,-30.0840,-206.0305,13.3053
332.0000,0.4568,-0.1772,0.6284,-26.0763,-204.5802,13.0305
561.0000,0.4673,-0.2305,0.6577,-21.0458,-201.5649,11.4198
340.0000,0.4800,-0.1895,0.5925,-13.5649,-200.2061,10.9618
595.0000,0.4973,-0.1699,0.5037,-9.3130,-202.0382,8.8855
474.0000,0.5171,-0.1733,0.4583,-6.3511,-202.5191,7.1832
484.0000,0.5466,-0.2034,0.4912,-7.0000,-199.0076,5.5420
329.0000,0.5564,-0.1660,0.4324,-12.1069,-195.4351,4.8168
515.0000,0.6047,-0.1631,0.3479,-18.6107,-188.9618,1.7328
480.0000,0.5361,-0.1594,0.2593,-27.5420,-204.0229,3.8702
335.0000,0.6257,-0.1467,0.2354,-33.6031,-199.5802,1.6107
741.0000,0.6184,-0.1609,0.1826,-37.0229,-196.2290,2.2214
429.0000,0.6304,-0.1562,0.1484,-45.5573,-200.9389,1.7176
322.0000,0.6604,-0.1636,0.1812,-49.9618,-201.3664,0.3664
600.0000,0.7068,-0.1792,0.2302,-57.6489,-195.5572,0.9160
561.0000,0.7139,-0.1614,0.2598,-63.3740,-195.0687,-0.2061
435.0000,0.7427,-0.1863,0.2864,-58.6107,-191.5725,-1.5344
430.0000,0.7559,-0.2332,0.3032,-51.9771,-184.1145,-1.9618
556.0000,0.7581,-0.2229,0.2695,-42.2214,-179.6336,-1.2748
456.0000,0.7546,-0.2437,0.2217,-26.9466,-176.2901,-0.6565
512.0000,0.7783,-0.2522,0.2097,-10.8321,-170.9618,0.1985
529.0000,0.7693,-0.2261,0.1294,4.7786,-168.7252,1.6107
496.0000,0.7813,-0.2004,0.0542,16.9313,-170.2061,2.8702
674.0000,0.8071,-0.1797,0.0139,26.5725,-165.5878,3.5649
499.0000,0.8140,-0.1658,-0.0017,32.3740,-160.6794,4.2519
457.0000,0.8374,-0.1814,0.0242,35.2901,-155.0305,4.1832
460.0000,0.8552,-0.2112,-0.0071,37.3817,-149.8015,3.8931
646.0000,0.8801,-0.2126,-0.0554,38.5725,-141.4656,4.0382
457.0000,0.8901,-0.2253,-0.0798,39.3969,-134.1908,4.1832
451.0000,0.9119,-0.2388,-0.1021,39.7252,-126.7786,3.3664
465.0000,0.9622,-0.2603,-0.0730,42.8931,-117.0687,2.7786
612.0000,0.9312,-0.2654,-0.1365,39.1756,-111.8168,2.2137
446.0000,0.9524,-0.2573,-0.1731,37.3817,-100.6794,0.9771
477.0000,0.9697,-0.2734,-0.1931,39.2061,-91.0458,-0.0229
547.0000,0.9817,-0.2720,-0.2083,39.6718,-81.5573,-1.7328
778.0000,0.9983,-0.2620,-0.2141,43.0992,-71.2901,-3.0076
535.0000,0.9976,-0.2800,-0.2278,47.4733,-61.9847,-4.6947
510.0000,0.9780,-0.3203,-0.2649,52.2595,-52.1374,-4.5725
539.0000,0.9900,-0.2639,-0.2817,56.9771,-46.5344,-7.2901
475.0000,1.0002,-0.2651,-0.2656,43.8931,-34.0763,-7.1832
478.0000,0.9697,-0.2512,-0.3042,44.7786,-26.3435,-7.1069
585.0000,0.9775,-0.2393,-0.3333,40.5954,-17.5649,-8.0840
417.0000,0.9619,-0.2642,-0.3250,39.5420,-10.6794,-8.3740
375.0000,0.9431,-0.2283,-0.3386,37.6565,-9.8550,-8.3893
509.0000,0.9612,-0.2400,-0.3440,32.4198,1.4962,-8.0458
452.0000,0.9502,-0.2478,-0.3223,18.2290,7.7252,-7.2824
667.0000,0.9497,-0.2312,-0.2876,9.8015,12.6870,-7.0153
513.0000,0.9734,-0.2341,-0.2590,5.2443,24.4885,-7.1145
495.0000,0.9478,-0.2397,-0.2043,3.4046,29.5038,-7.0000
598.0000,0.9492,-0.2603,-0.1890,5.8092,30.9389,-6.9771
471.0000,0.9536,-0.2388,-0.1672,-2.5878,36.7634,-7.3664
565.0000,0.9497,-0.2397,-0.1470,-5.2672,43.8397,-7.4122
375.0000,0.9556,-0.2544,-0.1350,-11.3282,51.3740,-7.8550
673.0000,0.9597,-0.2456,-0.1086,-19.0000,59.2443,-8.6412
456.0000,0.9568,-0.2422,-0.0879,-25.2595,67.0763,-8.8321
447.0000,0.9548,-0.2546,-0.0730,-27.7328,72.9160,-10.0076
373.0000,0.9485,-0.2400,-0.0486,-23.5954,74.2214,-11.5573
614.0000,0.9504,-0.2378,-0.0566,-18.0382,74.6565,-13.2214
469.0000,0.9543,-0.2278,-0.0649,-11.8550,75.3893,-14.8397
464.0000,0.9485,-0.2139,-0.0642,-8.9466,77.5344,-16.0382
510.0000,0.9497,-0.1948,-0.0791,-12.9084,80.8397,-17.2824
474.0000,0.9338,-0.1931,-0.0742,-15.9924,85.7023,-17.7634
379.0000,0.9292,-0.2017,-0.0417,-18.8397,92.4886,-18.2824
587.0000,0.9268,-0.1929,-0.0085,-21.8092,96.2672,-18.7099
484.0000,0.9326,-0.1897,0.0078,-21.0763,101.3740,-18.5267
487.0000,0.9373,-0.2107,0.0579,-19.6489,107.4351,-19.1603
490.0000,0.9292,-0.1953,0.0962,-19.2977,113.9389,-18.8244
507.0000,0.9314,-0.1831,0.1152,-18.0687,121.0458,-19.3664
495.0000,0.9346,-0.1938,0.1758,-17.7634,129.4275,-19.8702
526.0000,0.9265,-0.1924,0.1963,-19.1603,138.8168,-20.2443
530.0000,0.9138,-0.1709,0.1804,-19.0153,146.3969,-20.7786
477.0000,0.8926,-0.1677,0.1646,-16.8244,151.1756,-21.0611
504.0000,0.8696,-0.1553,0.1238,-14.4656,155.8015,-20.8321
407.0000,0.8533,-0.1509,0.1287,-13.4046,159.5954,-20.3817
584.0000,0.8264,-0.1523,0.1050,-13.4198,160.7863,-19.7252
470.0000,0.8003,-0.1604,0.1013,-14.2443,160.7710,-19.0687
488.0000,0.7844,-0.2021,0.1201,-26.2901,168.7863,-17.1145
351.0000,0.7881,-0.1755,0.2559,-21.3664,165.7557,-17.8473
628.0000,0.7561,-0.1746,0.2754,-13.9924,158.7176,-15.9924
485.0000,0.7725,-0.1611,0.2861,-11.2672,156.6412,-16.2366
491.0000,0.7754,-0.1853,0.3665,-1.3130,158.1985,-17.1603
497.0000,0.7529,-0.1702,0.3821,5.1679,156.7252,-17.2672
495.0000,0.7520,-0.1443,0.3865,6.1679,154.3206,-18.2977
519.0000,0.7512,-0.1223,0.3684,6.8931,154.7099,-18.6336
483.0000,0.7310,-0.0994,0.3494,4.3740,156.0534,-19.0076
416.0000,0.6982,-0.1108,0.3921,-3.1908,156.5343,-19.4198
593.0000,0.6824,-0.1145,0.4106,-13.6947,155.5343,-18.7939
530.0000,0.6677,-0.1294,0.4146,-21.6870,156.0916,-18.4885
480.0000,0.6509,-0.1379,0.4624,-28.2137,155.5572,-18.1832
477.0000,0.6277,-0.1382,0.5164,-31.0458,152.6947,-18.2595
529.0000,0.6301,-0.1528,0.5693,-29.7634,150.2366,-18.4046
490.0000,0.6094,-0.1624,0.5750,-24.7328,147.9313,-18.4046
488.0000,0.6145,-0.1638,0.5923,-17.4733,145.8397,-18.5878
503.0000,0.6138,-0.1580,0.5884,-11.3664,144.2061,-18.6183
504.0000,0.6052,-0.1411,0.5718,-7.3588,142.6183,-18.5496
282.0000,0.5947,-0.1267,0.5491,-7.7634,140.4886,-17.8397
573.0000,0.5854,-0.1018,0.5173,-11.9847,139.3359,-16.8015
469.0000,0.5725,-0.0991,0.5393,-20.0916,138.9466,-15.0611
445.0000,0.5691,-0.1658,0.6660,-26.3435,140.8702,-14.3359
549.0000,0.5432,-0.1863,0.7451,-27.6718,143.2901,-12.6947
534.0000,0.5269,-0.1648,0.7542,-25.2977,144.7023,-11.6718
500.0000,0.5208,-0.1680,0.7876,-17.2672,147.0382,-12.3588
511.0000,0.4990,-0.1453,0.8054,-7.5267,146.3435,-12.6565
489.0000,0.4824,-0.1306,0.7996,0.6336,145.0687,-12.7557
485.0000,0.4685,-0.1240,0.8049,4.2672,145.4198,-13.4275
508.0000,0.4553,-0.1035,0.7712,4.8015,145.6565,-12.5573
518.0000,0.4526,-0.0715,0.7231,0.3435,143.9389,-12.9771
424.0000,0.4214,-0.0854,0.6855,-6.1832,138.5267,-11.5344
448.0000,0.4324,-0.0691,0.6274,-14.9160,137.9237,-10.7710
546.0000,0.4102,-0.0664,0.5984,-25.9313,134.1603,-9.2061
463.0000,0.4163,-0.0950,0.6523,-35.4656,132.0153,-8.3359
637.0000,0.3945,-0.1782,0.7468,-39.8092,135.7481,-6.8550
494.0000,0.4023,-0.2312,0.8325,-28.3435,144.1145,-5.0458
483.0000,0.3879,-0.2532,0.9878,-19.4504,141.0229,-4.8168
485.0000,0.3804,-0.2976,1.0847,4.3664,146.3664,-6.0992
537.0000,0.3662,-0.2820,1.1287,37.8321,152.4962,-7.4198
497.0000,0.3579,-0.2295,1.1208,61.7863,154.0153,-10.5573
495.0000,0.3613,-0.1853,1.0752,81.3893,157.2290,-13.8397
469.0000,0.3379,-0.1309,0.9741,90.3893,159.6107,-15.5115
536.0000,0.3022,-0.0579,0.8555,82.1985,164.0687,-16.0458
494.0000,0.2622,-0.0161,0.7529,66.4657,163.9924,-15.8168
422.0000,0.2070,0.0342,0.6563,43.4275,163.4733,-13.7328
585.0000,0.1606,0.0688,0.5664,12.1145,153.1908,-11.7481
532.0000,0.1707,0.0679,0.5955,-14.7252,144.7939,-10.5267
472.0000,0.1455,-0.0254,0.6921,-34.3053,133.6031,-7.2824
495.0000,0.1423,-0.0591,0.7976,-43.7634,130.0534,-4.9542
478.0000,0.1182,-0.1099,0.8906,-46.6565,123.3588,-2.2061
492.0000,0.1023,-0.1479,0.9890,-37.5344,117.7176,-0.8168
505.0000,0.1343,-0.1777,1.0610,-23.4733,116.1374,-0.0305
422.0000,0.0977,-0.1638,1.1011,-5.1679,114.0916,0.1069
564.0000,0.0781,-0.1401,1.1030,8.4656,114.4580,0.0458
419.0000,0.0764,-0.1204,1.0876,13.5725,113.7481,0.1603
548.0000,0.0374,-0.1094,1.0876,16.5038,114.9237,0.6260
479.0000,0.0334,-0.0764,1.0730,11.5649,116.6107,1.2366
510.0000,0.0205,-0.0579,1.0869,5.7328,116.5115,0.4275
468.0000,0.0042,-0.0569,1.1035,2.0305,115.5420,-0.3588
515.0000,-0.0093,-0.0308,1.1062,1.7710,114.6489,-2.0840
496.0000,-0.0259,-0.0396,1.0840,0.2519,110.0458,-3.5802
452.0000,-0.0417,-0.0571,1.0835,-3.1679,105.3740,-3.9847
572.0000,-0.0410,-0.0493,1.0720,-8.6565,102.6565,-4.0840
477.0000,-0.0408,-0.0730,1.0781,-10.0916,104.1221,-4.2061
549.0000,-0.0725,-0.0786,1.0706,-16.2672,99.8779,-3.7252
491.0000,-0.0894,-0.1069,1.0967,-13.5344,93.3206,-2.9237
503.0000,-0.0964,-0.1311,1.1223,-8.8168,90.3817,-2.0611
471.0000,-0.1284,-0.1301,1.1274,-3.8931,86.4428,-1.3359
505.0000,-0.1284,-0.1208,1.1387,0.8321,82.7252,-0.6489
565.0000,-0.1047,-0.1023,1.1084,1.1679,76.8931,-0.3511
503.0000,-0.1064,-0.1011,1.1157,1.4962,75.8473,0.4885
479.0000,-0.1064,-0.1028,1.1169,0.4275,71.2519,0.6031
516.0000,-0.1221,-0.0881,1.0962,-3.5878,66.5038,1.9084
547.0000,-0.1262,-0.0967,1.0986,-7.7099,62.6870,2.6947
406.0000,-0.1294,-0.1069,1.1045,-8.2824,58.3740,3.1679
563.0000,-0.1433,-0.1177,1.1035,-9.5115,54.4427,3.9695
514.0000,-0.1555,-0.1091,1.1118,-6.3588,48.7634,3.9618
494.0000,-0.1606,-0.1306,1.1326,-8.1985,43.8702,3.9237
459.0000,-0.1445,-0.1423,1.1724,-6.2519,42.9160,4.0992
500.0000,-0.1519,-0.1348,1.1626,-4.2366,41.0458,4.9008
496.0000,-0.1362,-0.1150,1.1343,-2.9618,36.6107,4.5954
483.0000,-0.1355,-0.1243,1.0969,-1.6260,29.0153,4.2824
486.0000,-0.1116,-0.1223,1.0596,-3.3130,24.3893,4.2366
518.0000,-0.1111,-0.1160,1.0325,-6.4122,21.6107,4.8092
504.0000,-0.0930,-0.1304,1.0208,-11.4351,17.9008,4.9695
503.0000,-0.0918,-0.1404,1.0220,-15.0687,13.8473,5.2366
513.0000,-0.0823,-0.1692,1.0447,-15.5725,11.4656,5.2901
473.0000,-0.0876,-0.1821,1.0510,-13.4046,10.0992,5.6565
512.0000,-0.0793,-0.1753,1.0674,-8.3588,8.0687,4.7634
494.0000,-0.0811,-0.1726,1.0591,-3.2901,5.9237,3.8397
507.0000,-0.0715,-0.1606,1.0352,0.1145,4.9084,3.2137
463.0000,-0.0608,-0.1533,1.0342,1.8244,5.1679,2.9313
508.0000,-0.0679,-0.1343,1.0166,1.4427,4.3053,2.7481
477.0000,-0.0806,-0.1289,1.0017,-0.2366,4.0687,2.2977
474.0000,-0.0850,-0.1152,0.9795,-2.3053,3.2519,2.0611
560.0000,-0.0952,-0.1140,0.9749,-4.4809,2.1374,1.6870
511.0000,-0.1018,-0.1262,0.9614,-6.2061,0.1221,1.1679
503.0000,-0.1018,-0.1326,0.9763,-7.0840,-1.1374,1.0916
507.0000,-0.1021,-0.1255,0.9753,-7.4275,-1.8244,0.6031
529.0000,-0.1152,-0.1321,0.9751,-7.1069,-2.4351,0.5802
498.0000,-0.1138,-0.1399,0.9834,-6.3053,-4.0000,0.1374
531.0000,-0.1150,-0.1411,0.9907,-4.7939,-5.0153,-0.0611
476.0000,-0.1147,-0.1311,0.9746,-2.9618,-5.3893,-0.3282
501.0000,-0.1204,-0.1267,0.9707,-1.7176,-6.4122,-0.6641
508.0000,-0.1250,-0.1213,0.9707,-1.4580,-8.1145,-0.8473
496.0000,-0.1143,-0.1101,0.9670,-1.1298,-9.2595,-1.1527
518.0000,-0.1201,-0.1177,0.9739,-1.8473,-10.3359,-1.0687
490.0000,-0.1135,-0.1191,0.9868,-1.8168,-11.9160,-1.3435
520.0000,-0.1101,-0.1194,0.9915,-1.8168,-13.6260,-1.5191
518.0000,-0.1204,-0.1160,0.9941,-1.7023,-15.0687,-1.5802
479.0000,-0.1196,-0.1189,0.9934,-1.4275,-16.2061,-1.5420
520.0000,-0.1099,-0.1096,0.9851,-1.5496,-18.3511,-1.6565
519.0000,-0.1028,-0.1123,0.9814,-2.2824,-20.7710,-1.9313
493.0000,-0.1003,-0.1223,0.9875,-2.9008,-22.9313,-1.7863
504.0000,-0.1003,-0.1306,1.0022,-3.3511,-24.5191,-1.6260
506.0000,-0.1003,-0.1301,1.0156,-3.3664,-26.1985,-1.2366
449.0000,-0.1094,-0.1287,1.0273,-2.6489,-27.7481,-1.5420
489.0000,-0.1086,-0.1372,1.0398,-1.6183,-29.6794,-1.5649
530.0000,-0.1025,-0.1287,1.0437,-0.4885,-32.2366,-1.8321
488.0000,-0.1003,-0.1184,1.0454,-0.2595,-34.5496,-1.8550
519.0000,-0.0938,-0.1143,1.0359,-1.0153,-36.9771,-2.1527
489.0000,-0.0852,-0.1091,1.0183,-2.5344,-39.8855,-2.2214
482.0000,-0.0823,-0.1047,1.0266,-5.1221,-42.6794,-2.0382
515.0000,-0.0754,-0.1230,1.0286,-7.2824,-44.9695,-1.7557
471.0000,-0.0818,-0.1570,1.0522,-9.5573,-47.2061,-1.1374
511.0000,-0.0793,-0.1814,1.0762,-8.5573,-49.3664,-0.9695
517.0000,-0.0859,-0.2029,1.1396,-6.3511,-50.6565,-0.4504
445.0000,-0.1038,-0.2202,1.1975,-1.6183,-52.2137,-0.9618
557.0000,-0.1211,-0.1873,1.2012,6.7252,-53.6031,-1.3053
544.0000,-0.1040,-0.1348,1.1543,13.1985,-57.5802,-2.3435
475.0000,-0.0798,-0.0767,1.1165,16.4504,-63.4198,-4.2977
470.0000,-0.0747,-0.0410,1.0615,14.1069,-67.7328,-3.9847
515.0000,-0.0413,-0.0029,0.9836,5.0992,-72.0763,-3.1603
550.0000,-0.0149,-0.0085,0.9500,-8.6718,-78.5878,-2.2366
461.0000,0.0000,-0.0461,0.9658,-21.1298,-83.1679,0.3511
506.0000,0.0042,-0.0930,0.9888,-29.6641,-86.5878,2.7786
502.0000,0.0051,-0.1189,1.0249,-33.0000,-89.2672,5.7176
518.0000,0.0164,-0.1599,1.0889,-27.5878,-95.0916,7.7557
519.0000,-0.0002,-0.1824,1.1179,-19.2672,-101.0916,9.6565
480.0000,0.0254,-0.1902,1.1533,-9.8015,-99.8244,11.6489
489.0000,0.0354,-0.1670,1.1731,-0.9389,-98.0534,12.7481
510.0000,0.0378,-0.1323,1.1736,5.5115,-97.9618,12.9389
508.0000,0.0208,-0.1143,1.1475,11.1069,-104.1908,13.4198
414.0000,0.0522,-0.0627,1.1326,7.9008,-108.4428,13.2366
549.0000,0.0469,-0.0286,1.0730,-2.4885,-106.0992,13.4733
481.0000,0.0461,-0.0383,1.0178,-12.5573,-112.8702,13.3817
541.0000,0.0684,-0.0627,1.0344,-24.0458,-117.2977,12.9695
483.0000,0.0576,-0.0803,1.0166,-32.4504,-122.2061,13.4504
410.0000,0.0906,-0.1089,1.0208,-38.4427,-127.2901,13.7252
557.0000,0.1011,-0.1211,1.0569,-38.8702,-132.7786,13.0382
476.0000,0.1077,-0.1646,1.1284,-36.2519,-135.0534,12.1069
420.0000,0.0945,-0.1829,1.1699,-28.1298,-137.1679,11.8092
537.0000,0.0984,-0.1692,1.1611,-21.8092,-140.7023,11.6947
502.0000,0.1204,-0.1497,1.1255,-15.1374,-146.7633,10.8550
512.0000,0.1465,-0.1362,1.0767,-10.0611,-147.1985,10.6412
505.0000,0.1528,-0.1294,1.0593,-9.6107,-151.9313,11.0382
545.0000,0.1653,-0.1162,1.0254,-12.3969,-154.2748,11.0992
464.0000,0.1677,-0.1145,0.9910,-15.8397,-157.4733,12.5725
455.0000,0.1665,-0.1301,0.9792,-17.4809,-162.3130,13.4580
519.0000,0.1946,-0.1267,0.9807,-20.0916,-164.9084,14.6336
444.0000,0.2244,-0.1177,0.9751,-22.3282,-165.5267,14.7634
448.0000,0.2065,-0.1208,0.9707,-19.7328,-170.6336,15.8168
534.0000,0.2175,-0.1294,0.9807,-18.8473,-172.5267,15.8550
615.0000,0.2480,-0.1445,0.9844,-19.0382,-176.7633,16.5191
454.0000,0.2766,-0.1426,0.9387,-16.0000,-178.7176,16.2748
408.0000,0.2866,-0.1663,0.9316,-16.0916,-181.2137,15.4046
541.0000,0.3037,-0.1616,0.8977,-14.2061,-185.7786,15.7328
491.0000,0.3406,-0.1580,0.8650,-13.4733,-188.2137,15.4122
505.0000,0.3767,-0.1580,0.8367,-12.3206,-190.0305,14.6183
520.0000,0.3904,-0.1533,0.7817,-14.1908,-193.5572,14.0611
433.0000,0.4160,-0.1345,0.7244,-17.5038,-195.4733,13.1832
476.0000,0.4312,-0.1443,0.6953,-23.0305,-196.1374,11.8168
639.0000,0.4492,-0.1499,0.6672,-29.8779,-198.2977,10.9618
447.0000,0.4639,-0.1577,0.6758,-35.7710,-199.0382,9.5878
625.0000,0.4819,-0.1758,0.6926,-39.9924,-198.1603,8.0458
473.0000,0.4993,-0.1758,0.6465,-41.3664,-198.1832,6.8015
460.0000,0.5151,-0.1702,0.5972,-42.5038,-199.3053,5.2672
532.0000,0.5317,-0.2053,0.5886,-42.5802,-200.2061,3.2137
468.0000,0.5527,-0.2173,0.5393,-40.4733,-200.0916,2.6870
547.0000,0.5635,-0.2361,0.4817,-40.4809,-200.3969,1.8397
457.0000,0.5535,-0.2354,0.4502,-41.3359,-202.4504,1.1908
355.0000,0.5789,-0.2314,0.4158,-43.1832,-202.1221,0.5573
657.0000,0.6118,-0.2305,0.3237,-35.6412,-197.8931,0.5573
543.0000,0.6130,-0.2192,0.2813,-37.8244,-202.7176,-0.4122
409.0000,0.6465,-0.2615,0.2988,-31.6260,-202.6794,-2.5267
558.0000,0.6614,-0.2776,0.3064,-28.6489,-200.0611,-2.9237
433.0000,0.6667,-0.2593,0.2747,-27.0840,-197.2443,-3.4885
545.0000,0.6753,-0.2676,0.2590,-23.4809,-195.1756,-5.3282
469.0000,0.7017,-0.2649,0.2305,-19.6183,-192.1298,-6.2519
603.0000,0.7190,-0.2576,0.1895,-14.7328,-189.2443,-8.2519
495.0000,0.7322,-0.2629,0.1675,-9.6489,-186.0458,-9.9924
472.0000,0.7571,-0.2900,0.1692,-6.4198,-182.1832,-12.1221
697.0000,0.7656,-0.2544,0.0791,-3.0840,-177.4656,-12.7863
386.0000,0.7810,-0.2583,0.0713,-1.2061,-171.6565,-14.2137
552.0000,0.7998,-0.2590,0.0176,1.5802,-166.7252,-15.7710
502.0000,0.8164,-0.2361,-0.0444,5.6412,-160.7481,-16.8397
449.0000,0.8274,-0.2622,-0.0332,11.4809,-155.6412,-17.9084
577.0000,0.8545,-0.2517,-0.0247,12.2901,-147.8931,-18.4809
402.0000,0.8760,-0.2024,-0.0708,15.6183,-142.0992,-18.5649
569.0000,0.8901,-0.2139,-0.0935,19.3435,-132.6488,-18.7405
512.0000,0.9062,-0.2046,-0.1128,25.5191,-123.5725,-18.6794
464.0000,0.9121,-0.1809,-0.1550,28.9160,-115.1450,-18.1298
518.0000,0.9180,-0.1750,-0.1570,28.3511,-107.5115,-18.2214
479.0000,0.9377,-0.1870,-0.1865,33.3511,-98.2824,-17.6031
799.0000,0.9360,-0.1697,-0.2461,34.4046,-88.3130,-15.6870
358.0000,0.9414,-0.1689,-0.2563,28.6031,-76.3359,-15.1756
458.0000,0.9531,-0.1807,-0.2664,26.6260,-65.4198,-13.9695
468.0000,0.9556,-0.1663,-0.2834,20.5038,-55.2824,-12.8168
535.0000,0.9705,-0.1501,-0.3096,14.8855,-43.2901,-11.6947
471.0000,0.9446,-0.1550,-0.3242,15.9313,-33.6794,-10.6718
406.0000,0.9602,-0.1445,-0.3074,13.8931,-23.9313,-9.8779
416.0000,0.9543,-0.1372,-0.3208,11.8397,-17.6412,-9.1374
530.0000,0.9011,-0.1538,-0.3477,7.0382,-14.6718,-7.8321
382.0000,0.9934,-0.1750,-0.2976,18.4275,0.8015,-7.9313
639.0000,0.9451,-0.0994,-0.3269,16.0076,7.0305,-5.6641
508.0000,0.9304,-0.1313,-0.3284,10.1069,13.6794,-3.8397
501.0000,0.9675,-0.1121,-0.2722,8.2595,20.7939,-3.7405
638.0000,0.9697,-0.1418,-0.2739,7.0305,33.7634,-1.7176
380.0000,0.9409,-0.1238,-0.2278,5.4351,39.9237,-1.0153
707.0000,0.9653,-0.1399,-0.2214,6.5649,45.4275,-0.3130
454.0000,0.9644,-0.1416,-0.1960,6.3588,53.4504,0.3588
489.0000,0.9590,-0.1438,-0.1814,6.1450,61.6718,0.4885
477.0000,0.9517,-0.1543,-0.1548,2.6031,66.4275,0.9695
611.0000,0.9602,-0.1609,-0.1433,0.0458,75.3664,1.0458
468.0000,0.9338,-0.1665,-0.1299,-2.1527,80.0687,1.4962
477.0000,0.9417,-0.1882,-0.0876,-6.2672,88.8397,1.6565
530.0000,0.9309,-0.1921,-0.0730,-11.2366,94.2443,1.2748
472.0000,0.9402,-0.1941,-0.0483,-11.7786,100.1908,0.7557
577.0000,0.9338,-0.2102,0.0100,-13.1069,105.2748,-0.4962
393.0000,0.9409,-0.2002,0.0449,-12.5649,109.0382,-1.9618
543.0000,0.9348,-0.2017,0.0525,-9.0305,111.8550,-3.4885
464.0000,0.9297,-0.2151,0.0610,-5.2290,114.7023,-5.7023
442.0000,0.9253,-0.2034,0.0601,0.0687,117.2443,-7.7710
635.0000,0.9080,-0.2031,0.0376,5.4275,118.2901,-9.6336
465.0000,0.9094,-0.2087,0.0452,10.9695,119.2977,-11.2824
470.0000,0.9001,-0.2100,0.0427,14.9695,120.7328,-12.2901
555.0000,0.8835,-0.1987,0.0369,17.5649,121.3588,-12.8092
480.0000,0.8723,-0.1875,0.0369,19.3053,122.9542,-13.2824
508.0000,0.8621,-0.1914,0.0596,19.4885,127.0382,-13.5878
544.0000,0.8530,-0.1897,0.1152,19.0916,130.8397,-13.6412
497.0000,0.8662,-0.1978,0.1912,18.1298,136.7176,-13.6412
491.0000,0.8652,-0.1841,0.2827,17.6565,142.9313,-13.9313
410.0000,0.8574,-0.1548,0.3174,21.6870,149.8626,-14.8702
532.0000,0.8350,-0.1404,0.3054,27.2137,154.8626,-15.7939
490.0000,0.8174,-0.1514,0.3416,31.3130,158.4580,-16.4046
490.0000,0.8220,-0.1609,0.4080,28.8244,166.9618,-17.3740
322.0000,0.7930,-0.1326,0.3877,30.5267,173.9771,-17.8092
662.0000,0.7478,-0.1125,0.3467,29.8321,175.7099,-18.1603
466.0000,0.7231,-0.1008,0.3032,25.2977,174.9008,-18.8626
428.0000,0.7024,-0.0950,0.2651,21.7786,174.0076,-18.8779
466.0000,0.6577,-0.0850,0.1978,14.8321,171.3969,-18.0687
691.0000,0.6350,-0.0613,0.1731,4.1069,166.3969,-16.5496
438.0000,0.6196,-0.0566,0.1987,-8.4580,163.1679,-15.2366
440.0000,0.6191,-0.1084,0.3359,-18.8015,162.9160,-14.1985
576.0000,0.6089,-0.1218,0.4155,-22.5267,163.6336,-13.0840
474.0000,0.6001,-0.1394,0.4822,-20.4046,165.0000,-12.6260
476.0000,0.5947,-0.1365,0.5347,-11.1527,166.6412,-12.7939
530.0000,0.5979,-0.1179,0.5649,0.9771,170.0153,-13.4656
489.0000,0.5913,-0.1448,0.6523,10.8168,175.2977,-14.9847
493.0000,0.5723,-0.1494,0.6699,18.0534,180.2366,-16.0153
507.0000,0.5388,-0.1113,0.6541,20.6336,185.3969,-17.1832
416.0000,0.5154,-0.0823,0.5869,17.9847,188.6412,-18.4504
655.0000,0.4883,-0.0317,0.4954,12.8397,189.6641,-19.5725
426.0000,0.4578,-0.0149,0.4333,3.1603,189.2137,-19.7481
520.0000,0.4275,-0.0454,0.4180,-12.6718,186.3588,-19.8015
561.0000,0.3933,-0.0579,0.4485,-30.0000,182.7023,-18.6107