raw_emg,raw_ax,raw_ay,raw_az,raw_gx,raw_gy,raw_gz
81.0000,0.0110,-0.1357,0.8889,-2.0840,0.9847,-0.6947
101.0000,0.0020,-0.1340,0.8933,-2.0000,1.0840,-0.4656
247.0000,0.0037,-0.1301,0.8943,-1.6183,0.9389,-0.2977
163.0000,0.0051,-0.1255,0.8989,-1.6718,1.0534,-0.4046
147.0000,0.0054,-0.1382,0.8892,-1.6565,1.5115,-0.4656
207.0000,0.0012,-0.1343,0.8950,-1.5725,1.3359,-0.5496
206.0000,0.0088,-0.1309,0.8953,-1.7634,1.4580,-0.4809
139.0000,0.0063,-0.1350,0.8875,-1.5496,1.5267,-0.4351
212.0000,0.0020,-0.1387,0.8982,-1.6718,1.5267,-0.6565
241.0000,0.0034,-0.1362,0.9038,-1.6794,1.4580,-0.3740
128.0000,-0.0046,-0.1367,0.8972,-1.6183,1.5267,-0.5115
228.0000,-0.0005,-0.1365,0.8928,-1.2366,1.1450,-0.2748
262.0000,0.0007,-0.1299,0.9006,-1.2748,1.0992,-0.2824
136.0000,0.0010,-0.1299,0.8984,-1.6947,1.0534,-0.1298
190.0000,-0.0029,-0.1382,0.8950,-2.0076,0.9389,0.0458
234.0000,0.0007,-0.1208,0.8901,-2.1679,0.9542,-0.1298
189.0000,0.0017,-0.1338,0.8909,-2.4351,0.7710,0.1145
216.0000,0.0042,-0.1311,0.8928,-2.3817,0.8702,0.2443
287.0000,0.0083,-0.1355,0.9014,-2.3511,1.2901,-0.0458
161.0000,0.0073,-0.1360,0.9036,-2.3359,1.2443,0.0229
215.0000,0.0042,-0.1396,0.8984,-1.9008,1.4733,0.1145
211.0000,0.0071,-0.1382,0.9011,-1.8702,1.6336,-0.0305
207.0000,0.0037,-0.1433,0.8938,-1.8931,1.7328,0.0534
231.0000,-0.0046,-0.1409,0.8999,-1.9466,1.9618,-0.0153
267.0000,-0.0039,-0.1377,0.8979,-1.7252,2.0000,-0.0916
152.0000,-0.0105,-0.1326,0.9021,-1.8473,2.0000,-0.1679
224.0000,-0.0061,-0.1335,0.9001,-2.1221,1.8092,-0.3130
272.0000,0.0002,-0.1326,0.8958,-2.0076,1.7939,-0.2366
200.0000,-0.0081,-0.1438,0.9058,-1.7099,1.4962,-0.3817
222.0000,-0.0095,-0.1382,0.9041,-1.8473,1.2824,-0.2748
271.0000,-0.0002,-0.1333,0.8865,-2.2061,1.1832,-0.1832
216.0000,-0.0017,-0.1328,0.9082,-2.3817,1.0763,-0.3740
203.0000,-0.0007,-0.1326,0.9102,-2.1450,1.3588,-0.3893
279.0000,0.0012,-0.1292,0.9011,-2.2595,1.4427,-0.3740
192.0000,-0.0039,-0.1409,0.9001,-1.6870,1.3435,-0.4351
257.0000,0.0066,-0.1401,0.8982,-1.4656,1.4733,-0.3053
244.0000,-0.0020,-0.1409,0.8938,-0.3664,1.5573,-0.2443
252.0000,0.0015,-0.1340,0.8955,-0.2061,1.3206,0.1527
231.0000,-0.0012,-0.1365,0.8936,0.1527,1.5496,0.3053
252.0000,0.0098,-0.1343,0.8965,-0.1145,1.6565,-0.0153
239.0000,-0.0024,-0.1282,0.9121,-0.2748,1.1374,0.4427
277.0000,0.0061,-0.1377,0.9211,-0.2519,1.0763,0.4198
232.0000,-0.0012,-0.1399,0.9226,-0.0916,0.6565,0.6412
267.0000,0.0012,-0.1328,0.9312,-0.0763,0.5496,0.5725
233.0000,0.0029,-0.1357,0.9343,-0.8168,0.2595,0.5725
289.0000,-0.0046,-0.1353,0.9221,-0.6947,-0.1221,0.5878
244.0000,-0.0044,-0.1353,0.9163,-0.7710,-0.7939,0.3511
254.0000,-0.0061,-0.1318,0.9250,-0.5191,-0.8779,0.1069
237.0000,-0.0039,-0.1296,0.9226,-1.0687,-1.4656,0.1908
219.0000,0.0034,-0.1272,0.9243,-1.3359,-2.1221,-0.1298
248.0000,-0.0046,-0.1316,0.9429,-1.9313,-2.5115,-0.1985
265.0000,-0.0010,-0.1292,0.9512,-2.1603,-2.7405,-0.4351
283.0000,-0.0088,-0.1265,0.9434,-2.2824,-3.2519,-0.5420
278.0000,-0.0029,-0.1240,0.9534,-2.2595,-3.6947,-0.6260
264.0000,-0.0059,-0.1309,0.9531,-2.2214,-4.3053,-0.6336
265.0000,-0.0063,-0.1279,0.9724,-1.9695,-4.8015,-0.7099
248.0000,-0.0073,-0.1313,0.9712,-1.7328,-5.3588,-0.7939
300.0000,-0.0195,-0.1223,0.9944,-1.3740,-6.3282,-0.7939
307.0000,-0.0303,-0.1257,1.0007,-0.7710,-7.6412,-0.6947
236.0000,-0.0254,-0.1255,0.9939,-0.4504,-8.8702,-0.6489
323.0000,-0.0334,-0.1355,1.0103,-0.0611,-10.4733,-0.5649
267.0000,-0.0574,-0.1284,0.9954,0.4427,-12.2214,-0.4351
285.0000,-0.0566,-0.1211,1.0044,0.1221,-14.6565,-0.6260
280.0000,-0.0623,-0.1226,1.0007,-0.3206,-16.7405,-0.2443
248.0000,-0.0662,-0.1196,1.0190,-0.8092,-19.1298,-0.6336
306.0000,-0.0688,-0.1191,1.0283,-1.1756,-21.5191,-0.3740
323.0000,-0.0664,-0.1223,1.0413,-1.7939,-24.2748,-0.2290
263.0000,-0.0613,-0.1384,1.0618,-1.3588,-26.4198,-0.4427
343.0000,-0.0657,-0.1382,1.0706,-1.1908,-28.4275,-0.4885
315.0000,-0.0615,-0.1335,1.0618,-0.2137,-30.9847,-0.7099
288.0000,-0.0591,-0.1411,1.0610,-0.2977,-33.3893,-0.7481
269.0000,-0.0544,-0.1389,1.0676,-0.5573,-35.8168,-0.7710
334.0000,-0.0491,-0.1414,1.0579,-0.3359,-38.5802,-0.9466
340.0000,-0.0337,-0.1357,1.0425,-0.0305,-41.3435,-1.3740
287.0000,-0.0322,-0.1362,1.0432,0.2748,-43.0687,-2.0611
294.0000,-0.0356,-0.1504,1.0544,1.9466,-45.2137,-2.4733
328.0000,-0.0344,-0.1384,1.0759,2.5191,-48.1679,-2.5878
306.0000,-0.0305,-0.1338,1.0842,2.1985,-51.5649,-2.7786
309.0000,-0.0295,-0.1433,1.0928,2.1527,-54.2137,-3.1527
236.0000,-0.0361,-0.1426,1.1135,2.7710,-56.9313,-3.7099
340.0000,-0.0334,-0.1479,1.1287,3.1679,-60.4580,-4.2595
348.0000,-0.0259,-0.1462,1.1365,3.0763,-63.1221,-4.5496
338.0000,-0.0288,-0.1445,1.1516,3.2672,-66.7557,-5.0000
280.0000,-0.0249,-0.1514,1.1714,4.3511,-70.6870,-5.8550
356.0000,-0.0178,-0.1404,1.1772,4.1679,-74.6489,-6.0000
269.0000,-0.0125,-0.1138,1.1353,2.7786,-80.3817,-6.4656
350.0000,-0.0022,-0.1140,1.1243,0.6641,-85.5496,-7.4046
358.0000,0.0061,-0.1101,1.0818,-1.4962,-90.6412,-7.9695
339.0000,0.0461,-0.1038,1.0393,-4.5267,-95.4886,-8.9695
235.0000,0.0566,-0.1213,1.0300,-7.0458,-102.6107,-9.9618
387.0000,0.0742,-0.1335,1.0430,-9.1145,-106.5267,-10.3359
314.0000,0.0991,-0.1455,1.0283,-11.4275,-110.6031,-10.2137
316.0000,0.1211,-0.1611,1.0403,-11.3588,-114.9160,-10.8168
344.0000,0.1465,-0.1785,1.0579,-9.7328,-117.7099,-11.2443
363.0000,0.1758,-0.1697,1.0664,-9.3435,-120.0534,-11.7481
321.0000,0.2046,-0.1560,1.0642,-9.1145,-123.4733,-12.2519
299.0000,0.2178,-0.1689,1.0710,-7.5267,-125.6947,-12.9542
334.0000,0.2351,-0.1587,1.0386,-7.5191,-127.6489,-13.3435
374.0000,0.2563,-0.1528,1.0266,-8.6565,-130.3053,-13.9008
378.0000,0.2727,-0.1560,0.9768,-9.0076,-132.4962,-14.8397
258.0000,0.2944,-0.1724,0.9434,-8.9008,-134.0382,-15.4885
393.0000,0.2898,-0.1475,0.9089,-10.3664,-135.9237,-15.7557
317.0000,0.3115,-0.1753,0.9165,-10.6412,-137.8855,-17.2214
216.0000,0.2954,-0.1895,0.8857,-8.5649,-141.2443,-17.1908
359.0000,0.3245,-0.1650,0.8740,-8.0458,-141.2443,-17.1527
323.0000,0.3457,-0.1602,0.8779,-8.3282,-143.1832,-17.9924
322.0000,0.3315,-0.1582,0.8452,-7.7328,-145.8397,-18.3130
390.0000,0.3398,-0.1313,0.7974,-11.2214,-150.0305,-18.1450
283.0000,0.3591,-0.1309,0.7876,-13.9618,-152.0687,-18.3740
302.0000,0.3171,-0.1399,0.8721,-20.4351,-136.6336,-16.9160
364.0000,0.4006,-0.1245,0.7888,-19.2824,-157.5420,-16.0458
352.0000,0.4429,-0.1094,0.7551,-19.0534,-153.4656,-14.6870
301.0000,0.3872,-0.0894,0.7056,-22.6870,-158.4427,-13.5191
356.0000,0.4033,-0.0874,0.6633,-21.6947,-164.7481,-12.2595
346.0000,0.4517,-0.0730,0.6587,-23.6565,-164.0611,-11.3282
402.0000,0.4604,-0.0518,0.6519,-24.7328,-161.5649,-10.1069
261.0000,0.4565,-0.0483,0.6379,-26.3740,-161.8550,-8.9160
390.0000,0.4817,-0.0596,0.6392,-26.5191,-162.3588,-8.4580
422.0000,0.4971,-0.0854,0.6277,-25.1221,-159.1832,-7.1527
258.0000,0.5056,-0.0786,0.5757,-24.0916,-156.4809,-5.1756
301.0000,0.5381,-0.1138,0.5796,-20.0916,-153.9924,-5.0000
378.0000,0.5493,-0.1421,0.5916,-13.7023,-149.9771,-4.1679
297.0000,0.5498,-0.1121,0.5769,-8.1221,-144.8550,-3.4427
358.0000,0.5684,-0.0886,0.5410,-3.3969,-142.0000,-3.5496
413.0000,0.5686,-0.0811,0.5334,0.4809,-139.3435,-4.0458
321.0000,0.5901,-0.0393,0.5115,0.6183,-136.1374,-3.6794
352.0000,0.5930,-0.0386,0.4810,-0.8244,-133.7786,-3.7710
462.0000,0.5989,-0.0300,0.4739,-3.4198,-133.0153,-3.4275
345.0000,0.6367,-0.0476,0.4968,-3.0840,-130.8015,-3.5038
250.0000,0.6379,-0.0779,0.4980,-1.0992,-128.5954,-2.8397
401.0000,0.6528,-0.0933,0.5144,3.9389,-125.4198,-2.2977
376.0000,0.6592,-0.0981,0.5288,8.0687,-122.7710,-1.5725
319.0000,0.6851,-0.0791,0.5154,13.1832,-119.8397,-1.2214
469.0000,0.7014,-0.0476,0.4883,17.3282,-116.5954,-0.2443
339.0000,0.7175,-0.0142,0.4150,18.6565,-114.5649,1.0763
415.0000,0.7334,-0.0264,0.2954,19.8244,-113.4886,2.2214
286.0000,0.7605,-0.0085,0.2017,18.6260,-112.0229,3.2366
363.0000,0.7754,-0.0081,0.1250,14.3740,-110.9313,4.5267
552.0000,0.8103,-0.0195,0.0774,9.1069,-108.8855,6.1985
278.0000,0.8345,-0.0042,0.0156,4.8626,-106.4733,7.5878
379.0000,0.8513,-0.0388,-0.0093,3.1603,-102.0992,7.7405
333.0000,0.8750,-0.0752,0.0032,3.3206,-97.3511,7.9542
374.0000,0.8972,-0.1145,0.0930,4.7023,-88.4504,7.9771
262.0000,0.8975,-0.1387,0.1716,7.5420,-78.2824,8.7710
617.0000,0.9172,-0.1321,0.2166,12.0229,-65.1527,9.1908
220.0000,0.8860,-0.1655,0.2410,20.5344,-55.0305,9.2366
383.0000,0.8831,-0.1475,0.2759,25.3359,-44.4962,8.5802
379.0000,0.8862,-0.1162,0.2485,26.3053,-33.2901,8.4046
417.0000,0.8699,-0.1108,0.1946,27.9160,-22.4885,7.4885
347.0000,0.8518,-0.1199,0.1208,28.0305,-15.2824,6.2748
369.0000,0.8479,-0.1155,0.0706,26.2137,-8.6794,5.2061
481.0000,0.8357,-0.1370,0.0581,24.1374,-2.9160,3.9847
330.0000,0.8262,-0.1462,0.0703,20.2214,2.8779,3.3511
365.0000,0.8186,-0.1602,0.1006,18.1832,9.3740,2.6183
349.0000,0.8250,-0.1548,0.1226,15.7710,15.3740,1.6565
317.0000,0.8247,-0.1484,0.1455,12.9466,21.8931,0.8931
329.0000,0.8264,-0.1621,0.1777,10.2595,30.0458,-0.3969
543.0000,0.8235,-0.1619,0.1963,7.4580,37.9160,-1.1527
356.0000,0.8184,-0.1648,0.1995,5.6412,45.5191,-1.7481
378.0000,0.8186,-0.1648,0.2041,5.1298,52.4046,-2.7176
359.0000,0.8145,-0.1692,0.1873,5.7634,58.8779,-3.5802
390.0000,0.8132,-0.1655,0.1880,7.3359,64.8473,-4.7710
364.0000,0.8174,-0.1853,0.2354,8.1679,72.8168,-6.3206
386.0000,0.7983,-0.1748,0.2959,9.5344,79.7634,-7.6031
350.0000,0.8018,-0.1326,0.3330,9.4351,86.2977,-8.4962
419.0000,0.8049,-0.1433,0.3311,8.4427,92.5115,-9.4504
388.0000,0.7883,-0.1731,0.2981,9.8779,98.6260,-10.0916
344.0000,0.7776,-0.1467,0.2695,8.1298,103.2824,-10.9695
411.0000,0.7698,-0.1084,0.2085,4.9466,106.6565,-11.4885
386.0000,0.7539,-0.0918,0.1699,3.8015,109.2824,-12.1069
429.0000,0.7346,-0.0762,0.1562,-0.5115,110.2901,-12.5420
440.0000,0.7266,-0.0564,0.1392,-6.8092,111.4733,-12.2824
371.0000,0.7222,-0.0640,0.1721,-12.0076,113.7786,-11.9237
347.0000,0.7053,-0.0803,0.2278,-16.9237,116.5878,-11.5496
367.0000,0.6885,-0.0659,0.3079,-21.0458,119.9237,-10.7786
413.0000,0.6836,-0.0684,0.4036,-21.7863,124.1832,-10.7023
414.0000,0.6753,-0.1086,0.5413,-17.5344,131.3282,-11.3740
372.0000,0.6599,-0.1394,0.7039,-9.8931,136.9466,-11.0687
352.0000,0.6555,-0.1206,0.7747,-0.6489,141.0534,-10.2824
419.0000,0.6533,-0.1113,0.7783,8.9847,144.8015,-10.4351
377.0000,0.6567,-0.0991,0.7263,16.5573,149.6260,-10.8550
403.0000,0.6453,-0.1069,0.6860,20.1069,155.5496,-11.9847
339.0000,0.6187,-0.0881,0.5374,24.4122,159.1298,-13.1985
535.0000,0.5557,-0.0444,0.3784,24.8931,156.5496,-13.3053
394.0000,0.5181,0.0127,0.2834,18.4275,151.2977,-13.4504
346.0000,0.5020,0.0059,0.2947,7.5649,149.2977,-14.1679
443.0000,0.4834,-0.0107,0.3499,-3.3435,147.8702,-12.7252
408.0000,0.4526,-0.0054,0.4172,-13.5573,143.9389,-11.1298
278.0000,0.4417,-0.0310,0.5308,-22.0840,139.6260,-11.2137
486.0000,0.4456,-0.0571,0.6353,-24.9313,137.9160,-9.9847
390.0000,0.4395,-0.0535,0.7244,-24.0840,137.5267,-8.7786
416.0000,0.4355,-0.1089,0.8623,-18.9389,136.7176,-9.6794
464.0000,0.4333,-0.1177,0.9585,-11.5649,137.4275,-8.9542
390.0000,0.4197,-0.0974,0.9844,-5.3359,138.6641,-8.4962
402.0000,0.4282,-0.1025,0.9932,1.3435,139.7328,-9.0000
371.0000,0.4321,-0.0872,0.9626,7.7710,141.8702,-9.5344
443.0000,0.4043,-0.0647,0.8750,11.4122,142.3511,-10.8702
431.0000,0.3730,-0.0093,0.7688,9.7557,138.7786,-11.5573
357.0000,0.3542,0.0071,0.6958,1.4656,136.2214,-12.5191
427.0000,0.3481,0.0166,0.6426,-10.8168,133.2748,-12.9160
411.0000,0.3201,0.0186,0.6045,-23.1450,128.9924,-12.3282
406.0000,0.3196,-0.0168,0.6479,-32.5038,124.0840,-12.0534
402.0000,0.3059,-0.0640,0.7451,-36.7405,120.7557,-11.8702
389.0000,0.2869,-0.0901,0.8533,-38.2366,119.2443,-11.1069
431.0000,0.2683,-0.1326,0.9871,-35.5649,118.0153,-11.1908
453.0000,0.2793,-0.1829,1.0920,-27.3359,119.2366,-10.8550
397.0000,0.2524,-0.1853,1.1660,-15.2443,118.7863,-11.2748
333.0000,0.2498,-0.1370,1.1887,-7.2443,119.0611,-11.2519
492.0000,0.2266,-0.1025,1.1482,-0.7023,118.1832,-11.6489
386.0000,0.2190,-0.0913,1.1204,1.2595,117.0305,-12.0229
385.0000,0.2061,-0.0762,1.0598,2.3130,114.9542,-12.3969
371.0000,0.1768,-0.0400,0.9578,-0.1756,112.1221,-12.6794
450.0000,0.1616,-0.0107,0.8787,-8.2748,108.2214,-12.7328
389.0000,0.1389,-0.0093,0.8391,-18.3282,102.4809,-12.3740
430.0000,0.1431,-0.0293,0.8547,-28.5038,98.3664,-10.6641
397.0000,0.1206,-0.0686,0.9246,-34.2977,95.9771,-9.2901
392.0000,0.1128,-0.1130,1.0117,-34.1908,93.6870,-7.5802
460.0000,0.1111,-0.1260,1.0657,-30.8931,90.1603,-6.5038
419.0000,0.0955,-0.1575,1.1687,-22.0763,86.4122,-6.0840
368.0000,0.0833,-0.1431,1.2212,-12.8626,86.7252,-5.3053
427.0000,0.0808,-0.1221,1.2268,-6.7176,83.9237,-4.8321
474.0000,0.0735,-0.0981,1.1982,-2.8931,82.1679,-4.3359
378.0000,0.0657,-0.1099,1.1963,-0.2290,80.3053,-4.0076
417.0000,0.0437,-0.0967,1.1919,0.2595,78.7176,-3.5649
409.0000,0.0327,-0.0762,1.1685,-2.4656,75.6489,-3.2214
384.0000,0.0330,-0.0588,1.1067,-7.1756,71.3130,-3.2290
419.0000,0.0347,-0.0466,1.0571,-12.5878,66.5038,-3.3282
547.0000,0.0400,-0.0535,0.9758,-17.2519,61.9618,-3.0153
423.0000,0.0425,-0.0701,0.9431,-20.5802,58.0763,-2.7252
412.0000,0.0405,-0.1245,0.9680,-22.8779,55.3206,-2.6336
445.0000,0.0332,-0.1379,1.0146,-21.8015,52.0458,-1.9466
407.0000,0.0410,-0.1426,1.0288,-19.5191,48.5191,-1.0992
458.0000,0.0549,-0.1538,1.0352,-15.3740,45.9695,-1.0763
443.0000,0.0549,-0.1582,1.0383,-10.1527,44.5573,-0.9618
389.0000,0.0532,-0.1472,1.0479,-5.7786,43.1985,-1.1527
343.0000,0.0500,-0.1404,1.0647,-2.9847,42.5878,-1.4351
563.0000,0.0435,-0.1255,1.0857,-1.0992,42.1374,-0.8321
402.0000,0.0281,-0.1216,1.0957,-0.8321,42.1908,-1.1069
408.0000,0.0203,-0.1157,1.1089,0.2137,41.5802,-0.8931
461.0000,0.0024,-0.1018,1.0969,0.1450,39.6031,-0.7481
434.0000,-0.0056,-0.0889,1.0688,-1.2977,37.2595,-0.7328
429.0000,-0.0195,-0.0894,1.0457,-3.1527,35.1069,-0.7710
467.0000,-0.0293,-0.0928,1.0234,-5.1985,32.1679,-0.4809
440.0000,-0.0422,-0.0908,1.0183,-7.0076,28.2214,-0.0763
438.0000,-0.0461,-0.0967,1.0181,-9.6031,24.7099,0.6183
553.0000,-0.0454,-0.1106,1.0105,-11.2748,21.1374,1.2137
399.0000,-0.0366,-0.1243,1.0312,-11.2977,17.9924,1.8092
369.0000,-0.0388,-0.1377,1.0430,-10.0229,14.7252,2.4427
515.0000,-0.0344,-0.1309,1.0588,-8.7481,11.8931,2.8168
356.0000,-0.0171,-0.1436,1.0466,-6.6260,10.2519,3.4122
409.0000,-0.0020,-0.1389,1.0503,-4.4198,8.7099,3.6183
454.0000,-0.0090,-0.1296,1.0432,-3.1527,7.3359,4.0229
400.0000,-0.0020,-0.1277,1.0344,-2.7939,5.8779,3.9924
422.0000,0.0005,-0.1262,1.0107,-2.9618,5.0000,3.9466
445.0000,0.0088,-0.1182,1.0049,-3.3893,3.5573,4.2748
440.0000,0.0146,-0.1145,0.9739,-4.2214,2.3664,3.9237
404.0000,0.0151,-0.1206,0.9680,-4.8855,0.9924,3.9924
480.0000,0.0278,-0.1196,0.9539,-5.4580,-0.1450,3.9313
457.0000,0.0310,-0.1267,0.9612,-5.2748,-1.0305,3.7252
409.0000,0.0442,-0.1240,0.9387,-4.6947,-1.6336,3.4733
464.0000,0.0449,-0.1267,0.9458,-3.9466,-2.1832,3.1908
410.0000,0.0417,-0.1326,0.9421,-3.3893,-2.5344,2.9924
452.0000,0.0393,-0.1306,0.9438,-2.6031,-2.8473,2.7252
504.0000,0.0356,-0.1245,0.9421,-2.1374,-3.2137,2.4809
454.0000,0.0430,-0.1228,0.9407,-1.9695,-3.3359,1.9618
332.0000,0.0308,-0.1174,0.9363,-2.2366,-3.6718,2.0611
443.0000,0.0330,-0.1145,0.9233,-2.6870,-4.2137,1.7863
480.0000,0.0298,-0.1091,0.9268,-2.9160,-4.6107,1.5802
396.0000,0.0305,-0.1252,0.9316,-3.2214,-4.6794,1.3740
450.0000,0.0239,-0.1184,0.9209,-2.6565,-5.1145,1.3359
464.0000,0.0251,-0.1245,0.9204,-2.1908,-5.7786,1.3511
370.0000,0.0281,-0.1118,0.9258,-1.8779,-6.2061,1.0916
489.0000,0.0278,-0.1191,0.9119,-1.9618,-6.4733,1.1145
427.0000,0.0242,-0.1182,0.9075,-2.4351,-6.8168,0.9237
446.0000,0.0354,-0.1189,0.8999,-2.7481,-6.9389,0.7939
392.0000,0.0278,-0.1091,0.9065,-2.4962,-7.1450,0.6641
537.0000,0.0327,-0.1016,0.9170,-2.7863,-7.0611,0.5954
345.0000,0.0276,-0.1072,0.9062,-2.8473,-6.9389,0.5267
438.0000,0.0305,-0.1130,0.9214,-2.8244,-6.7252,0.8702
483.0000,0.0281,-0.1118,0.9329,-2.6107,-6.7099,1.0229
424.0000,0.0264,-0.1130,0.9548,-2.3282,-6.8015,1.2290
495.0000,0.0129,-0.1082,0.9497,-1.9771,-6.9313,1.4046
464.0000,0.0217,-0.0962,0.9626,-1.7710,-7.7023,1.6336
495.0000,0.0200,-0.0959,0.9678,-2.2519,-8.2672,1.8397
402.0000,0.0164,-0.0979,0.9595,-2.5267,-9.2977,1.9618
466.0000,0.0183,-0.0984,0.9487,-3.0153,-10.3206,2.2595
420.0000,0.0247,-0.0903,0.9446,-3.6183,-11.7710,2.5420
496.0000,0.0195,-0.0994,0.9446,-4.2977,-13.3130,2.7252
522.0000,0.0220,-0.1079,0.9573,-4.2443,-14.2214,3.0992
396.0000,0.0325,-0.1196,0.9819,-3.4580,-15.6718,3.4275
480.0000,0.0349,-0.1157,0.9932,-2.7710,-16.9466,3.7557
469.0000,0.0364,-0.1235,0.9932,-2.2290,-18.1603,3.5496
432.0000,0.0366,-0.1316,1.0122,-0.8855,-19.0611,3.8321
405.0000,0.0300,-0.1238,1.0322,-0.1908,-20.4275,3.9160
418.0000,0.0264,-0.1211,1.0500,-0.0153,-21.9389,3.8397
518.0000,0.0220,-0.1133,1.0598,-0.3817,-23.3969,3.8626
398.0000,0.0288,-0.1177,1.0508,-0.6412,-25.6870,3.6870
462.0000,0.0195,-0.1138,1.0464,-1.5344,-27.9084,3.7481
448.0000,0.0190,-0.1182,1.0256,-2.3206,-30.2901,3.6260
411.0000,0.0237,-0.1121,1.0305,-3.3282,-33.0534,3.4504
488.0000,0.0305,-0.1172,1.0295,-4.1756,-36.0229,3.3206
492.0000,0.0371,-0.1172,1.0315,-5.4351,-38.5115,3.1679
435.0000,0.0334,-0.1304,1.0435,-6.1527,-41.4962,2.7023
356.0000,0.0408,-0.1301,1.0574,-6.4427,-43.8321,2.4198
497.0000,0.0417,-0.1343,1.0703,-6.5725,-46.0382,2.2824
396.0000,0.0408,-0.1426,1.0891,-6.2214,-48.6870,1.7328
490.0000,0.0496,-0.1494,1.1018,-5.5954,-50.9695,1.7328
476.0000,0.0459,-0.1448,1.0903,-5.0382,-53.6031,1.2137
520.0000,0.0464,-0.1492,1.0869,-4.7939,-56.1603,1.1756
402.0000,0.0464,-0.1409,1.0906,-4.5115,-59.0534,1.0458
487.0000,0.0569,-0.1440,1.0889,-4.7557,-61.8244,0.6870
368.0000,0.0515,-0.1411,1.0994,-5.3969,-64.6260,0.6794
489.0000,0.0596,-0.1328,1.0920,-7.0153,-67.9695,0.5573
457.0000,0.0737,-0.1228,1.0793,-9.0992,-71.5038,0.1298
276.0000,0.0894,-0.1243,1.0835,-10.3664,-74.2977,-0.1985
556.0000,0.0940,-0.1340,1.0654,-10.7099,-77.2519,-0.1603
554.0000,0.1045,-0.1379,1.0437,-10.7634,-80.4809,-0.3664
425.0000,0.1216,-0.1509,1.0518,-9.5649,-83.0840,-0.3435
395.0000,0.1223,-0.1641,1.0481,-7.5496,-85.1985,-0.4122
527.0000,0.1326,-0.1589,1.0552,-5.9389,-88.1603,0.0992
428.0000,0.1357,-0.1562,1.0393,-4.2290,-90.9924,-0.1450
431.0000,0.1526,-0.1477,1.0391,-3.0382,-93.2672,-0.3969
478.0000,0.1565,-0.1475,1.0422,-2.2519,-94.9084,-0.6260
441.0000,0.1729,-0.1309,1.0122,-2.4580,-98.0382,-0.2977
445.0000,0.1897,-0.1255,1.0010,-3.3435,-101.0076,-0.5649
481.0000,0.1960,-0.1216,1.0146,-4.7710,-103.1527,-0.5802
406.0000,0.1919,-0.1143,0.9880,-7.9160,-105.7328,-0.8168
553.0000,0.1995,-0.1030,0.9731,-11.7176,-108.9542,-1.3053
394.0000,0.2183,-0.1265,0.9836,-12.9313,-111.0611,-2.0992
470.0000,0.2271,-0.1387,0.9839,-11.8626,-112.2977,-1.9084
438.0000,0.2371,-0.1414,0.9910,-10.7710,-114.3740,-2.2595
468.0000,0.2463,-0.1560,0.9951,-8.7939,-116.7710,-2.7176
371.0000,0.2505,-0.1599,0.9905,-7.4122,-118.9847,-2.3740
490.0000,0.2566,-0.1599,0.9404,-5.6183,-121.5115,-2.1221
471.0000,0.2744,-0.1641,0.9058,-2.7557,-123.7786,-2.2824
431.0000,0.2800,-0.1570,0.8711,-1.5420,-126.3053,-2.3664
519.0000,0.3025,-0.1223,0.8416,-2.1985,-128.6641,-1.9237
483.0000,0.3247,-0.1243,0.8123,-3.1679,-131.1527,-2.3740
444.0000,0.3430,-0.1387,0.8242,-2.7176,-132.5420,-2.7557
449.0000,0.3506,-0.1353,0.8242,-4.3206,-134.0840,-2.2824
432.0000,0.3726,-0.1069,0.8064,-6.3053,-136.5420,-2.4198
491.0000,0.3894,-0.1270,0.8262,-7.7710,-137.6870,-3.4580
363.0000,0.3945,-0.1216,0.8152,-9.0153,-138.4122,-2.3740
546.0000,0.4084,-0.0869,0.7595,-11.1908,-140.2748,-2.1832
415.0000,0.4404,-0.0938,0.7458,-12.2519,-141.4504,-3.0153
464.0000,0.4480,-0.1016,0.7188,-13.1145,-141.4886,-2.5191
438.0000,0.4658,-0.1035,0.6978,-14.0534,-140.8855,-2.3130
489.0000,0.4697,-0.1316,0.6831,-12.6489,-140.4122,-2.3664
425.0000,0.4932,-0.1370,0.6765,-10.4504,-140.1450,-2.1908
445.0000,0.5032,-0.1411,0.6501,-8.3740,-139.7176,-1.2214
439.0000,0.5134,-0.1282,0.6021,-6.4198,-139.4275,-0.5802
487.0000,0.5403,-0.1438,0.5916,-3.4885,-137.9618,-0.6412
510.0000,0.5454,-0.1477,0.5955,-2.0458,-136.5572,0.1298
591.0000,0.5583,-0.1001,0.5483,-2.2443,-134.8244,1.5267
439.0000,0.5735,-0.0693,0.5122,-5.1450,-134.1756,1.3359
522.0000,0.5920,-0.0769,0.5452,-7.7328,-131.9771,0.4962
365.0000,0.5901,-0.0850,0.5598,-9.4198,-129.7481,0.8244
552.0000,0.6069,-0.0542,0.5227,-11.0840,-128.7176,1.1221
457.0000,0.6099,-0.0667,0.5337,-13.3817,-127.7099,0.2137
418.0000,0.6384,-0.0725,0.5518,-14.1221,-124.5802,0.0305
494.0000,0.6306,-0.0962,0.5535,-12.9466,-120.7863,0.0382
525.0000,0.6401,-0.0903,0.5215,-10.9237,-119.4504,0.6718
372.0000,0.6440,-0.0869,0.5156,-10.1450,-118.6794,0.7634
469.0000,0.6609,-0.1003,0.5386,-10.1527,-115.7099,1.3359
532.0000,0.6655,-0.0989,0.5334,-7.7939,-112.9389,2.4504
468.0000,0.6726,-0.0813,0.5112,-4.9389,-113.9237,4.1069
343.0000,0.6814,-0.0977,0.5459,-2.1985,-115.3130,4.4427
423.0000,0.6924,-0.1350,0.5906,0.6260,-113.9084,5.0000
774.0000,0.6890,-0.1558,0.6155,4.2748,-113.0305,6.5115
233.0000,0.6958,-0.1492,0.5950,8.7328,-114.3664,6.9618
435.0000,0.7239,-0.2046,0.6067,13.7328,-114.9084,6.1985
372.0000,0.7432,-0.1948,0.5398,18.1832,-114.7252,6.4198
615.0000,0.7585,-0.1606,0.4600,18.0687,-115.5267,6.0076
369.0000,0.7637,-0.1243,0.3118,15.3511,-118.7405,5.2748
553.0000,0.7876,-0.0823,0.1943,8.9084,-120.4198,4.0992
311.0000,0.8088,-0.0886,0.1772,-2.0382,-120.5496,2.2290
491.0000,0.8391,-0.0918,0.1411,-11.4656,-119.5191,1.4580
349.0000,0.8657,-0.0376,0.0835,-24.4351,-116.3053,1.2443
470.0000,0.8865,-0.0481,0.0864,-37.4046,-112.6183,-0.5725
596.0000,0.9128,-0.0649,0.0532,-49.9695,-106.5267,-1.4885
563.0000,0.9248,-0.0798,-0.0347,-60.6870,-97.6031,-2.2977
381.0000,0.9536,-0.1714,-0.0486,-63.1603,-84.3053,-3.0458
564.0000,0.9426,-0.2239,-0.0330,-59.6260,-72.0992,-3.0687
554.0000,0.9397,-0.2578,0.0251,-49.9924,-59.6107,-2.9542
359.0000,0.9392,-0.2405,0.0518,-37.3817,-44.7939,-2.4122
461.0000,0.9160,-0.2354,0.0581,-22.3359,-31.7939,-3.0992
515.0000,0.9048,-0.2390,0.0664,-5.6794,-20.0076,-3.5267
563.0000,0.8770,-0.2000,0.0510,5.4198,-11.4809,-4.5725
447.0000,0.8682,-0.1938,0.0149,13.7481,-1.9771,-5.5954
525.0000,0.8540,-0.1741,-0.0007,17.3359,6.8855,-5.7557
542.0000,0.8135,-0.1362,0.0088,14.3893,11.9924,-5.8931
411.0000,0.8157,-0.1179,0.0273,11.5725,17.0458,-5.7786
493.0000,0.8157,-0.1089,0.0725,6.6489,23.1450,-5.4198
506.0000,0.8052,-0.0945,0.0933,1.7634,27.2824,-4.7023
392.0000,0.8037,-0.1060,0.1375,-1.2137,31.2595,-4.2824
531.0000,0.8035,-0.1155,0.1611,-3.2366,36.2977,-3.3206
417.0000,0.8105,-0.1165,0.1711,-2.8092,41.5038,-1.9847
411.0000,0.8062,-0.1409,0.2048,-0.6107,45.6183,-1.1527
484.0000,0.8154,-0.1450,0.2009,3.1832,49.8321,0.0382
437.0000,0.8125,-0.1399,0.2227,8.7099,54.9924,0.7023
468.0000,0.8101,-0.1609,0.2332,14.5420,59.4962,0.4351
481.0000,0.8315,-0.1599,0.2202,19.9618,63.7786,0.6947
451.0000,0.8225,-0.1709,0.2283,22.2214,69.8779,0.6718
414.0000,0.8281,-0.1577,0.1738,20.8550,77.0611,0.4046
525.0000,0.8103,-0.1321,0.1174,20.0840,81.6336,-0.0916
378.0000,0.8130,-0.1143,0.0684,17.0611,84.2824,-1.1527
457.0000,0.8047,-0.1062,0.0630,12.0840,87.7939,-1.8626
494.0000,0.8015,-0.0942,0.0618,6.3511,91.7557,-1.6031
433.0000,0.7957,-0.0891,0.1008,1.1527,95.4122,-2.0763
458.0000,0.7961,-0.0974,0.1826,-4.0687,99.4504,-2.2595
540.0000,0.8008,-0.1074,0.2793,-7.3893,104.8397,-2.3588
442.0000,0.7847,-0.1299,0.3789,-8.4504,111.1527,-2.2290
428.0000,0.7808,-0.1401,0.4248,-6.3664,116.3817,-1.9771
478.0000,0.7837,-0.1514,0.4353,-0.6489,120.4275,-1.9695
448.0000,0.7769,-0.1702,0.4531,7.4580,124.5115,-2.3435
455.0000,0.7561,-0.1763,0.4651,16.0687,127.8397,-2.7328
551.0000,0.7634,-0.1716,0.4661,21.7252,132.3664,-2.8244
465.0000,0.7490,-0.1711,0.4299,22.9237,138.5038,-3.7786
408.0000,0.7175,-0.1519,0.3655,25.2595,142.1374,-4.2214
557.0000,0.6755,-0.1040,0.2622,26.3664,141.7328,-4.8092
486.0000,0.6531,-0.0818,0.2136,22.2748,139.9466,-5.2137
449.0000,0.6160,-0.0547,0.2710,14.3817,139.7405,-5.2519
568.0000,0.6084,-0.0796,0.4131,5.7252,139.5725,-5.2290
492.0000,0.5923,-0.0698,0.5088,-1.9847,138.0153,-4.1298
482.0000,0.5847,-0.0874,0.6331,-6.8168,138.2290,-4.1527
456.0000,0.5835,-0.1050,0.7373,-7.6565,139.0534,-3.6031
508.0000,0.5786,-0.1294,0.7996,-3.0840,139.0687,-2.5267
463.0000,0.5798,-0.1316,0.8271,3.4580,138.8550,-2.3740
453.0000,0.5811,-0.1416,0.8464,10.9847,138.9695,-2.1450
493.0000,0.5789,-0.1338,0.8145,16.2137,139.9084,-1.4962
496.0000,0.5652,-0.1145,0.7522,21.1908,139.7481,-1.4427
446.0000,0.5449,-0.0896,0.6829,22.9924,138.8092,-1.8244
467.0000,0.5146,-0.0701,0.6106,21.4427,136.8855,-2.3206
559.0000,0.5022,-0.0427,0.5884,15.6565,134.5878,-1.3817
467.0000,0.4919,-0.0381,0.6106,8.2977,132.8015,-0.9313
452.0000,0.4731,-0.0547,0.6985,3.0076,131.4886,-1.0763
511.0000,0.4492,-0.0540,0.7966,-1.8702,129.4733,-0.4427
528.0000,0.4316,-0.0593,0.8406,-5.3282,127.1221,0.2061
471.0000,0.4351,-0.0916,0.8940,-4.8244,125.9389,0.3664
437.0000,0.4285,-0.1062,0.9216,-4.0687,125.3130,0.8779
487.0000,0.4207,-0.0938,0.9094,-2.6107,123.6107,1.3664
508.0000,0.3896,-0.1016,0.9163,-2.6641,120.6794,0.9695
378.0000,0.4019,-0.0742,0.8835,-6.0458,120.0229,0.8321
603.0000,0.3762,-0.0630,0.8198,-10.9313,118.1069,0.8397
525.0000,0.3613,-0.0632,0.7771,-15.3435,114.8779,-0.3359
415.0000,0.3669,-0.0781,0.7488,-19.2824,113.8015,-1.1832
425.0000,0.3530,-0.0935,0.7458,-24.7634,112.7405,-1.5420
635.0000,0.3423,-0.1062,0.7654,-29.2290,111.3664,-1.2519
418.0000,0.3342,-0.1438,0.8140,-30.0382,110.7863,-1.1603
475.0000,0.3225,-0.1833,0.9114,-27.1450,110.5267,-1.5420
502.0000,0.3103,-0.2024,0.9756,-20.8473,110.5878,-1.5954
441.0000,0.2869,-0.2024,1.0203,-12.7099,110.2137,-1.3053
472.0000,0.2754,-0.2192,1.0496,-3.6489,110.0840,-1.9695
475.0000,0.2510,-0.1807,1.0635,4.0916,109.0687,-2.0916
460.0000,0.2375,-0.1377,1.0210,6.7863,107.1374,-2.3435
478.0000,0.2273,-0.1006,0.9834,5.5115,104.4809,-3.1450
429.0000,0.2205,-0.0740,0.9299,-0.9771,100.7099,-3.9084
505.0000,0.2202,-0.0413,0.8557,-11.4198,97.6412,-4.1679
493.0000,0.2200,-0.0464,0.8140,-23.2290,94.6870,-4.3893
459.0000,0.1965,-0.0957,0.8167,-32.0305,92.4351,-4.3359
508.0000,0.1807,-0.1069,0.8140,-40.1985,88.3206,-3.7481
554.0000,0.1973,-0.1604,0.8523,-43.2290,86.9618,-3.7405
483.0000,0.2107,-0.2107,0.9148,-38.1832,87.3359,-3.5267
464.0000,0.1997,-0.2468,0.9849,-28.7405,87.1832,-2.9771
424.0000,0.1807,-0.2327,1.0369,-18.0611,87.1603,-3.1832
602.0000,0.1687,-0.2283,1.0801,-7.0382,87.7252,-3.3130
433.0000,0.1667,-0.2046,1.1206,3.1603,89.1603,-3.2901
500.0000,0.1243,-0.1924,1.1384,10.7939,89.7557,-3.4504
401.0000,0.0906,-0.1572,1.1113,13.4275,89.6947,-2.8855
499.0000,0.0723,-0.1025,1.0874,9.8015,86.5878,-2.7099
427.0000,0.0562,-0.0952,1.0400,4.0840,82.3511,-2.8626
507.0000,0.0432,-0.0886,1.0037,-2.3282,79.1298,-3.0611
487.0000,0.0298,-0.0820,0.9485,-10.8931,73.8855,-2.5725
460.0000,0.0305,-0.0942,0.9617,-19.3435,68.5267,-2.1221
546.0000,0.0381,-0.1367,0.9893,-24.1298,64.9313,-2.3817
489.0000,0.0300,-0.1550,1.0339,-25.3282,61.1450,-2.0611
459.0000,0.0273,-0.2056,1.0884,-22.3359,56.8168,-2.2137
519.0000,0.0347,-0.2124,1.1414,-15.5115,54.0076,-1.6718
453.0000,0.0330,-0.2283,1.1536,-7.7557,52.0305,-1.2977
438.0000,0.0393,-0.2048,1.1387,-1.1298,49.8168,-1.1527
553.0000,0.0454,-0.1738,1.1106,3.2366,47.2443,-1.0153
457.0000,0.0510,-0.1355,1.1045,3.9237,44.7557,-0.8015
459.0000,0.0488,-0.1179,1.0886,1.4809,42.5420,-1.1450
435.0000,0.0532,-0.1099,1.0649,-2.5191,40.4122,-1.0305
516.0000,0.0391,-0.1138,1.0452,-6.9084,37.8473,-1.0687
421.0000,0.0417,-0.1318,1.0452,-9.2824,35.4580,-0.9389
526.0000,0.0459,-0.1433,1.0471,-10.5725,33.1679,-1.1450
584.0000,0.0437,-0.1426,1.0447,-10.8015,30.7939,-0.8702
449.0000,0.0442,-0.1636,1.0557,-9.1450,28.6489,-0.6336
493.0000,0.0295,-0.1687,1.0742,-6.6260,26.9389,-0.3282
510.0000,0.0212,-0.1689,1.0723,-4.5802,24.9924,0.3664
458.0000,0.0322,-0.1697,1.0735,-2.7863,22.9924,0.4656
463.0000,0.0232,-0.1538,1.0613,-1.5573,20.9618,1.2137
472.0000,0.0217,-0.1416,1.0322,-1.6947,18.9695,1.6107
600.0000,0.0205,-0.1311,1.0208,-2.8244,16.4504,1.6489
475.0000,0.0212,-0.1362,1.0134,-3.9389,14.5802,1.8855
455.0000,0.0190,-0.1396,1.0261,-4.9008,13.0229,1.7939
434.0000,0.0249,-0.1472,1.0137,-5.6641,11.1832,1.9618
409.0000,0.0242,-0.1528,1.0037,-5.6947,9.4962,1.7405
535.0000,0.0237,-0.1624,0.9905,-4.8550,7.7252,2.0458
442.0000,0.0298,-0.1565,0.9751,-4.1221,6.3359,1.8397
487.0000,0.0222,-0.1567,0.9634,-3.4962,4.9008,1.9313
544.0000,0.0293,-0.1509,0.9546,-3.1908,3.6947,1.9237
412.0000,0.0359,-0.1438,0.9443,-3.1450,2.8626,1.7786
464.0000,0.0352,-0.1472,0.9399,-3.3817,1.9160,1.6718
563.0000,0.0376,-0.1423,0.9460,-3.7405,0.9389,1.9237
493.0000,0.0442,-0.1455,0.9443,-3.5496,0.2901,1.4046
456.0000,0.0417,-0.1553,0.9465,-2.8397,0.0000,1.3740
528.0000,0.0376,-0.1565,0.9604,-2.6260,0.0687,1.3359
467.0000,0.0332,-0.1577,0.9446,-1.9542,0.0611,1.1450
528.0000,0.0396,-0.1570,0.9458,-1.0000,-0.2290,0.9771
527.0000,0.0269,-0.1604,0.9360,-0.0382,-0.4733,0.8092
472.0000,0.0281,-0.1536,0.9333,0.7939,-0.9695,0.6870
481.0000,0.0300,-0.1467,0.9270,1.2137,-1.6412,0.4733
501.0000,0.0273,-0.1426,0.9272,0.9924,-2.3435,0.3053
460.0000,0.0330,-0.1375,0.9211,0.5649,-3.0458,0.1450
486.0000,0.0198,-0.1401,0.9199,-0.3664,-3.6107,0.1450
547.0000,0.0254,-0.1431,0.9075,-1.2977,-4.4580,-0.0153
502.0000,0.0259,-0.1409,0.9143,-1.7786,-4.7863,-0.0458
492.0000,0.0381,-0.1482,0.9246,-1.6412,-5.4122,-0.0687
461.0000,0.0376,-0.1521,0.9363,-1.2519,-5.5344,-0.2290
518.0000,0.0305,-0.1509,0.9504,-0.8092,-5.9237,-0.4351
390.0000,0.0352,-0.1477,0.9487,-0.1298,-5.9466,-0.6336
572.0000,0.0298,-0.1526,0.9531,0.3664,-6.5802,-0.7557
514.0000,0.0339,-0.1521,0.9480,0.7328,-6.7405,-0.6260
468.0000,0.0337,-0.1572,0.9446,0.9542,-7.1908,-1.1527
459.0000,0.0303,-0.1558,0.9541,0.7557,-8.0687,-0.9466
527.0000,0.0369,-0.1516,0.9587,0.0763,-9.4427,-1.0153
436.0000,0.0417,-0.1548,0.9590,-0.1450,-10.4809,-0.7863
495.0000,0.0439,-0.1514,0.9602,-0.5191,-11.6489,-0.8473
531.0000,0.0442,-0.1580,0.9736,-0.5344,-12.9008,-0.6641
457.0000,0.0415,-0.1550,0.9880,-0.5496,-13.9695,-0.5420
487.0000,0.0442,-0.1672,1.0105,-0.0992,-15.4351,-0.3435
471.0000,0.0483,-0.1516,1.0200,0.9389,-16.8321,-0.0611
352.0000,0.0598,-0.1543,1.0183,1.2595,-18.7252,0.2366
473.0000,0.0522,-0.1460,1.0298,0.8779,-20.2214,0.2748
521.0000,0.0486,-0.1365,1.0332,0.4656,-22.3664,0.2366
457.0000,0.0598,-0.1301,1.0283,-0.3053,-24.4427,0.2672
540.0000,0.0571,-0.1414,1.0383,-1.6031,-26.3664,0.6336
521.0000,0.0596,-0.1484,1.0496,-2.3588,-28.6183,0.5267
337.0000,0.0627,-0.1475,1.0422,-2.6565,-31.0916,0.2672
505.0000,0.0598,-0.1550,1.0532,-2.0763,-33.3435,-0.0687
512.0000,0.0706,-0.1599,1.0569,-1.0840,-35.6794,-0.1985
406.0000,0.0715,-0.1499,1.0645,-0.4427,-37.9466,-0.2977
430.0000,0.0723,-0.1570,1.0591,0.0534,-40.3817,-0.1374
655.0000,0.0754,-0.1550,1.0713,0.4427,-42.7099,-0.5649
517.0000,0.0645,-0.1565,1.0693,0.4809,-45.5191,-0.4962
449.0000,0.0737,-0.1604,1.0723,1.0000,-47.5802,-0.4656
516.0000,0.0713,-0.1558,1.0742,1.9924,-50.1145,-0.4962
599.0000,0.0740,-0.1587,1.0813,2.9847,-52.4046,-0.6489
475.0000,0.0769,-0.1475,1.0981,3.9771,-55.2290,-0.6794
398.0000,0.0796,-0.1448,1.0930,4.5725,-58.2137,-0.8015
564.0000,0.0615,-0.1326,1.0820,4.3969,-61.1069,-0.7939
448.0000,0.0706,-0.1401,1.0879,3.9847,-64.1756,-1.0076
483.0000,0.0688,-0.1279,1.0962,2.9466,-67.3130,-1.0076
480.0000,0.0701,-0.1118,1.0852,0.6718,-70.5038,-0.7481
490.0000,0.0679,-0.1162,1.0950,-1.3206,-74.0992,-1.1756
441.0000,0.0754,-0.1321,1.1001,-2.8168,-77.3970,-1.2290
497.0000,0.0806,-0.1257,1.0974,-4.3435,-80.9924,-0.7023
470.0000,0.0786,-0.1362,1.0962,-5.5038,-84.8397,-1.0382
489.0000,0.0908,-0.1387,1.1052,-5.9771,-88.2748,-1.3130
516.0000,0.0955,-0.1372,1.1099,-6.1527,-91.7634,-1.1908
314.0000,0.1069,-0.1384,1.0969,-6.0611,-95.6947,-1.4962
524.0000,0.1133,-0.1450,1.0779,-6.8702,-99.6870,-1.2519
472.0000,0.1306,-0.1326,1.0410,-7.9466,-103.2824,-1.1756
444.0000,0.1467,-0.1521,1.0425,-8.8244,-106.3359,-1.7328
530.0000,0.1621,-0.1467,1.0193,-10.1374,-108.9466,-1.5725
525.0000,0.1755,-0.1553,1.0110,-10.4733,-111.9237,-1.7786
389.0000,0.1885,-0.1570,1.0017,-9.0916,-114.9237,-2.1450
600.0000,0.2178,-0.1541,0.9932,-7.8779,-117.4046,-2.2901
495.0000,0.2231,-0.1553,0.9958,-5.8779,-119.4962,-2.8321
417.0000,0.2373,-0.1628,0.9817,-3.0687,-121.2137,-2.8779
521.0000,0.2415,-0.1409,0.9805,-1.0763,-123.8702,-2.8855
559.0000,0.2627,-0.1494,0.9575,-0.2901,-126.0382,-3.1298
367.0000,0.2698,-0.1636,0.9602,1.2443,-126.9695,-3.2672
661.0000,0.2773,-0.1509,0.9502,0.9084,-128.9542,-3.1374
445.0000,0.2898,-0.1213,0.9194,-0.7405,-131.4351,-3.0916
450.0000,0.3052,-0.1379,0.9219,-2.8702,-132.9771,-3.3053
531.0000,0.3074,-0.1113,0.8906,-5.7634,-135.0534,-3.1527
476.0000,0.3264,-0.0979,0.8374,-9.7481,-137.5572,-3.5115
505.0000,0.3452,-0.1121,0.8240,-13.1527,-139.4886,-4.3511
435.0000,0.3538,-0.1216,0.8308,-16.2137,-140.7939,-4.7023
642.0000,0.3657,-0.1233,0.8042,-18.8244,-143.0000,-4.9084
409.0000,0.3801,-0.1426,0.7993,-18.1985,-144.2519,-5.9008
581.0000,0.4014,-0.1687,0.7922,-14.8702,-144.4809,-5.5725
516.0000,0.4131,-0.1877,0.8013,-11.2595,-144.4427,-5.7176
432.0000,0.4241,-0.1775,0.7866,-6.5420,-145.2214,-5.1450
436.0000,0.4355,-0.1772,0.7952,-1.5649,-145.5191,-5.1756
509.0000,0.4414,-0.1721,0.7852,1.6183,-145.3588,-5.0076
452.0000,0.4521,-0.1414,0.7354,3.1221,-145.7405,-4.2137
499.0000,0.4668,-0.1179,0.6907,3.5496,-146.1221,-4.2214
491.0000,0.4766,-0.1191,0.6938,1.9389,-145.8321,-4.5954
457.0000,0.4824,-0.1091,0.6472,-0.7176,-145.7786,-4.0763
447.0000,0.4978,-0.0884,0.5759,-2.8473,-146.2595,-3.6107
544.0000,0.5217,-0.1152,0.5532,-4.0458,-145.3588,-4.2290
546.0000,0.5383,-0.1191,0.5417,-5.5496,-144.7099,-3.3740
638.0000,0.5542,-0.0962,0.4949,-6.3664,-143.6565,-2.1832
476.0000,0.5759,-0.1128,0.5034,-4.2672,-141.7405,-3.1298
444.0000,0.5898,-0.1594,0.5588,-1.5725,-138.3588,-3.2443
752.0000,0.6035,-0.1321,0.5574,0.0076,-134.0763,-2.0840
416.0000,0.6150,-0.1233,0.5706,3.1450,-130.3359,-2.9389
422.0000,0.6221,-0.1829,0.6223,9.8015,-126.3130,-3.5115
495.0000,0.6118,-0.1724,0.6570,16.3588,-122.3206,-3.5954
581.0000,0.6086,-0.1655,0.6873,22.4733,-119.4046,-4.7481
352.0000,0.6101,-0.1985,0.6760,30.3282,-117.1603,-4.3817
748.0000,0.6135,-0.1677,0.6414,36.2824,-116.6947,-4.1450
385.0000,0.6111,-0.1533,0.5662,38.5649,-117.1679,-4.1069
613.0000,0.6104,-0.1313,0.5083,38.5115,-118.4351,-4.3282
332.0000,0.6133,-0.0569,0.3896,32.6336,-122.0382,-3.7176
602.0000,0.6296,-0.0151,0.3242,21.2443,-127.1298,-4.1985
291.0000,0.6707,0.0464,0.1782,4.6565,-131.5954,-2.9389
856.0000,0.7061,0.0479,0.0652,-11.0611,-136.0153,-2.0840
275.0000,0.7617,0.0833,-0.0996,-30.1832,-139.5572,-0.7939
452.0000,0.8115,0.0313,-0.1292,-47.2748,-139.8473,-1.6107
477.0000,0.8662,-0.0188,-0.1963,-57.4275,-139.9084,-0.6565
303.0000,0.9165,-0.0435,-0.2871,-63.0153,-135.2595,0.4122
459.0000,0.9456,-0.0669,-0.3359,-66.0458,-129.2061,0.7023
491.0000,0.9785,-0.1289,-0.3335,-64.4198,-119.0992,-0.0458
608.0000,1.0105,-0.1531,-0.2144,-62.2977,-103.5878,-0.8855
409.0000,1.0474,-0.2019,-0.1067,-54.8397,-79.9313,-1.5954
590.0000,1.0288,-0.2480,-0.0154,-39.7099,-57.1756,-0.6412
487.0000,1.0051,-0.2485,0.0332,-23.2443,-34.4504,0.0840
449.0000,0.9846,-0.2371,0.0464,-8.3664,-11.3130,0.5802
545.0000,0.9624,-0.1631,-0.0181,6.7099,9.7634,1.2137
510.0000,0.9248,-0.1384,-0.0579,24.1603,25.7863,0.0534
476.0000,0.9053,-0.1331,-0.0742,36.2824,39.3664,-1.0305
489.0000,0.8594,-0.1208,-0.0469,39.1450,49.8015,-0.9542
312.0000,0.8428,-0.1030,0.0281,38.6718,59.9618,-0.8855
499.0000,0.7983,-0.0947,0.0664,38.4809,67.2214,-0.6947
505.0000,0.7825,-0.0688,0.1226,36.1985,72.1145,-0.5267
497.0000,0.7588,-0.0657,0.1399,32.7939,75.3970,-0.1985
551.0000,0.7288,-0.0325,0.1614,28.9389,76.6718,0.4198
459.0000,0.7190,-0.0068,0.1868,23.0229,76.9008,0.9695
516.0000,0.7151,-0.0232,0.2146,18.6336,76.7176,1.5115
470.0000,0.7288,-0.0315,0.2427,13.8092,76.5420,2.9542
472.0000,0.7102,-0.0173,0.2285,9.9924,75.7557,4.4656
529.0000,0.7324,-0.0481,0.2544,5.9771,75.9084,5.1221
514.0000,0.7405,-0.0784,0.2847,3.3664,76.5725,6.1450
506.0000,0.7512,-0.0701,0.2808,2.1756,77.2519,7.6870
515.0000,0.7664,-0.0720,0.3008,1.4351,78.5115,7.7557
426.0000,0.7739,-0.0908,0.3284,1.5267,80.1374,8.1603
491.0000,0.7898,-0.0840,0.3218,2.0305,83.7023,8.6336
504.0000,0.7915,-0.1299,0.3904,4.7099,87.9695,8.1069
434.0000,0.8010,-0.1392,0.4304,7.1908,91.6565,8.2595
521.0000,0.7932,-0.1235,0.4290,10.5878,95.4046,8.4580
524.0000,0.7922,-0.1248,0.4277,13.6336,99.4275,7.5267
501.0000,0.7786,-0.1482,0.4014,16.1527,103.0763,7.0229
492.0000,0.7820,-0.1270,0.3843,17.6947,105.8855,6.2748
516.0000,0.7659,-0.1353,0.3936,17.6565,109.1832,4.9160
442.0000,0.7488,-0.1445,0.4221,16.4427,112.3359,3.7176
581.0000,0.7363,-0.1221,0.4226,13.9618,114.1069,2.9771
523.0000,0.7385,-0.0957,0.4033,10.8855,116.1832,2.1221
537.0000,0.7192,-0.1218,0.4138,9.5954,118.5267,0.6718
443.0000,0.6982,-0.1306,0.4180,7.8321,120.1298,0.1069
485.0000,0.6763,-0.1094,0.4500,6.2366,121.3130,0.0076
529.0000,0.6755,-0.1584,0.5491,6.2214,124.1221,-1.5954
345.0000,0.6492,-0.1626,0.6284,8.2672,125.8550,-1.1145
677.0000,0.6199,-0.1492,0.6572,10.1450,126.0611,-1.2214
489.0000,0.6221,-0.1431,0.6628,13.0840,126.9389,-1.9695
446.0000,0.6064,-0.1626,0.7083,17.2061,128.0992,-2.7176
404.0000,0.5854,-0.1257,0.7258,18.6412,127.8321,-2.7710
567.0000,0.5625,-0.0999,0.6877,16.9924,126.0229,-2.9695
486.0000,0.5618,-0.1023,0.6411,13.9389,124.2901,-3.2519
473.0000,0.5566,-0.0774,0.6086,9.3664,123.2214,-3.1374
526.0000,0.5317,-0.0813,0.6018,4.1221,122.0534,-3.2901
499.0000,0.5120,-0.0579,0.6106,-3.9237,119.5954,-2.9695
502.0000,0.5132,-0.0564,0.6165,-11.0687,117.3206,-2.8626
505.0000,0.5208,-0.0759,0.6250,-17.0687,115.4504,-2.7023
514.0000,0.5127,-0.0803,0.6484,-21.8550,114.6031,-2.5267
459.0000,0.5085,-0.1099,0.6924,-22.7099,114.8244,-2.3817
532.0000,0.5044,-0.1406,0.7886,-21.8931,115.1985,-2.4656
390.0000,0.4875,-0.1528,0.8398,-19.0763,115.7176,-2.4198
577.0000,0.4717,-0.1436,0.8481,-16.5191,117.0534,-1.8397
519.0000,0.4731,-0.1611,0.8616,-11.2290,117.7786,-2.3588
453.0000,0.4548,-0.1641,0.8687,-5.6107,118.6183,-2.4580
452.0000,0.4429,-0.1375,0.8381,-3.9237,118.6031,-2.3588
594.0000,0.4280,-0.1143,0.8093,-5.6565,118.0916,-2.7863
447.0000,0.4221,-0.0974,0.7908,-6.2748,117.3130,-3.5115
484.0000,0.4004,-0.1162,0.7971,-7.7328,115.6947,-4.2748
502.0000,0.3567,-0.1123,0.8245,-11.3664,114.5649,-4.2977
509.0000,0.3403,-0.1060,0.8298,-14.7863,111.1527,-4.2061
505.0000,0.3418,-0.1121,0.8335,-17.0382,109.3359,-4.3588
485.0000,0.3398,-0.1289,0.8765,-17.8092,107.7786,-4.8168
419.0000,0.2913,-0.1282,0.9075,-19.0153,104.2214,-4.3969
552.0000,0.3289,-0.1143,0.9326,-19.9695,104.2672,-4.6794
555.0000,0.3062,-0.1267,0.9578,-19.7786,101.9847,-4.9847
411.0000,0.3008,-0.1306,0.9700,-18.8092,100.7557,-5.0382
561.0000,0.2944,-0.1211,0.9695,-19.0229,100.2977,-4.9695
534.0000,0.2788,-0.1196,0.9597,-18.8855,98.7786,-5.6031
405.0000,0.2793,-0.1294,0.9578,-17.8473,96.6412,-6.0534
539.0000,0.2700,-0.1377,0.9434,-17.5114,95.8168,-6.3053
440.0000,0.2546,-0.1340,0.9197,-17.0916,92.8321,-6.5802
560.0000,0.2622,-0.1211,0.8982,-17.4046,92.9847,-6.7023
472.0000,0.2566,-0.1294,0.9031,-15.8931,93.0763,-6.9160
528.0000,0.2239,-0.1299,0.9180,-15.1603,92.1603,-6.9847
486.0000,0.1987,-0.1257,0.9170,-14.4122,86.8397,-6.0076
549.0000,0.1985,-0.1179,0.9148,-15.4122,86.3817,-5.8702
493.0000,0.2043,-0.1321,0.9407,-15.5420,85.9160,-5.5496
484.0000,0.1790,-0.1426,0.9856,-14.9389,84.3817,-4.7939
413.0000,0.1597,-0.1375,0.9895,-14.3817,81.6870,-4.5344
527.0000,0.1511,-0.1125,0.9895,-15.0076,79.0305,-4.1069
426.0000,0.1641,-0.1118,0.9873,-15.8855,77.4504,-3.9618
463.0000,0.1555,-0.1084,0.9797,-16.9771,75.9313,-3.7786
536.0000,0.1628,-0.1006,0.9790,-18.2290,73.8015,-3.5344
414.0000,0.1487,-0.1306,0.9873,-18.7786,72.6031,-3.4885
550.0000,0.1343,-0.1382,0.9722,-18.9389,72.2748,-2.8626
522.0000,0.1511,-0.1465,0.9692,-17.6489,72.1985,-2.8779
489.0000,0.1365,-0.1709,0.9797,-13.6412,71.8168,-2.6641
408.0000,0.1187,-0.1716,0.9724,-10.3969,70.3970,-2.3206
566.0000,0.1001,-0.1553,0.9839,-8.1679,68.1756,-2.5344
472.0000,0.1052,-0.1643,0.9705,-6.0534,67.9084,-2.4351
464.0000,0.0884,-0.1467,0.9690,-6.0840,65.9466,-2.4122
511.0000,0.0657,-0.1260,0.9680,-7.6870,63.4809,-1.7252
505.0000,0.0630,-0.1401,0.9778,-9.2366,61.7939,-1.6794
445.0000,0.0627,-0.1550,1.0127,-9.2061,60.3511,-1.3130
531.0000,0.0510,-0.1553,1.0317,-9.3130,58.5573,-0.9313
443.0000,0.0374,-0.1577,1.0398,-9.3359,56.3740,-0.7176
511.0000,0.0286,-0.1531,1.0500,-8.0840,54.2290,-0.6641
508.0000,0.0212,-0.1653,1.0579,-6.8473,52.1527,-0.6031
502.0000,0.0159,-0.1589,1.0608,-5.3893,49.9313,-0.9084
449.0000,0.0088,-0.1477,1.0430,-5.3130,47.0687,-0.9313
565.0000,0.0203,-0.1384,1.0276,-6.1374,44.6183,-1.0229
528.0000,0.0146,-0.1519,1.0364,-6.4427,42.6947,-1.4656
391.0000,0.0020,-0.1670,1.0452,-6.1756,40.7939,-1.5496
517.0000,-0.0054,-0.1682,1.0508,-5.3740,38.2595,-1.3282
541.0000,-0.0002,-0.1658,1.0579,-4.8550,36.0076,-1.1374
444.0000,0.0039,-0.1587,1.0549,-2.9160,34.1221,-0.9237
454.0000,0.0005,-0.1523,1.0459,-1.8092,32.0840,-1.0840
527.0000,0.0027,-0.1353,1.0254,-1.9771,30.0992,-1.0229
545.0000,0.0022,-0.1433,1.0239,-2.4809,28.0687,-1.1298
505.0000,0.0059,-0.1558,1.0203,-2.7405,27.3740,-1.3282
466.0000,0.0049,-0.1641,1.0337,-2.6565,26.0458,-1.2977
461.0000,-0.0024,-0.1531,1.0222,-2.7634,24.0763,-1.3664
531.0000,0.0068,-0.1533,1.0015,-2.2519,22.4885,-1.4198
510.0000,0.0032,-0.1545,0.9946,-1.1603,20.8779,-1.5802
444.0000,0.0144,-0.1455,0.9866,-1.6183,19.0687,-1.5267
499.0000,0.0090,-0.1362,0.9724,-2.5115,17.3893,-1.5038
540.0000,0.0100,-0.1379,0.9668,-3.5954,16.4275,-1.4122
487.0000,0.0090,-0.1455,0.9697,-4.9466,15.0763,-0.8702
434.0000,0.0063,-0.1472,0.9592,-5.8168,14.1603,-0.9084
664.0000,0.0076,-0.1501,0.9519,-5.6565,13.1603,-0.6336
472.0000,0.0151,-0.1589,0.9529,-4.8397,12.5649,-0.2977
495.0000,0.0129,-0.1682,0.9666,-3.1756,12.0076,-0.1450
508.0000,0.0046,-0.1729,0.9875,-1.5038,11.7405,0.1603
478.0000,-0.0012,-0.1660,0.9927,0.0229,11.3817,0.4427
499.0000,-0.0081,-0.1680,0.9939,0.8473,10.4275,0.5649
510.0000,-0.0198,-0.1538,0.9790,0.9695,9.3053,0.8550
479.0000,-0.0110,-0.1570,0.9668,0.5954,7.9542,1.1679
479.0000,-0.0137,-0.1392,0.9534,-0.4275,7.0305,1.3053
516.0000,-0.0200,-0.1384,0.9470,-1.8321,5.9313,1.3206
387.0000,-0.0164,-0.1462,0.9373,-2.9313,4.5191,1.2977
497.0000,-0.0164,-0.1370,0.9417,-4.2901,3.1450,1.3053
502.0000,-0.0081,-0.1411,0.9385,-5.4733,2.1221,1.4580
479.0000,-0.0032,-0.1536,0.9482,-5.4809,1.4122,1.3664
493.0000,-0.0054,-0.1497,0.9417,-5.4275,0.4962,1.5878
542.0000,0.0029,-0.1511,0.9316,-5.2443,-0.0763,1.4275
526.0000,0.0061,-0.1545,0.9348,-4.9847,-0.2977,1.2977
461.0000,0.0085,-0.1567,0.9277,-5.3588,-0.8092,1.2672
483.0000,0.0085,-0.1619,0.9216,-5.2366,-0.8473,1.0916
541.0000,0.0081,-0.1521,0.9104,-5.0534,-1.2595,0.9389
469.0000,0.0125,-0.1528,0.8970,-5.1908,-1.5802,0.8092
412.0000,0.0107,-0.1501,0.9072,-5.3435,-1.5573,0.8779
499.0000,0.0188,-0.1516,0.9119,-5.6870,-1.4656,0.6412
433.0000,0.0188,-0.1475,0.9099,-6.1985,-1.6565,0.4046
445.0000,0.0151,-0.1580,0.9148,-6.0382,-1.4122,0.2824
564.0000,0.0071,-0.1531,0.9060,-5.7252,-1.1298,0.3206
434.0000,0.0134,-0.1553,0.9092,-5.2443,-1.3969,-0.0687
521.0000,0.0037,-0.1609,0.9241,-4.3053,-1.2443,0.0458
536.0000,0.0056,-0.1482,0.9209,-4.1374,-1.5954,0.0229
441.0000,0.0020,-0.1494,0.9143,-3.8168,-1.9695,0.0534
503.0000,-0.0046,-0.1536,0.9075,-4.1374,-2.3893,-0.0992
611.0000,-0.0005,-0.1423,0.9009,-4.1298,-2.7252,-0.1145
459.0000,-0.0029,-0.1541,0.9111,-4.1527,-2.9542,0.0687
492.0000,-0.0015,-0.1541,0.9170,-3.9008,-3.2366,0.0611
552.0000,0.0017,-0.1499,0.9075,-3.7405,-3.6718,0.1527
482.0000,-0.0017,-0.1504,0.9070,-3.3740,-4.1985,0.0992
555.0000,0.0093,-0.1465,0.9146,-2.8626,-4.0305,0.4885
509.0000,0.0024,-0.1523,0.9116,-2.7939,-4.0000,0.4046
465.0000,0.0022,-0.1531,0.9131,-2.8702,-4.1221,0.5649
450.0000,0.0046,-0.1445,0.9138,-3.0382,-4.2290,0.7023
617.0000,0.0034,-0.1433,0.9119,-3.2748,-4.4122,0.3817
477.0000,0.0090,-0.1533,0.9133,-2.7863,-4.4427,0.2595
469.0000,-0.0027,-0.1672,0.9299,-2.4962,-4.5420,0.2137
472.0000,-0.0017,-0.1599,0.9392,-2.4962,-4.9237,0.3893
439.0000,-0.0024,-0.1533,0.9424,-2.5725,-5.4122,0.2366
638.0000,0.0010,-0.1597,0.9360,-2.4427,-6.0382,0.2519
532.0000,-0.0017,-0.1594,0.9346,-2.4580,-6.5344,-0.0458
483.0000,0.0007,-0.1494,0.9346,-2.8779,-7.2595,0.0458
363.0000,0.0088,-0.1489,0.9316,-3.9008,-8.0687,-0.0534
540.0000,-0.0046,-0.1587,0.9270,-4.5725,-8.9542,-0.0992
478.0000,0.0046,-0.1545,0.9426,-4.8397,-9.4427,-0.0611
447.0000,-0.0007,-0.1577,0.9485,-4.9847,-10.0687,0.0076
570.0000,0.0066,-0.1602,0.9358,-5.3282,-10.8855,0.2748
502.0000,0.0061,-0.1594,0.9512,-5.4504,-12.0534,0.0534
455.0000,0.0005,-0.1716,0.9702,-4.4962,-12.5878,0.3130
436.0000,0.0093,-0.1692,0.9917,-3.7405,-13.5420,0.3053
540.0000,0.0134,-0.1660,0.9888,-3.6718,-14.3664,0.4122
405.0000,0.0164,-0.1572,0.9893,-2.5878,-15.2901,0.1908
455.0000,0.0156,-0.1519,0.9966,-1.9389,-16.3206,0.7786
584.0000,0.0054,-0.1597,1.0000,-1.6870,-17.6412,0.4885
449.0000,0.0073,-0.1570,1.0078,-0.9313,-19.0000,0.8779
475.0000,0.0051,-0.1567,1.0181,-0.7099,-20.5038,1.1603
547.0000,0.0068,-0.1482,1.0291,-1.1069,-22.0763,1.4580
476.0000,0.0056,-0.1460,1.0295,-1.5191,-24.4504,1.6718
516.0000,0.0134,-0.1418,1.0203,-1.4733,-26.6641,2.1603
554.0000,0.0012,-0.1555,1.0410,-2.4351,-28.9389,2.2977
427.0000,0.0120,-0.1433,1.0674,-3.7481,-30.9160,2.3588
494.0000,-0.0022,-0.1440,1.0730,-4.5725,-33.4504,2.2595
496.0000,0.0005,-0.1497,1.0889,-5.5954,-36.2519,2.0763
548.0000,0.0000,-0.1445,1.1050,-6.5267,-39.1679,2.2595
485.0000,-0.0007,-0.1589,1.1028,-7.6641,-42.2214,2.2672
481.0000,-0.0002,-0.1541,1.0996,-8.3969,-45.3817,2.0763
390.0000,0.0005,-0.1523,1.0913,-10.0229,-48.7328,2.0458
455.0000,0.0166,-0.1565,1.0828,-11.5115,-51.8550,1.5878
483.0000,0.0217,-0.1636,1.0664,-12.3817,-54.8397,1.2595
475.0000,0.0278,-0.1682,1.0703,-12.0000,-58.1527,0.7786
499.0000,0.0278,-0.1792,1.0601,-12.4046,-61.4046,0.8397
567.0000,0.0371,-0.1875,1.0576,-12.0534,-64.7252,0.5344
493.0000,0.0525,-0.1851,1.0530,-11.3740,-68.1221,0.2901
493.0000,0.0647,-0.1858,1.0510,-11.1145,-70.9771,-0.2061
536.0000,0.0730,-0.1873,1.0588,-11.6412,-73.4657,-0.7252
470.0000,0.0842,-0.1780,1.0569,-11.2366,-76.1298,-1.2290
485.0000,0.0962,-0.1890,1.0649,-11.1527,-78.7252,-1.7863
528.0000,0.0942,-0.1929,1.0923,-10.6031,-80.5267,-2.3359
436.0000,0.0928,-0.2039,1.0957,-10.8168,-82.8779,-2.7786
522.0000,0.0989,-0.1929,1.0781,-11.3359,-86.1832,-2.6489
545.0000,0.1165,-0.1931,1.0618,-11.1145,-89.4733,-3.4656
545.0000,0.1160,-0.1978,1.0630,-11.5038,-91.8931,-3.7023
482.0000,0.1174,-0.1870,1.0532,-13.4885,-94.8321,-3.5878
491.0000,0.1274,-0.2065,1.0630,-14.2519,-97.9008,-4.0763
489.0000,0.1296,-0.2031,1.0483,-13.6107,-101.2824,-4.0687
427.0000,0.1541,-0.1794,1.0291,-14.3435,-104.5878,-4.1603
723.0000,0.1589,-0.1895,1.0093,-13.7863,-108.6183,-4.7939
442.0000,0.1802,-0.2009,0.9873,-11.6641,-111.9924,-4.5649
466.0000,0.1973,-0.2261,1.0269,-8.8550,-114.2901,-5.0153
561.0000,0.1875,-0.2195,1.0210,-6.7099,-116.8702,-4.4885
462.0000,0.2087,-0.2156,1.0242,-4.1603,-119.3588,-4.4733
487.0000,0.2180,-0.2471,1.0664,0.8473,-121.4428,-4.7176
525.0000,0.2185,-0.2354,1.0840,4.6031,-123.2595,-3.8702
293.0000,0.2205,-0.1926,1.0234,5.6489,-127.0382,-3.4427
466.0000,0.2463,-0.1643,0.9487,4.6260,-131.6107,-3.4962
452.0000,0.2734,-0.1514,0.8916,1.6565,-134.5725,-3.3664
554.0000,0.2915,-0.1362,0.8477,-2.4809,-137.3435,-3.2595
463.0000,0.2932,-0.1443,0.8577,-8.0534,-140.9695,-3.9313
373.0000,0.3123,-0.1345,0.8462,-13.8397,-144.1908,-3.6107
696.0000,0.3457,-0.1399,0.8408,-16.0229,-145.4809,-4.2137
395.0000,0.3635,-0.2141,0.8950,-12.7099,-146.0992,-5.0305
555.0000,0.3650,-0.2041,0.8904,-7.8779,-148.7099,-4.2137
456.0000,0.3875,-0.1804,0.8633,-2.8397,-150.3359,-3.7481
499.0000,0.4185,-0.2280,0.9121,5.5115,-149.7863,-4.6718
416.0000,0.4021,-0.2483,0.9463,15.1221,-149.2290,-3.6641
702.0000,0.3921,-0.2170,0.9072,21.7099,-150.7099,-2.6260
354.0000,0.4009,-0.1904,0.8323,27.0076,-153.4351,-2.0153
517.0000,0.4170,-0.1467,0.7458,28.1832,-155.1450,-1.5802
483.0000,0.4377,-0.0925,0.6748,23.3893,-158.5191,-0.8244
591.0000,0.4521,-0.0457,0.5759,13.2061,-163.1908,-0.8702
436.0000,0.4673,-0.0200,0.5464,-0.4427,-166.3282,-1.8168
467.0000,0.4866,-0.0676,0.5955,-16.0076,-167.8168,-3.4427
478.0000,0.4995,-0.0642,0.5940,-29.7252,-169.6412,-3.0382
701.0000,0.5166,-0.1062,0.6130,-38.7557,-170.4046,-5.2443
313.0000,0.5427,-0.1753,0.6570,-42.7405,-170.5420,-7.1908
599.0000,0.5535,-0.1870,0.6563,-42.3969,-169.5038,-8.2061
460.0000,0.5679,-0.1970,0.6648,-39.8473,-169.0687,-10.4122
661.0000,0.5945,-0.1746,0.6289,-37.7176,-169.9618,-12.5344
396.0000,0.6147,-0.1589,0.5867,-36.1221,-169.0229,-15.0992
697.0000,0.6174,-0.2004,0.5691,-33.9466,-167.5114,-17.8855
235.0000,0.6160,-0.1902,0.5171,-31.7023,-166.8855,-19.9389
575.0000,0.6311,-0.1702,0.5278,-30.5802,-165.7633,-22.9237
412.0000,0.6438,-0.1768,0.5586,-32.7710,-163.3282,-25.3511
595.0000,0.6536,-0.2295,0.6299,-29.6870,-159.2672,-28.2748
355.0000,0.6487,-0.3027,0.6597,-20.6260,-156.0763,-29.8321
646.0000,0.6335,-0.3499,0.6467,-6.5878,-153.7863,-30.7328
527.0000,0.6597,-0.2954,0.5293,4.9237,-152.8855,-30.3511
663.0000,0.6799,-0.2439,0.3125,14.7252,-151.9542,-30.4122
230.0000,0.6868,-0.1746,-0.0154,18.5649,-153.2977,-28.7252
754.0000,0.7358,-0.0283,-0.4238,10.1908,-155.0534,-27.0687
410.0000,0.8074,0.0483,-0.6099,-10.9389,-153.7252,-26.0840
248.0000,0.8972,0.0701,-0.6765,-37.6031,-145.9237,-23.3664
497.0000,0.9514,0.0583,-0.7197,-59.6412,-131.7863,-21.0229
421.0000,0.9993,-0.0989,-0.6282,-71.8015,-112.0992,-18.6031
488.0000,0.9983,-0.1946,-0.4690,-73.5038,-92.4275,-13.9160
496.0000,1.0159,-0.1929,-0.2549,-65.9771,-67.5496,-8.9695
447.0000,1.0264,-0.2229,-0.1172,-46.2901,-39.9008,-5.6870
653.0000,0.9661,-0.1875,-0.0784,-16.8550,-20.2366,-3.5191
534.0000,0.9001,-0.1221,-0.0632,10.7252,-4.4351,-4.0305
418.0000,0.8921,-0.1560,-0.0967,31.7176,11.0076,-4.9313
547.0000,0.8306,-0.1326,-0.1104,43.4351,22.9160,-2.6412
528.0000,0.7781,-0.1182,-0.0686,45.8092,32.4580,0.1298
412.0000,0.7507,-0.0745,-0.0137,43.1756,38.5344,2.1221
544.0000,0.7261,-0.0457,0.0552,38.8702,43.2290,3.3435
550.0000,0.6929,-0.0132,0.1123,30.1603,44.8473,4.4885
389.0000,0.6980,-0.0037,0.1670,19.5038,46.9008,5.8015
527.0000,0.6934,-0.0061,0.2004,9.7252,49.0916,7.2519
542.0000,0.6956,-0.0264,0.2405,1.8321,51.0000,8.5878
493.0000,0.6941,-0.0535,0.2632,-3.4504,52.9237,10.2061
415.0000,0.7073,-0.0562,0.2783,-7.9924,54.9847,12.0840
555.0000,0.7305,-0.0679,0.2881,-7.1985,58.4351,13.6718
424.0000,0.7390,-0.0964,0.2710,-4.8321,61.7252,14.9466
493.0000,0.7573,-0.0825,0.2693,-2.9160,65.3588,15.5496
532.0000,0.7842,-0.1289,0.2634,1.9542,70.9771,16.4427
474.0000,0.7810,-0.1455,0.2671,6.7863,76.8626,17.4427
557.0000,0.7905,-0.1423,0.2649,10.9084,81.8550,17.7252
501.0000,0.7908,-0.1389,0.2634,14.1679,88.2672,17.4122
465.0000,0.7944,-0.1731,0.3013,17.8168,93.5878,16.5114
459.0000,0.7839,-0.1704,0.3113,20.6947,97.8092,16.0611
618.0000,0.7844,-0.1626,0.3276,22.4275,101.6565,14.8473
448.0000,0.7849,-0.1707,0.3254,23.4656,105.9771,13.5649
494.0000,0.7800,-0.1819,0.3196,23.4504,109.1832,12.8550
514.0000,0.7610,-0.1458,0.2981,20.8168,111.2977,11.2290
545.0000,0.7656,-0.1321,0.2732,16.4962,113.5954,9.9237
465.0000,0.7622,-0.1326,0.2776,12.4351,116.6183,8.8702
518.0000,0.7493,-0.1350,0.3022,7.6031,119.8092,7.4275
353.0000,0.7419,-0.1379,0.3235,2.5878,123.1908,6.7786
656.0000,0.7322,-0.1306,0.3118,-0.9237,126.7328,6.3511
502.0000,0.7178,-0.1704,0.3435,-0.6183,130.6031,4.6947
464.0000,0.7012,-0.2246,0.4233,2.0458,134.2061,4.6641
480.0000,0.6960,-0.2175,0.4565,6.6489,138.1221,5.1603
598.0000,0.6755,-0.2104,0.4827,11.3511,141.3053,5.0458
452.0000,0.6519,-0.2063,0.5117,16.4046,145.0382,4.0458
496.0000,0.6372,-0.2187,0.5198,21.4580,147.0153,3.3588
509.0000,0.6047,-0.1960,0.5198,25.1832,148.0229,3.4504
458.0000,0.5979,-0.1760,0.5293,25.0382,148.9084,2.9237
464.0000,0.5845,-0.1436,0.5283,21.4809,149.8321,2.2595
530.0000,0.5513,-0.1265,0.5408,17.3282,149.7099,1.6489
565.0000,0.5261,-0.1228,0.5605,11.7481,148.1069,1.1145
457.0000,0.5073,-0.1270,0.6042,5.8015,147.1221,0.7557
505.0000,0.4968,-0.1304,0.6436,0.2824,146.2901,0.9542
462.0000,0.4863,-0.1318,0.6797,-3.9771,144.8473,1.7252
449.0000,0.4866,-0.1326,0.7036,-5.3893,142.9466,1.7023
533.0000,0.4817,-0.1582,0.7354,-4.8015,142.0840,2.1069
496.0000,0.4836,-0.1528,0.7776,-3.3130,141.9695,2.4962
490.0000,0.4653,-0.1611,0.7952,0.3282,141.1527,2.8550
477.0000,0.4854,-0.1689,0.8069,4.5267,141.4962,2.5038
534.0000,0.4517,-0.1819,0.7971,8.7252,141.6183,2.6260
418.0000,0.4360,-0.1719,0.7598,11.4275,143.1603,2.7481
544.0000,0.4163,-0.1450,0.7554,10.9771,142.9237,2.4580
506.0000,0.4006,-0.1309,0.7390,9.1603,141.9466,1.8473
443.0000,0.3801,-0.1074,0.7588,7.9313,140.9695,1.6336
526.0000,0.3564,-0.0896,0.7739,3.7557,139.5420,1.5038
569.0000,0.3489,-0.0952,0.8022,-2.2977,136.6565,1.2824
465.0000,0.3396,-0.0869,0.8413,-7.6031,135.1374,0.8702
483.0000,0.3201,-0.1355,0.9148,-10.0000,134.1450,0.1832
498.0000,0.2971,-0.1401,0.9734,-10.4885,132.4351,0.3817
445.0000,0.2888,-0.1392,1.0007,-10.5267,131.0305,0.3206
546.0000,0.2727,-0.1558,0.9958,-8.2977,129.0229,-0.2901
495.0000,0.2666,-0.1753,1.0032,-3.0534,128.5572,-0.7252
385.0000,0.2468,-0.2068,1.0396,2.6489,127.6718,-1.5725
579.0000,0.2197,-0.1880,1.0447,8.0305,125.5496,-1.7023
465.0000,0.2117,-0.1780,1.0168,10.7252,123.6794,-2.5115
522.0000,0.1792,-0.1606,0.9724,14.4885,121.2748,-3.0153
510.0000,0.1555,-0.1062,0.9478,11.6260,115.2290,-3.3130
545.0000,0.1458,-0.0647,0.9285,4.5496,108.4122,-3.4580
443.0000,0.1462,-0.0686,0.9324,-3.8473,103.0000,-3.1298
575.0000,0.1438,-0.0676,0.9392,-13.7786,98.4428,-2.4351
541.0000,0.1577,-0.0789,0.9656,-22.3740,95.0534,-1.7786
450.0000,0.1619,-0.1499,1.0000,-24.4504,93.5038,-1.5191
455.0000,0.1440,-0.1741,1.0278,-22.9008,91.6565,-0.3893
534.0000,0.1392,-0.1599,1.0137,-20.5038,87.1679,-0.1832
485.0000,0.1560,-0.1738,1.0320,-15.6183,87.1298,-0.3664
466.0000,0.1592,-0.1711,1.0625,-9.4046,87.3511,-0.7405
469.0000,0.1416,-0.1553,1.1038,-5.3435,87.1374,-0.8702
512.0000,0.1240,-0.1414,1.0823,-4.4885,86.9084,-1.0763
474.0000,0.1313,-0.1448,1.0435,-3.7328,86.7634,-1.4046
555.0000,0.1111,-0.1641,1.0166,-2.5038,84.4504,-1.4275
467.0000,0.0762,-0.1411,0.9753,-2.3969,84.1069,-0.8931
444.0000,0.0469,-0.1411,0.9597,-3.5115,80.0763,-0.7786
516.0000,0.0393,-0.1221,0.9431,-7.0763,75.6718,-0.1374
504.0000,0.0295,-0.1106,0.9426,-12.7481,71.6489,0.4580
498.0000,0.0354,-0.1216,0.9856,-17.2672,68.7099,0.3053
424.0000,0.0220,-0.1582,1.0757,-20.1756,66.6336,0.5649
483.0000,0.0076,-0.1746,1.1206,-20.9389,65.4886,0.6947
580.0000,0.0010,-0.2144,1.1843,-17.0611,64.2824,0.8931
522.0000,-0.0208,-0.2515,1.2129,-8.8550,63.1603,1.1145
378.0000,-0.0325,-0.2515,1.2014,-0.3130,61.0611,1.6031
527.0000,-0.0615,-0.2141,1.1619,7.0458,57.2290,2.0687
566.0000,-0.0681,-0.1802,1.1245,11.1527,52.0229,1.9237
460.0000,-0.0662,-0.1509,1.0935,11.8473,47.1069,1.7710
565.0000,-0.0481,-0.1260,1.0891,10.4198,43.5038,1.3893
610.0000,-0.0591,-0.1265,1.1045,6.2061,39.7099,1.5267
482.0000,-0.0637,-0.1270,1.1172,2.3664,36.3511,1.5573
445.0000,-0.0623,-0.1479,1.1223,0.1450,32.7252,1.7939
510.0000,-0.0574,-0.1482,1.1145,-1.6183,28.4580,1.7939
621.0000,-0.0439,-0.1477,1.0972,-2.1679,24.1145,1.9695
480.0000,-0.0349,-0.1487,1.0840,-1.6336,20.9160,1.8779
497.0000,-0.0281,-0.1580,1.1018,-0.7939,18.2366,1.7939
483.0000,-0.0164,-0.1733,1.0918,0.2901,15.9237,1.7405
522.0000,-0.0166,-0.1692,1.0930,1.4275,14.1145,1.5038
481.0000,-0.0046,-0.1799,1.0962,2.8244,12.2748,0.9924
533.0000,-0.0066,-0.1853,1.1001,4.2901,10.2519,0.8473
524.0000,-0.0015,-0.1843,1.0723,4.4733,7.3893,0.7328
503.0000,0.0039,-0.1709,1.0627,3.5344,4.6641,0.1374
468.0000,0.0232,-0.1704,1.0310,1.9084,2.5496,-0.4656
468.0000,0.0254,-0.1667,1.0129,-0.3053,0.3282,-1.1527
524.0000,0.0310,-0.1833,0.9839,-2.0916,-1.1374,-1.6183
490.0000,0.0449,-0.1838,0.9602,-3.1145,-2.1298,-2.1679
442.0000,0.0457,-0.1917,0.9412,-3.9160,-2.8321,-2.8931
549.0000,0.0535,-0.1865,0.9248,-3.8702,-3.3359,-3.3359
560.0000,0.0542,-0.1875,0.9114,-2.7328,-3.1450,-3.5115
414.0000,0.0535,-0.1833,0.8972,-1.5878,-2.5267,-3.7557
459.0000,0.0593,-0.1785,0.9080,-0.9084,-2.1756,-3.8779
549.0000,0.0608,-0.1743,0.8882,-0.4351,-1.4122,-4.3206
476.0000,0.0513,-0.1650,0.8816,-0.4122,-0.2519,-4.4046
496.0000,0.0405,-0.1555,0.8660,-0.7176,0.6947,-4.6336
554.0000,0.0352,-0.1594,0.8723,-1.1069,1.5649,-4.9160
448.0000,0.0310,-0.1445,0.8601,-1.6947,1.9313,-4.7863
564.0000,0.0149,-0.1514,0.8547,-2.1527,2.1985,-5.0076
564.0000,0.0122,-0.1504,0.8647,-2.3664,2.2214,-4.7481
514.0000,-0.0049,-0.1460,0.8691,-2.9771,1.8779,-4.6107
556.0000,-0.0010,-0.1372,0.8716,-3.5725,1.6336,-4.1908
494.0000,0.0039,-0.1416,0.8835,-3.9847,1.8550,-4.3053
488.0000,-0.0122,-0.1418,0.8806,-4.2290,1.9008,-3.8931
508.0000,-0.0139,-0.1428,0.8936,-4.6489,1.8397,-3.6718
577.0000,-0.0249,-0.1355,0.8899,-4.4962,1.4427,-3.4198
446.0000,-0.0269,-0.1387,0.8999,-4.4580,1.2366,-3.1527
449.0000,-0.0310,-0.1306,0.9045,-4.6031,1.0305,-2.8779
556.0000,-0.0300,-0.1326,0.9089,-4.4504,0.6412,-2.8550
580.0000,-0.0313,-0.1267,0.9036,-4.3206,0.4580,-2.4580
403.0000,-0.0295,-0.1316,0.9055,-3.7328,0.0000,-2.6947
517.0000,-0.0330,-0.1313,0.9165,-3.3817,-0.0992,-2.6260
570.0000,-0.0344,-0.1318,0.9392,-2.6641,-0.7099,-2.2901
371.0000,-0.0344,-0.1304,0.9531,-2.2214,-0.9389,-2.1374
515.0000,-0.0317,-0.1309,0.9551,-1.4962,-1.6336,-1.9313
438.0000,-0.0386,-0.1218,0.9697,-1.4656,-2.2290,-1.6718
443.0000,-0.0344,-0.1243,0.9807,-1.5191,-2.9847,-1.3817
501.0000,-0.0371,-0.1221,0.9956,-1.5954,-4.2672,-0.8015
367.0000,-0.0305,-0.1233,0.9900,-2.0840,-5.6641,-0.3359
547.0000,-0.0403,-0.1165,1.0002,-2.4351,-7.4656,0.0611
466.0000,-0.0249,-0.1208,1.0005,-2.6565,-9.0000,0.2290
540.0000,-0.0195,-0.1221,1.0127,-2.8244,-11.2214,0.6412
601.0000,-0.0151,-0.1287,1.0232,-3.0076,-12.7939,1.0229
508.0000,-0.0154,-0.1414,1.0261,-2.9847,-15.1145,1.0458
520.0000,-0.0012,-0.1372,1.0537,-2.4122,-17.1756,1.5115
445.0000,0.0105,-0.1428,1.0503,-1.7786,-19.4351,1.7786
515.0000,0.0073,-0.1401,1.0493,-1.3053,-21.5649,1.9237
558.0000,0.0125,-0.1487,1.0676,-1.1221,-23.5038,2.1603
553.0000,0.0269,-0.1458,1.0710,-1.1603,-26.0076,2.2901
473.0000,0.0193,-0.1465,1.1135,-1.2748,-28.4275,2.0229
615.0000,0.0110,-0.1477,1.1262,-1.2901,-30.6183,1.7557
472.0000,0.0034,-0.1582,1.1455,-1.5954,-33.3130,1.1374
507.0000,-0.0100,-0.1682,1.1628,-1.1374,-36.4656,0.6565
604.0000,-0.0291,-0.1755,1.1912,-0.3893,-39.7786,0.4656
378.0000,-0.0469,-0.1760,1.2036,0.2137,-44.1527,0.1908
515.0000,-0.0508,-0.1663,1.2190,-0.2061,-49.4580,0.0458
429.0000,-0.0615,-0.1653,1.2249,-0.6565,-55.4046,-0.4275
582.0000,-0.0625,-0.1467,1.2234,-2.2290,-61.2901,-0.9542
412.0000,-0.0574,-0.1453,1.2266,-3.6183,-67.0611,-1.6412
605.0000,-0.0532,-0.1572,1.2327,-4.7939,-73.0916,-2.1145
500.0000,-0.0500,-0.1562,1.2339,-5.9237,-79.7557,-2.2137
489.0000,-0.0286,-0.1692,1.2327,-6.0611,-85.4962,-2.6641
398.0000,-0.0215,-0.1729,1.2429,-5.5878,-91.4962,-2.5573
644.0000,-0.0127,-0.1631,1.2156,-6.1679,-97.2443,-2.2748
444.0000,0.0249,-0.1663,1.2029,-4.6489,-103.0992,-2.8015
469.0000,0.0325,-0.1921,1.2441,-2.6565,-107.1756,-3.0153
562.0000,0.0259,-0.1846,1.2544,-1.4275,-111.8321,-2.4198
533.0000,0.0352,-0.1580,1.2383,-0.5267,-117.4275,-2.5496
535.0000,0.0518,-0.1602,1.2434,0.2748,-122.1374,-2.7710
455.0000,0.0415,-0.1350,1.2014,-0.8321,-127.2672,-2.1603
560.0000,0.0454,-0.1174,1.1667,-3.6336,-133.9160,-2.3511
562.0000,0.0625,-0.1250,1.1582,-6.4198,-140.2366,-2.4733
526.0000,0.0789,-0.1174,1.1204,-10.5725,-145.5114,-1.6718
453.0000,0.1052,-0.1230,1.1135,-13.9771,-150.6641,-1.7863
539.0000,0.1206,-0.1504,1.0972,-14.4656,-156.3664,-1.5267
527.0000,0.1311,-0.1445,1.0925,-14.4809,-161.4275,-0.9237
366.0000,0.1558,-0.1543,1.0601,-14.0382,-165.9237,-0.6641
390.0000,0.1655,-0.1792,1.0632,-12.5038,-170.0305,-0.4809
550.0000,0.1641,-0.1750,1.0188,-11.8702,-174.7023,1.0763
524.0000,0.1934,-0.1570,0.9448,-11.9618,-179.2061,1.7863
465.0000,0.2227,-0.1729,0.9412,-11.4198,-182.3740,1.8626
535.0000,0.2388,-0.1648,0.9036,-11.7023,-185.3130,2.5038
414.0000,0.2664,-0.1235,0.8469,-14.5267,-189.9389,2.5038
514.0000,0.3052,-0.1353,0.8591,-17.3359,-192.7557,1.1374
465.0000,0.3064,-0.1543,0.8752,-21.2748,-193.8015,0.5344
456.0000,0.3047,-0.1392,0.8042,-24.8168,-195.6947,-0.0534
663.0000,0.3225,-0.1436,0.7708,-29.8550,-198.9466,-1.5496
561.0000,0.3394,-0.1594,0.7224,-34.3359,-200.9466,-2.1374
493.0000,0.3645,-0.1760,0.7012,-36.0382,-202.0153,-3.0687
456.0000,0.3765,-0.1921,0.6865,-35.8931,-203.8244,-3.8015
647.0000,0.3977,-0.2200,0.7239,-34.0916,-203.4656,-5.4122
429.0000,0.4202,-0.2324,0.6963,-28.6336,-202.8473,-5.5115
576.0000,0.4224,-0.2373,0.7034,-19.0916,-202.6565,-6.7176
570.0000,0.4353,-0.2583,0.6641,-9.6489,-201.7023,-6.6794
490.0000,0.4521,-0.2468,0.5549,0.3969,-201.0153,-6.1985
511.0000,0.4719,-0.2341,0.5383,8.4275,-198.8626,-6.8321
519.0000,0.4734,-0.2690,0.5698,16.2366,-197.2061,-6.1298
710.0000,0.4858,-0.1938,0.5002,19.5954,-196.4046,-4.7863
317.0000,0.5068,-0.1426,0.4714,18.9695,-195.1374,-5.9695
703.0000,0.5266,-0.1655,0.4980,16.6718,-192.4046,-6.8779
454.0000,0.5452,-0.1321,0.4316,13.9542,-190.0305,-6.5573
645.0000,0.5564,-0.1453,0.3933,10.5496,-188.2824,-8.9924
536.0000,0.5679,-0.1470,0.3235,4.2901,-187.2824,-9.5802
331.0000,0.6160,-0.1313,0.2285,0.9847,-184.9466,-10.5115
502.0000,0.6431,-0.1484,0.1118,-3.1832,-183.2824,-12.0305
545.0000,0.6736,-0.1082,-0.0483,-7.9771,-182.3282,-12.3969
468.0000,0.7349,-0.0818,-0.2502,-13.8626,-179.6641,-13.9466
728.0000,0.7825,-0.0525,-0.4451,-23.3282,-175.2748,-14.9542
512.0000,0.8496,-0.0530,-0.6060,-31.6183,-165.8168,-15.4122
383.0000,0.9031,-0.0850,-0.6257,-40.7023,-153.5572,-17.3664
622.0000,0.9407,-0.1243,-0.5393,-48.9160,-134.7481,-17.2214
542.0000,0.9785,-0.1172,-0.4922,-56.4046,-113.3893,-16.8244
414.0000,1.0063,-0.1765,-0.4656,-55.4580,-84.1832,-15.5725
531.0000,0.9851,-0.2073,-0.4583,-47.1603,-57.0153,-13.7252
642.0000,0.9507,-0.1851,-0.4456,-34.2748,-33.2672,-12.6870
472.0000,0.9263,-0.1541,-0.3542,-24.0305,-9.9771,-11.9008
494.0000,0.9102,-0.1335,-0.2803,-13.6718,13.5115,-10.9695
524.0000,0.8691,-0.1348,-0.2358,-1.7863,34.0992,-9.9160
425.0000,0.8064,-0.0911,-0.1970,8.2214,46.8855,-8.6031
533.0000,0.7668,-0.0720,-0.1245,11.7557,57.3053,-8.4962
458.0000,0.7566,-0.0603,-0.0715,12.1221,68.9695,-7.4046
524.0000,0.7043,-0.0476,-0.0371,10.7557,78.1985,-5.6718
738.0000,0.6863,-0.0322,-0.0391,9.4580,84.9542,-3.5802
421.0000,0.6450,-0.0352,-0.0059,6.6947,91.8931,-1.0840
462.0000,0.6421,-0.0247,0.0708,3.0305,93.5038,0.0687
523.0000,0.6279,-0.0203,0.1206,1.2290,94.9160,3.2443
493.0000,0.6372,-0.0305,0.1685,-0.9542,100.9924,6.2214
450.0000,0.6167,-0.0366,0.1772,-3.0305,103.2443,8.9618
509.0000,0.6377,-0.0674,0.1958,-1.1527,105.7023,11.2366
535.0000,0.6465,-0.0444,0.2366,-1.5267,109.2443,12.4275
394.0000,0.6650,-0.0842,0.3225,-0.1679,114.1450,13.3359
488.0000,0.6667,-0.1104,0.3760,3.5496,119.8931,14.9771
489.0000,0.6792,-0.1140,0.3896,7.1603,125.0382,15.9618
445.0000,0.6875,-0.1426,0.3821,13.3588,130.8702,16.0458
510.0000,0.6938,-0.1763,0.3728,21.5344,136.6641,16.7863
556.0000,0.6875,-0.1833,0.3816,27.7252,141.0076,16.6260
477.0000,0.6833,-0.1702,0.3850,31.4809,145.4580,15.7786
521.0000,0.6809,-0.1575,0.3743,34.1527,149.1221,14.9389
494.0000,0.6726,-0.1538,0.3816,34.9313,151.0305,13.4962
441.0000,0.6663,-0.1360,0.3826,32.0000,153.0458,11.9160
569.0000,0.6511,-0.1130,0.3872,26.3130,154.6794,10.5496
490.0000,0.6467,-0.1074,0.4099,19.1756,155.6336,9.4733
452.0000,0.6389,-0.1152,0.4385,10.6947,156.8931,7.9847
561.0000,0.6409,-0.1091,0.4924,4.2901,158.1756,6.7252
482.0000,0.6326,-0.1648,0.5566,3.2214,160.7023,5.4351
463.0000,0.6194,-0.1797,0.6443,4.3435,163.9313,4.1756
466.0000,0.5984,-0.2136,0.7104,8.3969,166.4733,2.2366
547.0000,0.5610,-0.2354,0.7275,16.7634,167.9160,0.9695
560.0000,0.5432,-0.2107,0.6917,23.2443,166.7023,-0.1908
477.0000,0.5266,-0.1885,0.6497,26.3740,164.8397,-1.5802
521.0000,0.5081,-0.1655,0.6462,25.3740,162.2748,-2.7786
352.0000,0.4768,-0.1221,0.6465,18.0840,158.9695,-3.0305
622.0000,0.4702,-0.0889,0.6221,7.2824,155.4809,-3.9313
543.0000,0.4619,-0.0955,0.6494,-2.2824,151.7176,-4.6794
412.0000,0.4558,-0.0884,0.6941,-12.6794,148.6565,-5.0000
517.0000,0.4377,-0.0835,0.7295,-22.1603,146.0763,-5.3817
561.0000,0.4309,-0.1284,0.7996,-26.1603,143.1756,-6.0763
444.0000,0.4309,-0.1660,0.8647,-26.1527,142.3664,-6.0305
503.0000,0.4255,-0.1924,0.9131,-21.6870,142.0534,-5.6107
499.0000,0.4077,-0.1968,0.9441,-15.5802,141.5802,-5.7405
467.0000,0.3967,-0.2085,0.9465,-8.3511,141.5725,-6.0534
517.0000,0.3823,-0.1812,0.9395,-2.4580,140.7328,-5.9466
501.0000,0.3640,-0.1670,0.9299,0.8931,139.1527,-6.4427
461.0000,0.3359,-0.1418,0.8838,0.2366,136.5420,-6.2061
564.0000,0.3435,-0.1187,0.8374,-3.2595,134.8168,-6.4275
531.0000,0.2981,-0.0720,0.8037,-10.6031,129.6183,-6.8702
518.0000,0.3047,-0.0874,0.8398,-19.1221,127.4046,-7.3435
426.0000,0.2710,-0.1230,0.8882,-25.4427,124.5496,-6.1756
691.0000,0.2554,-0.1370,0.9331,-28.2748,122.5496,-5.4275
451.0000,0.2561,-0.1797,1.0085,-24.3359,120.4351,-5.2366
440.0000,0.2339,-0.2371,1.1294,-15.9237,120.0229,-4.9847
600.0000,0.2117,-0.2227,1.1682,-6.1679,118.3511,-3.8473
502.0000,0.1960,-0.2026,1.1611,2.0229,115.0076,-3.6794
497.0000,0.1865,-0.1738,1.1287,8.4885,112.0382,-3.7023
525.0000,0.1836,-0.1267,1.0718,9.9008,108.9542,-3.5267
357.0000,0.1504,-0.0776,0.9951,3.7863,104.0534,-3.7710
619.0000,0.1421,-0.0493,0.9246,-7.7252,98.8473,-4.3130
527.0000,0.1499,-0.0576,0.9028,-18.6412,95.0229,-4.5267
459.0000,0.1499,-0.1038,0.9180,-27.2977,92.3053,-4.0763
523.0000,0.1240,-0.1196,0.9458,-34.3511,86.8550,-3.6031
576.0000,0.1375,-0.1704,0.9849,-36.2366,85.8702,-3.2061
489.0000,0.1487,-0.2200,1.0366,-31.2672,82.8550,-2.5725
492.0000,0.1355,-0.2302,1.0847,-22.1221,82.4428,-2.1985
549.0000,0.1328,-0.2378,1.1045,-11.7252,81.5191,-1.7710
493.0000,0.1208,-0.2300,1.1047,-1.9389,81.8626,-1.3053
431.0000,0.1133,-0.1941,1.0754,5.7252,81.0458,-0.7481
496.0000,0.1086,-0.1697,1.0422,8.7023,79.2214,-0.5267
483.0000,0.0881,-0.1306,1.0256,8.6947,78.0382,-0.5115
507.0000,0.0750,-0.1274,1.0171,6.7252,76.7252,-0.3740
462.0000,0.0552,-0.1196,0.9929,2.9313,74.1221,-0.5573
610.0000,0.0359,-0.1218,0.9646,-2.1756,70.1603,-0.0076
487.0000,0.0396,-0.1233,0.9736,-5.9237,66.6031,0.0076
477.0000,0.0391,-0.1550,1.0337,-6.6565,64.9466,0.1756
531.0000,-0.0012,-0.1858,1.0972,-5.9466,62.5878,0.9847
457.0000,-0.0215,-0.1921,1.1221,-3.9618,59.5878,1.1908
501.0000,-0.0259,-0.1887,1.1343,-1.1298,56.3740,1.5191
674.0000,-0.0269,-0.1733,1.1257,1.1603,53.5267,1.5649
480.0000,-0.0393,-0.1511,1.1116,2.1069,50.3740,1.4046
470.0000,-0.0452,-0.1475,1.1201,1.9313,46.5725,1.1603
521.0000,-0.0540,-0.1414,1.1091,-0.7557,43.0611,1.3969
496.0000,-0.0469,-0.1384,1.0830,-4.0000,39.5344,1.1756
530.0000,-0.0393,-0.1658,1.0874,-5.8168,36.3435,1.4351
506.0000,-0.0457,-0.1716,1.0903,-5.6641,33.1908,1.3282
459.0000,-0.0493,-0.1816,1.0864,-5.5802,30.0076,1.6260
503.0000,-0.0381,-0.1753,1.0835,-4.7405,27.1603,1.7405
493.0000,-0.0266,-0.1724,1.0623,-2.8244,24.6412,1.5573
485.0000,-0.0247,-0.1787,1.0522,-1.0534,22.6107,1.3969
559.0000,-0.0222,-0.1746,1.0398,0.7023,20.5954,1.1374
415.0000,-0.0205,-0.1895,1.0488,1.9466,18.9237,0.8931
515.0000,-0.0200,-0.1775,1.0437,2.6183,17.2977,1.4351
465.0000,-0.0251,-0.1802,1.0461,3.0611,15.0611,1.4427
562.0000,-0.0237,-0.1780,1.0552,3.8702,13.2366,1.5878
445.0000,-0.0288,-0.1858,1.0466,4.4656,11.1603,1.7481
498.0000,-0.0317,-0.1707,1.0486,4.0000,8.8779,2.0458
521.0000,-0.0237,-0.1628,1.0295,2.8779,6.2366,1.9160
550.0000,-0.0190,-0.1543,1.0100,1.2290,4.3817,2.1450
500.0000,-0.0127,-0.1521,0.9976,-0.1527,2.1756,2.0076
495.0000,-0.0020,-0.1604,0.9937,-1.9618,0.2672,2.2366
543.0000,0.0012,-0.1643,0.9929,-3.5115,-1.3359,2.0611
488.0000,0.0115,-0.1660,0.9844,-3.9084,-2.2901,1.9008
541.0000,0.0200,-0.1807,0.9712,-3.6870,-3.3282,1.6336
465.0000,0.0193,-0.1802,0.9700,-3.2824,-4.2137,1.5420
475.0000,0.0269,-0.1738,0.9597,-3.0305,-5.1985,1.5878
554.0000,0.0295,-0.1799,0.9426,-2.7786,-5.4885,1.1985
489.0000,0.0352,-0.1814,0.9277,-2.0687,-5.8779,1.1527
480.0000,0.0479,-0.1729,0.9194,-2.3511,-5.9466,0.7405
537.0000,0.0488,-0.1660,0.9050,-3.0458,-6.1908,0.7252
530.0000,0.0486,-0.1594,0.8950,-3.7710,-6.2672,0.0916
441.0000,0.0510,-0.1614,0.8970,-4.5878,-6.4580,-0.0992
515.0000,0.0518,-0.1628,0.8882,-5.3817,-6.0229,-0.4122
469.0000,0.0442,-0.1663,0.8865,-5.8321,-5.8626,-0.6641
431.0000,0.0459,-0.1660,0.8960,-5.6794,-5.4198,-1.1069
546.0000,0.0344,-0.1763,0.8960,-4.7939,-4.7786,-1.0840
520.0000,0.0293,-0.1702,0.8914,-3.6870,-4.3511,-1.1832
444.0000,0.0315,-0.1692,0.8984,-2.2977,-4.1374,-1.4580
483.0000,0.0161,-0.1631,0.9060,-1.4122,-4.2061,-1.4122
515.0000,0.0186,-0.1521,0.8916,-1.3282,-4.3893,-1.7557
492.0000,0.0193,-0.1360,0.8855,-2.0992,-5.2137,-1.6794
504.0000,0.0120,-0.1321,0.8953,-2.9160,-5.2748,-1.7634
567.0000,0.0095,-0.1382,0.8887,-4.1527,-5.1603,-1.9542
483.0000,0.0142,-0.1445,0.9199,-4.9008,-5.2901,-1.7634
567.0000,0.0090,-0.1460,0.9243,-4.5191,-5.5878,-1.7786
566.0000,0.0034,-0.1514,0.9238,-3.6947,-5.7099,-1.5954
447.0000,0.0020,-0.1555,0.9363,-1.7557,-5.3740,-1.3359
494.0000,-0.0020,-0.1604,0.9468,0.2901,-5.7176,-1.1679
486.0000,-0.0098,-0.1531,0.9509,1.6489,-6.0534,-1.2443
515.0000,-0.0105,-0.1418,0.9595,2.2901,-6.8550,-1.0000
545.0000,-0.0066,-0.1377,0.9375,2.7405,-8.0382,-0.8626
546.0000,-0.0073,-0.1292,0.9424,2.0611,-8.9160,-0.5191
420.0000,-0.0081,-0.1235,0.9368,0.8550,-10.3282,-0.3588
499.0000,-0.0002,-0.1189,0.9397,-0.4885,-11.7710,-0.0458
562.0000,0.0100,-0.1252,0.9575,-2.2977,-13.0458,0.2443
464.0000,0.0056,-0.1365,0.9763,-2.8015,-14.2366,0.6641
489.0000,0.0132,-0.1487,0.9902,-2.6107,-15.0687,1.0687
531.0000,0.0181,-0.1521,1.0066,-1.9466,-16.2519,1.1221
524.0000,0.0229,-0.1472,1.0059,-0.6794,-16.9008,1.5191
444.0000,0.0229,-0.1519,1.0142,0.8168,-18.1069,1.4733
516.0000,0.0120,-0.1514,1.0181,2.3359,-19.3740,1.8855
436.0000,0.0151,-0.1533,1.0186,2.7786,-21.5573,2.3282
531.0000,0.0222,-0.1519,1.0107,2.5954,-23.7405,2.2443
592.0000,0.0273,-0.1511,1.0249,2.3359,-25.4504,2.3588
496.0000,0.0266,-0.1521,1.0540,1.4198,-27.3969,2.1145
436.0000,0.0178,-0.1506,1.0608,0.7786,-29.8473,1.8779
446.0000,0.0168,-0.1514,1.0840,-0.5038,-32.4122,1.5878
526.0000,0.0088,-0.1504,1.0774,-1.2443,-35.1908,1.5878
493.0000,0.0132,-0.1545,1.0635,-0.9237,-38.3664,1.7405
503.0000,0.0117,-0.1528,1.0691,-1.3893,-41.5191,1.5496
444.0000,0.0166,-0.1638,1.0974,-1.6489,-44.5802,1.6489
506.0000,0.0125,-0.1692,1.1304,-1.4275,-47.4809,1.6260
527.0000,0.0107,-0.1721,1.1445,-0.9389,-51.1985,1.5802
506.0000,0.0156,-0.1709,1.1445,-0.0534,-54.6794,1.5344
526.0000,0.0227,-0.1570,1.1233,0.0687,-58.6641,1.4198
558.0000,0.0391,-0.1462,1.0837,-0.2901,-62.6260,1.2672
545.0000,0.0610,-0.1462,1.0757,-1.8092,-66.1603,1.1374
437.0000,0.0686,-0.1489,1.0659,-3.5878,-69.6641,0.8092
567.0000,0.0698,-0.1589,1.0823,-5.3664,-72.9389,0.7176
530.0000,0.0811,-0.1626,1.0867,-6.9084,-76.2366,0.4809
445.0000,0.0842,-0.1633,1.0962,-7.0153,-79.0916,0.0611
521.0000,0.0918,-0.1541,1.1201,-7.4427,-82.1069,-0.3359
476.0000,0.0935,-0.1577,1.1172,-8.2519,-86.0305,-1.1298
433.0000,0.1045,-0.1543,1.1082,-8.4656,-88.7710,-0.9466
537.0000,0.1052,-0.1575,1.1201,-9.1450,-91.0687,-1.7176
483.0000,0.0967,-0.1729,1.1265,-8.8550,-93.4809,-1.9389
451.0000,0.1011,-0.1646,1.1147,-8.3664,-96.8931,-1.7786
502.0000,0.1182,-0.1394,1.0833,-8.7023,-101.6107,-1.5725
486.0000,0.1362,-0.1392,1.0334,-10.0611,-105.9237,-1.6336
556.0000,0.1431,-0.1177,0.9939,-12.3511,-110.1985,-1.3282
507.0000,0.1616,-0.1482,1.0054,-14.3359,-113.6260,-1.5344
398.0000,0.1716,-0.1670,1.0261,-14.8550,-116.4428,-0.9466
654.0000,0.1802,-0.1541,1.0156,-16.0458,-119.7176,-0.7786
474.0000,0.1931,-0.1519,1.0068,-16.0153,-123.1298,-0.4656
501.0000,0.2109,-0.1775,1.0044,-14.6107,-125.7328,-0.8626
503.0000,0.2275,-0.1565,0.9695,-13.6947,-129.0229,-0.0153
567.0000,0.2505,-0.1340,0.9297,-14.4351,-132.3435,-0.2901
506.0000,0.2722,-0.1384,0.9321,-15.6412,-134.4351,-0.7176
441.0000,0.2705,-0.1572,0.9622,-17.4656,-134.7176,-0.8092
393.0000,0.2754,-0.1523,0.9470,-19.8092,-136.3282,-0.5878
685.0000,0.2837,-0.1519,0.9182,-21.3053,-138.5267,-1.1450
427.0000,0.3118,-0.1545,0.9209,-21.4885,-139.6336,-1.5191
472.0000,0.3000,-0.1831,0.9182,-20.0076,-141.0763,-1.7023
662.0000,0.3042,-0.1787,0.8999,-17.7328,-143.5114,-1.2824
467.0000,0.3291,-0.1665,0.8462,-15.4198,-145.8321,-1.5038
488.0000,0.3557,-0.1873,0.8293,-13.3969,-146.9084,-1.6412
527.0000,0.3542,-0.1763,0.8049,-12.2366,-148.9160,-1.1298
447.0000,0.3643,-0.1536,0.7593,-13.3817,-151.6412,-1.2137
538.0000,0.3901,-0.1501,0.7563,-15.3359,-152.7863,-1.7863
645.0000,0.4048,-0.1460,0.7510,-17.5649,-153.7633,-1.5267
503.0000,0.4248,-0.1570,0.7283,-19.4733,-154.4275,-1.9695
506.0000,0.4299,-0.1614,0.7251,-21.5954,-155.5420,-2.3206
536.0000,0.4480,-0.1453,0.7229,-23.4122,-155.8626,-2.7634
400.0000,0.4614,-0.1533,0.7266,-24.3282,-156.0076,-3.2366
547.0000,0.4697,-0.1824,0.7285,-21.8473,-155.8855,-3.6794
501.0000,0.4766,-0.1960,0.7063,-18.2824,-156.2977,-3.3282
544.0000,0.4871,-0.1826,0.6494,-14.9084,-156.6794,-2.9924
510.0000,0.5115,-0.2009,0.6611,-9.9237,-155.1908,-3.8015
554.0000,0.5144,-0.2346,0.6685,-4.3130,-155.0305,-3.3359
460.0000,0.5229,-0.2102,0.6233,0.5878,-155.0229,-2.8779
361.0000,0.5354,-0.2012,0.5942,3.9008,-154.3588,-3.2595
598.0000,0.5525,-0.2053,0.6230,6.0000,-152.4962,-3.9618
476.0000,0.5513,-0.1973,0.6016,5.1221,-151.7557,-3.6718
617.0000,0.5620,-0.1350,0.5129,3.2061,-152.1450,-3.9695
391.0000,0.5754,-0.1292,0.4819,-0.2748,-152.6947,-5.4351
618.0000,0.6016,-0.1731,0.5115,-2.8473,-151.8931,-7.1069
288.0000,0.6187,-0.1685,0.4834,-5.7634,-151.3817,-6.6489
450.0000,0.6309,-0.1807,0.5073,-7.0382,-148.9618,-8.3740
453.0000,0.6365,-0.2212,0.5222,-7.7634,-148.2366,-8.6412
419.0000,0.6636,-0.2175,0.5010,-1.7176,-145.5878,-9.3511
637.0000,0.6782,-0.2720,0.4946,5.3588,-144.8321,-10.3664
461.0000,0.6997,-0.2183,0.3855,12.8626,-144.7710,-9.5344
540.0000,0.7117,-0.1980,0.2776,19.2901,-144.6260,-9.8473
450.0000,0.7412,-0.1204,0.0852,21.4198,-146.1679,-9.5191
654.0000,0.7786,-0.0632,-0.1582,19.3359,-147.3893,-9.1985
269.0000,0.8230,-0.0166,-0.3625,12.4046,-146.2290,-9.1069
411.0000,0.8730,-0.0356,-0.4055,-0.1679,-141.7939,-9.8397
506.0000,0.9109,-0.0752,-0.4058,-10.5191,-132.5038,-8.5878
595.0000,0.9563,-0.0676,-0.4014,-19.6107,-119.5573,-6.8779
593.0000,0.9854,-0.0696,-0.3806,-29.1679,-102.4198,-5.0840
564.0000,0.9814,-0.1213,-0.3618,-33.0153,-81.9695,-2.9542
406.0000,1.0193,-0.1660,-0.3086,-27.6412,-53.9847,-0.0229
476.0000,0.9526,-0.1748,-0.2039,-16.9771,-32.5038,1.1985
524.0000,0.9336,-0.1523,-0.1475,-10.6260,-16.7634,2.0382
447.0000,0.9460,-0.1560,-0.1272,-3.4198,3.7634,3.4275
514.0000,0.9517,-0.1653,-0.1516,6.3435,31.3740,5.0611
468.0000,0.8286,-0.1838,-0.1470,18.8244,44.2977,5.9389
482.0000,0.8108,-0.1426,-0.1040,24.1908,50.6565,4.5038
502.0000,0.7979,-0.1477,-0.0347,25.6260,60.3130,3.8931
474.0000,0.7510,-0.1599,0.0195,28.9237,67.0840,4.0840
537.0000,0.7483,-0.1604,0.0859,30.8931,75.2748,4.2901
512.0000,0.6995,-0.1182,0.1016,24.8397,77.2519,4.2519
579.0000,0.7134,-0.1128,0.1035,20.1069,82.4198,4.8092
436.0000,0.6782,-0.0984,0.1392,13.4962,86.7481,5.1374
465.0000,0.6611,-0.0959,0.1655,6.2366,84.9542,4.9618
519.0000,0.6750,-0.0793,0.1841,2.1603,83.7023,5.5878
476.0000,0.6838,-0.1116,0.2202,-0.1298,85.3206,6.0305
545.0000,0.6992,-0.1565,0.2781,-0.5725,87.7481,6.2366
483.0000,0.7019,-0.1221,0.3013,-0.6870,87.5038,6.9847
460.0000,0.7358,-0.1204,0.3235,-1.9237,92.9771,6.7252
500.0000,0.7466,-0.1606,0.3811,-1.3206,97.6794,6.5267
460.0000,0.7488,-0.1709,0.3943,1.0305,102.0992,6.6947
581.0000,0.7629,-0.1794,0.4104,4.6260,106.9084,6.0076
462.0000,0.7583,-0.1985,0.4194,7.7634,111.8473,5.4885
593.0000,0.7581,-0.1919,0.4153,10.7557,115.4275,4.7328
445.0000,0.7612,-0.1809,0.3801,14.1298,119.2672,3.4275
511.0000,0.7463,-0.2073,0.3904,15.9771,122.5878,1.9084
478.0000,0.7292,-0.1785,0.3706,15.7405,124.7176,1.1756
495.0000,0.7271,-0.1655,0.3840,12.6260,126.6947,-0.1985
538.0000,0.7026,-0.1741,0.4077,9.1221,128.4580,-1.8321
491.0000,0.6904,-0.1543,0.4175,5.1374,129.1374,-2.1985
508.0000,0.6855,-0.1367,0.4104,0.0382,129.3664,-2.9771
508.0000,0.6926,-0.1411,0.4580,-4.2061,131.4809,-4.0763
495.0000,0.6621,-0.1626,0.5071,-6.8626,132.8855,-4.1832
488.0000,0.6499,-0.1543,0.5359,-9.3588,132.5496,-3.9847
470.0000,0.6499,-0.1543,0.5691,-10.4198,134.0763,-4.2519
568.0000,0.6438,-0.1812,0.6274,-9.5267,135.9542,-4.5573
420.0000,0.6228,-0.1890,0.6514,-7.0992,136.9313,-4.0687
561.0000,0.6104,-0.1821,0.6353,-4.9924,136.7099,-3.4427
555.0000,0.6033,-0.1594,0.6099,-4.4656,136.7099,-3.1069
437.0000,0.5916,-0.1541,0.5955,-2.8702,137.0916,-2.6031
464.0000,0.5579,-0.1445,0.5906,-3.8779,135.9008,-1.9924
530.0000,0.5388,-0.1145,0.5935,-8.0534,134.2443,-1.5802
446.0000,0.5254,-0.1226,0.6045,-13.7786,132.9389,-1.0076
493.0000,0.5239,-0.1038,0.6077,-20.6107,132.0534,0.1832
617.0000,0.5144,-0.1169,0.6223,-26.0763,130.8397,1.2061
426.0000,0.5103,-0.1511,0.6838,-29.4122,130.2748,1.6489
496.0000,0.4956,-0.1797,0.7678,-29.9466,130.6794,2.5038
467.0000,0.4797,-0.1968,0.8555,-28.4809,130.7328,3.1985
458.0000,0.4709,-0.2114,0.8606,-22.6641,130.4886,4.0916
531.0000,0.4675,-0.2327,0.8896,-12.9618,131.6107,4.1679
527.0000,0.4431,-0.2664,0.9143,-1.6489,130.4504,4.0153
396.0000,0.4253,-0.2288,0.8936,6.8855,129.9389,4.6489
596.0000,0.4065,-0.2095,0.8552,13.4046,128.3588,4.7557
523.0000,0.3826,-0.1729,0.8162,14.6718,125.7557,4.6718
457.0000,0.3682,-0.1567,0.7903,14.8779,122.8321,4.7481
510.0000,0.3484,-0.1091,0.7551,9.2672,119.0229,5.3817
603.0000,0.3501,-0.0730,0.7500,-0.2214,114.0534,5.3511
450.0000,0.3486,-0.0820,0.8191,-9.3740,111.3817,5.0534
489.0000,0.3193,-0.0925,0.9028,-18.6107,108.4046,4.7786
493.0000,0.3374,-0.1121,0.9614,-25.0382,109.7099,5.4809
557.0000,0.3127,-0.1382,0.9561,-29.2595,108.1069,5.0076
450.0000,0.3140,-0.1736,0.9575,-28.5191,106.3206,4.4198
560.0000,0.3176,-0.2024,0.9641,-24.8626,106.9389,4.4198
420.0000,0.3025,-0.2202,0.9568,-18.6794,106.7481,3.7557
519.0000,0.2734,-0.2288,0.9299,-12.1527,105.9695,3.3130
581.0000,0.2556,-0.2129,0.8840,-6.0153,104.4198,3.0687
523.0000,0.2517,-0.2058,0.8740,-2.0458,102.3740,3.2214
468.0000,0.2412,-0.2144,0.9065,2.4809,100.8855,3.3740
502.0000,0.2124,-0.2051,0.9429,5.2443,98.9618,3.6260
513.0000,0.1965,-0.1882,0.9583,6.0611,97.1756,4.2061
502.0000,0.1995,-0.1689,0.9653,6.0763,95.0153,4.0534
514.0000,0.1975,-0.1465,0.9802,4.6641,92.8931,3.8855
335.0000,0.1753,-0.1338,0.9971,0.6336,91.3130,3.5725
591.0000,0.1636,-0.1086,0.9724,-5.7557,86.5038,3.1908
556.0000,0.1653,-0.1123,0.9678,-11.0153,86.8931,2.4885
476.0000,0.1594,-0.1804,1.0159,-11.4962,85.3893,1.3969
395.0000,0.1377,-0.2095,1.0464,-10.0992,83.3435,1.6260
542.0000,0.1274,-0.2046,1.0461,-7.6718,82.8626,1.3359
545.0000,0.1099,-0.2246,1.0381,-3.7557,80.0382,1.5191
462.0000,0.1011,-0.2515,1.0520,3.1221,78.4504,1.1145
504.0000,0.0752,-0.2449,1.0454,9.1603,75.8702,1.5191
524.0000,0.0642,-0.1980,1.0420,10.9618,72.1908,1.6641
403.0000,0.0664,-0.1704,1.0132,9.0229,68.3359,1.5496
601.0000,0.0686,-0.1443,0.9873,4.4580,65.0229,1.5038
472.0000,0.0620,-0.1345,0.9866,-1.6870,61.9084,1.5802
478.0000,0.0684,-0.1462,0.9851,-7.5802,58.5573,1.0992
551.0000,0.0750,-0.1543,0.9973,-13.4504,56.3206,1.0382
526.0000,0.0820,-0.1724,0.9905,-16.6641,54.8550,0.8702
428.0000,0.0745,-0.1987,0.9963,-16.6947,54.0611,0.7252
559.0000,0.0784,-0.2239,1.0017,-13.8473,52.9389,0.9389
486.0000,0.0632,-0.2488,1.0452,-7.9466,52.8397,0.7099
427.0000,0.0483,-0.2644,1.0728,-1.2672,52.9695,1.2977
510.0000,0.0371,-0.2332,1.0747,4.6336,52.6641,1.6260
555.0000,0.0276,-0.2134,1.0571,9.6870,51.7099,1.6107
475.0000,0.0137,-0.2021,1.0339,12.2290,50.0153,1.8092
518.0000,0.0090,-0.1812,1.0127,12.4962,47.4275,2.0534
528.0000,-0.0083,-0.1731,1.0051,9.8855,44.6565,2.0840
355.0000,-0.0149,-0.1599,0.9929,5.0840,42.0458,2.2824
535.0000,-0.0107,-0.1541,0.9819,-0.3282,39.0229,2.1832
547.0000,-0.0076,-0.1665,0.9910,-4.5802,36.1603,1.9466
459.0000,-0.0266,-0.1892,1.0286,-6.4809,33.9084,1.9389
502.0000,-0.0337,-0.2002,1.0557,-6.4962,31.7634,1.5802
504.0000,-0.0298,-0.2205,1.0691,-4.9084,29.4885,1.6107
480.0000,-0.0242,-0.2173,1.0542,-2.4885,27.5649,1.6947
510.0000,-0.0212,-0.2236,1.0549,0.5115,25.5649,1.5954
507.0000,-0.0190,-0.2273,1.0374,2.9542,23.6336,1.8092
462.0000,-0.0271,-0.2085,1.0305,3.8092,21.5420,1.8931
461.0000,-0.0181,-0.1863,1.0037,2.9618,19.2290,1.8321
686.0000,-0.0144,-0.1797,0.9895,0.6641,17.1450,1.5115
476.0000,-0.0044,-0.1804,0.9836,-1.2061,15.7557,1.1298
509.0000,-0.0049,-0.1895,0.9937,-3.2519,14.0534,0.8702
523.0000,-0.0024,-0.1868,0.9790,-5.1298,12.5344,0.6260
522.0000,0.0061,-0.1934,0.9751,-5.9084,11.2824,0.3969
431.0000,0.0083,-0.2041,0.9768,-4.7405,10.8397,0.3435
489.0000,0.0068,-0.2034,0.9648,-3.2366,9.4885,0.4580
514.0000,0.0083,-0.1880,0.9722,-2.1756,8.5725,0.3359
458.0000,0.0137,-0.1982,0.9719,-1.1298,8.2061,0.2061
587.0000,0.0088,-0.1960,0.9768,0.0000,7.8550,0.4656
482.0000,0.0117,-0.1931,0.9690,0.4504,6.9695,0.4962
412.0000,0.0017,-0.1895,0.9751,0.4962,6.3588,0.5191
463.0000,-0.0049,-0.1851,0.9668,-0.3740,5.7099,0.4885
498.0000,-0.0095,-0.1836,0.9749,-1.3053,4.2137,0.4275
460.0000,-0.0129,-0.1873,0.9661,-1.7252,3.0153,0.3206
511.0000,-0.0120,-0.1782,0.9561,-2.1908,1.6641,0.2137
541.0000,-0.0059,-0.1770,0.9563,-2.9771,0.0687,0.2443
462.0000,-0.0103,-0.1746,0.9536,-3.6336,-1.4122,0.0382
488.0000,-0.0056,-0.1812,0.9631,-3.7252,-2.7252,0.0687
498.0000,-0.0027,-0.1895,0.9639,-3.3893,-4.0458,0.2061
469.0000,0.0027,-0.1836,0.9653,-3.2137,-4.9389,0.1450
531.0000,0.0081,-0.1841,0.9558,-2.7786,-5.6641,0.4504
491.0000,0.0120,-0.1858,0.9702,-2.4504,-6.2519,0.2137
413.0000,0.0015,-0.1877,0.9729,-1.8702,-6.9695,0.1756
512.0000,-0.0002,-0.1768,0.9595,-1.8855,-7.6031,0.0382
521.0000,0.0117,-0.1785,0.9514,-1.5191,-8.3664,-0.0763
442.0000,0.0144,-0.1799,0.9573,-1.7176,-9.6107,-0.1832
525.0000,0.0193,-0.1790,0.9614,-1.3130,-10.5496,-0.3130
557.0000,0.0176,-0.1824,0.9753,-1.1756,-11.2901,-0.3435
468.0000,0.0110,-0.1919,0.9868,-0.4962,-12.3511,-0.4275
464.0000,0.0059,-0.1870,1.0127,0.1908,-13.5191,-0.5038
545.0000,0.0076,-0.1960,1.0237,0.6107,-14.9618,-0.6107
474.0000,0.0022,-0.1936,1.0330,1.3664,-16.8244,-0.5725
474.0000,-0.0039,-0.1917,1.0325,1.6489,-18.7710,-0.5496
531.0000,-0.0049,-0.1807,1.0410,1.6794,-21.4885,-0.5115
435.0000,-0.0015,-0.1763,1.0522,1.0153,-23.8550,-0.8244
448.0000,-0.0022,-0.1667,1.0474,-0.1908,-26.9237,-1.0534
590.0000,0.0037,-0.1685,1.0405,-1.3435,-29.7023,-1.4809
424.0000,0.0068,-0.1746,1.0671,-2.4046,-32.5420,-1.9237
479.0000,0.0068,-0.1870,1.0774,-3.7099,-35.4427,-1.7328
589.0000,0.0046,-0.1804,1.0999,-4.5878,-38.2595,-2.0534
480.0000,0.0134,-0.1885,1.1101,-3.9313,-40.9008,-2.3359
523.0000,0.0054,-0.1919,1.1301,-2.7863,-43.4809,-2.4046
530.0000,0.0085,-0.2017,1.1414,-1.6031,-46.0916,-2.3969
571.0000,0.0034,-0.1899,1.1445,0.0229,-49.2824,-2.6336
492.0000,-0.0015,-0.1951,1.1582,1.7099,-52.6489,-2.9695
512.0000,-0.0151,-0.1892,1.1863,2.5191,-56.1985,-3.0534
514.0000,-0.0220,-0.1841,1.1929,2.3969,-60.9008,-3.1527
468.0000,-0.0249,-0.1836,1.1951,1.0840,-65.3817,-2.9389
529.0000,-0.0149,-0.1775,1.2002,-0.2214,-70.4657,-2.7481
470.0000,-0.0215,-0.1785,1.1956,-0.7863,-75.6794,-2.7481
480.0000,-0.0139,-0.1782,1.2073,-1.5191,-81.1298,-2.9924
509.0000,-0.0032,-0.1711,1.2031,-2.8473,-86.3053,-3.0305
475.0000,0.0054,-0.1641,1.1990,-5.1450,-92.1832,-3.0458
561.0000,0.0215,-0.1658,1.1909,-6.4046,-98.0229,-3.4122
357.0000,0.0398,-0.1699,1.1768,-7.7710,-103.3511,-3.6947
651.0000,0.0613,-0.1802,1.1475,-9.1908,-108.0840,-3.7099
429.0000,0.0820,-0.1941,1.1511,-9.6641,-112.5573,-3.9847
563.0000,0.1003,-0.2141,1.1230,-8.1450,-116.9237,-4.5038
503.0000,0.1245,-0.2024,1.0918,-6.4809,-121.0305,-4.5649
472.0000,0.1440,-0.2251,1.0955,-4.0992,-124.3130,-5.3893
507.0000,0.1582,-0.2261,1.0669,-1.8015,-128.0916,-5.6260
488.0000,0.1628,-0.2151,1.0554,-1.2061,-131.4351,-6.4046
427.0000,0.1877,-0.2129,1.0586,-0.5191,-134.2061,-7.3359
518.0000,0.1951,-0.2214,1.0667,-0.1908,-136.6031,-7.9542
508.0000,0.1956,-0.2051,1.0491,-1.6260,-139.3435,-8.5954
426.0000,0.2080,-0.1912,1.0347,-3.9237,-142.9466,-9.7099
573.0000,0.2219,-0.1873,1.0332,-7.2901,-146.3206,-10.7023
488.0000,0.2314,-0.1775,0.9707,-10.9008,-149.3740,-11.5802
542.0000,0.2419,-0.1543,0.9150,-15.0458,-153.5878,-13.1221
466.0000,0.2510,-0.1877,0.9504,-18.2366,-156.7405,-15.4351
519.0000,0.2554,-0.2073,0.9573,-19.8321,-159.8321,-16.1679
427.0000,0.2651,-0.2231,0.9053,-19.4656,-163.4351,-16.7710
490.0000,0.2813,-0.2163,0.8843,-17.9924,-167.2214,-18.2214
607.0000,0.3108,-0.2332,0.8879,-15.3435,-170.0000,-18.8931
424.0000,0.3213,-0.2207,0.8569,-12.3053,-172.6641,-18.3511
495.0000,0.3389,-0.2107,0.7983,-10.4656,-176.2901,-18.4427
490.0000,0.3691,-0.1758,0.7637,-9.9313,-177.6488,-18.9847
514.0000,0.3853,-0.1904,0.7795,-9.9847,-177.9924,-19.4504
546.0000,0.3848,-0.1570,0.7271,-11.6183,-179.5954,-18.0382
520.0000,0.4026,-0.1113,0.6543,-14.9160,-181.8015,-18.2824
436.0000,0.4353,-0.1099,0.6572,-18.5496,-180.9008,-19.2443
581.0000,0.4407,-0.1323,0.6587,-22.6794,-179.2672,-18.4885
514.0000,0.4370,-0.1001,0.5967,-27.4733,-180.1145,-17.5649
384.0000,0.4578,-0.0913,0.5864,-32.4198,-180.1985,-18.0153
534.0000,0.4763,-0.1143,0.6150,-34.4198,-177.9389,-17.8626
571.0000,0.4661,-0.1289,0.6294,-34.8244,-176.3664,-16.5573
404.0000,0.4812,-0.1016,0.5654,-35.0763,-175.9160,-15.4504
473.0000,0.5149,-0.1348,0.5547,-28.9542,-172.5802,-15.7863
535.0000,0.5176,-0.2187,0.5715,-19.2137,-169.0000,-14.8550
473.0000,0.5142,-0.1814,0.5051,-7.1603,-167.0382,-12.0534
535.0000,0.5337,-0.1489,0.4160,1.9771,-166.1450,-10.6870
554.0000,0.5679,-0.1575,0.3835,12.1374,-162.3435,-10.0611
517.0000,0.5786,-0.1985,0.3909,21.9008,-157.2443,-8.1908
741.0000,0.5864,-0.1724,0.2969,29.2137,-154.4427,-6.2061
296.0000,0.6023,-0.1348,0.2551,34.4046,-149.9847,-5.1221
604.0000,0.6355,-0.1599,0.2852,37.1221,-143.9924,-4.7023
427.0000,0.6560,-0.1399,0.2510,39.8092,-138.4046,-2.9466
502.0000,0.6692,-0.1597,0.2874,44.2748,-131.4733,-3.8855
548.0000,0.7000,-0.1858,0.3315,46.0153,-125.1374,-3.6412
537.0000,0.7227,-0.1353,0.2593,46.2214,-118.2519,-3.1145
640.0000,0.7329,-0.1294,0.1641,47.1069,-112.3130,-3.7786
285.0000,0.7454,-0.0762,-0.0330,43.9313,-111.2672,-3.5344
442.0000,0.7751,-0.0012,-0.2104,38.6260,-107.8702,-4.4733
581.0000,0.8037,-0.0208,-0.2866,24.7634,-103.5267,-6.0611
373.0000,0.8396,0.0205,-0.4121,7.7176,-99.4198,-4.5115
673.0000,0.8757,0.0664,-0.4495,-13.1145,-89.4809,-3.9008
505.0000,0.8906,0.0288,-0.3853,-32.3893,-80.5420,-3.6718
462.0000,0.9373,-0.0271,-0.2485,-47.7939,-67.5191,-3.4580
505.0000,0.9631,-0.0776,-0.1150,-57.0382,-48.1603,-1.6565
468.0000,0.9761,-0.1338,-0.0291,-56.2137,-24.9237,0.4962
435.0000,0.9167,-0.1826,-0.0017,-44.0153,-9.1069,2.4885
480.0000,0.9141,-0.1677,-0.0222,-30.2748,5.9847,3.7328
537.0000,0.9238,-0.1477,-0.0503,-12.5496,22.7710,4.9084
607.0000,0.8882,-0.1350,-0.0808,2.5496,35.4656,4.7328
447.0000,0.8557,-0.1504,-0.0771,18.9542,44.5725,4.9084
558.0000,0.8242,-0.1362,-0.0391,28.7863,53.5420,4.8168
449.0000,0.7971,-0.1182,-0.0007,32.5802,61.2519,4.9771
474.0000,0.8013,-0.1086,0.0837,33.6412,70.9847,5.5420
509.0000,0.7715,-0.0793,0.1206,27.7786,77.3893,6.1527
491.0000,0.7598,-0.0801,0.1367,26.2366,81.8855,6.0000
494.0000,0.7490,-0.0454,0.1240,21.4351,84.0992,6.1679
541.0000,0.7310,-0.0439,0.1108,14.5573,87.7557,5.7939
438.0000,0.7290,-0.0564,0.1223,8.8168,87.4275,6.0992
506.0000,0.7263,-0.0574,0.1750,2.4656,91.7557,6.4809
479.0000,0.7354,-0.0686,0.2114,-2.4733,93.5954,6.7099
449.0000,0.7332,-0.0762,0.2278,-4.9237,95.9924,7.9771
506.0000,0.7397,-0.0879,0.2473,-6.2137,99.5344,8.0534
545.0000,0.7517,-0.1038,0.2761,-5.9008,102.9084,8.8473
464.0000,0.7454,-0.1157,0.3240,-4.7252,107.7252,9.1756
296.0000,0.7517,-0.1423,0.3833,-2.7481,111.8550,9.4809
705.0000,0.7542,-0.1311,0.3972,-0.6412,116.1985,10.1221
456.0000,0.7485,-0.1348,0.4163,4.2748,120.8015,9.8931
459.0000,0.7493,-0.1846,0.4519,9.7328,125.2977,9.3359
503.0000,0.7307,-0.1677,0.4434,13.6107,129.0382,9.4809
466.0000,0.7283,-0.1431,0.4124,17.6641,131.4962,8.9389
495.0000,0.7075,-0.1250,0.3682,18.7863,131.9237,8.3359
519.0000,0.6975,-0.1116,0.3335,16.2443,131.8702,7.6412
497.0000,0.6885,-0.1050,0.3086,10.4504,132.6947,7.2061
444.0000,0.6670,-0.0808,0.3286,1.8244,134.4580,6.7405
561.0000,0.6658,-0.0959,0.3831,-8.7023,136.4962,5.9313
418.0000,0.6460,-0.0818,0.4067,-17.9313,138.4809,6.5802
508.0000,0.6345,-0.0911,0.4209,-24.5954,139.8931,6.4962
496.0000,0.6365,-0.1238,0.4690,-28.1756,142.4809,5.9466
529.0000,0.6130,-0.1982,0.6030,-24.9389,144.8015,5.2137
400.0000,0.5908,-0.2166,0.6882,-19.0534,147.8092,6.2290
558.0000,0.5745,-0.2227,0.7026,-12.2595,150.9313,6.8397
498.0000,0.5620,-0.2317,0.6770,-2.4427,153.2672,6.5954
496.0000,0.5391,-0.2371,0.6863,9.0000,154.3817,5.7176
436.0000,0.5166,-0.2192,0.6824,16.9389,153.2366,5.3206
535.0000,0.4895,-0.1738,0.6658,19.3893,151.4427,5.5267
460.0000,0.4607,-0.1328,0.6267,14.7481,149.3130,5.2595
496.0000,0.4478,-0.1128,0.6135,9.1069,147.1450,5.1756
419.0000,0.4246,-0.0957,0.6672,0.6183,144.7176,4.8931
469.0000,0.4084,-0.0688,0.6980,-10.8626,141.2214,5.4122
571.0000,0.3977,-0.0688,0.7004,-21.6489,138.1298,5.5802
505.0000,0.3892,-0.0950,0.7488,-30.8473,136.1603,5.3282
429.0000,0.3691,-0.1333,0.8308,-36.3740,133.8321,5.1298
481.0000,0.3606,-0.1521,0.8809,-38.5802,132.0763,5.6565
505.0000,0.3530,-0.1777,0.8901,-38.5267,130.8550,6.1298
485.0000,0.3547,-0.2031,0.8843,-35.0534,129.9008,6.8092
494.0000,0.3545,-0.2187,0.9055,-28.8321,129.9084,7.3282
489.0000,0.3452,-0.2402,0.9504,-19.4275,130.5496,7.4275
481.0000,0.3162,-0.2419,0.9543,-9.5725,130.4656,7.4504
542.0000,0.2986,-0.2322,0.9392,-2.2901,129.5343,8.3740
501.0000,0.2808,-0.2217,0.8997,2.4275,128.9008,8.6870
452.0000,0.2551,-0.1965,0.8640,5.0000,127.6718,9.1145
547.0000,0.2500,-0.1492,0.8279,1.3435,125.5420,8.9847
575.0000,0.2271,-0.1121,0.8057,-7.4427,123.5496,8.7328
449.0000,0.2070,-0.1174,0.8350,-17.1756,120.3435,8.1908
465.0000,0.2107,-0.1270,0.8501,-26.7099,118.1832,7.4427
587.0000,0.2024,-0.1455,0.8740,-34.7099,116.6489,7.4733
378.0000,0.1892,-0.1829,0.8928,-39.1908,115.1221,6.6489
610.0000,0.1680,-0.2463,0.9238,-36.9695,114.0687,6.6183
534.0000,0.1633,-0.2891,0.9858,-29.3359,113.6489,6.9313
402.0000,0.1431,-0.3018,1.0615,-18.1908,113.8626,7.0382
557.0000,0.1423,-0.2908,1.0774,-6.3817,113.9313,7.1145
515.0000,0.1172,-0.2825,1.0898,5.0534,114.5496,6.6870
445.0000,0.1018,-0.3015,1.1099,16.2977,115.1832,5.9695
472.0000,0.0476,-0.2793,1.1270,23.3435,113.5878,6.0687
613.0000,0.0129,-0.2300,1.0937,23.5954,110.4275,6.3053
442.0000,-0.0049,-0.2009,1.1023,21.4733,105.8779,5.6565
499.0000,-0.0281,-0.1812,1.1130,16.2595,101.0305,4.4275
540.0000,-0.0544,-0.1516,1.1067,8.5344,95.2214,3.9771
481.0000,-0.0576,-0.1326,1.0881,-2.4427,86.2137,3.4504
486.0000,-0.0620,-0.1348,1.0923,-11.6947,80.8931,2.5420
550.0000,-0.0505,-0.1799,1.1030,-20.3130,75.5496,2.1679
420.0000,-0.0637,-0.2131,1.1345,-23.8473,69.5878,1.8550
472.0000,-0.0642,-0.2615,1.1604,-23.8397,62.9542,1.7328
642.0000,-0.0427,-0.2781,1.1577,-21.0611,58.9389,1.8626
517.0000,-0.0212,-0.2847,1.1780,-15.2137,56.5344,2.2901
473.0000,-0.0154,-0.3035,1.2383,-6.5649,54.5038,1.8397
517.0000,-0.0239,-0.2913,1.2751,1.0687,52.4733,1.5649
503.0000,-0.0417,-0.2656,1.2671,6.5191,49.4809,1.2977
494.0000,-0.0408,-0.2615,1.2273,10.2290,46.8397,0.7176
575.0000,-0.0378,-0.2520,1.1777,13.3817,43.5420,0.4885
457.0000,-0.0508,-0.2217,1.1277,12.4427,38.6336,0.2748
571.0000,-0.0537,-0.1970,1.0908,8.6870,34.0153,-0.2672
518.0000,-0.0452,-0.1816,1.0828,3.4351,28.9771,-0.4427
535.0000,-0.0413,-0.1790,1.0864,-2.4275,23.6336,-0.2290
452.0000,-0.0334,-0.2131,1.1187,-6.5496,19.0153,-0.1374
384.0000,-0.0271,-0.2317,1.1335,-8.1527,15.7710,0.6183
528.0000,-0.0203,-0.2288,1.1545,-7.6794,12.0229,1.0076
462.0000,-0.0081,-0.2319,1.1565,-5.2214,8.9466,0.7710
516.0000,-0.0068,-0.2329,1.1526,-1.9695,6.6489,1.1603
442.0000,0.0090,-0.2263,1.1294,0.0763,4.3664,1.5878
497.0000,0.0105,-0.2144,1.0686,0.4885,1.2519,1.2824
506.0000,0.0132,-0.2156,1.0420,-0.3511,-1.0916,1.3282
492.0000,0.0256,-0.2068,1.0073,-2.5344,-3.4809,1.1450
449.0000,0.0388,-0.1938,0.9866,-5.5802,-5.8092,0.8855
512.0000,0.0483,-0.1980,0.9558,-8.5573,-7.8397,0.3359
541.0000,0.0659,-0.2048,0.9419,-10.5802,-8.8244,-0.4046
427.0000,0.0642,-0.2083,0.9192,-11.4962,-9.7099,-0.8779
583.0000,0.0808,-0.2224,0.9004,-11.3053,-9.9847,-1.5191
480.0000,0.0859,-0.2393,0.9055,-9.8473,-9.2748,-1.9771
475.0000,0.0864,-0.2432,0.9006,-7.6031,-8.5573,-2.5725
558.0000,0.0940,-0.2332,0.8928,-5.1221,-7.7252,-2.9389
485.0000,0.0891,-0.2380,0.8806,-2.3282,-7.0916,-3.4809
420.0000,0.0796,-0.2144,0.8730,-0.6947,-6.1450,-3.9389
506.0000,0.0803,-0.2058,0.8623,-0.3053,-5.8626,-4.1603
511.0000,0.0747,-0.1938,0.8555,-0.9160,-5.0916,-4.4122
467.0000,0.0698,-0.1851,0.8525,-1.8321,-4.0992,-4.7176
551.0000,0.0520,-0.1826,0.8499,-3.7481,-3.5191,-4.7328
520.0000,0.0459,-0.1814,0.8516,-5.0000,-3.3817,-5.0534
525.0000,0.0405,-0.1902,0.8564,-5.5420,-3.0382,-4.9237
509.0000,0.0352,-0.1873,0.8550,-5.3588,-2.7786,-4.7099
561.0000,0.0254,-0.1851,0.8630,-4.5802,-2.6489,-4.5954
497.0000,0.0190,-0.1899,0.8760,-3.6183,-2.4504,-4.1527