raw_emg,raw_ax,raw_ay,raw_az,raw_gx,raw_gy,raw_gz
20.0000,-0.0732,-0.1846,0.8955,-2.9237,1.2748,-0.5344
5.0000,-0.0701,-0.1807,0.8928,-2.6489,1.4351,-0.4504
4.0000,-0.0596,-0.1753,0.8865,-2.6260,1.2214,-0.4885
66.0000,-0.0684,-0.1775,0.8877,-2.8931,1.2290,-0.4275
4.0000,-0.0706,-0.1760,0.8835,-3.0840,1.1756,-0.4122
87.0000,-0.0686,-0.1753,0.8865,-3.0687,0.9313,-0.3969
225.0000,-0.0691,-0.1702,0.8896,-3.2290,0.4733,-0.5573
27.0000,-0.0720,-0.1768,0.8979,-2.8855,0.3435,-0.3969
154.0000,-0.0742,-0.1680,0.8992,-2.7557,0.1221,-0.5496
240.0000,-0.0759,-0.1714,0.8972,-2.4656,-0.0763,-0.5496
47.0000,-0.0745,-0.1724,0.8828,-2.6412,-0.6031,-0.4427
190.0000,-0.0664,-0.1658,0.8892,-2.9084,-0.6870,-0.1679
264.0000,-0.0649,-0.1643,0.8816,-2.8550,-0.8168,-0.4046
124.0000,-0.0701,-0.1689,0.8855,-3.0534,-0.8550,-0.2290
155.0000,-0.0635,-0.1660,0.8875,-3.0305,-0.8779,-0.4962
268.0000,-0.0681,-0.1643,0.8901,-3.3359,-0.9313,-0.7328
126.0000,-0.0657,-0.1616,0.8845,-3.1145,-0.6183,-0.9466
161.0000,-0.0667,-0.1650,0.8867,-2.8244,-0.6336,-1.2672
274.0000,-0.0720,-0.1724,0.8840,-2.4504,-0.2595,-1.4351
144.0000,-0.0781,-0.1648,0.8882,-2.5115,-0.2061,-1.5115
181.0000,-0.0691,-0.1609,0.8801,-2.5038,-0.0076,-1.7023
281.0000,-0.0686,-0.1611,0.8804,-2.5496,-0.0840,-1.8550
154.0000,-0.0679,-0.1531,0.8784,-2.6718,-0.1603,-1.7710
184.0000,-0.0730,-0.1531,0.8857,-2.7557,-0.1069,-2.0382
252.0000,-0.0769,-0.1521,0.8823,-2.8397,-0.1069,-1.6641
229.0000,-0.0759,-0.1565,0.8887,-2.4733,0.0840,-1.6412
190.0000,-0.0703,-0.1541,0.8875,-2.3740,0.0916,-1.2443
230.0000,-0.0696,-0.1536,0.8792,-2.1603,0.0305,-1.1985
213.0000,-0.0728,-0.1504,0.8901,-2.3893,0.2519,-1.1221
161.0000,-0.0652,-0.1553,0.8860,-2.6641,-0.0382,-0.7023
226.0000,-0.0715,-0.1528,0.8835,-2.6794,0.3511,-0.7481
216.0000,-0.0698,-0.1550,0.8921,-2.8244,0.3511,-0.5191
192.0000,-0.0652,-0.1653,0.8774,-2.6412,0.3206,-0.2366
227.0000,-0.0640,-0.1685,0.8889,-2.6260,0.4733,-0.0076
183.0000,-0.0737,-0.1711,0.8865,-2.2061,0.5115,0.0840
205.0000,-0.0688,-0.1670,0.8906,-2.1756,0.6107,-0.0382
255.0000,-0.0679,-0.1719,0.8865,-2.1298,0.6107,0.1221
218.0000,-0.0620,-0.1733,0.8887,-2.0229,0.4733,-0.0153
215.0000,-0.0608,-0.1765,0.8855,-2.1374,0.3053,-0.1069
212.0000,-0.0645,-0.1777,0.8831,-2.3969,0.2901,-0.3588
273.0000,-0.0696,-0.1946,0.8879,-2.6412,0.0611,-0.2290
220.0000,-0.0630,-0.1804,0.8838,-2.7634,-0.2214,-0.5115
205.0000,-0.0635,-0.1848,0.8916,-2.7481,-0.2595,-0.6641
263.0000,-0.0640,-0.1873,0.8906,-2.9466,-0.4580,-0.8855
186.0000,-0.0608,-0.1838,0.8962,-3.1221,-0.6870,-0.9313
241.0000,-0.0574,-0.1836,0.9028,-3.2595,-0.7939,-1.0153
231.0000,-0.0620,-0.1882,0.8967,-3.3969,-0.5420,-1.2443
206.0000,-0.0520,-0.1829,0.8948,-3.3817,-0.6336,-1.1145
250.0000,-0.0522,-0.1855,0.8926,-2.8626,-0.7405,-0.9237
251.0000,-0.0566,-0.1785,0.9016,-2.6947,-0.6794,-0.8473
226.0000,-0.0569,-0.1821,0.9006,-2.4046,-0.5954,-0.7328
237.0000,-0.0586,-0.1814,0.8992,-2.4962,-0.9847,-0.6107
217.0000,-0.0549,-0.1768,0.8992,-2.3664,-0.9466,-0.5344
313.0000,-0.0571,-0.1746,0.9119,-2.4427,-0.8702,-0.0611
257.0000,-0.0645,-0.1807,0.9099,-2.5954,-1.2595,0.0840
253.0000,-0.0615,-0.1794,0.9397,-2.2061,-1.3664,0.3053
236.0000,-0.0649,-0.1855,0.9526,-1.5191,-1.9695,0.5038
286.0000,-0.0852,-0.1853,0.9741,-1.0687,-2.6870,0.2519
262.0000,-0.0911,-0.1873,0.9849,-0.6412,-4.0687,0.2672
258.0000,-0.1045,-0.1887,1.0068,-0.1298,-5.6489,0.1450
264.0000,-0.1133,-0.1909,1.0125,-0.4122,-7.6870,0.2061
164.0000,-0.1165,-0.1777,1.0076,-1.6718,-10.7023,0.4122
279.0000,-0.1147,-0.1733,1.0134,-3.0763,-13.7863,0.6412
265.0000,-0.1167,-0.1775,1.0349,-4.6947,-16.9924,0.5496
268.0000,-0.1223,-0.1829,1.0454,-6.5496,-20.4962,0.3969
314.0000,-0.1206,-0.1897,1.0833,-8.2901,-23.9771,0.6183
241.0000,-0.1230,-0.1914,1.1160,-10.5954,-27.4351,0.0763
224.0000,-0.1331,-0.2000,1.1489,-11.6794,-30.5725,-0.3969
273.0000,-0.1414,-0.2080,1.1780,-12.2137,-34.3817,-0.5649
269.0000,-0.1409,-0.2036,1.1870,-13.9008,-39.5878,-1.2061
259.0000,-0.1533,-0.2187,1.2429,-14.6718,-44.2977,-1.8244
277.0000,-0.1667,-0.2258,1.2734,-14.7634,-48.7099,-2.4198
275.0000,-0.1873,-0.2224,1.3318,-15.9771,-54.7863,-3.5573
318.0000,-0.1997,-0.2314,1.3398,-17.0763,-61.5344,-3.6641
275.0000,-0.1970,-0.2212,1.3154,-18.0229,-68.7099,-4.1298
213.0000,-0.1765,-0.2170,1.2708,-18.6794,-76.2443,-4.2977
298.0000,-0.1646,-0.2078,1.2366,-20.4580,-83.8244,-5.0382
278.0000,-0.1465,-0.2109,1.2361,-23.3893,-90.9542,-5.7328
302.0000,-0.1287,-0.2297,1.2363,-25.1832,-97.4351,-6.1374
224.0000,-0.1226,-0.2532,1.2051,-26.6412,-103.8397,-5.9313
317.0000,-0.0950,-0.2634,1.2068,-26.7557,-110.4657,-6.3206
271.0000,-0.0703,-0.2813,1.2146,-24.0229,-115.5878,-6.2214
408.0000,-0.0479,-0.2729,1.2161,-20.3435,-121.1374,-5.6336
307.0000,-0.0298,-0.2434,1.2009,-17.1450,-127.1527,-5.4962
246.0000,-0.0059,-0.2388,1.2112,-13.5725,-131.5572,-5.9008
315.0000,0.0029,-0.2175,1.2039,-12.5725,-135.6641,-5.5420
302.0000,0.0244,-0.1741,1.1760,-16.0229,-140.4809,-5.7786
324.0000,0.0356,-0.1587,1.1523,-20.8092,-145.2977,-6.4885
297.0000,0.0513,-0.1792,1.1470,-25.8015,-149.7405,-7.0305
317.0000,0.0542,-0.1628,1.1128,-31.6565,-154.4962,-7.3359
369.0000,0.0769,-0.1589,1.1011,-36.8702,-158.5878,-8.0458
261.0000,0.0513,-0.2053,1.0625,-38.3588,-164.5114,-8.6412
308.0000,0.1016,-0.2124,1.0391,-37.3130,-168.4656,-9.0611
330.0000,0.1272,-0.2192,1.0081,-38.3664,-170.7405,-9.1298
254.0000,0.1609,-0.2139,0.9451,-36.5573,-174.3282,-8.9160
189.0000,0.1768,-0.2566,0.9363,-31.2290,-178.2595,-9.7557
334.0000,0.1816,-0.2605,0.9333,-27.5573,-181.1221,-8.8397
245.0000,0.2036,-0.2383,0.8979,-24.9618,-182.8015,-8.0305
274.0000,0.2202,-0.2605,0.8877,-20.4122,-184.6336,-7.8244
320.0000,0.2424,-0.2661,0.8948,-13.7099,-186.0000,-7.2901
326.0000,0.2651,-0.2703,0.8909,-8.1908,-186.5649,-6.3969
276.0000,0.2664,-0.2471,0.8552,-2.8321,-187.6183,-5.5725
346.0000,0.2891,-0.2734,0.8398,2.5115,-187.6336,-5.3130
308.0000,0.3159,-0.2690,0.7881,8.3359,-187.1374,-4.6031
335.0000,0.3308,-0.2664,0.7478,12.9542,-186.6641,-4.8550
352.0000,0.3406,-0.2751,0.6985,15.7939,-187.4275,-5.1908
280.0000,0.3628,-0.2554,0.6421,18.4122,-187.4504,-5.3588
331.0000,0.3767,-0.2844,0.6421,20.8015,-187.4351,-7.0305
435.0000,0.3892,-0.2844,0.6296,21.0382,-187.7176,-7.1145
282.0000,0.4031,-0.2615,0.6121,20.8092,-187.1069,-7.4198
315.0000,0.4121,-0.2742,0.6453,21.2748,-185.3740,-9.1985
335.0000,0.4233,-0.2444,0.6704,19.8931,-184.6947,-9.9389
340.0000,0.4341,-0.2034,0.6304,15.5725,-184.4656,-10.5420
375.0000,0.4512,-0.1921,0.6050,10.7481,-183.5572,-11.9237
290.0000,0.4727,-0.2053,0.5894,5.7099,-183.0305,-13.0076
391.0000,0.4927,-0.1948,0.5496,0.8702,-182.7252,-13.1527
271.0000,0.5010,-0.1843,0.5208,-2.9237,-182.5038,-13.8931
405.0000,0.5071,-0.1836,0.4744,-5.1069,-182.0840,-14.0382
294.0000,0.5276,-0.1921,0.4705,-3.9313,-181.6183,-15.0611
402.0000,0.5366,-0.2017,0.4775,-0.8321,-181.3206,-14.8702
402.0000,0.5522,-0.2134,0.4658,3.8550,-180.5267,-14.7939
366.0000,0.5752,-0.2239,0.4216,9.7863,-178.8626,-14.6641
456.0000,0.6040,-0.2271,0.3840,12.6794,-176.4504,-14.5038
281.0000,0.6248,-0.2048,0.3101,14.6412,-174.1298,-14.1832
418.0000,0.6633,-0.1682,0.2314,13.9008,-171.3359,-14.6336
358.0000,0.6782,-0.1453,0.1306,13.0687,-167.7557,-15.3511
549.0000,0.7217,-0.1267,0.0112,10.6260,-164.9771,-15.6565
194.0000,0.7625,-0.1331,-0.1328,10.2824,-160.1450,-15.0305
374.0000,0.7932,-0.0994,-0.2544,10.1985,-155.1756,-14.5954
440.0000,0.8320,-0.0950,-0.2971,7.9084,-149.5878,-14.3053
415.0000,0.7952,-0.1553,-0.4058,9.2214,-151.2061,-13.5649
193.0000,0.9590,-0.0710,-0.3398,-8.0687,-115.3511,-9.6718
347.0000,0.8630,-0.1538,-0.3130,-3.9313,-103.3588,-6.9008
296.0000,0.9067,-0.1345,-0.2031,-15.1527,-90.9389,-7.6794
230.0000,0.9077,-0.1948,-0.1775,-19.3206,-78.5878,-9.4198
405.0000,0.9319,-0.0906,-0.1978,-15.4198,-57.1908,-8.6565
319.0000,0.8809,-0.0015,-0.1243,-48.7786,-29.8931,-7.1450
324.0000,0.8987,-0.3459,-0.1194,-43.9847,-17.6947,-10.8931
330.0000,0.8894,-0.4407,-0.1243,-28.4351,2.1374,-6.2519
386.0000,0.8020,-0.3179,-0.1030,-12.1985,10.2137,-5.2443
346.0000,0.8335,-0.2827,-0.0742,2.7099,23.0534,-5.5267
411.0000,0.7864,-0.1528,-0.0632,5.0916,37.1679,-3.6947
372.0000,0.7817,-0.1079,-0.0139,5.0916,43.9695,-5.3282
315.0000,0.7903,-0.2227,0.0352,17.9542,44.4046,-7.4733
352.0000,0.7625,-0.2153,0.0437,33.0229,44.9084,-6.0763
413.0000,0.7603,-0.1943,0.0725,47.7023,42.7786,-5.1450
343.0000,0.7607,-0.1455,0.1008,46.6183,44.8168,-5.7176
335.0000,0.8066,-0.0984,0.1396,31.9771,56.2366,-5.6412
413.0000,0.8052,-0.0923,0.1719,14.9542,66.9847,-4.8473
379.0000,0.7698,-0.1069,0.1851,0.0534,66.8702,-4.3435
349.0000,0.7925,-0.1128,0.1863,-12.7557,70.2977,-3.7863
379.0000,0.8162,-0.1140,0.1912,-20.9389,77.4886,-3.6336
291.0000,0.7991,-0.1587,0.2046,-21.0305,81.6641,-3.9313
465.0000,0.8081,-0.1753,0.2163,-13.2214,82.3664,-4.5725
378.0000,0.8215,-0.1587,0.2214,-10.0153,85.9008,-6.0687
316.0000,0.8274,-0.1650,0.2417,-10.5267,92.5878,-6.3969
385.0000,0.8125,-0.1599,0.2104,-13.0305,97.0000,-7.0382
368.0000,0.8132,-0.1812,0.2236,-13.4885,101.9313,-7.7481
216.0000,0.7974,-0.1953,0.2698,-10.5954,107.4580,-8.4427
496.0000,0.8025,-0.1812,0.2886,-6.1374,111.4046,-8.6641
365.0000,0.7944,-0.1716,0.2998,1.8473,113.0534,-9.2519
373.0000,0.7786,-0.1653,0.3022,7.5038,116.3817,-9.7252
418.0000,0.7583,-0.1580,0.3298,13.8855,119.9695,-10.4504
376.0000,0.7456,-0.1426,0.3442,15.9160,121.9084,-11.3588
355.0000,0.7446,-0.1250,0.3530,14.5573,124.9008,-11.4504
329.0000,0.7356,-0.1079,0.3672,11.7099,128.5725,-11.8931
549.0000,0.7229,-0.1067,0.3572,9.2595,131.4580,-12.5878
317.0000,0.7058,-0.0935,0.3767,8.1374,133.8397,-12.9771
362.0000,0.7034,-0.0901,0.4031,6.3664,136.5954,-14.1374
421.0000,0.6777,-0.0940,0.4248,5.2366,138.9695,-14.5878
371.0000,0.6609,-0.0886,0.4548,5.3435,141.6107,-15.5802
376.0000,0.6453,-0.1362,0.5022,6.7099,143.3511,-16.6565
279.0000,0.6331,-0.1445,0.5098,7.2824,146.3588,-16.2901
435.0000,0.6079,-0.1328,0.5044,6.6718,147.6794,-16.6794
373.0000,0.5891,-0.1438,0.5029,9.7252,149.5191,-16.9008
442.0000,0.5552,-0.1602,0.5159,13.6565,149.1069,-17.1908
258.0000,0.5471,-0.1311,0.5315,13.6870,147.8855,-17.0458
399.0000,0.5317,-0.1172,0.5195,12.0229,147.5878,-16.6183
350.0000,0.5298,-0.0945,0.5325,7.3206,148.8550,-16.7328
439.0000,0.5115,-0.1260,0.5522,6.9313,149.3359,-16.8702
368.0000,0.4856,-0.1001,0.5811,4.0687,149.1908,-16.4198
358.0000,0.4683,-0.1021,0.6216,0.7710,149.1069,-16.3130
438.0000,0.4536,-0.0811,0.6287,-2.3893,149.2519,-16.1450
392.0000,0.4426,-0.0801,0.6697,-3.8779,150.0458,-16.1985
372.0000,0.4243,-0.1050,0.7290,-5.2977,149.1298,-16.8015
357.0000,0.4084,-0.0925,0.7676,-6.9542,148.4275,-16.5802
408.0000,0.3955,-0.1038,0.7861,-7.4733,148.4427,-16.6183
353.0000,0.3804,-0.1184,0.8096,-9.6565,147.6107,-16.8931
411.0000,0.3496,-0.0928,0.7986,-11.2901,145.8931,-16.7557
378.0000,0.3318,-0.0967,0.7676,-13.7405,145.2824,-16.0916
442.0000,0.3208,-0.0957,0.7446,-17.2214,142.3282,-15.8321
341.0000,0.3115,-0.0903,0.6995,-21.1832,140.3435,-15.1603
424.0000,0.3020,-0.1001,0.7092,-24.7099,139.3817,-14.0840
412.0000,0.2949,-0.1130,0.7505,-26.0153,138.4580,-13.1145
350.0000,0.2749,-0.1343,0.7974,-25.3282,137.1679,-12.2443
453.0000,0.2690,-0.1643,0.8926,-21.2977,137.1908,-12.2137
398.0000,0.2681,-0.1653,0.9465,-16.4351,137.0992,-11.0305
343.0000,0.2473,-0.1438,0.9712,-12.6718,137.5343,-9.9542
460.0000,0.2529,-0.1167,0.9680,-9.8244,137.2061,-9.9084
405.0000,0.2456,-0.1213,0.9807,-6.8473,137.8321,-9.5420
375.0000,0.2156,-0.1355,1.0144,-5.7557,139.1145,-9.6794
358.0000,0.1868,-0.0991,1.0127,-9.5420,138.0992,-9.3511
514.0000,0.1570,-0.0691,0.9385,-15.9466,135.4809,-9.3435
379.0000,0.1521,-0.0806,0.9060,-19.5802,133.6488,-10.3053
379.0000,0.1274,-0.1150,0.9082,-22.2061,132.2061,-10.5725
494.0000,0.0938,-0.1204,0.9060,-26.1069,129.2977,-9.8321
368.0000,0.0835,-0.1240,0.8928,-29.6260,125.2366,-9.2672
393.0000,0.0876,-0.1409,0.8992,-30.1527,121.6870,-9.0458
411.0000,0.0718,-0.1912,0.9453,-28.4504,119.1221,-8.2595
310.0000,0.0535,-0.1987,0.9895,-26.6183,116.6336,-6.6565
439.0000,0.0330,-0.2000,1.0264,-24.3206,113.2290,-5.0763
420.0000,0.0364,-0.2039,1.0420,-19.3588,111.3588,-3.7634
372.0000,0.0239,-0.2168,1.0901,-13.0076,109.1756,-2.7863
389.0000,-0.0010,-0.2004,1.1313,-7.1527,107.3664,-1.8626
466.0000,-0.0100,-0.1509,1.1533,-5.2595,104.0916,-1.5267
495.0000,-0.0183,-0.1326,1.1597,-5.5878,100.7557,-1.3435
391.0000,-0.0232,-0.1467,1.1836,-6.0840,97.9008,-1.4427
418.0000,-0.0471,-0.1428,1.2036,-6.9466,94.4809,-1.1145
382.0000,-0.0896,-0.1523,1.1799,-9.0305,90.0305,-0.6107
442.0000,-0.0925,-0.1475,1.1641,-10.5115,86.4504,-0.6794
450.0000,-0.1060,-0.1436,1.1277,-12.9618,81.4122,-0.5420
397.0000,-0.1162,-0.1604,1.1348,-13.2977,76.6107,-0.6870
462.0000,-0.1145,-0.1653,1.1675,-13.1298,71.7176,-0.5267
427.0000,-0.1245,-0.1709,1.2119,-11.5420,67.1298,-0.4351
389.0000,-0.1270,-0.1997,1.2854,-8.2748,62.9847,-0.5725
427.0000,-0.1450,-0.2083,1.3281,-4.7939,58.5725,-0.2366
432.0000,-0.1531,-0.1902,1.3188,-1.0687,53.1603,0.1908
400.0000,-0.1560,-0.1772,1.2729,0.9084,47.7786,-0.0076
425.0000,-0.1477,-0.1587,1.2361,1.6718,42.1908,0.1679
457.0000,-0.1477,-0.1331,1.1694,-0.5954,36.9924,0.0763
399.0000,-0.1460,-0.1255,1.1392,-4.2290,31.2443,-0.3053
503.0000,-0.1272,-0.1289,1.1121,-8.5115,26.0916,-0.3588
402.0000,-0.1079,-0.1560,1.1160,-11.4275,22.2824,-0.2061
434.0000,-0.0947,-0.1865,1.1331,-10.3588,19.2977,0.3282
414.0000,-0.0845,-0.1985,1.1514,-7.9466,15.8168,0.4122
395.0000,-0.0657,-0.2092,1.1426,-3.7481,12.5725,0.4275
452.0000,-0.0557,-0.2029,1.1121,0.6260,10.6870,0.5115
414.0000,-0.0554,-0.1743,1.0837,3.0382,8.5954,0.5725
363.0000,-0.0437,-0.1687,1.0542,3.5573,6.8473,0.4885
479.0000,-0.0361,-0.1626,1.0332,2.7939,5.4122,0.9008
394.0000,-0.0361,-0.1558,1.0159,0.4504,4.4046,1.0382
408.0000,-0.0349,-0.1641,0.9995,-2.2366,2.9618,1.3664
513.0000,-0.0234,-0.1638,0.9775,-4.4198,2.0992,1.8626
382.0000,-0.0247,-0.1702,0.9717,-5.7710,0.5191,2.1298
395.0000,-0.0315,-0.1853,0.9707,-6.4504,-0.0534,2.7099
405.0000,-0.0200,-0.1931,0.9604,-6.7252,-0.8168,3.4733
363.0000,-0.0215,-0.1921,0.9470,-5.7328,-1.3817,3.9542
396.0000,-0.0183,-0.1973,0.9402,-4.7786,-2.0916,4.3511
449.0000,-0.0203,-0.1919,0.9207,-4.5725,-2.5802,4.9008
376.0000,-0.0181,-0.1919,0.9180,-4.5115,-3.1985,5.1603
380.0000,-0.0251,-0.1875,0.9172,-5.2672,-3.9313,5.2366
508.0000,-0.0198,-0.1848,0.8936,-5.9847,-4.4046,5.9008
391.0000,-0.0200,-0.1948,0.8940,-6.5267,-4.6412,6.0992
391.0000,-0.0305,-0.1907,0.9050,-7.1985,-5.2901,6.1756
495.0000,-0.0203,-0.1963,0.9048,-7.6870,-5.8626,6.3969
382.0000,-0.0291,-0.1929,0.8997,-7.4351,-6.2366,6.4351
382.0000,-0.0215,-0.1895,0.9033,-7.3893,-6.7939,6.2748
445.0000,-0.0266,-0.1799,0.8977,-7.5649,-7.0153,5.9847
422.0000,-0.0217,-0.1814,0.8879,-7.6336,-6.9542,5.9618
447.0000,-0.0237,-0.1895,0.9004,-7.4504,-7.0153,5.6489
455.0000,-0.0139,-0.1877,0.9158,-7.5267,-6.8550,5.3359
449.0000,-0.0234,-0.1853,0.9089,-7.4885,-7.0229,5.2214
416.0000,-0.0273,-0.1907,0.9280,-6.6260,-6.8702,4.8473
521.0000,-0.0415,-0.1870,0.9241,-5.7710,-7.4046,4.2901
451.0000,-0.0366,-0.1848,0.9277,-4.8931,-7.8931,4.4351
501.0000,-0.0496,-0.1807,0.9290,-4.5573,-8.8473,4.2137
445.0000,-0.0520,-0.1741,0.9529,-4.4809,-9.7710,4.4504
400.0000,-0.0627,-0.1702,0.9675,-4.9237,-10.9618,4.1069
464.0000,-0.0652,-0.1675,0.9824,-5.3053,-12.3511,4.5344
446.0000,-0.0613,-0.1636,0.9932,-5.4656,-14.0611,4.4122
416.0000,-0.0505,-0.1704,1.0066,-5.4046,-15.3130,4.6183
474.0000,-0.0447,-0.1648,1.0188,-4.9695,-16.9084,4.4962
465.0000,-0.0398,-0.1655,1.0388,-5.2977,-18.5496,4.5496
442.0000,-0.0310,-0.1729,1.0500,-4.8473,-20.3740,4.5725
389.0000,-0.0244,-0.1763,1.0630,-4.3893,-22.1908,4.2748
486.0000,-0.0278,-0.1738,1.0632,-4.0916,-24.1527,4.4275
459.0000,-0.0293,-0.1775,1.0774,-3.0611,-26.3206,4.4733
398.0000,-0.0212,-0.1682,1.0803,-2.6031,-28.8168,4.2137
474.0000,-0.0171,-0.1694,1.1074,-2.5344,-31.3588,4.1908
465.0000,-0.0234,-0.1716,1.1233,-3.0229,-34.4046,4.1221
436.0000,-0.0261,-0.1707,1.1331,-3.6260,-37.5878,4.0229
415.0000,-0.0247,-0.1731,1.1262,-3.7786,-40.9160,3.6489
515.0000,-0.0291,-0.1711,1.1248,-4.3664,-44.4580,3.9237
390.0000,-0.0203,-0.1726,1.1287,-5.0687,-48.5878,3.7023
437.0000,-0.0159,-0.1748,1.1389,-5.8855,-52.6260,3.5878
408.0000,-0.0181,-0.1824,1.1277,-6.7023,-56.5267,3.7405
448.0000,-0.0073,-0.1780,1.1301,-7.6565,-60.9008,3.5573
426.0000,-0.0005,-0.1733,1.1418,-8.3893,-64.7863,3.5115
456.0000,0.0120,-0.1843,1.1484,-8.8015,-68.2366,3.0916
375.0000,0.0103,-0.1831,1.1516,-8.8168,-72.4733,2.7634
400.0000,0.0151,-0.1790,1.1499,-8.8473,-76.3664,2.4351
546.0000,0.0271,-0.1750,1.1177,-10.0840,-80.7328,2.2214
460.0000,0.0300,-0.1724,1.1089,-12.0458,-84.8473,2.2061
473.0000,0.0313,-0.1804,1.1047,-13.6336,-88.3970,1.6870
478.0000,0.0396,-0.1904,1.1157,-13.9237,-92.0763,1.8397
460.0000,0.0376,-0.1963,1.1333,-13.4427,-95.9160,1.4275
414.0000,0.0435,-0.1968,1.1265,-13.0458,-99.8092,1.4504
536.0000,0.0483,-0.2017,1.1443,-11.2901,-103.4198,1.1145
459.0000,0.0437,-0.2178,1.1550,-8.3893,-106.6794,0.7328
400.0000,0.0278,-0.2117,1.1582,-6.1450,-110.5954,0.8702
456.0000,0.0266,-0.2017,1.1589,-5.1832,-115.0382,0.6107
471.0000,0.0308,-0.1812,1.1316,-5.8092,-119.7557,0.8779
421.0000,0.0464,-0.1714,1.1113,-6.8321,-124.2061,0.7405
594.0000,0.0586,-0.1572,1.0945,-9.0763,-128.9847,0.6107
388.0000,0.0696,-0.1648,1.0874,-11.7099,-133.8779,0.6565
491.0000,0.0881,-0.1685,1.0442,-14.8931,-138.6565,0.5725
477.0000,0.1099,-0.1768,1.0195,-17.6183,-143.5114,0.7328
466.0000,0.1201,-0.1958,1.0144,-18.2443,-148.0687,0.8397
422.0000,0.1370,-0.1934,0.9819,-18.4885,-151.9695,1.3359
373.0000,0.1682,-0.1978,0.9822,-18.7939,-155.2061,1.0153
401.0000,0.1870,-0.2117,0.9871,-19.2443,-158.7023,1.0229
468.0000,0.2185,-0.1951,0.9607,-19.2366,-161.5267,0.7557
476.0000,0.2476,-0.2117,0.9526,-18.5802,-163.8397,0.6107
389.0000,0.2644,-0.2202,0.9390,-17.6565,-165.8321,0.2061
410.0000,0.2742,-0.2048,0.8730,-17.6718,-168.5191,-0.2061
471.0000,0.3047,-0.2146,0.8611,-18.3435,-169.4351,-0.9313
446.0000,0.3254,-0.2295,0.8037,-17.6718,-169.3817,-1.5420
386.0000,0.3433,-0.2615,0.8013,-15.0687,-170.7252,-2.8244
549.0000,0.3625,-0.2732,0.7935,-12.7786,-171.5954,-3.3817
306.0000,0.3792,-0.2649,0.7661,-10.2061,-172.3206,-4.0305
418.0000,0.4087,-0.2810,0.7256,-8.3588,-172.5954,-4.9466
474.0000,0.4294,-0.2563,0.6917,-7.2748,-172.6947,-5.6489
432.0000,0.4541,-0.2573,0.6855,-7.7481,-172.9084,-7.3359
432.0000,0.4792,-0.2627,0.6719,-9.3588,-173.1603,-8.5267
530.0000,0.5024,-0.2505,0.6821,-10.8397,-173.3359,-10.0305
389.0000,0.5222,-0.2747,0.7534,-12.7786,-172.7633,-12.6565
521.0000,0.5305,-0.2664,0.7810,-15.0076,-172.0534,-14.5649
367.0000,0.5447,-0.2488,0.7742,-17.0305,-172.6336,-16.4504
442.0000,0.5483,-0.2549,0.8176,-18.1374,-173.2748,-20.1450
499.0000,0.5452,-0.2703,0.8135,-18.5725,-174.6031,-22.1450
460.0000,0.5342,-0.2681,0.7471,-17.6260,-176.9084,-23.5496
392.0000,0.5369,-0.2761,0.6917,-16.0916,-179.8931,-25.7252
432.0000,0.5359,-0.2896,0.6565,-16.0458,-182.9313,-26.9771
446.0000,0.5430,-0.2964,0.5964,-13.6412,-185.8702,-27.7405
480.0000,0.5449,-0.2959,0.5598,-10.3511,-188.1069,-28.5725
378.0000,0.5613,-0.3069,0.5398,-7.1221,-190.6031,-29.1069
421.0000,0.5725,-0.2607,0.4827,-5.1908,-191.9771,-28.4885
461.0000,0.5806,-0.2485,0.5188,-2.4122,-191.3664,-30.1527
349.0000,0.5828,-0.2515,0.5481,-1.3893,-191.4962,-30.4122
529.0000,0.5945,-0.1782,0.4771,-1.9618,-191.0076,-29.1832
412.0000,0.6138,-0.1626,0.4714,-2.0458,-188.0763,-30.2061
365.0000,0.6204,-0.1609,0.4524,-3.4656,-186.4351,-30.0992
630.0000,0.6289,-0.1343,0.4060,-3.5573,-183.0992,-29.6412
364.0000,0.6221,-0.1516,0.3501,-3.6947,-180.3511,-29.3511
304.0000,0.6367,-0.1580,0.3164,-1.5573,-175.7863,-28.7328
572.0000,0.6443,-0.1907,0.2820,0.1450,-171.9847,-28.0153
391.0000,0.6538,-0.1826,0.2451,2.8855,-167.5572,-26.8168
529.0000,0.6594,-0.1865,0.1553,7.8855,-162.8321,-24.7176
583.0000,0.6887,-0.1677,0.0088,13.1069,-158.1908,-23.1756
345.0000,0.7170,-0.1431,-0.1677,16.0000,-154.3206,-22.3588
510.0000,0.7600,-0.1125,-0.3049,14.7099,-150.0382,-22.2290
449.0000,0.7783,-0.0559,-0.4709,8.6260,-143.4809,-20.6412
495.0000,0.8262,-0.0430,-0.5422,-1.7252,-134.0687,-20.4427
324.0000,0.8762,-0.0420,-0.6248,-10.9618,-123.0763,-19.1527
455.0000,0.8975,-0.0554,-0.5867,-23.3740,-109.5878,-18.1221
441.0000,0.9287,-0.0415,-0.5559,-30.7023,-91.9771,-15.5802
457.0000,0.9365,-0.0476,-0.4768,-38.6794,-72.7939,-13.6031
462.0000,0.9509,-0.0466,-0.3904,-42.6794,-50.9847,-11.2366
496.0000,0.9399,-0.0591,-0.2976,-43.3511,-29.6718,-9.3359
426.0000,0.9382,-0.0850,-0.2578,-36.5344,-8.4198,-6.8244
464.0000,0.9143,-0.0784,-0.2205,-28.8473,9.8779,-4.6336
576.0000,0.8750,-0.0955,-0.1970,-17.8092,24.5344,-3.1221
451.0000,0.8533,-0.1206,-0.1658,-5.2977,37.7328,-1.4962
477.0000,0.8379,-0.1104,-0.1465,4.9542,48.5038,0.3893
516.0000,0.8142,-0.0835,-0.1250,12.4046,57.1908,2.2061
438.0000,0.7996,-0.0698,-0.0913,16.6260,62.4198,3.0534
538.0000,0.7888,-0.0574,-0.0479,19.0534,66.6489,3.9618
430.0000,0.7666,-0.0417,-0.0085,17.8702,70.2824,4.9466
533.0000,0.7617,-0.0388,0.0313,16.2214,74.0305,6.3664
488.0000,0.7666,-0.0261,0.0737,12.3435,75.9160,7.7023
422.0000,0.7791,-0.0361,0.1084,10.7252,76.8931,8.5649
552.0000,0.7871,-0.0571,0.1106,10.3511,77.6260,9.4427
450.0000,0.8037,-0.0500,0.1050,10.5878,78.5573,10.2443
430.0000,0.8157,-0.0789,0.1125,10.8855,80.4657,10.4733
577.0000,0.8362,-0.0833,0.1199,9.9466,83.0687,11.1298
424.0000,0.8381,-0.1013,0.1467,9.9618,88.7710,10.8397
418.0000,0.8369,-0.1406,0.2195,11.9542,92.0840,10.3206
416.0000,0.8518,-0.1335,0.2412,14.5344,97.4657,10.3359
477.0000,0.8445,-0.1541,0.2603,18.7405,103.5878,8.7252
485.0000,0.8318,-0.1633,0.2778,23.5954,108.3511,7.6183
454.0000,0.8311,-0.1702,0.2537,26.8092,113.0000,6.5649
462.0000,0.8152,-0.1489,0.2136,28.2672,118.1832,4.8779
459.0000,0.8137,-0.1450,0.1843,29.5878,122.6794,3.2748
461.0000,0.7966,-0.1316,0.1367,28.3588,125.0687,1.9160
473.0000,0.7754,-0.1099,0.1062,26.3435,127.3664,0.5802
446.0000,0.7705,-0.0962,0.0879,21.9924,130.3206,-0.2824
449.0000,0.7627,-0.0779,0.1055,15.5115,133.3206,-0.4046
522.0000,0.7485,-0.0747,0.1335,8.3359,136.4886,-0.7863
465.0000,0.7390,-0.0837,0.2212,3.0840,141.0611,-1.6718
440.0000,0.7258,-0.1226,0.3669,-0.8473,146.2595,-2.3664
401.0000,0.7212,-0.1313,0.4414,-3.1450,151.8397,-1.6031
483.0000,0.7332,-0.1270,0.4658,-2.2824,157.5496,-0.8168
444.0000,0.7183,-0.1580,0.4773,3.0763,160.4580,-1.1679
457.0000,0.6982,-0.1804,0.5042,11.6260,163.4733,-1.1603
431.0000,0.6714,-0.1631,0.4827,18.1145,164.9313,-1.0458
415.0000,0.6501,-0.1489,0.4353,23.2443,165.3664,-1.4275
517.0000,0.6279,-0.1377,0.4045,26.2672,165.9847,-1.8092
457.0000,0.6086,-0.1140,0.3760,26.0840,165.3206,-1.9237
419.0000,0.5981,-0.1104,0.3896,22.6870,163.4275,-2.3359
491.0000,0.5801,-0.0789,0.3984,16.6107,161.9084,-2.1069
452.0000,0.5664,-0.0598,0.4353,10.0840,162.2443,-2.7252
515.0000,0.5525,-0.0850,0.5383,4.3282,162.4122,-2.9389
470.0000,0.5420,-0.0947,0.6091,-0.2137,162.4275,-2.5573
519.0000,0.5247,-0.0999,0.6597,-3.6718,162.6717,-2.6947
275.0000,0.5190,-0.1172,0.6548,-5.2595,162.6641,-2.8931
556.0000,0.5132,-0.1304,0.6655,-5.9924,162.5496,-2.4733
460.0000,0.4956,-0.1440,0.7061,-4.4122,162.5420,-2.6107
380.0000,0.4854,-0.1631,0.7878,-1.2137,162.4504,-2.6336
480.0000,0.4587,-0.1543,0.8223,0.6641,161.9008,-2.4580
511.0000,0.4548,-0.1394,0.8254,2.0687,160.9084,-2.4351
440.0000,0.4407,-0.1428,0.8184,4.1527,158.5954,-2.5573
473.0000,0.4202,-0.1382,0.7979,5.9695,156.8550,-2.7405
568.0000,0.4097,-0.0986,0.7700,4.2748,153.9466,-3.0076
382.0000,0.3994,-0.0857,0.7676,0.6183,150.6260,-3.1985
427.0000,0.3945,-0.0886,0.7910,-4.4733,147.3282,-3.0916
600.0000,0.3867,-0.0747,0.8032,-11.6489,144.8092,-2.6794
386.0000,0.3838,-0.1047,0.8403,-15.1221,142.0992,-2.3969
453.0000,0.3796,-0.1562,0.9075,-15.5649,140.6947,-1.7176
537.0000,0.3811,-0.1560,0.9409,-14.8015,139.3664,-0.7863
575.0000,0.3665,-0.1633,0.9714,-12.3053,138.2519,-0.0153
468.0000,0.3630,-0.1792,1.0193,-4.5573,137.8779,0.5954
486.0000,0.3342,-0.1777,1.0669,1.9618,136.6947,0.6565
479.0000,0.3027,-0.1521,1.0786,7.5573,135.0000,0.7939
483.0000,0.2908,-0.1169,1.0542,9.4122,132.8092,0.2061
549.0000,0.2805,-0.0698,1.0037,7.4427,128.3588,-0.5115
485.0000,0.2449,-0.0325,0.9460,-3.1527,124.9847,-0.3511
450.0000,0.2251,-0.0415,0.9160,-13.4733,120.2290,-0.9466
509.0000,0.2026,-0.0505,0.8997,-23.9466,114.8244,-0.4656
347.0000,0.2041,-0.0784,0.9053,-33.8855,111.6489,-0.4046
557.0000,0.2007,-0.0872,0.9045,-41.0611,108.5802,-0.1069
522.0000,0.1992,-0.1218,0.9099,-45.8168,106.3664,0.0840
450.0000,0.1914,-0.2024,0.9583,-41.9084,105.1527,0.1679
485.0000,0.1809,-0.2400,1.0212,-33.5573,105.1221,0.7099
559.0000,0.1621,-0.2273,1.0337,-25.2366,105.1069,1.7786
446.0000,0.1504,-0.2344,1.0652,-14.2137,105.8092,1.7863
462.0000,0.1467,-0.2158,1.0715,-3.1145,106.8244,3.0458
545.0000,0.1169,-0.1794,1.0369,1.8702,105.5267,3.4962
469.0000,0.0999,-0.1406,0.9856,2.7939,103.5344,3.8321
506.0000,0.0757,-0.1055,0.9692,0.0992,101.5344,4.5802
511.0000,0.0496,-0.0903,0.9358,-6.8321,97.7099,4.5267
438.0000,0.0249,-0.1013,0.9338,-14.0840,93.5954,5.0458
490.0000,0.0120,-0.0959,0.9431,-22.2214,90.2824,5.6641
441.0000,0.0239,-0.1062,0.9563,-28.4733,85.8931,5.9618
466.0000,0.0200,-0.1494,1.0044,-31.4122,86.1221,5.9847
530.0000,0.0107,-0.1809,1.0405,-30.5954,82.2214,6.0611
441.0000,0.0037,-0.1978,1.0786,-26.8168,79.6870,6.1756
464.0000,-0.0049,-0.2158,1.1067,-21.8779,77.8168,6.6031
473.0000,-0.0137,-0.2219,1.1221,-15.5038,76.9618,7.2214
490.0000,-0.0278,-0.2222,1.1609,-9.4198,75.4504,7.2366
444.0000,-0.0344,-0.2046,1.1670,-5.1145,73.1527,7.3053
520.0000,-0.0498,-0.1885,1.1492,-3.2824,70.2901,6.9313
494.0000,-0.0662,-0.1790,1.1340,-3.5573,66.9160,6.3511
393.0000,-0.0745,-0.1660,1.1272,-5.3206,62.9695,6.1908
516.0000,-0.0713,-0.1494,1.1045,-8.7099,58.5038,5.4046
510.0000,-0.0740,-0.1616,1.1001,-11.9695,54.4351,4.7481
519.0000,-0.0630,-0.1860,1.0964,-13.9924,49.9237,4.1145
503.0000,-0.0732,-0.1934,1.0977,-14.5649,46.2443,3.6412
483.0000,-0.0613,-0.2129,1.1128,-13.9389,42.9695,3.0000
490.0000,-0.0708,-0.2200,1.1245,-11.3969,39.5954,2.6641
482.0000,-0.0637,-0.2256,1.1233,-8.8015,36.4122,2.2977
550.0000,-0.0544,-0.2085,1.1077,-7.0000,33.3817,2.0076
481.0000,-0.0364,-0.1963,1.0745,-6.4046,30.6641,1.2977
457.0000,-0.0361,-0.1946,1.0552,-6.7176,28.0382,0.8473
527.0000,-0.0276,-0.1963,1.0554,-7.0687,25.5802,0.2061
524.0000,-0.0183,-0.2075,1.0569,-7.4275,23.8321,-0.1374
441.0000,-0.0205,-0.2073,1.0693,-7.0763,22.3359,-0.7023
519.0000,-0.0151,-0.2070,1.0481,-6.5496,20.8702,-1.0534
527.0000,-0.0159,-0.2024,1.0376,-5.2901,19.3359,-1.3817
447.0000,-0.0071,-0.2107,1.0232,-3.9084,18.1603,-1.7557
441.0000,-0.0132,-0.2004,1.0054,-3.4275,16.3893,-1.8244
559.0000,-0.0183,-0.1963,0.9980,-3.8626,15.2137,-2.0382
508.0000,-0.0251,-0.1912,0.9895,-3.9695,13.7405,-1.9847
449.0000,-0.0256,-0.2026,0.9812,-3.4809,12.7557,-1.9924
515.0000,-0.0266,-0.1963,0.9763,-3.1985,11.1679,-1.8473
390.0000,-0.0334,-0.1899,0.9773,-2.7176,9.5954,-1.5573
549.0000,-0.0381,-0.1907,0.9714,-2.7099,8.7634,-1.3588
524.0000,-0.0383,-0.1785,0.9568,-2.3969,7.5191,-1.3282
444.0000,-0.0491,-0.1841,0.9666,-1.9008,6.7328,-1.3206
426.0000,-0.0535,-0.1904,0.9719,-1.5420,5.6718,-1.0153
512.0000,-0.0508,-0.1858,0.9666,-0.9847,5.0000,-0.8092
432.0000,-0.0508,-0.1870,0.9546,-0.5115,3.9160,-0.5191
455.0000,-0.0537,-0.1794,0.9475,-0.1603,3.1145,-0.4504
517.0000,-0.0532,-0.1802,0.9224,-0.2595,2.3511,-0.3969
476.0000,-0.0454,-0.1685,0.9197,-0.8855,1.4580,-0.3130
471.0000,-0.0491,-0.1714,0.9104,-1.8702,0.6870,-0.5115
540.0000,-0.0486,-0.1655,0.9070,-2.4580,0.0992,-0.5191
507.0000,-0.0461,-0.1743,0.9092,-3.1679,-0.0611,-0.6870
473.0000,-0.0505,-0.1829,0.9133,-2.4122,-0.1756,-0.7252
509.0000,-0.0481,-0.1772,0.9153,-2.1298,-0.3817,-0.5420
459.0000,-0.0432,-0.1721,0.9062,-1.5878,-0.2748,-0.7786
435.0000,-0.0398,-0.1772,0.8958,-0.9466,-0.1832,-1.0229
532.0000,-0.0427,-0.1653,0.8955,-0.6336,-0.1145,-1.0153
449.0000,-0.0369,-0.1624,0.8962,-0.4885,-0.0992,-1.2137
450.0000,-0.0449,-0.1497,0.8906,-0.1679,0.0076,-1.2443
536.0000,-0.0476,-0.1572,0.8945,-0.2366,0.0534,-1.0687
527.0000,-0.0515,-0.1548,0.9023,-0.2519,0.0611,-0.9313
454.0000,-0.0557,-0.1606,0.8970,0.0305,0.1603,-0.6641
484.0000,-0.0530,-0.1567,0.8945,0.2366,0.1450,-0.4427
533.0000,-0.0530,-0.1455,0.8923,-0.4427,0.0458,-0.1985
503.0000,-0.0554,-0.1492,0.8760,-0.4885,0.0153,0.5038
500.0000,-0.0510,-0.1436,0.8689,-0.5038,-0.2748,0.7023
481.0000,-0.0442,-0.1506,0.8713,-0.6031,-0.0534,0.5115
458.0000,-0.0469,-0.1538,0.8892,-0.6183,0.0687,0.8931
503.0000,-0.0530,-0.1462,0.8923,-0.7863,0.6947,1.0916
519.0000,-0.0486,-0.1475,0.8960,-0.7099,0.9084,1.1069
445.0000,-0.0571,-0.1477,0.9060,0.1527,1.2137,1.3740
490.0000,-0.0610,-0.1460,0.8921,0.3511,1.5267,1.6336
481.0000,-0.0647,-0.1504,0.8982,-0.1374,1.3053,1.9924
533.0000,-0.0598,-0.1367,0.8975,-1.0305,1.4351,2.1832
476.0000,-0.0613,-0.1438,0.9028,-2.0000,1.2901,2.1985
482.0000,-0.0623,-0.1428,0.9158,-3.0687,1.0611,2.2366
437.0000,-0.0630,-0.1489,0.9094,-4.2290,0.6565,2.3969
474.0000,-0.0547,-0.1467,0.9114,-5.3664,0.0000,2.6718
491.0000,-0.0559,-0.1592,0.9092,-5.8855,-0.4351,2.7863
486.0000,-0.0566,-0.1643,0.9124,-6.4809,-0.9008,2.5267
508.0000,-0.0474,-0.1836,0.9270,-6.1527,-1.5496,2.6870
481.0000,-0.0525,-0.1873,0.9280,-5.9084,-2.2137,2.9160
510.0000,-0.0486,-0.1914,0.9338,-4.7939,-2.3511,2.6794
471.0000,-0.0471,-0.1882,0.9404,-3.4275,-3.0382,2.8321
502.0000,-0.0391,-0.1924,0.9526,-1.8779,-3.6336,2.6336
496.0000,-0.0349,-0.1892,0.9607,-1.1527,-4.7481,2.9008
492.0000,-0.0381,-0.1873,0.9609,-0.8092,-5.5420,2.6565
527.0000,-0.0349,-0.1860,0.9661,-0.5420,-6.5496,2.4809
492.0000,-0.0320,-0.1853,0.9692,-0.5725,-7.2595,2.5954
476.0000,-0.0288,-0.1804,0.9709,-0.8855,-8.5267,2.3969
482.0000,-0.0381,-0.1814,0.9814,-1.8855,-10.1069,2.3206
554.0000,-0.0386,-0.1909,0.9976,-3.1450,-11.6947,2.1145
514.0000,-0.0293,-0.1929,0.9939,-3.8931,-13.1450,2.0534
517.0000,-0.0276,-0.1956,1.0193,-4.5496,-14.5725,1.5038
454.0000,-0.0222,-0.1958,1.0359,-5.2748,-16.7481,1.3053
495.0000,-0.0190,-0.1899,1.0408,-6.0992,-19.0916,1.5267
476.0000,-0.0171,-0.2017,1.0496,-6.6107,-21.6412,1.5038
530.0000,0.0007,-0.2122,1.0630,-6.9160,-23.9389,1.5038
444.0000,-0.0037,-0.2092,1.0820,-6.6031,-26.3435,1.3511
500.0000,-0.0098,-0.2146,1.1138,-6.9389,-29.1603,1.4122
504.0000,-0.0132,-0.2156,1.1284,-7.8702,-32.6031,0.9466
472.0000,-0.0159,-0.2146,1.1572,-8.5878,-36.3053,0.3664
398.0000,-0.0173,-0.2231,1.1978,-9.5573,-39.8779,-0.1450
550.0000,-0.0366,-0.2241,1.2354,-10.5954,-44.1145,-0.5725
448.0000,-0.0505,-0.2322,1.2729,-11.8473,-49.0305,-1.3206
461.0000,-0.0613,-0.2371,1.3010,-13.3817,-54.3206,-2.2519
527.0000,-0.0640,-0.2407,1.3206,-13.6641,-59.8168,-2.8168
421.0000,-0.0632,-0.2363,1.3208,-14.1450,-66.2672,-3.4733
629.0000,-0.0654,-0.2307,1.3237,-14.4885,-73.1756,-4.1832
482.0000,-0.0664,-0.2295,1.3340,-15.2519,-79.9695,-5.2672
472.0000,-0.0671,-0.2383,1.3831,-15.6565,-87.2672,-6.5038
464.0000,-0.0830,-0.2463,1.4180,-14.6336,-94.5878,-7.9924
506.0000,-0.0930,-0.2446,1.4631,-15.5496,-102.9313,-8.9695
459.0000,-0.1052,-0.2363,1.4897,-17.6641,-111.4198,-10.2443
499.0000,-0.1255,-0.2373,1.4790,-19.7405,-120.0840,-12.0076
430.0000,-0.1152,-0.2156,1.4490,-20.7557,-129.5802,-13.7328
450.0000,-0.1152,-0.2104,1.4246,-23.8626,-139.2824,-16.1145
553.0000,-0.1133,-0.2104,1.3987,-27.2366,-148.3053,-17.7786
631.0000,-0.1123,-0.2314,1.3552,-29.6031,-157.9618,-19.5496
461.0000,-0.0923,-0.2549,1.3425,-28.9618,-167.3817,-21.3740
513.0000,-0.0757,-0.2976,1.3401,-25.5649,-175.1527,-22.8015
547.0000,-0.0562,-0.3071,1.2786,-21.2061,-183.0153,-23.1679
451.0000,-0.0098,-0.2698,1.2019,-16.6794,-191.1985,-23.9389
514.0000,0.0310,-0.2517,1.1204,-12.5954,-198.0687,-25.3435
521.0000,0.0691,-0.2549,1.0813,-8.6565,-202.8855,-25.7634
406.0000,0.0957,-0.2310,1.0247,-7.9771,-209.0763,-25.5420
438.0000,0.1362,-0.1873,0.9395,-9.8931,-214.4351,-25.8244
607.0000,0.1758,-0.1897,0.9404,-13.0305,-217.4809,-27.1832
455.0000,0.1748,-0.1973,0.9458,-16.9695,-220.1832,-27.3969
496.0000,0.1755,-0.1687,0.8887,-22.8626,-224.1603,-27.3893
571.0000,0.2039,-0.1433,0.8486,-29.0000,-227.9542,-28.5496
445.0000,0.2361,-0.1213,0.8196,-34.8931,-230.3664,-29.3282
482.0000,0.2554,-0.1692,0.8220,-37.6641,-231.7710,-30.7634
491.0000,0.2668,-0.2065,0.7517,-36.1374,-233.9695,-30.2214
556.0000,0.2932,-0.2039,0.6980,-34.3282,-236.1756,-30.1298
473.0000,0.3142,-0.2163,0.6807,-33.0992,-236.6488,-29.8702
558.0000,0.3330,-0.2439,0.6072,-28.1145,-235.6488,-28.9237
447.0000,0.3333,-0.2507,0.5601,-20.6260,-235.4733,-28.0153
453.0000,0.3435,-0.2407,0.5593,-16.2977,-236.0763,-27.2672
587.0000,0.3674,-0.2205,0.4861,-12.5649,-235.8855,-24.8702
480.0000,0.3914,-0.1863,0.4211,-9.9466,-233.8244,-23.3740
545.0000,0.4058,-0.1682,0.4287,-12.0382,-233.3817,-22.4733
414.0000,0.4172,-0.1270,0.3916,-18.2901,-232.9771,-21.0916
464.0000,0.4431,-0.0869,0.4031,-23.0153,-228.7633,-20.7557
365.0000,0.4497,-0.1553,0.4558,-26.6641,-225.3740,-21.9847
584.0000,0.4609,-0.1504,0.4172,-27.3969,-222.2290,-21.2519
470.0000,0.4792,-0.1597,0.4514,-25.6031,-218.3588,-21.4885
477.0000,0.5005,-0.1958,0.4214,-22.9313,-212.0840,-21.0153
572.0000,0.5049,-0.2192,0.3875,-16.7252,-205.9313,-20.5802
493.0000,0.5105,-0.2432,0.3474,-7.7634,-200.8015,-19.9771
553.0000,0.5234,-0.2437,0.3042,3.1221,-196.9924,-19.3664
669.0000,0.5408,-0.2375,0.2439,11.6718,-194.2366,-18.6183
655.0000,0.5803,-0.2246,0.1396,20.3053,-189.7863,-17.5573
364.0000,0.6040,-0.2168,0.0461,31.0000,-185.1450,-16.8321
475.0000,0.6245,-0.2070,0.0049,38.2595,-182.0611,-16.6565
619.0000,0.6772,-0.1616,-0.1057,42.0840,-178.8855,-15.8931
532.0000,0.7046,-0.1187,-0.2190,42.7557,-173.2137,-15.2137
394.0000,0.7507,-0.0532,-0.3521,39.2519,-167.8244,-14.1221
423.0000,0.8079,-0.0076,-0.5151,34.3664,-159.6183,-13.8473
335.0000,0.8506,-0.0020,-0.6414,27.6489,-150.0687,-13.8550
571.0000,0.8843,0.0276,-0.6560,16.1603,-136.8015,-13.5267
442.0000,0.9360,-0.0269,-0.6257,4.4427,-118.3588,-12.5954
501.0000,0.9587,-0.0444,-0.5715,-7.4122,-94.6336,-10.8702
640.0000,0.9658,-0.0876,-0.4753,-15.1145,-70.5649,-9.5115
433.0000,0.9463,-0.0398,-0.5037,-17.9237,-43.1298,-5.4504
498.0000,0.9500,-0.0378,-0.4912,-21.2901,-17.8855,-4.3893
458.0000,0.9304,-0.0649,-0.4583,-20.2443,3.2672,-4.5115
488.0000,0.9175,-0.0703,-0.4031,-15.2137,22.0763,-4.0000
482.0000,0.8914,-0.0916,-0.3220,-14.2137,42.7710,-3.0916
475.0000,0.8645,-0.1187,-0.2378,-10.6794,61.4885,-2.1145
585.0000,0.8303,-0.1414,-0.1807,-4.3893,74.6183,-0.3053
464.0000,0.8027,-0.1321,-0.1025,-0.1298,85.6641,0.5267
536.0000,0.7722,-0.1372,-0.0386,2.5496,91.5496,0.8015
450.0000,0.7607,-0.1628,0.0315,7.5878,98.2519,1.2824
503.0000,0.7539,-0.1506,0.0818,12.4504,102.1908,1.9695
518.0000,0.7500,-0.1182,0.0964,14.2137,104.5496,2.6260
448.0000,0.7507,-0.1375,0.1138,17.5573,106.3206,3.9313
514.0000,0.7305,-0.1226,0.1277,16.9008,104.7481,3.3282
588.0000,0.7302,-0.1030,0.1331,17.8550,100.8626,3.5420
400.0000,0.7688,-0.1218,0.1565,20.5344,101.9466,3.6107
501.0000,0.7715,-0.1167,0.1650,18.6412,102.1069,4.0305
501.0000,0.7930,-0.1255,0.1753,19.5420,100.8092,4.1221
487.0000,0.8159,-0.1348,0.1938,18.6412,101.7481,4.5802
472.0000,0.8396,-0.1265,0.2034,13.8626,105.7634,4.5191
519.0000,0.8259,-0.1355,0.2458,11.9466,109.8397,4.8550
525.0000,0.8389,-0.1389,0.2512,9.0534,112.5267,4.9389
473.0000,0.8335,-0.1289,0.2742,10.2290,115.8855,4.8473
491.0000,0.8296,-0.1399,0.2769,11.9160,120.5649,4.6031
414.0000,0.8113,-0.1648,0.3208,15.7176,124.8626,3.3740
682.0000,0.7998,-0.1626,0.3315,18.8244,128.5878,2.8550
482.0000,0.7898,-0.1523,0.3350,20.9237,132.9695,2.4046
429.0000,0.7832,-0.1582,0.3171,22.3969,136.7557,1.7023
491.0000,0.7678,-0.1521,0.3228,23.8931,140.3435,0.9618
444.0000,0.7358,-0.1616,0.3618,25.2672,143.1756,-0.3359
494.0000,0.7119,-0.1584,0.3813,25.0458,145.2519,-0.8015
412.0000,0.7034,-0.1348,0.4153,23.9924,147.6641,-1.6412
500.0000,0.6992,-0.1245,0.4180,22.3588,149.7023,-1.9542
470.0000,0.6680,-0.1414,0.4429,22.2061,150.9618,-2.7252
344.0000,0.6438,-0.1382,0.4983,20.8168,150.9771,-3.2137
604.0000,0.6531,-0.1118,0.5120,17.6947,150.6412,-3.1145
474.0000,0.6377,-0.1147,0.5027,14.9313,150.4198,-3.1069
473.0000,0.6260,-0.1167,0.5161,12.7252,149.6336,-3.1374
536.0000,0.6091,-0.1167,0.5186,10.3359,149.1603,-3.0687
448.0000,0.5991,-0.1025,0.5186,5.4656,149.1374,-3.1069
518.0000,0.5908,-0.1162,0.5479,3.8702,149.4886,-3.4504
507.0000,0.5757,-0.1213,0.5654,1.5344,149.1985,-3.2061
461.0000,0.5496,-0.1304,0.5798,2.4122,148.6412,-3.0458
552.0000,0.5322,-0.1484,0.6016,3.3588,147.9084,-2.8397
475.0000,0.5117,-0.1384,0.6338,3.4962,147.7710,-2.0382
565.0000,0.5039,-0.1348,0.6548,2.0076,147.5954,-1.6794
490.0000,0.4871,-0.1245,0.6750,0.2672,147.3588,-1.0076
484.0000,0.4731,-0.1169,0.7039,-1.1603,146.8626,-1.2443
519.0000,0.4563,-0.1270,0.7400,-4.1527,145.9771,-1.5038
441.0000,0.4524,-0.1082,0.7725,-6.9542,144.8779,-0.7023
624.0000,0.4443,-0.1284,0.7788,-7.9008,144.4427,-0.6794
462.0000,0.4409,-0.1387,0.8088,-6.3130,143.9466,-0.6870
448.0000,0.4097,-0.1509,0.8513,-3.1985,142.5649,-0.5954
456.0000,0.3835,-0.1519,0.8779,-2.3130,141.7099,-0.4504
549.0000,0.3708,-0.1448,0.8901,-1.1374,140.7176,0.1298
503.0000,0.3628,-0.1328,0.8811,-0.8244,139.3511,0.6489
501.0000,0.3330,-0.0957,0.8394,-2.8550,134.3664,1.2519
433.0000,0.3220,-0.1067,0.8291,-4.8473,130.3053,1.0458
478.0000,0.3352,-0.0974,0.8276,-11.1450,129.2290,1.5191
539.0000,0.3069,-0.0632,0.8069,-19.0763,125.4122,1.6412
517.0000,0.3015,-0.1101,0.8086,-22.1298,123.1450,1.8168
424.0000,0.3052,-0.1216,0.8479,-24.0229,121.3817,1.8321
567.0000,0.3032,-0.1387,0.8938,-23.6336,119.7863,1.9237
486.0000,0.3013,-0.1697,0.9453,-19.9389,120.1450,2.2824
381.0000,0.2864,-0.1890,0.9719,-14.9313,120.4351,2.8550
685.0000,0.2568,-0.1707,0.9697,-10.1069,119.5496,3.6870
476.0000,0.2568,-0.1477,0.9534,-6.8092,119.0534,4.0992
463.0000,0.2358,-0.1626,0.9719,-2.9237,118.8168,4.0229
566.0000,0.2227,-0.1340,0.9539,-1.2137,118.3435,4.2519
486.0000,0.1990,-0.1023,0.9568,-3.8168,116.6641,4.1374
430.0000,0.1982,-0.1089,0.9231,-9.0611,114.4809,3.7176
532.0000,0.1843,-0.0906,0.8767,-15.0534,112.5802,3.9313
523.0000,0.1799,-0.1094,0.8594,-20.5267,110.5038,3.1756
452.0000,0.1709,-0.1543,0.8762,-22.7634,108.3435,3.2290
450.0000,0.1602,-0.1541,0.8960,-24.1145,106.4733,3.3511
614.0000,0.1472,-0.1660,0.8872,-24.9542,105.4504,3.7328
418.0000,0.1558,-0.1831,0.9099,-21.4809,104.9542,3.3282
514.0000,0.1384,-0.2178,0.9448,-16.3893,104.2901,3.6489
512.0000,0.1248,-0.2085,0.9771,-10.8244,103.8855,4.2595
481.0000,0.1172,-0.2073,0.9805,-5.4580,104.0992,4.6794
499.0000,0.1038,-0.1904,0.9648,-1.3053,103.5344,5.2977
531.0000,0.0913,-0.1646,0.9687,0.2366,102.4198,5.6336
448.0000,0.0679,-0.1506,0.9663,-0.0076,100.9313,5.9771
490.0000,0.0593,-0.1243,0.9526,-3.4275,99.3970,6.1069
504.0000,0.0525,-0.1201,0.9395,-7.8473,96.4504,6.7939
478.0000,0.0493,-0.1206,0.9290,-11.7481,94.3511,7.2290
541.0000,0.0454,-0.1345,0.9504,-14.0611,93.3435,7.7557
501.0000,0.0137,-0.1660,1.0154,-12.8931,91.8931,8.2595
463.0000,-0.0073,-0.1838,1.0884,-10.8244,87.0000,8.7099
490.0000,-0.0266,-0.2046,1.1279,-7.6489,86.7557,9.2901
534.0000,-0.0425,-0.2173,1.1758,-2.8244,84.4809,10.1145
436.0000,-0.0488,-0.2102,1.2136,1.8397,81.3740,11.1756
505.0000,-0.0647,-0.1821,1.2231,4.8168,77.4886,11.6260
517.0000,-0.0862,-0.1692,1.2092,4.8092,73.4428,12.0458
459.0000,-0.1028,-0.1453,1.1917,2.4351,69.0458,11.9237
451.0000,-0.1057,-0.1301,1.1638,-2.5038,63.0458,11.2748
611.0000,-0.1118,-0.1179,1.1506,-8.9389,57.5802,10.2137
467.0000,-0.1135,-0.1377,1.1697,-14.5496,52.6641,8.3206
508.0000,-0.1201,-0.1770,1.2004,-16.8702,47.4885,7.1679
559.0000,-0.1284,-0.1938,1.2319,-17.7099,42.3969,6.0305
497.0000,-0.1357,-0.2134,1.2319,-15.9542,38.5191,4.8397
467.0000,-0.1208,-0.2251,1.2363,-11.3359,34.4733,4.0229
498.0000,-0.1257,-0.2192,1.2424,-6.7252,29.9847,3.3206
499.0000,-0.1196,-0.2114,1.1963,-3.9618,25.4351,3.1450
483.0000,-0.1306,-0.1963,1.1760,-1.9618,21.9313,2.6260
500.0000,-0.1206,-0.1826,1.1333,-1.6107,17.8015,2.0916
514.0000,-0.1150,-0.1655,1.1006,-3.3511,13.4733,1.7710
547.0000,-0.0947,-0.1631,1.0764,-5.4198,10.1298,1.4275
505.0000,-0.0884,-0.1760,1.0686,-7.2366,6.9695,1.0458
464.0000,-0.0879,-0.1833,1.0542,-8.5725,4.0382,0.8168
472.0000,-0.0691,-0.1912,1.0442,-9.3282,1.5878,0.8397
503.0000,-0.0640,-0.1980,1.0388,-9.1298,-0.0840,0.7710
490.0000,-0.0554,-0.2151,1.0195,-7.6870,-0.9237,0.8550
485.0000,-0.0557,-0.2085,1.0081,-6.4504,-2.1527,0.8702
467.0000,-0.0508,-0.2180,0.9929,-5.1756,-2.6794,0.9847
519.0000,-0.0386,-0.2114,0.9683,-4.5573,-3.1298,0.8550
489.0000,-0.0376,-0.2126,0.9529,-3.4122,-3.1756,1.2061
485.0000,-0.0422,-0.2012,0.9355,-2.6107,-3.2748,1.2672
502.0000,-0.0386,-0.1963,0.9165,-2.5573,-3.4198,1.7328
494.0000,-0.0327,-0.1875,0.8994,-2.9313,-3.2214,2.1221
499.0000,-0.0281,-0.1904,0.8853,-2.9466,-3.1450,2.2748
526.0000,-0.0247,-0.1890,0.8740,-3.5420,-3.1374,2.3664
521.0000,-0.0254,-0.1802,0.8665,-4.3817,-2.9389,2.6107
500.0000,-0.0203,-0.1829,0.8606,-4.8779,-2.3969,2.6641
469.0000,-0.0208,-0.1882,0.8464,-5.1603,-1.7099,2.7786
489.0000,-0.0193,-0.1912,0.8567,-5.1603,-1.3969,2.8779
495.0000,-0.0305,-0.1919,0.8494,-4.5878,-0.4504,2.9695
512.0000,-0.0288,-0.1887,0.8608,-4.0458,0.3817,2.7786
512.0000,-0.0322,-0.1865,0.8635,-3.7252,0.7863,2.9084
480.0000,-0.0322,-0.1855,0.8669,-3.5344,1.2748,2.6107
534.0000,-0.0391,-0.1855,0.8708,-3.5115,1.7481,2.6031
453.0000,-0.0449,-0.1819,0.8621,-3.8931,2.0763,2.3435
504.0000,-0.0457,-0.1831,0.8770,-4.3359,2.3282,2.1985
538.0000,-0.0562,-0.1777,0.8765,-4.6183,2.6412,1.9924
458.0000,-0.0469,-0.1748,0.8818,-4.5496,2.4733,1.7176
531.0000,-0.0522,-0.1765,0.8843,-4.5267,1.9618,1.3511
546.0000,-0.0642,-0.1836,0.8882,-4.5725,2.1145,0.7786
422.0000,-0.0647,-0.1904,0.8958,-3.8092,1.9771,0.3053
479.0000,-0.0598,-0.1814,0.9060,-3.1832,1.6412,0.2901
515.0000,-0.0610,-0.1699,0.8972,-2.5878,1.4809,-0.3053
480.0000,-0.0586,-0.1750,0.9175,-1.6870,1.0611,-0.8168
505.0000,-0.0593,-0.1787,0.9202,-0.8626,0.5802,-1.0382
520.0000,-0.0640,-0.1782,0.9194,-0.4885,0.2290,-1.3435
478.0000,-0.0547,-0.1689,0.9175,-0.4427,-0.2214,-1.5267
499.0000,-0.0542,-0.1702,0.9192,-0.9313,-0.9237,-1.7557
474.0000,-0.0598,-0.1628,0.9226,-0.9389,-1.2672,-2.0458
507.0000,-0.0510,-0.1682,0.9241,-1.0076,-1.5038,-2.1221
467.0000,-0.0522,-0.1646,0.9229,-0.8550,-2.0458,-2.2061
511.0000,-0.0437,-0.1726,0.9182,-1.0000,-2.5420,-2.2824
479.0000,-0.0415,-0.1633,0.9299,-1.0305,-2.7634,-2.2443
488.0000,-0.0295,-0.1731,0.9163,-0.9847,-3.1603,-2.0687
508.0000,-0.0447,-0.1746,0.9285,-0.7481,-3.4962,-1.9008
497.0000,-0.0288,-0.1670,0.9280,-0.5802,-3.6565,-1.9160
486.0000,-0.0283,-0.1641,0.9231,-0.4427,-4.1527,-2.0382
474.0000,-0.0278,-0.1616,0.9351,-0.4962,-4.5191,-1.6947
475.0000,-0.0320,-0.1692,0.9238,-0.3588,-5.2595,-1.3435
530.0000,-0.0332,-0.1643,0.9290,-0.4046,-6.3282,-1.0687
477.0000,-0.0283,-0.1685,0.9500,-0.5954,-7.2443,-0.5725
492.0000,-0.0320,-0.1636,0.9573,-0.8168,-8.0916,-0.1832
464.0000,-0.0237,-0.1677,0.9580,-1.1603,-8.9160,0.4962
478.0000,-0.0208,-0.1660,0.9722,-0.2061,-9.9618,0.9847
517.0000,-0.0237,-0.1760,0.9868,0.5038,-11.3359,1.5420
401.0000,-0.0144,-0.1619,0.9949,0.9008,-13.1527,2.0611
614.0000,-0.0105,-0.1636,0.9861,1.9542,-13.9313,2.7099
476.0000,-0.0073,-0.1697,1.0066,3.8092,-15.4046,3.2672
473.0000,0.0010,-0.1787,1.0332,6.0458,-16.9160,3.9237
419.0000,-0.0054,-0.1797,1.0564,8.0000,-18.4504,5.0992
581.0000,-0.0166,-0.1680,1.0579,8.6489,-20.5954,5.7481
425.0000,-0.0107,-0.1738,1.0767,8.9695,-22.5267,6.2443
334.0000,-0.0110,-0.1707,1.0818,8.9542,-25.2366,6.4275
563.0000,-0.0144,-0.1621,1.0959,7.6183,-28.0382,6.6870
458.0000,-0.0200,-0.1660,1.1125,6.5802,-31.1374,6.4122
398.0000,-0.0291,-0.1758,1.1533,4.8855,-34.6641,6.0992
506.0000,-0.0464,-0.1763,1.1821,2.7786,-38.7099,5.4427
443.0000,-0.0520,-0.1782,1.2112,1.8626,-42.9313,5.0534
485.0000,-0.0562,-0.1714,1.2410,1.1069,-47.6947,4.3740
486.0000,-0.0544,-0.1699,1.2632,-0.3893,-52.2901,3.7405
490.0000,-0.0649,-0.1667,1.2803,-2.4198,-57.4046,3.3817
460.0000,-0.0762,-0.1663,1.2817,-3.3817,-63.3664,2.4809
497.0000,-0.0774,-0.1648,1.2927,-3.8550,-69.5191,1.7939
519.0000,-0.0784,-0.1721,1.3130,-3.7557,-75.8168,0.8168
521.0000,-0.0815,-0.1770,1.3269,-3.2901,-82.3817,0.6565
548.0000,-0.0757,-0.1921,1.3323,-2.5725,-88.5267,0.1069
452.0000,-0.0818,-0.2051,1.3552,-0.9771,-94.5267,0.1450
571.0000,-0.0999,-0.1948,1.3613,0.3359,-101.5649,-0.1527
580.0000,-0.0881,-0.1787,1.3237,1.7786,-109.0840,-0.3282
500.0000,-0.0659,-0.1819,1.3179,3.0687,-116.2595,-0.8626
486.0000,-0.0618,-0.1724,1.3218,4.1221,-123.1298,-1.1221
579.0000,-0.0554,-0.1692,1.3437,2.8779,-130.2901,-1.3588
500.0000,-0.0435,-0.1711,1.3464,1.6489,-137.0534,-1.1985
484.0000,-0.0449,-0.1724,1.3381,0.0687,-143.8321,-1.0611
548.0000,-0.0266,-0.1565,1.2881,-2.4122,-150.4886,-0.5344
429.0000,-0.0115,-0.1582,1.2610,-5.4885,-157.4122,-0.6947
328.0000,-0.0034,-0.1536,1.2300,-7.8779,-163.7633,-0.5267
699.0000,0.0117,-0.1487,1.1848,-12.2290,-170.6641,-0.2672
469.0000,0.0532,-0.1321,1.1294,-14.9771,-176.9618,-0.2290
404.0000,0.0757,-0.1667,1.1245,-18.1527,-182.6336,-0.6260
399.0000,0.0857,-0.1677,1.0767,-19.6489,-187.4198,0.3969
525.0000,0.1213,-0.1702,0.9873,-20.1145,-192.8244,0.8473
526.0000,0.1577,-0.1890,0.9631,-18.4046,-196.4351,0.4580
503.0000,0.1748,-0.2117,0.9817,-15.5267,-198.8626,1.0611
496.0000,0.1833,-0.2053,0.9390,-14.1298,-200.3817,2.1985
547.0000,0.2073,-0.1799,0.9009,-13.7863,-203.1908,2.3588
299.0000,0.2346,-0.1755,0.8745,-11.5649,-204.2595,2.1069
473.0000,0.2390,-0.1570,0.8547,-9.6718,-206.4580,2.2214
704.0000,0.2485,-0.1550,0.8530,-7.3588,-207.5878,2.5115
270.0000,0.2546,-0.1929,0.9382,-3.7481,-207.4427,1.5954
612.0000,0.2507,-0.1914,0.9905,-0.5802,-207.0916,2.7939
184.0000,0.2510,-0.1658,0.9155,1.8702,-208.4656,4.9618
884.0000,0.2629,-0.1230,0.8196,4.4733,-210.0687,5.8244
380.0000,0.2844,-0.1348,0.7898,6.3817,-212.1374,6.2137
702.0000,0.2976,-0.1030,0.6455,6.6947,-215.9008,7.7176
326.0000,0.3083,-0.0557,0.5857,1.9084,-219.6565,8.1374
461.0000,0.3240,-0.0901,0.5959,-6.1756,-223.1603,7.4046
655.0000,0.3406,-0.0933,0.5471,-14.3511,-225.8321,7.8855
43.0000,0.3691,-0.1057,0.4705,-20.4046,-227.6260,7.0611
759.0000,0.4031,-0.1631,0.5125,-25.3664,-228.3053,4.6794
414.0000,0.4438,-0.1667,0.4868,-27.9542,-228.0076,2.8015
367.0000,0.4727,-0.2029,0.4551,-24.8244,-225.8473,-0.6412
477.0000,0.4883,-0.2612,0.5073,-20.3969,-223.2519,-4.1450
263.0000,0.5010,-0.2725,0.5015,-14.9466,-219.7863,-6.7176
219.0000,0.5222,-0.2632,0.4072,-10.5191,-214.3740,-9.0153
660.0000,0.5430,-0.2642,0.3345,-4.0229,-209.3511,-12.1298
424.0000,0.5615,-0.2603,0.2773,-1.1450,-204.6107,-15.5496
227.0000,0.5535,-0.2290,0.1829,-2.6641,-198.1374,-17.8092
742.0000,0.5701,-0.2222,0.0994,-5.0153,-193.4351,-20.4885
348.0000,0.6079,-0.2119,0.0549,-6.9389,-188.2824,-23.6031
670.0000,0.6379,-0.2012,0.0356,-11.3359,-181.3740,-25.7634
484.0000,0.6531,-0.1689,0.0027,-19.1908,-172.4886,-27.6718
459.0000,0.6848,-0.1272,-0.0283,-27.7710,-164.8397,-29.6489
364.0000,0.7100,-0.1001,-0.0747,-37.5954,-155.8855,-32.0000
996.0000,0.7246,-0.1018,-0.1235,-43.2061,-146.2290,-33.6718
303.0000,0.7375,-0.1252,-0.2024,-43.3588,-136.8015,-34.2519
531.0000,0.7715,-0.1274,-0.2869,-43.5954,-126.1679,-33.4656
396.0000,0.7954,-0.1116,-0.3831,-41.2595,-115.0000,-31.9313
380.0000,0.8157,-0.0896,-0.4675,-37.6336,-103.0840,-30.4885
381.0000,0.8425,-0.0715,-0.5369,-33.4885,-90.3740,-28.8244
498.0000,0.8601,-0.0615,-0.5347,-32.4962,-76.2366,-27.1221
478.0000,0.8748,-0.0708,-0.4844,-32.7557,-58.8244,-23.9771
515.0000,0.8987,-0.0483,-0.5303,-31.9542,-40.8092,-20.5038
680.0000,0.9026,-0.0225,-0.5361,-33.1374,-22.5954,-16.9466
443.0000,0.8950,-0.0090,-0.5398,-33.7939,-4.8321,-13.8702
419.0000,0.8899,-0.0269,-0.4468,-33.2672,12.6641,-10.4122
555.0000,0.8757,-0.0129,-0.3672,-33.9542,29.8550,-6.7786
435.0000,0.8640,-0.0242,-0.2944,-32.8550,47.0153,-2.5191
542.0000,0.8425,-0.0347,-0.2410,-27.8931,61.6336,1.0000
581.0000,0.8074,-0.0442,-0.1958,-19.9847,72.3130,4.1069
451.0000,0.7952,-0.0645,-0.1406,-12.7786,81.3893,7.2443
506.0000,0.7693,-0.0679,-0.0884,-5.9237,89.7786,10.6031
483.0000,0.7588,-0.0920,-0.0535,0.4809,98.5115,13.1145
501.0000,0.7427,-0.0916,-0.0332,4.7557,105.1756,15.7099
455.0000,0.7412,-0.0930,-0.0151,6.6794,111.3053,17.8626
541.0000,0.7324,-0.1145,0.0186,8.9695,116.8779,19.9008
498.0000,0.7324,-0.1052,0.0525,10.6870,120.7786,21.5802
491.0000,0.7222,-0.1113,0.0979,10.9618,122.8092,22.6489
487.0000,0.7483,-0.1218,0.1565,10.4809,128.1603,24.0763
614.0000,0.7417,-0.1270,0.2151,9.4809,131.7710,24.7405
475.0000,0.7520,-0.1462,0.2498,10.7481,134.8473,24.7557
463.0000,0.7598,-0.1597,0.2698,10.6412,139.8550,24.4962
590.0000,0.7441,-0.1599,0.2979,11.1298,143.2977,24.2672
475.0000,0.7383,-0.1626,0.3081,11.7252,146.0992,23.1145
510.0000,0.7280,-0.1904,0.3672,13.5115,147.9313,21.8015
532.0000,0.7275,-0.1841,0.3774,14.2519,149.7405,20.9618
471.0000,0.7229,-0.1787,0.3745,14.6794,151.3969,19.6870
514.0000,0.7166,-0.1848,0.3997,14.9237,153.5420,17.5114
439.0000,0.7012,-0.1995,0.4277,15.8092,154.6641,15.6718
583.0000,0.6899,-0.1816,0.4473,15.0305,155.5496,14.4198
497.0000,0.6887,-0.1709,0.4370,13.7252,156.4809,12.9618
483.0000,0.6768,-0.1824,0.4683,13.6183,157.5420,11.0611
494.0000,0.6675,-0.1873,0.4858,12.7023,157.7481,10.0916
492.0000,0.6555,-0.1553,0.5029,9.1527,157.7939,8.9618
395.0000,0.6450,-0.1868,0.5571,8.7328,158.7557,7.1450
638.0000,0.6189,-0.2065,0.5779,10.0382,158.7023,6.4351
507.0000,0.6101,-0.1814,0.6001,10.7405,157.8855,5.9466
433.0000,0.5925,-0.2004,0.6394,11.8702,156.3740,4.4351
586.0000,0.5852,-0.1829,0.6421,13.3435,155.6107,4.3130
469.0000,0.5713,-0.1726,0.6426,13.0000,154.6031,3.8321
491.0000,0.5610,-0.1663,0.6523,12.7023,152.6336,2.6718
482.0000,0.5518,-0.1472,0.6445,10.0992,151.5343,2.0763
535.0000,0.5203,-0.1528,0.6467,5.8626,149.9160,1.4275
485.0000,0.5010,-0.1416,0.6580,1.3282,148.1069,1.5420
404.0000,0.4973,-0.1663,0.6841,-1.5725,146.4656,1.4122
619.0000,0.5103,-0.1633,0.7061,-4.7252,146.4351,2.0382
410.0000,0.4924,-0.1567,0.7439,-6.6031,145.9160,2.2214
516.0000,0.4758,-0.1912,0.7974,-3.3435,143.5496,1.8550
502.0000,0.4683,-0.1836,0.8354,-0.5191,142.0229,1.8931
376.0000,0.4480,-0.1821,0.8403,1.2519,141.0153,1.6641
561.0000,0.4441,-0.1609,0.8120,2.9847,140.6947,2.0611
511.0000,0.4329,-0.1846,0.8513,3.8473,140.3969,1.4504
459.0000,0.4111,-0.1875,0.8513,3.9618,141.5802,0.8244
635.0000,0.3730,-0.1443,0.8237,1.0992,139.2443,0.9847
490.0000,0.3606,-0.1379,0.7905,-3.1832,136.8931,0.5954
500.0000,0.3540,-0.1509,0.7917,-9.0305,134.2519,0.4656
572.0000,0.3542,-0.1541,0.7888,-12.8092,132.0305,0.5115
408.0000,0.3367,-0.1611,0.8149,-18.1832,131.2214,0.6412
539.0000,0.3132,-0.1763,0.8501,-20.8015,128.0076,0.5725
490.0000,0.3110,-0.1858,0.8699,-21.5038,126.7557,0.6641
569.0000,0.2954,-0.2351,0.9109,-18.3740,125.7328,1.0611
539.0000,0.2815,-0.2358,0.9341,-13.3664,124.3588,1.6183
478.0000,0.2791,-0.2305,0.9658,-6.6947,124.4657,2.2137
418.0000,0.2515,-0.2241,0.9800,-2.2977,123.8015,2.4351
585.0000,0.2407,-0.1841,0.9463,-2.0763,122.2290,2.5038
457.0000,0.2415,-0.1685,0.9270,-2.6336,121.3970,2.0611
517.0000,0.2273,-0.1677,0.9141,-5.7481,120.6107,1.2214
535.0000,0.1912,-0.1323,0.8938,-12.5267,117.9160,1.1908
447.0000,0.1699,-0.1477,0.8701,-22.1832,115.3053,0.5802
510.0000,0.1611,-0.1836,0.8748,-29.7481,113.1145,0.4198
552.0000,0.1335,-0.2009,0.8755,-33.9084,110.2672,1.0687
464.0000,0.1172,-0.2192,0.9084,-37.0916,107.8779,1.0763
525.0000,0.1077,-0.2476,0.9495,-34.9695,105.8855,1.2977
368.0000,0.1023,-0.2664,0.9788,-29.9924,104.0076,1.5038
689.0000,0.0933,-0.2590,0.9766,-24.6870,102.3817,2.2061
473.0000,0.0991,-0.2791,1.0293,-15.1298,103.0382,2.5802
491.0000,0.0708,-0.3323,1.1238,-2.8092,102.7710,2.6794
431.0000,0.0383,-0.2820,1.1846,6.9771,102.0916,3.5496
603.0000,0.0259,-0.2366,1.1814,12.3206,100.1374,2.8397
490.0000,0.0137,-0.2092,1.1558,15.7481,98.2290,2.2061
474.0000,0.0046,-0.2009,1.1548,14.4427,94.7939,1.2519
494.0000,-0.0281,-0.1709,1.1262,8.3588,91.4809,0.7252
503.0000,-0.0349,-0.1506,1.0608,-2.2977,88.1985,-0.1756
515.0000,-0.0449,-0.1497,0.9966,-13.9542,81.0305,-0.7405
413.0000,-0.0444,-0.1523,0.9548,-25.4885,75.1069,-1.4351
589.0000,-0.0308,-0.1584,0.9448,-35.6260,69.5878,-1.8855
480.0000,-0.0347,-0.2090,0.9854,-40.3206,65.0763,-2.2977
476.0000,-0.0403,-0.2896,1.1040,-37.6718,61.9847,-2.4885
503.0000,-0.0527,-0.3130,1.1880,-30.0305,60.1221,-1.9237
534.0000,-0.0635,-0.3091,1.2131,-20.3893,58.5267,-1.3435
507.0000,-0.0554,-0.3247,1.2092,-7.7176,56.9237,-1.1374
501.0000,-0.0613,-0.3098,1.2002,5.1679,55.2748,-0.7405
455.0000,-0.0742,-0.2520,1.1687,12.2672,52.0076,-0.3588
516.0000,-0.0691,-0.2095,1.1360,12.9389,48.3282,-0.7252
510.0000,-0.0605,-0.1763,1.1011,8.9237,44.5344,-1.0000
446.0000,-0.0662,-0.1753,1.0779,2.6336,40.3511,-1.2672
487.0000,-0.0613,-0.1641,1.0615,-5.5267,36.3664,-1.6870
512.0000,-0.0535,-0.1807,1.0537,-13.0611,32.4046,-1.5344
459.0000,-0.0532,-0.1995,1.0264,-19.0534,28.1908,-1.7557
554.0000,-0.0376,-0.2092,1.0247,-22.1298,24.7557,-1.6412
457.0000,-0.0288,-0.2346,1.0227,-21.5344,22.3893,-2.1145
431.0000,-0.0161,-0.2388,1.0217,-19.0611,20.6336,-1.8168
501.0000,-0.0122,-0.2473,1.0244,-16.2519,19.9313,-1.8931
507.0000,-0.0024,-0.2598,1.0083,-12.0916,19.5649,-1.5649
447.0000,0.0027,-0.2517,0.9951,-7.8473,19.0687,-0.9313
457.0000,0.0024,-0.2356,0.9863,-4.6718,19.0229,-0.7481
530.0000,-0.0051,-0.2332,0.9805,-1.9618,18.7099,-0.4962
437.0000,-0.0117,-0.2302,0.9849,0.0534,18.4809,-0.3664
448.0000,-0.0303,-0.2202,0.9753,0.7634,17.6947,-0.3130
586.0000,-0.0229,-0.2178,0.9692,0.9313,16.7252,-0.5649
462.0000,-0.0322,-0.2144,0.9580,0.7634,15.5496,-0.5267
509.0000,-0.0374,-0.2166,0.9585,0.2519,14.2061,-0.6183
556.0000,-0.0437,-0.2153,0.9546,-0.5191,12.7557,-0.7099
612.0000,-0.0486,-0.2158,0.9500,-1.2137,11.0992,-0.7328
533.0000,-0.0537,-0.2187,0.9429,-1.0229,9.2977,-0.7481
508.0000,-0.0557,-0.2239,0.9570,-0.6412,7.6947,-0.6947
460.0000,-0.0620,-0.2227,0.9622,-0.6412,6.0153,-0.5802
498.0000,-0.0649,-0.2092,0.9758,-0.8855,4.4809,-0.2214
526.0000,-0.0627,-0.2073,0.9602,-0.6031,3.1832,-0.0458
508.0000,-0.0652,-0.2031,0.9524,-0.7176,1.6718,0.1756
531.0000,-0.0647,-0.2058,0.9424,-1.0458,0.5267,0.2519
550.0000,-0.0540,-0.2039,0.9355,-1.1679,-0.4504,0.6183
503.0000,-0.0483,-0.2021,0.9307,-1.0382,-1.7099,0.8092
494.0000,-0.0447,-0.2068,0.9307,-0.8702,-2.1374,0.8855
500.0000,-0.0396,-0.2114,0.9260,-0.3206,-2.5802,0.8931
530.0000,-0.0269,-0.1980,0.9233,-0.2290,-3.0000,1.0305
506.0000,-0.0293,-0.1995,0.9226,-0.1298,-3.3893,0.9084
528.0000,-0.0186,-0.2034,0.9084,-0.2595,-3.2061,0.4656
515.0000,-0.0225,-0.1987,0.9021,-0.1756,-2.9847,0.5573
489.0000,-0.0264,-0.2021,0.8918,0.2748,-2.7481,0.2519
400.0000,-0.0171,-0.2048,0.8843,1.0458,-2.4504,0.1756
539.0000,-0.0244,-0.2068,0.8979,1.9313,-2.1908,0.3359
446.0000,-0.0281,-0.2024,0.8840,2.6870,-1.7481,0.2443
526.0000,-0.0232,-0.2102,0.8843,3.5878,-1.3817,0.1832
521.0000,-0.0198,-0.2063,0.8884,4.4046,-1.1832,0.1679
456.0000,-0.0193,-0.1987,0.8794,4.6336,-0.9237,-0.1756
488.0000,-0.0281,-0.1980,0.8640,4.1374,-0.8244,-0.0611
533.0000,-0.0249,-0.1973,0.8608,3.2519,-0.3130,-0.2137
449.0000,-0.0317,-0.2000,0.8594,2.4275,-0.3359,-0.1756
500.0000,-0.0283,-0.1982,0.8647,2.1603,-0.1298,-0.2214
521.0000,-0.0308,-0.1990,0.8540,1.4580,0.0153,-0.2672
409.0000,-0.0308,-0.1978,0.8684,1.1069,0.0534,-0.3588
529.0000,-0.0349,-0.1960,0.8650,0.8321,0.1908,-0.3282
516.0000,-0.0374,-0.2048,0.8816,1.1756,0.3664,-0.2901
484.0000,-0.0386,-0.1973,0.8782,0.9695,0.2748,0.0840
480.0000,-0.0410,-0.1978,0.8835,0.5878,0.5725,0.3282
490.0000,-0.0403,-0.1973,0.8765,0.2901,0.3969,0.4275
497.0000,-0.0386,-0.1965,0.8809,0.0763,0.5420,0.4351
521.0000,-0.0378,-0.1980,0.8835,-0.2290,0.4809,0.4504
515.0000,-0.0374,-0.2026,0.9146,-0.2519,0.3206,0.9237
453.0000,-0.0369,-0.2058,0.9124,0.1298,0.5344,1.2061
550.0000,-0.0371,-0.2053,0.9226,0.7099,0.2824,1.5115
510.0000,-0.0425,-0.2043,0.9255,1.3435,-0.0229,1.7557
476.0000,-0.0461,-0.2036,0.9409,1.2061,-0.6107,1.9237
481.0000,-0.0454,-0.2034,0.9502,1.2137,-0.9847,2.3206
517.0000,-0.0515,-0.1995,0.9563,1.1603,-2.1832,2.3588
478.0000,-0.0547,-0.1987,0.9827,1.0229,-3.2519,2.4046
540.0000,-0.0591,-0.1997,1.0017,1.3206,-5.0534,2.7863
582.0000,-0.0603,-0.2026,1.0071,0.8931,-6.9542,2.8702
505.0000,-0.0547,-0.2039,1.0342,0.9618,-8.5420,2.8092
440.0000,-0.0640,-0.2134,1.0505,1.5420,-10.9924,3.3511
521.0000,-0.0635,-0.2168,1.0642,1.7023,-13.4809,3.5038
547.0000,-0.0540,-0.2175,1.0686,2.1985,-15.8092,3.7099
354.0000,-0.0569,-0.2083,1.0774,2.6412,-19.2672,3.3664
525.0000,-0.0544,-0.2109,1.0991,2.7176,-22.3893,3.3740
494.0000,-0.0422,-0.2163,1.1343,3.3435,-25.1527,3.3053
460.0000,-0.0398,-0.2207,1.1724,3.9237,-28.3664,2.9237
530.0000,-0.0532,-0.2124,1.2200,3.9542,-31.8550,2.7023
574.0000,-0.0649,-0.2217,1.2512,4.6794,-35.9084,2.2595
526.0000,-0.0720,-0.2183,1.2639,5.4198,-39.9695,1.9542
475.0000,-0.0720,-0.2207,1.2883,6.0840,-45.1527,1.0229
533.0000,-0.0896,-0.2178,1.3188,6.4656,-50.4809,0.4046
425.0000,-0.1101,-0.2178,1.3530,6.0763,-56.5496,-0.6183
496.0000,-0.1252,-0.2166,1.3713,5.5878,-63.6489,-1.1069
550.0000,-0.1187,-0.2146,1.3472,5.0763,-71.5878,-1.3740
489.0000,-0.1196,-0.2019,1.3245,3.2061,-79.4122,-2.2748
555.0000,-0.1045,-0.2041,1.3396,2.5038,-87.5115,-3.0382
547.0000,-0.0891,-0.2043,1.3613,1.1450,-95.3130,-4.1832
457.0000,-0.0942,-0.2095,1.4028,-1.3435,-103.3283,-4.7634
541.0000,-0.0886,-0.2151,1.4138,-2.8092,-110.6565,-5.4275
532.0000,-0.0857,-0.2178,1.3975,-3.3817,-118.8855,-6.3511
405.0000,-0.0784,-0.2095,1.3494,-4.0763,-127.2824,-6.7481
523.0000,-0.0496,-0.2039,1.3196,-5.4504,-135.7633,-7.6565
558.0000,-0.0244,-0.2097,1.2690,-7.2901,-143.4275,-8.1069
416.0000,0.0061,-0.2246,1.2529,-7.4198,-150.1908,-8.9695
511.0000,0.0247,-0.2634,1.2810,-6.2366,-156.4809,-9.2443
496.0000,0.0320,-0.2402,1.2454,-6.4580,-162.2061,-8.7863
552.0000,0.0625,-0.2402,1.2075,-6.8244,-168.1908,-8.7710
482.0000,0.0786,-0.2168,1.1536,-5.7481,-173.6565,-8.6336
430.0000,0.0950,-0.2529,1.1833,-4.4656,-178.7786,-9.5573
643.0000,0.0979,-0.2319,1.1238,-3.5878,-183.9160,-8.5038
477.0000,0.1191,-0.2046,1.0720,-3.4351,-188.3206,-8.4733
563.0000,0.1316,-0.2427,1.0850,-1.2901,-192.6031,-8.8168
457.0000,0.1331,-0.2373,1.0969,1.3359,-195.4733,-7.9237
664.0000,0.1296,-0.2126,1.0454,1.3817,-199.9313,-6.8702
465.0000,0.1387,-0.1987,1.0037,3.1450,-203.9771,-6.9313
470.0000,0.1589,-0.2214,0.9832,5.2595,-207.7176,-6.7099
608.0000,0.1575,-0.1904,0.8894,4.9237,-212.2290,-5.4351
470.0000,0.1841,-0.1541,0.8210,1.6565,-216.5802,-4.8626
470.0000,0.2063,-0.1663,0.8098,-2.4351,-220.1298,-5.3282
481.0000,0.2124,-0.1897,0.8110,-5.5725,-223.1145,-4.6336
519.0000,0.2168,-0.1655,0.7561,-11.8168,-227.2443,-3.3206
514.0000,0.2415,-0.1353,0.7100,-16.3282,-230.0916,-3.2901
448.0000,0.2813,-0.1685,0.7122,-18.2672,-231.3282,-3.7481
414.0000,0.2893,-0.1716,0.6885,-19.7328,-231.6336,-3.8550
549.0000,0.2964,-0.1494,0.5913,-20.2901,-232.7863,-3.7710
449.0000,0.3296,-0.2131,0.6216,-16.5802,-232.0458,-5.9466
487.0000,0.3416,-0.2493,0.5935,-11.2672,-233.0153,-5.6412
401.0000,0.3606,-0.2229,0.5784,-6.2137,-231.0611,-5.1527
486.0000,0.3752,-0.2305,0.5605,-2.0534,-229.9084,-5.4275
545.0000,0.4114,-0.2112,0.5342,1.0534,-227.9466,-5.7328
493.0000,0.4170,-0.2185,0.5168,1.6107,-223.8779,-6.4198
410.0000,0.4338,-0.1846,0.4456,2.3511,-221.5572,-6.9160
448.0000,0.4629,-0.1843,0.4675,-0.6489,-217.8168,-9.0687
580.0000,0.4734,-0.1685,0.3999,-5.4427,-214.5114,-9.6489
487.0000,0.4854,-0.1309,0.3264,-8.9542,-208.9924,-10.7939
542.0000,0.5056,-0.1831,0.2964,-9.2824,-205.7099,-13.1298
491.0000,0.5337,-0.1975,0.2925,-7.8626,-202.4962,-15.0229
470.0000,0.5559,-0.1985,0.2805,-3.4427,-196.2977,-15.6031
315.0000,0.5720,-0.1960,0.2151,1.1908,-191.4198,-15.6794
496.0000,0.6082,-0.1907,0.1462,5.3817,-186.5954,-16.1527
758.0000,0.6255,-0.1797,0.0356,10.2672,-181.2290,-16.0992
455.0000,0.6763,-0.1646,-0.0886,17.0458,-175.3740,-16.3893
418.0000,0.6936,-0.1746,-0.1729,20.4275,-167.8702,-16.9771
527.0000,0.7444,-0.1345,-0.3191,21.4962,-158.3130,-16.9389
522.0000,0.7820,-0.1008,-0.5000,19.6412,-147.7328,-16.1145
510.0000,0.8193,-0.0840,-0.6460,14.3359,-136.2748,-15.7786
473.0000,0.8533,-0.0603,-0.7759,8.5878,-122.3130,-15.1298
570.0000,0.8716,-0.0547,-0.7688,-1.5344,-107.7557,-14.7481
489.0000,0.9150,-0.0469,-0.7361,-14.6718,-88.2519,-13.5344
463.0000,0.9307,-0.0737,-0.6416,-25.2977,-65.1298,-11.6412
535.0000,0.9368,-0.0566,-0.5046,-37.5802,-41.3206,-9.6641
607.0000,0.9470,-0.0325,-0.4924,-45.0458,-16.5725,-7.2901
503.0000,0.9216,-0.0542,-0.4470,-47.3206,8.3053,-6.4809
552.0000,0.8965,-0.1111,-0.4072,-42.9618,27.4733,-5.3130
507.0000,0.8513,-0.1152,-0.3389,-33.4885,42.3817,-3.6412
526.0000,0.8433,-0.1108,-0.2832,-27.0992,57.6870,-2.2214
469.0000,0.8162,-0.1399,-0.2192,-18.9695,72.7328,-0.4504
558.0000,0.7766,-0.1318,-0.1580,-9.7939,82.6718,1.2443
468.0000,0.7473,-0.0974,-0.1040,-3.8397,87.8855,1.9542
597.0000,0.7393,-0.0923,-0.0459,-2.4504,95.5649,2.6107
422.0000,0.7273,-0.0745,-0.0349,-2.9542,101.7710,4.6870
437.0000,0.7109,-0.0549,-0.0103,-5.7099,104.9313,5.4885
544.0000,0.6992,-0.0605,0.0295,-8.0687,106.2137,7.0534
467.0000,0.7061,-0.0635,0.0798,-8.6031,108.3664,8.3969
426.0000,0.7244,-0.0571,0.1267,-10.1145,110.4580,9.3817
510.0000,0.7354,-0.0752,0.1929,-11.6870,112.8244,9.9542
436.0000,0.7451,-0.1243,0.2930,-12.1374,115.4962,10.9389
514.0000,0.7778,-0.1230,0.3467,-11.3511,120.9618,12.1450
495.0000,0.7756,-0.1382,0.3633,-7.8244,125.0000,12.7023
467.0000,0.7852,-0.1760,0.3794,-0.9313,127.0763,11.9160
605.0000,0.7842,-0.1724,0.3848,6.0840,129.2290,11.5649
470.0000,0.7795,-0.1748,0.3721,12.8702,131.3893,10.6641
496.0000,0.7776,-0.1787,0.3733,16.9084,133.3206,8.9618
546.0000,0.7820,-0.1736,0.3308,17.6260,135.3282,7.5191
476.0000,0.7649,-0.1497,0.2971,16.5344,138.2595,6.2366
494.0000,0.7476,-0.1523,0.2888,13.6107,139.1527,4.2672
467.0000,0.7373,-0.1414,0.2871,11.0687,140.4733,2.3817
549.0000,0.7234,-0.1509,0.3271,6.9771,142.1374,1.0687
496.0000,0.7151,-0.1326,0.3625,3.2901,143.9313,0.1603
470.0000,0.6960,-0.1699,0.4863,0.8244,147.7481,-1.8321
508.0000,0.6833,-0.2144,0.5686,2.3893,150.8626,-2.2595
530.0000,0.6624,-0.1995,0.5886,5.1298,152.1298,-2.1908
473.0000,0.6501,-0.1921,0.5532,8.1985,152.9008,-2.7786
503.0000,0.6438,-0.1975,0.5630,10.3435,153.4198,-3.0382
511.0000,0.6238,-0.1953,0.5840,12.4885,152.9237,-3.9389
456.0000,0.5898,-0.1523,0.5620,9.7710,150.9389,-3.8779
497.0000,0.5708,-0.1152,0.5239,0.6565,148.5496,-4.7557
540.0000,0.5786,-0.1023,0.4885,-9.7863,146.4427,-5.0076
515.0000,0.5449,-0.1050,0.4648,-19.5114,144.7481,-4.8702
440.0000,0.5313,-0.1013,0.4963,-29.7099,142.7252,-4.6641
534.0000,0.5254,-0.1321,0.5750,-36.1298,141.7099,-4.5496
450.0000,0.5159,-0.1846,0.6626,-37.0000,142.7405,-3.7786
495.0000,0.5076,-0.2446,0.8015,-30.3511,144.7557,-2.7481
517.0000,0.4797,-0.2825,0.8984,-18.6641,145.9160,-0.7099
464.0000,0.4626,-0.2761,0.9104,-3.9924,146.9008,0.9313
497.0000,0.4551,-0.2725,0.8694,11.1527,146.6794,2.6336
519.0000,0.4343,-0.2219,0.8628,22.0687,145.1145,2.8855
467.0000,0.4080,-0.1877,0.8699,25.3969,142.0076,3.0000
504.0000,0.3833,-0.1140,0.8418,19.7481,139.2290,3.5573
521.0000,0.3611,-0.0803,0.7688,6.2977,136.0534,3.4885
459.0000,0.3472,-0.0286,0.7146,-13.9771,132.1679,4.0916
514.0000,0.3550,-0.0007,0.6545,-37.8702,129.7328,4.5878
560.0000,0.3242,-0.0144,0.6167,-59.5725,123.0611,4.4962
460.0000,0.3176,-0.1001,0.7046,-75.6489,120.5725,4.5496
541.0000,0.3318,-0.1514,0.7871,-85.4428,118.6260,6.2595
527.0000,0.3213,-0.2136,0.8862,-85.8626,118.4198,8.0687
463.0000,0.3193,-0.3083,1.0403,-74.7176,122.2214,10.0992
502.0000,0.2976,-0.3418,1.1218,-56.7023,122.8321,13.0458
527.0000,0.2805,-0.3489,1.1443,-34.6336,123.5191,15.9542
495.0000,0.2688,-0.3101,1.0818,-15.1756,123.4733,18.3511
491.0000,0.2690,-0.2646,1.0151,0.4733,123.4733,19.7786
521.0000,0.2466,-0.2380,0.9653,8.6031,123.0458,20.8321
470.0000,0.2439,-0.1814,0.8672,9.4809,121.6412,21.4809
551.0000,0.2117,-0.1196,0.7854,4.2366,117.3664,21.1374
528.0000,0.2095,-0.1091,0.7559,-8.9847,115.7023,20.6641
340.0000,0.2014,-0.1565,0.7693,-22.4046,114.5649,20.6412
626.0000,0.1755,-0.1648,0.7791,-30.9542,111.4428,20.8550
505.0000,0.1755,-0.2073,0.8557,-34.3435,109.0763,19.7939
474.0000,0.1611,-0.3069,1.0254,-29.1679,109.1298,18.9313
502.0000,0.1399,-0.3496,1.1072,-18.6260,109.1985,19.4580
580.0000,0.1216,-0.3450,1.1084,-6.7176,108.3283,19.6260
473.0000,0.1238,-0.3374,1.0798,6.3969,108.1832,19.8092
501.0000,0.1165,-0.3132,1.0630,16.3511,107.0076,19.2443
515.0000,0.1052,-0.2605,1.0352,20.6260,104.5115,18.3359
501.0000,0.1033,-0.2175,0.9897,18.6565,101.7939,17.1450
484.0000,0.0911,-0.1914,0.9316,11.9466,99.1679,15.5344
544.0000,0.0842,-0.1836,0.8743,2.6870,94.8168,13.2977
433.0000,0.0759,-0.1860,0.8650,-7.0000,90.7710,12.3282
562.0000,0.0869,-0.1968,0.8313,-17.6412,86.4351,11.0229
517.0000,0.0889,-0.2026,0.8564,-25.1221,86.7863,9.9313
444.0000,0.0833,-0.2739,0.9436,-26.4580,85.0534,8.8626
474.0000,0.0798,-0.3130,0.9995,-24.5267,83.8855,8.4504
542.0000,0.0708,-0.3208,1.0271,-19.3053,83.7557,8.5038
465.0000,0.0654,-0.3347,1.0740,-11.3588,84.0611,8.4733
514.0000,0.0396,-0.3364,1.0962,-1.6412,84.5802,8.0916
547.0000,0.0195,-0.3237,1.0962,6.4351,85.8550,8.2672
472.0000,0.0063,-0.3191,1.0942,13.0229,82.9847,7.1985
509.0000,-0.0244,-0.3013,1.1074,16.2290,81.8702,6.6565
564.0000,-0.0554,-0.2705,1.0786,15.5038,79.0763,6.3130
535.0000,-0.0669,-0.2356,1.0481,11.1985,74.9618,5.1679
473.0000,-0.0703,-0.2422,1.0435,7.1985,70.5344,3.9389
507.0000,-0.0852,-0.2480,1.0264,3.6107,65.7863,3.1221
503.0000,-0.0969,-0.2463,1.0361,-1.7863,60.5496,2.6641
490.0000,-0.0803,-0.2422,1.0278,-7.5420,55.5573,2.7405
514.0000,-0.0664,-0.2571,1.0420,-11.4198,51.3053,2.9313
513.0000,-0.0649,-0.2673,1.0549,-13.0611,47.7099,2.9313
452.0000,-0.0669,-0.2930,1.0957,-11.0534,44.8168,2.7557
509.0000,-0.0710,-0.3049,1.1338,-7.7863,42.5420,3.0763
483.0000,-0.0662,-0.2900,1.1318,-4.3359,40.4122,3.5725
502.0000,-0.0593,-0.2756,1.1265,-0.8015,38.2290,3.6565
536.0000,-0.0649,-0.2588,1.0916,2.3893,36.3359,3.8015
413.0000,-0.0640,-0.2590,1.0710,3.4962,34.1603,3.7023
493.0000,-0.0906,-0.2515,1.0691,2.2595,30.5496,3.6718
507.0000,-0.1064,-0.2483,1.0884,-2.3817,25.0305,3.1908
515.0000,-0.1091,-0.2546,1.1406,-9.1450,17.2061,1.9160
479.0000,-0.0869,-0.2878,1.2166,-14.2443,9.3511,0.6947
486.0000,-0.0725,-0.3108,1.2661,-17.9389,2.7405,0.1450
555.0000,-0.0571,-0.3091,1.2798,-19.2443,-2.8855,0.1221
457.0000,-0.0422,-0.3167,1.2537,-18.2824,-6.8473,-0.3664
496.0000,-0.0229,-0.3132,1.1953,-14.2519,-9.4198,-0.4198
579.0000,-0.0068,-0.2961,1.1353,-9.4198,-9.7252,-0.3282
466.0000,0.0183,-0.2832,1.0476,-4.2595,-8.9618,-0.2137
530.0000,0.0225,-0.2791,0.9819,1.1145,-7.8168,0.1069
556.0000,0.0176,-0.2517,0.9207,4.6260,-6.7557,0.5573
450.0000,0.0054,-0.2402,0.8713,7.2824,-6.3130,0.3206
501.0000,-0.0007,-0.2322,0.8347,8.0000,-5.8550,0.7710
535.0000,-0.0027,-0.2244,0.8235,8.4885,-5.5573,1.3969
449.0000,-0.0010,-0.2090,0.7939,7.3817,-4.9847,1.4046
501.0000,-0.0107,-0.2004,0.7944,5.4275,-4.2977,1.2748
543.0000,-0.0203,-0.2139,0.8022,3.6947,-3.5420,0.9618
428.0000,-0.0325,-0.2148,0.8220,2.0611,-2.9542,0.6947
514.0000,-0.0320,-0.2253,0.8301,1.7176,-2.5802,0.4656
540.0000,-0.0449,-0.2329,0.8320,1.8473,-1.7786,0.3511
493.0000,-0.0522,-0.2332,0.8547,2.7710,-1.0000,0.4046
487.0000,-0.0652,-0.2363,0.8567,3.7863,-0.9542,0.2977
502.0000,-0.0667,-0.2283,0.8669,4.2366,-0.2443,0.1145
508.0000,-0.0789,-0.2151,0.8533,4.1374,0.0458,0.1527
501.0000,-0.0823,-0.2139,0.8589,4.7634,-0.1908,0.1069
509.0000,-0.0896,-0.2146,0.8596,4.8779,-0.6107,-0.0687
491.0000,-0.0884,-0.2041,0.8723,4.6947,-0.9008,-0.0458
481.0000,-0.0781,-0.2056,0.8713,4.9237,-1.3435,0.1756
536.0000,-0.0803,-0.2039,0.8733,4.6565,-1.5954,0.4046
510.0000,-0.0713,-0.2056,0.8826,4.3282,-2.0840,0.6947
493.0000,-0.0789,-0.2124,0.8721,4.1145,-2.4885,1.3435
498.0000,-0.0708,-0.2041,0.8904,3.6565,-3.3206,1.3053
513.0000,-0.0688,-0.1995,0.8970,3.0076,-4.0382,1.8092
491.0000,-0.0605,-0.2046,0.8987,2.0076,-4.0229,2.1679
533.0000,-0.0581,-0.2046,0.9128,1.9466,-4.2977,2.3359
503.0000,-0.0620,-0.2129,0.9150,2.0611,-4.6794,2.4962
481.0000,-0.0479,-0.2148,0.9197,1.6260,-4.8855,2.3588
512.0000,-0.0444,-0.2131,0.9163,1.5191,-4.7786,2.3588
488.0000,-0.0481,-0.2192,0.9175,1.9084,-4.8321,2.3435
469.0000,-0.0476,-0.2217,0.9253,2.2061,-5.1298,2.3893
549.0000,-0.0371,-0.2190,0.9043,1.8550,-5.5267,2.1069
509.0000,-0.0405,-0.2200,0.9111,2.0229,-5.9160,1.8855
501.0000,-0.0391,-0.2219,0.9224,2.0458,-6.6031,1.6260
521.0000,-0.0349,-0.2231,0.9287,1.6718,-7.3740,1.4962
487.0000,-0.0308,-0.2278,0.9329,0.7863,-7.7786,1.3359
583.0000,-0.0342,-0.2332,0.9456,-0.0840,-8.8321,1.2443
501.0000,-0.0383,-0.2231,0.9570,-1.2137,-9.7786,0.8397
515.0000,-0.0317,-0.2217,0.9687,-2.9542,-11.1145,0.6489
471.0000,-0.0432,-0.2134,0.9885,-4.8931,-12.5267,0.4122
528.0000,-0.0391,-0.2107,0.9873,-7.0076,-14.3893,0.1450
508.0000,-0.0352,-0.2275,1.0002,-8.0305,-16.3359,-0.1603
504.0000,-0.0276,-0.2249,0.9858,-9.0229,-18.4198,-0.1908
491.0000,-0.0254,-0.2405,0.9912,-9.3664,-20.4275,-0.2519
569.0000,-0.0161,-0.2483,1.0154,-9.1985,-22.3893,-0.2366
438.0000,-0.0183,-0.2649,1.0383,-8.4580,-24.0000,-0.0611
512.0000,-0.0220,-0.2654,1.0784,-7.3130,-25.4885,-0.2366
524.0000,-0.0203,-0.2527,1.0886,-7.1679,-27.4351,-0.3664
463.0000,-0.0078,-0.2334,1.1062,-8.8550,-30.0534,-0.9771
523.0000,-0.0134,-0.2383,1.1252,-10.8626,-32.2061,-1.5344
522.0000,-0.0286,-0.2554,1.1521,-13.3893,-35.6641,-2.1756
460.0000,-0.0439,-0.2593,1.1941,-16.5649,-40.0458,-2.5038
488.0000,-0.0527,-0.2725,1.2222,-19.3282,-44.2366,-3.5267
552.0000,-0.0657,-0.2866,1.2292,-20.1298,-48.8168,-3.6718
477.0000,-0.0515,-0.2927,1.2036,-19.7405,-54.7863,-4.2137
478.0000,-0.0537,-0.2930,1.1941,-18.8015,-60.9771,-5.1298
516.0000,-0.0403,-0.3071,1.2207,-18.9160,-66.7481,-5.9466
512.0000,-0.0447,-0.3240,1.2317,-18.1908,-71.7328,-6.3969
494.0000,-0.0381,-0.3401,1.2441,-15.7176,-77.7023,-7.2595
446.0000,-0.0283,-0.3325,1.2517,-13.9542,-84.0840,-7.8931
504.0000,-0.0183,-0.3118,1.2344,-12.9695,-89.4122,-8.4504
463.0000,-0.0012,-0.3145,1.2151,-12.4580,-95.0458,-9.6107
474.0000,0.0171,-0.3093,1.2087,-11.4351,-101.0611,-10.8931
497.0000,0.0378,-0.3081,1.1919,-11.0382,-106.9771,-12.0229
473.0000,0.0647,-0.3096,1.1736,-10.9695,-111.2290,-12.6641
511.0000,0.0720,-0.3130,1.1628,-10.3359,-115.8244,-13.6183
495.0000,0.0916,-0.3220,1.1770,-8.3435,-120.4198,-14.5191
467.0000,0.1018,-0.3079,1.1475,-6.4198,-123.9771,-14.9466
483.0000,0.1125,-0.2949,1.1572,-5.4962,-127.6183,-15.9237
477.0000,0.1282,-0.2852,1.1262,-4.7939,-131.3130,-16.5191
539.0000,0.1230,-0.2795,1.1113,-4.0076,-134.7557,-17.2901
529.0000,0.1216,-0.2776,1.1177,-5.5496,-138.4886,-18.0458
433.0000,0.1287,-0.2637,1.0950,-7.0229,-141.9466,-18.8015
503.0000,0.1345,-0.2627,1.0884,-8.9160,-145.8855,-19.4351
565.0000,0.1387,-0.2410,1.0596,-10.6489,-150.9008,-19.9389
430.0000,0.1545,-0.2417,1.0310,-12.7252,-155.2137,-20.6183
515.0000,0.1521,-0.2456,1.0281,-14.8931,-159.2214,-21.1908
502.0000,0.1624,-0.2390,0.9968,-16.6260,-163.0992,-21.3511
541.0000,0.1741,-0.2456,0.9683,-16.3359,-167.5649,-21.5573
452.0000,0.1855,-0.2615,0.9543,-13.6107,-170.8092,-21.4504
555.0000,0.1951,-0.2583,0.9390,-10.2366,-173.8321,-20.8397
451.0000,0.2095,-0.2603,0.9497,-7.2824,-176.3893,-20.7939
510.0000,0.2144,-0.2520,0.9451,-3.8931,-179.0763,-20.3511
520.0000,0.2275,-0.2424,0.9319,-0.1985,-181.8321,-19.9618
476.0000,0.2415,-0.2629,0.9260,4.7252,-183.5725,-20.2672
536.0000,0.2473,-0.2417,0.8960,7.2519,-186.8321,-19.4962
521.0000,0.2605,-0.1975,0.7954,6.7023,-189.0611,-18.9237
538.0000,0.2881,-0.1855,0.7893,5.1298,-191.1221,-19.8931
379.0000,0.2964,-0.2085,0.7729,1.4580,-193.9618,-20.2443
576.0000,0.3101,-0.1885,0.7488,-2.0534,-195.5802,-19.7099
410.0000,0.3311,-0.2019,0.7466,-3.0763,-196.5649,-20.5344
448.0000,0.3384,-0.2187,0.7886,-3.3053,-197.3740,-21.3511
545.0000,0.3533,-0.2014,0.7407,-3.3893,-198.5649,-21.6031
436.0000,0.3633,-0.2236,0.7158,-0.1298,-198.9542,-22.8473
464.0000,0.3804,-0.2529,0.7139,4.0611,-199.4656,-23.7405
539.0000,0.3816,-0.2510,0.7158,7.0534,-200.3435,-24.1756
389.0000,0.4053,-0.2107,0.6565,7.6183,-201.6794,-24.0687
458.0000,0.4167,-0.1875,0.6062,4.3969,-202.7710,-25.0763
587.0000,0.4363,-0.1731,0.5627,-0.7710,-204.1374,-26.2443
480.0000,0.4639,-0.1638,0.5059,-3.5267,-204.5649,-27.1908
285.0000,0.4868,-0.1719,0.4751,-6.7939,-205.3282,-28.4046
687.0000,0.4905,-0.1392,0.4968,-16.1527,-206.6870,-29.8321
438.0000,0.5237,-0.1294,0.4514,-22.2824,-204.5572,-31.4427
405.0000,0.5527,-0.1660,0.4238,-28.2977,-202.1679,-33.0840
528.0000,0.5518,-0.1790,0.4490,-35.3740,-200.6717,-34.7023
589.0000,0.5850,-0.1858,0.4626,-40.3740,-196.8244,-35.6412
457.0000,0.6189,-0.2126,0.3940,-41.0229,-192.0611,-36.4733
662.0000,0.6370,-0.2009,0.3171,-38.7557,-187.5343,-37.2214
380.0000,0.6567,-0.1973,0.2402,-34.3740,-183.6641,-38.5344
561.0000,0.6802,-0.2290,0.1165,-25.3893,-176.8244,-40.3359
479.0000,0.6833,-0.2400,-0.0315,-10.7557,-172.0992,-40.6641
348.0000,0.6921,-0.1951,-0.1870,3.0534,-168.0000,-39.6718
536.0000,0.7393,-0.1956,-0.3379,16.1679,-161.8626,-38.5496
509.0000,0.7917,-0.1475,-0.5332,25.9008,-154.8550,-34.9466
395.0000,0.8401,-0.0562,-0.6799,29.4351,-144.9160,-31.4198
541.0000,0.8953,0.0513,-0.7415,22.2214,-131.7557,-29.1298
474.0000,0.9373,0.1042,-0.7122,5.6641,-115.6260,-26.9008
541.0000,0.9614,0.1367,-0.6963,-14.6565,-95.4580,-23.8321
508.0000,0.9827,0.0903,-0.6379,-33.8931,-70.7099,-20.7710
504.0000,0.9895,0.0229,-0.5684,-48.6107,-45.6260,-16.5114
441.0000,0.9602,-0.0105,-0.5503,-50.8015,-23.2061,-11.3817
560.0000,0.9260,-0.0493,-0.4888,-50.2214,-2.3435,-7.6489
479.0000,0.9080,-0.0889,-0.4482,-41.8473,15.2214,-3.6489
482.0000,0.8716,-0.0979,-0.3640,-31.1985,30.4122,0.1069
460.0000,0.8479,-0.1152,-0.2825,-20.6107,43.4427,2.8626
560.0000,0.8176,-0.1372,-0.2239,-8.8702,55.8092,5.6031
473.0000,0.7949,-0.1326,-0.1484,-1.1985,65.8779,8.7786
457.0000,0.7754,-0.0974,-0.0940,1.3969,73.0763,10.8702
524.0000,0.7454,-0.0828,-0.0366,0.8015,80.8855,13.5420
479.0000,0.7441,-0.0767,-0.0125,-0.3130,84.6794,15.2901
395.0000,0.7410,-0.0842,-0.0061,-0.7176,88.5573,17.5954
554.0000,0.7280,-0.0762,-0.0129,-1.3053,91.3053,19.1527
431.0000,0.7217,-0.0793,-0.0112,-4.1450,94.2519,20.9924
589.0000,0.7415,-0.0820,0.0139,-5.2519,96.2672,22.0611
487.0000,0.7527,-0.1021,0.0352,-4.8855,100.9542,23.3588
507.0000,0.7659,-0.1313,0.1067,-5.8855,106.1985,24.0000
452.0000,0.7690,-0.1697,0.1572,-2.6870,110.7023,25.4198
525.0000,0.7864,-0.1780,0.1667,1.1069,117.1908,26.9771
524.0000,0.7949,-0.1953,0.1997,7.2137,124.5649,27.3435
464.0000,0.7688,-0.2346,0.2517,14.9771,130.9771,27.4275
517.0000,0.7664,-0.2324,0.2871,21.9237,136.0687,26.8015
583.0000,0.7505,-0.2053,0.2739,25.9389,141.1069,26.0916
447.0000,0.7507,-0.2014,0.2646,29.5802,146.0763,24.6260
449.0000,0.7280,-0.1953,0.2617,32.1298,149.6870,23.0229
520.0000,0.7109,-0.1816,0.2700,32.0687,151.7939,21.5114
433.0000,0.6982,-0.1619,0.2461,30.6947,153.1527,19.9847
509.0000,0.6833,-0.1389,0.2305,26.4809,154.7252,18.2443
511.0000,0.6677,-0.1238,0.2312,20.4809,155.2366,17.3969
469.0000,0.6555,-0.1045,0.2444,12.2290,155.7939,16.8931
509.0000,0.6548,-0.1365,0.3206,4.0840,158.2366,15.7252
438.0000,0.6492,-0.1497,0.3972,-3.1985,161.0000,14.7786
622.0000,0.6267,-0.1609,0.4194,-6.7557,162.1908,15.8855
470.0000,0.6353,-0.1848,0.4744,-6.9160,165.1603,15.4351
506.0000,0.6079,-0.2471,0.5667,-3.2137,168.1603,15.6183
459.0000,0.5918,-0.2686,0.6345,4.7557,169.6336,16.0534
547.0000,0.5845,-0.2561,0.6475,12.8855,170.5191,16.4122
492.0000,0.5640,-0.2324,0.6240,21.1603,170.6717,15.9008
429.0000,0.5427,-0.2244,0.6311,27.4427,170.8244,15.0687
484.0000,0.5288,-0.2000,0.6326,31.2672,169.0229,14.7710
543.0000,0.5007,-0.1672,0.6089,30.3359,165.2977,14.5802
410.0000,0.4912,-0.1343,0.5818,23.4122,162.6183,14.5496
535.0000,0.4707,-0.0972,0.5369,11.8473,159.8321,14.9771
488.0000,0.4617,-0.1040,0.5586,1.3969,157.4809,15.2595
442.0000,0.4722,-0.1619,0.6692,-7.3053,157.3359,14.8931
650.0000,0.4409,-0.1636,0.7266,-14.2137,155.2977,15.5802
465.0000,0.4446,-0.1709,0.7520,-17.0687,155.2061,16.1374
446.0000,0.4307,-0.2759,0.8435,-9.9695,156.2901,15.5573
553.0000,0.4055,-0.3030,0.9009,-0.1756,155.6947,16.7557
527.0000,0.3940,-0.2700,0.9080,9.7634,155.3740,18.0382
468.0000,0.3730,-0.2576,0.8997,18.0687,153.9237,18.3740
508.0000,0.3577,-0.2354,0.8806,23.8397,152.9771,18.1374
654.0000,0.3245,-0.1975,0.8379,26.0763,149.2214,18.2290
398.0000,0.3066,-0.1667,0.8193,20.9924,146.6183,18.0076
557.0000,0.3010,-0.1375,0.7778,10.1527,143.8015,17.9084
504.0000,0.3030,-0.1184,0.7578,-1.5649,141.6641,17.7786
490.0000,0.2830,-0.1333,0.7683,-12.8168,137.7633,17.4580
585.0000,0.2888,-0.1294,0.7922,-23.2290,136.1603,17.5573
491.0000,0.2644,-0.1833,0.8518,-26.5114,134.8473,17.2290
582.0000,0.2537,-0.2307,0.9268,-24.1374,134.3130,17.2595
501.0000,0.2480,-0.2642,0.9663,-15.3664,134.8321,17.2443
533.0000,0.2244,-0.3108,1.0659,-2.0000,135.3130,17.0076
388.0000,0.2212,-0.3220,1.1299,12.5115,138.0382,17.7863
544.0000,0.1799,-0.2888,1.1152,23.7863,136.8092,18.2519
526.0000,0.1707,-0.2551,1.1267,32.7328,135.5954,18.4198
460.0000,0.1489,-0.2048,1.0869,36.3588,133.0000,18.0840
501.0000,0.1084,-0.1360,1.0291,30.7176,129.2519,16.7328
540.0000,0.0945,-0.1016,0.9697,18.6489,124.5420,15.8321
366.0000,0.0696,-0.0652,0.9175,2.8168,118.3970,14.9924
646.0000,0.0723,-0.0762,0.8997,-13.5191,112.4962,14.1908
493.0000,0.0713,-0.1445,0.9651,-23.6641,108.6336,13.7023
419.0000,0.0569,-0.2244,1.0508,-27.1679,104.5038,13.9847
584.0000,0.0342,-0.2449,1.0872,-26.7252,101.4428,14.7710
548.0000,0.0483,-0.2664,1.1287,-19.6718,99.4504,15.2901
456.0000,0.0364,-0.2944,1.1980,-7.9008,98.4275,15.3664
487.0000,0.0269,-0.2898,1.2256,4.9847,96.5649,15.4656
532.0000,0.0000,-0.2683,1.2209,13.6489,94.1756,15.2901
475.0000,-0.0017,-0.2317,1.1885,17.6489,90.7328,14.7634
513.0000,-0.0227,-0.2039,1.1514,15.5878,86.1679,14.5802
506.0000,-0.0225,-0.1538,1.0942,7.4275,82.9466,13.7939
479.0000,-0.0291,-0.1409,1.0354,-3.9618,77.9924,12.6260
551.0000,-0.0278,-0.1399,1.0049,-15.7252,72.8015,11.0382
596.0000,-0.0298,-0.1943,1.0186,-24.2366,68.6870,9.6183
478.0000,-0.0432,-0.2380,1.0774,-27.4580,64.6183,8.5191
477.0000,-0.0505,-0.3000,1.1677,-25.1756,61.7252,7.4733
601.0000,-0.0525,-0.3315,1.1978,-18.4504,59.1527,7.4427
482.0000,-0.0613,-0.3284,1.1990,-10.1985,56.3282,7.4122
478.0000,-0.0613,-0.3164,1.1895,-0.1298,53.9618,7.3893
526.0000,-0.0657,-0.3098,1.1782,8.5802,50.9542,7.3588
473.0000,-0.0818,-0.2649,1.1526,12.0305,47.1603,7.4046
484.0000,-0.0754,-0.2297,1.1248,10.4580,42.7252,7.1145
490.0000,-0.0815,-0.2041,1.0803,5.0916,38.7481,6.5649
420.0000,-0.0791,-0.1951,1.0503,-1.3435,33.6794,5.9847
507.0000,-0.0737,-0.2009,1.0471,-8.2214,29.1374,5.5725
542.0000,-0.0632,-0.2087,1.0518,-13.3053,25.2290,4.8397
479.0000,-0.0447,-0.2336,1.0632,-16.6489,22.2137,4.2901
502.0000,-0.0405,-0.2471,1.0620,-17.4733,19.7252,3.8473
524.0000,-0.0217,-0.2617,1.0657,-15.9771,17.7405,3.4046
472.0000,-0.0222,-0.2803,1.0557,-12.5954,17.1679,2.9847
484.0000,-0.0105,-0.2810,1.0459,-7.8015,16.6336,3.0687
515.0000,-0.0122,-0.2822,1.0193,-4.2901,15.6947,2.8702
471.0000,-0.0125,-0.2656,0.9927,-2.4656,14.7939,2.4351
506.0000,-0.0073,-0.2432,0.9429,-2.0611,13.7710,1.9542
555.0000,-0.0044,-0.2344,0.9346,-3.4427,12.8168,1.6718
488.0000,-0.0115,-0.2332,0.9417,-5.8321,11.0916,0.7557
418.0000,-0.0037,-0.2317,0.9558,-8.2824,9.6336,-0.0916
548.0000,-0.0134,-0.2402,0.9573,-10.3740,8.4733,-0.4885
496.0000,-0.0134,-0.2485,0.9719,-11.1527,7.5878,-1.6031
485.0000,-0.0122,-0.2666,0.9846,-9.1679,6.3206,-1.9237
533.0000,-0.0205,-0.2729,1.0012,-6.4962,5.3282,-2.2519
488.0000,-0.0203,-0.2649,1.0061,-3.9084,4.1145,-2.4046
478.0000,-0.0198,-0.2617,0.9988,-1.7634,3.3817,-2.3740
477.0000,-0.0286,-0.2490,0.9900,-0.1985,2.1527,-2.4809
537.0000,-0.0269,-0.2290,0.9741,-0.2214,0.9771,-2.7252
416.0000,-0.0222,-0.2234,0.9563,-0.6489,-0.1069,-2.8244
510.0000,-0.0229,-0.2185,0.9331,-1.3130,-0.7710,-3.0992
517.0000,-0.0181,-0.2114,0.9194,-1.9008,-1.8244,-3.1679
503.0000,-0.0291,-0.2234,0.9099,-1.8321,-2.3130,-3.1679
472.0000,-0.0295,-0.2183,0.9084,-1.3969,-2.7252,-3.2061
513.0000,-0.0278,-0.2148,0.9026,-0.3511,-2.6260,-2.9389
479.0000,-0.0173,-0.2114,0.9009,0.2595,-2.5573,-2.5267
503.0000,-0.0293,-0.1943,0.8972,0.6260,-2.3130,-2.4962
501.0000,-0.0295,-0.1978,0.8770,0.7634,-2.2137,-2.2901
513.0000,-0.0291,-0.2017,0.8733,0.3664,-2.2290,-2.3206
503.0000,-0.0339,-0.2012,0.8845,-0.4809,-2.2290,-1.9389
522.0000,-0.0359,-0.2002,0.8728,-0.7328,-1.8931,-1.8397
437.0000,-0.0430,-0.1985,0.8916,-0.6183,-2.2061,-2.0382
483.0000,-0.0417,-0.2048,0.8965,-0.5420,-2.2901,-2.0153
545.0000,-0.0503,-0.1985,0.9004,-0.7557,-2.2061,-1.7176
454.0000,-0.0469,-0.2024,0.8940,-0.9618,-2.5649,-1.6183
496.0000,-0.0481,-0.2014,0.8875,-0.9008,-2.6412,-1.6565
502.0000,-0.0486,-0.1987,0.8962,-1.0000,-3.1527,-1.7710
432.0000,-0.0498,-0.2061,0.8936,-0.9466,-3.7786,-1.7023
522.0000,-0.0427,-0.2122,0.8977,-0.6641,-4.0763,-1.6412
522.0000,-0.0459,-0.2129,0.9009,-0.1908,-4.4885,-1.6794
496.0000,-0.0386,-0.2163,0.9177,0.7099,-4.9542,-1.7481
512.0000,-0.0469,-0.2102,0.9238,1.4122,-5.4427,-1.9237
552.0000,-0.0398,-0.2332,0.9297,1.9313,-5.6641,-2.1450
510.0000,-0.0361,-0.2339,0.9375,2.6183,-6.2061,-2.5344
469.0000,-0.0422,-0.2329,0.9495,3.2672,-6.3588,-3.1908
488.0000,-0.0425,-0.2405,0.9565,3.8855,-7.1679,-4.0534
501.0000,-0.0388,-0.2456,0.9575,4.0763,-8.1145,-5.0916
425.0000,-0.0220,-0.2307,0.9587,3.8626,-9.5115,-6.1603
559.0000,-0.0183,-0.2300,0.9692,3.5649,-10.5420,-7.2443
470.0000,-0.0242,-0.2305,0.9595,3.4656,-11.6489,-8.0992
475.0000,-0.0190,-0.2324,0.9766,3.6336,-13.1908,-8.5191
463.0000,-0.0125,-0.2205,0.9949,3.4733,-14.6489,-8.8397
562.0000,-0.0125,-0.2239,1.0186,3.6947,-15.7786,-8.9695
461.0000,-0.0208,-0.2344,1.0225,4.8779,-17.2672,-8.6565
447.0000,-0.0198,-0.2227,1.0386,5.5725,-19.5344,-7.9313
529.0000,-0.0225,-0.2131,1.0298,5.2290,-21.4046,-7.7176
476.0000,-0.0159,-0.2073,1.0454,4.9160,-23.3893,-6.9847
493.0000,-0.0232,-0.2117,1.0674,4.5954,-26.3206,-6.1527
441.0000,-0.0244,-0.2053,1.0813,3.7710,-28.9695,-5.4351
498.0000,-0.0273,-0.1899,1.1086,1.6336,-31.9389,-4.4733
625.0000,-0.0256,-0.1855,1.1130,-0.0153,-35.1069,-4.0000
491.0000,-0.0349,-0.1943,1.1433,-0.5496,-38.4580,-3.2443
411.0000,-0.0342,-0.1965,1.1479,-1.0916,-42.2443,-1.9924
508.0000,-0.0266,-0.1897,1.1411,-2.1985,-45.9466,-1.2443
534.0000,-0.0220,-0.1841,1.1418,-2.4046,-50.1985,-0.2595
418.0000,-0.0203,-0.1943,1.1328,-2.9237,-54.5649,0.3664
439.0000,-0.0195,-0.2009,1.1680,-3.7634,-58.7176,0.7939
531.0000,-0.0251,-0.2197,1.2056,-3.9084,-62.3206,0.8855
423.0000,-0.0344,-0.2195,1.2207,-3.9008,-66.4886,0.8626
550.0000,-0.0398,-0.2219,1.2429,-3.3130,-71.4122,0.6947
483.0000,-0.0398,-0.2146,1.2500,-2.0534,-77.4198,0.5954
462.0000,-0.0471,-0.2146,1.2700,-2.0000,-83.1832,0.1374
594.0000,-0.0364,-0.2114,1.2830,-3.0305,-89.6107,-0.6412
522.0000,-0.0320,-0.2170,1.3206,-3.6718,-95.3740,-1.7176
350.0000,-0.0349,-0.2244,1.3491,-4.1832,-101.9542,-2.4885
499.0000,-0.0178,-0.2021,1.3230,-5.0076,-109.3740,-2.9160
530.0000,-0.0005,-0.1956,1.2979,-5.6412,-116.6260,-4.4046
402.0000,0.0164,-0.1987,1.3010,-6.1450,-123.2824,-5.6260
478.0000,0.0254,-0.2190,1.3083,-6.5038,-130.6794,-6.4504
601.0000,0.0361,-0.2144,1.3167,-7.6794,-137.7786,-7.1450
479.0000,0.0454,-0.2175,1.3247,-8.6870,-144.5802,-7.9542
571.0000,0.0659,-0.2100,1.2871,-10.2366,-151.7023,-8.3817
492.0000,0.0933,-0.1948,1.2031,-12.5878,-158.8473,-9.3511
469.0000,0.1172,-0.1990,1.1438,-16.6107,-166.0534,-10.7099
497.0000,0.1499,-0.1975,1.1060,-21.5344,-171.8550,-11.9847
492.0000,0.1758,-0.2063,1.0972,-27.3053,-178.2061,-13.4809
450.0000,0.1868,-0.2266,1.0945,-33.0992,-183.1756,-15.0153
278.0000,0.2070,-0.2317,1.0706,-37.2290,-187.7405,-16.8855
670.0000,0.2134,-0.2407,1.0066,-37.5573,-191.7328,-18.2672
485.0000,0.2271,-0.2656,1.0166,-35.2443,-195.4733,-20.6260
480.0000,0.2637,-0.2917,0.9937,-27.8015,-198.5343,-21.8168
454.0000,0.2656,-0.2920,0.9719,-21.6794,-200.7633,-22.6412
499.0000,0.2693,-0.3206,0.9709,-15.2672,-203.2061,-23.9237
504.0000,0.2739,-0.3259,0.9419,-7.3206,-205.3664,-24.5725
369.0000,0.2681,-0.3230,0.9089,-0.8168,-207.6794,-24.4885
540.0000,0.2751,-0.2791,0.8137,3.3817,-210.1450,-24.2214
458.0000,0.2815,-0.2693,0.7856,6.0229,-212.9847,-24.7557
484.0000,0.2710,-0.2502,0.7617,6.1603,-215.9924,-24.4046
478.0000,0.2952,-0.1963,0.7144,-0.2214,-219.5191,-24.4885
502.0000,0.3093,-0.1799,0.6865,-8.1603,-221.8092,-25.2290
533.0000,0.3198,-0.1738,0.6594,-18.0840,-224.4886,-25.5496
546.0000,0.3315,-0.1506,0.6172,-30.5725,-226.9542,-26.4885
352.0000,0.3406,-0.1467,0.6584,-45.0687,-228.7176,-28.3893
660.0000,0.3638,-0.1165,0.6394,-62.6107,-230.2061,-29.6031
412.0000,0.4009,-0.0806,0.5957,-82.0687,-230.6641,-31.5114
429.0000,0.4404,-0.0771,0.5808,-102.4733,-230.3359,-36.1069
535.0000,0.4409,-0.1472,0.6313,-120.1145,-227.5725,-40.5115
208.0000,0.4326,-0.2117,0.6011,-124.8168,-224.9389,-43.4962
547.0000,0.4653,-0.2412,0.5457,-118.8855,-220.3740,-48.4656
480.0000,0.4778,-0.3369,0.5049,-107.2519,-212.9008,-53.8397
539.0000,0.5002,-0.3801,0.3928,-86.4275,-206.0229,-56.4122
359.0000,0.5105,-0.3804,0.2520,-61.1679,-200.9771,-58.6870
322.0000,0.5286,-0.4167,0.1736,-34.4198,-196.3435,-60.8931
529.0000,0.5554,-0.4111,0.1338,-12.2748,-189.5496,-60.4656
488.0000,0.5842,-0.3145,0.0327,6.2443,-180.3740,-59.8397
621.0000,0.5989,-0.2490,-0.0215,18.6031,-171.7863,-59.6031
467.0000,0.6543,-0.1460,-0.1040,25.1450,-162.7863,-59.0229
186.0000,0.6799,-0.0974,-0.1689,28.5267,-152.2443,-58.9313
438.0000,0.7041,-0.0627,-0.2463,27.1374,-141.2214,-58.2061
667.0000,0.7151,-0.0037,-0.3569,24.0076,-130.5878,-55.5802
149.0000,0.7539,-0.0002,-0.4524,21.4427,-119.6336,-52.5420
520.0000,0.7759,0.0293,-0.5332,19.0076,-107.7405,-47.9542
224.0000,0.8047,0.0623,-0.5886,16.8321,-95.6031,-42.4656
562.0000,0.8342,0.0710,-0.6147,11.4122,-81.2443,-35.5878
487.0000,0.8752,0.0942,-0.6216,7.7481,-65.6565,-29.0305
455.0000,0.8792,0.0552,-0.5791,5.6947,-48.8626,-23.2519
574.0000,0.8889,0.0898,-0.5728,5.9237,-32.9313,-16.9008
545.0000,0.9023,0.1033,-0.4978,3.6641,-15.9924,-11.1069
440.0000,0.8989,0.0991,-0.3992,3.9084,1.9847,-6.1756
523.0000,0.8831,0.0742,-0.3303,6.3206,18.2519,-1.6870
487.0000,0.8511,0.0305,-0.2644,13.1374,32.7481,2.3588
457.0000,0.8333,0.0166,-0.2122,20.9542,45.8321,7.3130
499.0000,0.8025,0.0195,-0.1812,27.1374,56.5344,11.7023
523.0000,0.7842,0.0063,-0.1492,32.3359,65.6031,15.5038
387.0000,0.7671,0.0049,-0.1074,33.7481,73.5344,19.0305
596.0000,0.7488,-0.0029,-0.0654,33.8626,80.0916,22.0000
528.0000,0.7402,-0.0234,-0.0164,33.5191,86.6031,25.1527
455.0000,0.7263,-0.0046,0.0164,30.2519,90.4580,28.5878
488.0000,0.7559,-0.0061,0.0105,26.0763,95.9084,30.6031
514.0000,0.7439,-0.0244,0.0188,21.9847,99.1374,32.5573
492.0000,0.7466,-0.0359,0.0303,20.0611,101.2366,34.3053
508.0000,0.7717,-0.0483,0.0457,17.0534,104.9695,35.2748
495.0000,0.7908,-0.0681,0.0647,13.7481,109.9618,36.1069
455.0000,0.8030,-0.0859,0.0994,9.5573,114.3664,36.5496
595.0000,0.8123,-0.1025,0.1279,5.9313,119.9466,37.3359
454.0000,0.8164,-0.1211,0.1426,3.8168,125.7557,36.6870
485.0000,0.8086,-0.1611,0.1748,4.6336,131.2519,35.8855
485.0000,0.7974,-0.1951,0.2202,7.7863,136.4886,34.9924
482.0000,0.7834,-0.2126,0.2388,11.7863,141.6870,33.8092
600.0000,0.7751,-0.2124,0.2437,15.3664,146.3359,32.8473
558.0000,0.7500,-0.2144,0.2241,18.3893,150.8321,31.3817
474.0000,0.7363,-0.2273,0.2493,21.8397,154.8855,29.7328
519.0000,0.7070,-0.2268,0.2593,24.6489,158.6412,28.1832
458.0000,0.6870,-0.2158,0.2971,26.5573,161.6870,26.7405
570.0000,0.6677,-0.1982,0.3184,27.5649,164.3130,25.6260
493.0000,0.6570,-0.1921,0.3215,30.3969,166.0611,24.1298
485.0000,0.6387,-0.2217,0.3613,34.7328,168.1145,22.8015
477.0000,0.6157,-0.2178,0.4343,37.6947,170.0305,22.0611
487.0000,0.5933,-0.1936,0.4897,38.8244,170.9466,21.0076
505.0000,0.5923,-0.1641,0.5112,39.0153,172.4580,19.9924
522.0000,0.5845,-0.1409,0.5317,38.4275,173.5649,18.6336
475.0000,0.5681,-0.1572,0.6023,37.4962,174.7557,16.4580
558.0000,0.5420,-0.1523,0.6250,33.4198,175.8931,14.7405
505.0000,0.5093,-0.1226,0.6152,27.9237,175.3893,13.5878
469.0000,0.4927,-0.1443,0.6074,23.6870,174.5267,12.2443
545.0000,0.4629,-0.1475,0.6055,19.3588,172.9466,11.6718
463.0000,0.4470,-0.1331,0.6091,13.9237,171.8473,11.4733
490.0000,0.4211,-0.1421,0.6338,9.0458,171.0611,11.0916
544.0000,0.4055,-0.1384,0.6587,5.0458,169.1298,10.5954
462.0000,0.3901,-0.1650,0.7351,3.1679,166.7633,10.6183
638.0000,0.3713,-0.1858,0.7954,1.8855,165.0076,10.9160
452.0000,0.3455,-0.1736,0.8389,3.5496,163.5191,11.2748
510.0000,0.3472,-0.1858,0.9272,6.8015,163.4198,10.6412
480.0000,0.3247,-0.1892,0.9583,9.8168,161.6565,10.3969
469.0000,0.2815,-0.1599,0.9438,10.3511,158.8244,9.8931
572.0000,0.2837,-0.1450,0.9519,7.7099,155.1374,9.2519
487.0000,0.2834,-0.1360,0.9351,4.4733,152.0916,8.8550
481.0000,0.2688,-0.1472,0.9578,0.7557,149.8321,7.9924
492.0000,0.2456,-0.1550,0.9624,-3.9542,146.9389,7.6489
513.0000,0.2273,-0.1323,0.9221,-9.3817,142.9771,7.1069
524.0000,0.2290,-0.1418,0.9016,-15.0840,139.6641,7.3435
480.0000,0.2280,-0.1772,0.9226,-16.4122,135.7786,7.0153
520.0000,0.2187,-0.1926,0.9548,-15.9542,133.2672,7.4427
463.0000,0.2043,-0.1863,0.9563,-17.5649,130.4962,8.3206
384.0000,0.2080,-0.2019,0.9612,-17.8092,128.4962,8.5496
597.0000,0.2041,-0.1934,0.9600,-17.9160,126.6718,8.8168
440.0000,0.2002,-0.1809,0.9954,-18.8244,125.6641,8.5344
493.0000,0.1865,-0.2273,1.0681,-16.3817,125.7710,7.3359
626.0000,0.1597,-0.2212,1.0969,-14.5496,125.4351,6.9084
513.0000,0.1182,-0.2095,1.0723,-13.8397,123.4504,6.4275
490.0000,0.0972,-0.2830,1.0967,-7.6260,120.4580,5.3359
581.0000,0.0813,-0.2637,1.0935,-4.1069,119.2824,5.9084
478.0000,0.0630,-0.2341,1.0552,-3.5267,117.0992,6.0534
491.0000,0.0486,-0.2170,1.0283,-3.0305,112.6870,5.4733
463.0000,0.0322,-0.2122,1.0022,-3.4504,107.7557,5.0458
518.0000,0.0305,-0.1807,0.9912,-9.1145,103.0992,5.2901
495.0000,0.0247,-0.1934,1.0151,-14.2443,99.5649,5.0000
429.0000,0.0313,-0.2310,1.0701,-15.6947,96.3664,5.5573
445.0000,-0.0002,-0.2266,1.0869,-17.6870,92.6031,5.8855
524.0000,-0.0012,-0.2246,1.0955,-19.1908,86.8473,6.0687
495.0000,0.0068,-0.2546,1.1304,-15.4122,86.7557,5.7176
455.0000,-0.0095,-0.2507,1.1650,-10.6412,83.0687,5.5573
508.0000,-0.0176,-0.2249,1.1646,-8.6641,79.5115,5.4809
572.0000,-0.0176,-0.2290,1.1472,-8.3130,77.3588,5.2901
448.0000,-0.0208,-0.2380,1.1433,-6.8168,74.9771,4.9542
494.0000,-0.0303,-0.2397,1.1360,-5.5878,71.4198,4.6183
460.0000,-0.0447,-0.2061,1.1140,-7.2443,67.9466,4.5802
547.0000,-0.0437,-0.2017,1.0833,-9.9618,64.4351,4.4427
483.0000,-0.0442,-0.2129,1.0874,-10.0992,60.6641,3.6641
518.0000,-0.0505,-0.2268,1.1008,-10.0229,57.3740,3.6870
414.0000,-0.0642,-0.2278,1.1079,-10.6794,53.5573,3.8473
535.0000,-0.0681,-0.2197,1.1021,-11.9313,50.0611,4.0000
540.0000,-0.0627,-0.2168,1.0994,-12.1603,46.7557,4.0992
454.0000,-0.0647,-0.2346,1.1172,-10.6565,43.5802,4.2290
496.0000,-0.0725,-0.2292,1.1187,-9.8626,40.4198,4.3664
519.0000,-0.0576,-0.2109,1.1089,-9.9008,37.5344,4.1527
468.0000,-0.0537,-0.2200,1.0937,-9.5649,34.9160,3.9847
513.0000,-0.0491,-0.2178,1.0891,-8.6260,32.1985,4.1527
541.0000,-0.0630,-0.2324,1.0720,-7.7328,29.9313,3.7634
457.0000,-0.0566,-0.2285,1.0757,-6.5496,27.7023,3.8244
537.0000,-0.0544,-0.2263,1.0686,-5.4885,25.7405,3.7176
523.0000,-0.0505,-0.2217,1.0449,-4.9847,23.5038,3.0687
483.0000,-0.0471,-0.2173,1.0154,-4.0534,21.4504,3.0992
485.0000,-0.0522,-0.2207,1.0088,-4.4351,19.1298,2.7710
546.0000,-0.0383,-0.2205,0.9878,-4.6794,17.3740,2.9313
499.0000,-0.0356,-0.2051,0.9805,-5.8244,16.0382,2.7939
489.0000,-0.0347,-0.2151,0.9805,-5.9084,14.0916,2.6412
514.0000,-0.0339,-0.2180,0.9846,-5.9237,12.7786,2.5496
496.0000,-0.0391,-0.2163,0.9893,-5.4275,11.7405,2.3206
452.0000,-0.0366,-0.2234,0.9841,-4.3282,10.5344,2.3511
507.0000,-0.0308,-0.2117,0.9668,-3.9084,9.5191,2.0458
523.0000,-0.0264,-0.2153,0.9502,-3.8473,8.4809,1.8397
513.0000,-0.0229,-0.2119,0.9414,-3.6336,7.4733,1.4198
536.0000,-0.0229,-0.2180,0.9514,-3.9160,6.2061,0.9084
500.0000,-0.0261,-0.2205,0.9500,-3.7405,5.3664,1.0382
447.0000,-0.0215,-0.2278,0.9465,-3.6412,4.3206,0.5878
496.0000,-0.0144,-0.2192,0.9519,-3.8397,3.2061,0.3359
528.0000,-0.0083,-0.2205,0.9353,-3.7939,2.1603,-0.1527
470.0000,-0.0107,-0.2180,0.9377,-3.4427,1.4046,-0.2214
522.0000,-0.0144,-0.2300,0.9268,-3.0458,0.9084,-0.4656
507.0000,-0.0107,-0.2283,0.9263,-2.5878,0.6107,-0.6107
461.0000,-0.0120,-0.2209,0.9097,-2.6107,0.0687,-0.7405
500.0000,0.0015,-0.2085,0.9104,-2.8168,-0.2290,-0.7481
551.0000,-0.0020,-0.2134,0.8962,-3.2061,-0.6870,-0.9771
472.0000,-0.0051,-0.2139,0.8875,-3.2672,-0.4504,-1.1679
499.0000,-0.0002,-0.2075,0.8921,-3.7405,-0.4198,-1.2290
464.0000,-0.0073,-0.2046,0.8774,-4.3893,-0.0992,-1.2595
537.0000,-0.0081,-0.2058,0.8774,-4.6565,-0.2290,-1.5267
492.0000,-0.0059,-0.2036,0.8726,-4.8626,0.2901,-1.6183
521.0000,-0.0134,-0.2214,0.8782,-3.6794,1.0840,-1.4427
471.0000,-0.0161,-0.2151,0.8716,-2.4962,1.0534,-1.2137
466.0000,-0.0151,-0.2061,0.8792,-2.2061,1.3359,-1.3130
535.0000,-0.0242,-0.1946,0.8743,-2.5725,1.4351,-1.2443
508.0000,-0.0266,-0.2041,0.8782,-2.6641,1.6412,-1.0916
500.0000,-0.0374,-0.2083,0.8755,-2.9389,1.7099,-0.7328
528.0000,-0.0400,-0.2117,0.8860,-2.9771,2.1603,-0.8015
475.0000,-0.0454,-0.2063,0.8987,-3.0305,2.0611,-0.7939
477.0000,-0.0476,-0.1919,0.8904,-3.2061,1.9847,-0.8244
563.0000,-0.0498,-0.1880,0.8816,-3.7023,1.2977,-0.8779
505.0000,-0.0552,-0.2043,0.8889,-3.7557,1.1069,-1.0611