raw_emg,raw_ax,raw_ay,raw_az,raw_gx,raw_gy,raw_gz
105.0000,0.1877,-0.1836,0.8850,-5.3740,9.6260,1.7405
184.0000,0.1943,-0.1853,0.8994,-4.9237,9.9313,1.5649
188.0000,0.1848,-0.1899,0.9067,-4.2901,10.3130,1.2748
154.0000,0.1831,-0.1863,0.9116,-2.7481,10.7557,1.2290
146.0000,0.1821,-0.1858,0.9153,-1.6718,11.0534,0.7481
233.0000,0.1741,-0.1797,0.9143,-1.3893,11.2214,0.5802
151.0000,0.1772,-0.1746,0.9124,-1.4351,11.2977,0.5038
176.0000,0.1724,-0.1709,0.8953,-2.0534,10.9313,0.6489
180.0000,0.1680,-0.1775,0.8931,-3.0687,10.6794,0.4733
154.0000,0.1699,-0.1765,0.8909,-4.2061,9.9847,0.6031
189.0000,0.1790,-0.1738,0.8938,-4.6031,9.7786,0.7023
193.0000,0.1738,-0.1841,0.8992,-4.6794,9.1908,0.6565
185.0000,0.1729,-0.1882,0.8958,-4.4656,8.9771,0.8702
177.0000,0.1785,-0.1875,0.8962,-3.8931,8.5878,0.9847
207.0000,0.1763,-0.1924,0.9016,-3.1679,8.6336,1.0153
196.0000,0.1736,-0.1792,0.9058,-2.9084,8.6336,0.8244
153.0000,0.1780,-0.1726,0.8977,-2.5954,8.5725,0.7710
191.0000,0.1797,-0.1733,0.8870,-2.7939,8.4275,0.7405
232.0000,0.1846,-0.1721,0.8723,-3.3130,8.3282,0.6412
172.0000,0.1838,-0.1770,0.8821,-3.7252,8.6260,0.6565
236.0000,0.1787,-0.1797,0.8845,-4.0229,8.8702,0.7634
201.0000,0.1819,-0.1802,0.8770,-4.1450,8.8550,1.0687
207.0000,0.1777,-0.1794,0.8723,-3.7634,9.4733,1.1069
202.0000,0.1782,-0.1812,0.8740,-3.0076,9.4733,0.9084
239.0000,0.1794,-0.1833,0.8606,-2.3435,9.8702,0.8855
206.0000,0.1826,-0.1799,0.8616,-2.0992,9.9542,1.0153
207.0000,0.1797,-0.1750,0.8564,-2.2214,10.7481,1.0611
203.0000,0.1682,-0.1719,0.8604,-2.8473,10.9313,0.8397
304.0000,0.1758,-0.1807,0.8564,-3.5496,11.5420,1.1221
196.0000,0.1746,-0.1836,0.8594,-3.9847,12.0076,1.1145
218.0000,0.1628,-0.1777,0.8794,-3.5496,13.0611,1.0534
217.0000,0.1599,-0.1907,0.8894,-3.1985,13.3282,1.0534
154.0000,0.1531,-0.1790,0.8967,-2.9771,13.5725,1.0305
273.0000,0.1448,-0.1746,0.8833,-2.2977,13.6489,0.8092
231.0000,0.1453,-0.1711,0.8828,-2.1603,13.8473,0.9771
227.0000,0.1453,-0.1802,0.8979,-2.2748,13.7557,0.8397
222.0000,0.1292,-0.1807,0.8926,-2.2061,13.4809,1.2366
240.0000,0.1316,-0.1816,0.8940,-2.2672,13.4046,1.3053
260.0000,0.1333,-0.1814,0.8977,-2.3130,13.0076,1.3282
246.0000,0.1289,-0.1802,0.9001,-2.4962,12.2824,1.3206
227.0000,0.1301,-0.1746,0.9001,-2.8702,12.0153,1.5267
199.0000,0.1328,-0.1719,0.8926,-3.5191,11.7557,1.7252
255.0000,0.1355,-0.1741,0.9021,-3.8550,11.5954,1.8321
246.0000,0.1328,-0.1758,0.9009,-4.1221,11.4198,1.8855
252.0000,0.1372,-0.1741,0.8977,-3.9466,11.1832,1.8244
244.0000,0.1367,-0.1814,0.8960,-3.7863,11.0840,1.5878
218.0000,0.1443,-0.1833,0.8916,-3.7634,11.2595,1.7481
251.0000,0.1438,-0.1821,0.8923,-3.9237,11.4733,1.6183
305.0000,0.1399,-0.1819,0.8794,-3.5496,11.4733,1.6641
237.0000,0.1411,-0.1873,0.9006,-3.5573,11.9237,1.6260
202.0000,0.1367,-0.1921,0.9009,-3.3740,12.4351,1.6260
289.0000,0.1333,-0.1851,0.8948,-3.1603,12.6260,1.5191
282.0000,0.1340,-0.1870,0.8782,-2.8779,12.6107,1.4198
230.0000,0.1323,-0.1887,0.8875,-2.4198,12.5420,1.4351
276.0000,0.1277,-0.1816,0.8740,-2.5115,13.0076,1.4885
313.0000,0.1238,-0.1882,0.8833,-2.9008,13.0153,1.2061
261.0000,0.1265,-0.1809,0.8916,-3.4122,12.8931,1.1832
261.0000,0.1218,-0.1934,0.8896,-3.7710,12.8779,1.0305
250.0000,0.1157,-0.1873,0.8936,-3.7481,13.0763,1.2824
247.0000,0.1023,-0.1895,0.8979,-3.2748,12.9389,0.9313
267.0000,0.1025,-0.1870,0.8970,-2.7252,12.5954,0.8855
289.0000,0.0994,-0.1885,0.9045,-2.3817,12.5344,0.4885
262.0000,0.1013,-0.1877,0.8970,-2.7405,11.7863,0.4733
240.0000,0.0906,-0.1890,0.9219,-2.9618,11.6489,0.6412
272.0000,0.0942,-0.1875,0.9104,-3.7176,11.2901,0.3664
217.0000,0.0906,-0.1819,0.9111,-4.5191,10.8702,0.6565
304.0000,0.0854,-0.1846,0.9094,-5.0763,10.1756,0.4046
228.0000,0.0947,-0.1816,0.8987,-5.7557,9.8702,0.3817
292.0000,0.0952,-0.1941,0.9092,-6.0916,9.5878,0.2977
241.0000,0.0869,-0.2031,0.9143,-6.0611,9.3435,0.5115
309.0000,0.0940,-0.2002,0.9138,-5.5878,9.1221,0.2443
288.0000,0.0959,-0.2002,0.9143,-4.8397,9.1832,0.1145
293.0000,0.0955,-0.1951,0.9077,-3.8092,8.5420,-0.2443
282.0000,0.0938,-0.1934,0.8931,-3.1832,8.1985,-0.5573
296.0000,0.0916,-0.1887,0.8865,-3.0763,7.5649,-0.6794
288.0000,0.0938,-0.1924,0.8865,-3.7634,7.4580,-0.8321
310.0000,0.0920,-0.1865,0.9006,-4.3435,7.1527,-0.9466
326.0000,0.1082,-0.1836,0.8892,-5.0840,7.1679,-1.1145
284.0000,0.1062,-0.1855,0.8850,-5.2977,7.1450,-0.8626
308.0000,0.1104,-0.1814,0.9036,-5.1985,7.4198,-0.7405
275.0000,0.1182,-0.1785,0.9016,-4.7328,8.0534,-0.4427
328.0000,0.1162,-0.1855,0.9053,-4.2443,8.6641,-0.4885
303.0000,0.1201,-0.1775,0.9014,-3.4046,9.2901,-0.4580
291.0000,0.1206,-0.1765,0.9089,-2.7634,10.0000,-0.2290
302.0000,0.1216,-0.1721,0.9148,-1.8779,10.2748,-0.2366
288.0000,0.1091,-0.1685,0.9082,-1.6260,10.4122,-0.0229
363.0000,0.1118,-0.1687,0.9028,-1.7099,10.5573,0.2672
313.0000,0.1147,-0.1584,0.9111,-2.3282,10.1679,0.0763
304.0000,0.1003,-0.1616,0.9111,-2.9771,9.8397,0.6412
280.0000,0.0964,-0.1724,0.9294,-2.8931,9.9618,0.7557
222.0000,0.1006,-0.1670,0.9490,-2.3053,9.7786,1.0687
353.0000,0.0972,-0.1707,0.9814,-1.2137,9.2137,0.9542
401.0000,0.0835,-0.1753,0.9868,0.7176,8.6336,0.8779
232.0000,0.0815,-0.1753,1.0105,2.3664,7.7939,0.7863
361.0000,0.0684,-0.1748,1.0420,4.7023,6.9008,1.0992
265.0000,0.0542,-0.1777,1.0676,6.3893,5.8015,1.2366
330.0000,0.0471,-0.1716,1.0937,7.7481,3.8931,1.3206
285.0000,0.0342,-0.1714,1.1079,9.4656,0.9618,1.5573
285.0000,0.0227,-0.1746,1.1196,9.7099,-2.7710,1.5878
321.0000,0.0117,-0.1829,1.1516,9.8626,-6.3664,1.6794
346.0000,-0.0007,-0.1860,1.1660,9.8931,-11.0763,2.2519
327.0000,-0.0151,-0.1899,1.2002,10.1145,-16.6718,2.3664
277.0000,-0.0386,-0.1951,1.2424,10.8168,-22.2748,2.6412
343.0000,-0.0469,-0.2017,1.2686,11.5954,-28.2748,2.8931
293.0000,-0.0559,-0.1880,1.2888,10.6489,-35.3282,2.9160
331.0000,-0.0698,-0.1826,1.3093,9.1603,-42.0229,2.5954
266.0000,-0.0625,-0.1731,1.3347,7.0992,-49.3664,2.7786
363.0000,-0.0688,-0.1721,1.3381,3.6260,-57.1985,2.8779
334.0000,-0.0615,-0.1792,1.3474,0.2366,-65.0305,2.9084
371.0000,-0.0527,-0.1880,1.3606,-2.3282,-72.5420,2.7557
325.0000,-0.0427,-0.2046,1.3757,-4.0000,-80.0611,2.5267
289.0000,-0.0251,-0.2083,1.3694,-4.4046,-88.2443,1.9466
435.0000,-0.0115,-0.2043,1.3386,-4.9618,-97.2290,1.9160
330.0000,0.0110,-0.2065,1.3140,-6.0763,-104.6489,1.6565
208.0000,0.0383,-0.2244,1.3074,-6.9466,-112.0382,1.4962
377.0000,0.0396,-0.2273,1.2610,-7.5649,-119.0000,2.0687
361.0000,0.0813,-0.2207,1.2021,-9.4656,-126.1069,2.3282
310.0000,0.1079,-0.2334,1.1868,-9.9008,-131.7939,2.1985
310.0000,0.1270,-0.2498,1.1482,-9.1908,-136.9618,2.7099
385.0000,0.1528,-0.2388,1.0925,-9.2443,-142.5420,3.3053
313.0000,0.1807,-0.2356,1.0435,-9.2977,-147.6641,3.5420
358.0000,0.2163,-0.2305,1.0090,-9.5573,-151.7710,3.7557
368.0000,0.2366,-0.2192,0.9607,-10.3282,-156.5572,3.7634
320.0000,0.2607,-0.2126,0.9568,-14.1756,-157.0153,4.0687
382.0000,0.2791,-0.2039,0.9612,-15.3817,-159.8092,3.2137
295.0000,0.3013,-0.1816,0.9644,-17.8626,-159.3282,2.5954
332.0000,0.3042,-0.1638,0.9316,-22.1908,-160.5649,1.4809
438.0000,0.3223,-0.1938,0.9509,-22.1374,-159.9542,-0.2061
301.0000,0.3308,-0.2080,0.9478,-21.8015,-157.2595,-1.8168
417.0000,0.3342,-0.1970,0.9336,-21.3435,-155.2519,-2.8397
275.0000,0.3308,-0.1699,0.8767,-22.4046,-156.0382,-4.4580
369.0000,0.3501,-0.1746,0.8452,-22.6260,-156.5725,-6.4122
358.0000,0.3601,-0.2053,0.8000,-18.5878,-155.5038,-7.6489
323.0000,0.3569,-0.1992,0.7500,-19.5649,-157.6336,-8.7099
283.0000,0.3699,-0.2000,0.7119,-20.5649,-160.5267,-9.6336
367.0000,0.3918,-0.2424,0.7534,-18.3817,-160.4580,-10.7252
384.0000,0.3938,-0.2319,0.7739,-18.8397,-160.6947,-11.0305
306.0000,0.4121,-0.2231,0.7397,-17.1908,-161.8550,-11.8550
397.0000,0.4304,-0.2246,0.7483,-13.7328,-162.6717,-12.9695
316.0000,0.4253,-0.2212,0.7563,-10.4046,-162.6717,-13.4427
475.0000,0.4460,-0.2231,0.7515,-8.0763,-163.6717,-13.7405
300.0000,0.4507,-0.1880,0.7205,-5.0076,-163.5267,-13.5725
387.0000,0.4678,-0.1926,0.7119,-4.1069,-164.3511,-13.8550
306.0000,0.4824,-0.1672,0.6699,-2.7786,-164.6412,-13.2595
386.0000,0.4998,-0.1560,0.6538,-2.8244,-165.0992,-12.6412
410.0000,0.5115,-0.1270,0.5894,-3.9237,-166.3282,-11.9466
320.0000,0.5303,-0.1250,0.5908,-4.5802,-167.4046,-11.4504
293.0000,0.5371,-0.1401,0.5776,-6.0840,-167.4886,-10.5573
371.0000,0.5374,-0.1016,0.5334,-9.0763,-168.9771,-8.3893
375.0000,0.5481,-0.0818,0.4785,-14.2061,-170.8550,-7.0611
432.0000,0.5696,-0.0996,0.4719,-19.8168,-171.3664,-6.0076
271.0000,0.5757,-0.1125,0.4883,-23.8092,-171.2672,-4.3130
400.0000,0.5786,-0.1042,0.4641,-28.2137,-171.8702,-2.7557
424.0000,0.5913,-0.1230,0.4558,-29.2824,-172.6794,-2.2137
309.0000,0.6111,-0.1243,0.4495,-27.6489,-172.5420,-1.1374
405.0000,0.6243,-0.1179,0.4177,-24.4733,-170.2137,-0.1985
362.0000,0.6313,-0.1616,0.4080,-19.9618,-168.8702,-0.2519
342.0000,0.6375,-0.1504,0.3718,-15.1069,-167.6031,0.8244
284.0000,0.6628,-0.1628,0.3728,-8.9160,-164.6717,1.1298
420.0000,0.6755,-0.1553,0.3533,-4.1679,-161.8550,1.5115
260.0000,0.6831,-0.1575,0.3350,0.5802,-160.0687,1.7176
405.0000,0.7041,-0.1489,0.3113,5.1145,-156.9618,1.4122
388.0000,0.7183,-0.1587,0.2900,9.6565,-154.2290,0.7176
332.0000,0.7446,-0.1697,0.2766,15.1985,-150.8931,0.2977
406.0000,0.7546,-0.1807,0.2852,20.4733,-146.9695,-0.7099
392.0000,0.7781,-0.1934,0.2937,24.9924,-143.5878,-1.9389
541.0000,0.7886,-0.1851,0.2866,33.7328,-141.6565,-2.7710
389.0000,0.7988,-0.1670,0.2769,44.9313,-136.2901,-4.9542
240.0000,0.7859,-0.1965,0.2224,48.3359,-137.5114,-4.6947
343.0000,0.8018,-0.1907,0.2029,48.3206,-133.4504,-5.4198
527.0000,0.8196,-0.1782,0.1682,54.3588,-129.9008,-5.8092
291.0000,0.8279,-0.1577,0.1328,53.7252,-127.3588,-6.5115
394.0000,0.8462,-0.1689,0.1296,54.6412,-124.2901,-7.3435
327.0000,0.8679,-0.1729,0.0818,58.0687,-122.1603,-7.5267
538.0000,0.8687,-0.1577,-0.0168,60.2290,-122.4351,-7.1298
232.0000,0.8914,-0.1396,-0.0615,61.6947,-122.4580,-7.2672
460.0000,0.8960,-0.1917,-0.1208,59.9237,-122.3053,-7.1603
412.0000,0.9521,-0.1589,-0.1077,48.8397,-113.6641,-7.3282
400.0000,0.9072,-0.1770,-0.1362,48.5115,-115.7252,-5.2061
300.0000,0.9687,-0.1360,-0.1760,44.3130,-108.8931,-5.8321
509.0000,0.9177,-0.1318,-0.1619,56.6183,-112.7023,-5.8092
463.0000,0.9805,-0.1621,-0.1538,67.8550,-107.1832,-5.2672
334.0000,1.0386,-0.1235,-0.1792,52.0000,-88.3359,-1.9847
383.0000,0.9900,-0.1411,-0.1523,57.6336,-73.8779,0.9771
447.0000,0.9456,-0.1606,-0.1843,52.2901,-71.7710,1.4809
349.0000,0.9854,-0.1670,-0.1958,49.7176,-69.3893,2.6031
277.0000,0.9985,-0.1787,-0.1855,47.8550,-60.3893,2.8931
424.0000,1.0344,-0.1936,-0.1528,40.1374,-44.0076,2.7863
406.0000,0.9609,-0.2368,-0.1641,47.3664,-47.0687,3.5649
364.0000,1.0208,-0.1887,-0.1416,38.5420,-32.7939,3.5496
386.0000,0.9980,-0.2073,-0.1470,37.8244,-29.7328,3.6794
431.0000,0.9897,-0.1912,-0.1904,31.9084,-20.9924,2.7939
404.0000,1.0195,-0.1831,-0.1616,25.2901,-8.4275,3.0687
350.0000,1.0205,-0.1890,-0.1677,17.9389,2.5267,2.5344
293.0000,1.0237,-0.1978,-0.1536,10.5954,14.9008,1.6031
409.0000,0.9937,-0.2212,-0.1482,6.5649,23.2977,0.4885
445.0000,1.0056,-0.2100,-0.1511,1.0229,28.9160,-0.0229
488.0000,1.0015,-0.1904,-0.1477,-3.5496,34.2977,-1.5267
370.0000,0.9944,-0.2019,-0.1243,-4.8092,38.5191,-3.0382
392.0000,0.9958,-0.1995,-0.0894,-6.9847,43.2290,-4.8244
434.0000,0.9924,-0.1848,-0.0723,-6.5802,47.1221,-6.4427
383.0000,0.9639,-0.1824,-0.0740,-4.4504,47.1221,-8.0763
317.0000,0.9272,-0.2097,-0.0671,9.2061,39.1527,-7.9695
411.0000,0.9456,-0.2056,-0.0630,18.5420,36.8092,-8.8779
395.0000,0.9573,-0.1880,-0.0930,16.5496,39.0840,-9.9466
404.0000,0.9734,-0.2056,-0.1086,16.4656,48.6489,-10.1832
386.0000,0.9380,-0.2041,-0.0957,6.3130,57.5115,-10.3664
478.0000,0.9211,-0.2334,-0.0896,-3.5420,57.0382,-10.1679
412.0000,0.9390,-0.2019,-0.0842,-15.9008,62.6336,-11.0534
390.0000,0.9473,-0.1799,-0.0674,-15.1527,72.4351,-11.6565
367.0000,0.9277,-0.1809,-0.0315,-13.9847,73.1908,-13.3588
340.0000,0.9321,-0.1619,-0.0146,-12.3130,77.0687,-15.1679
520.0000,0.9277,-0.1550,-0.0173,-10.2672,81.7557,-16.4504
368.0000,0.9321,-0.1299,-0.0273,-10.6565,87.7939,-17.1832
383.0000,0.9250,-0.1284,-0.0068,-17.4809,90.1679,-18.0611
445.0000,0.9351,-0.1243,0.0117,-28.3282,99.4886,-18.6107
374.0000,0.9263,-0.1206,0.0154,-33.5344,105.7634,-18.6565
446.0000,0.9011,-0.1270,0.0059,-37.1756,108.8550,-18.7634
401.0000,0.8977,-0.1201,0.0215,-36.2595,112.6183,-18.9008
379.0000,0.8943,-0.1379,0.0964,-33.8092,117.2214,-19.1221
385.0000,0.8892,-0.1257,0.1152,-33.2977,121.4580,-19.1756
422.0000,0.8921,-0.1272,0.1074,-34.0763,126.0229,-19.4122
436.0000,0.8745,-0.1228,0.0918,-35.3893,131.3817,-19.5038
387.0000,0.8594,-0.1245,0.1047,-34.8855,136.0076,-19.2214
290.0000,0.8550,-0.1316,0.1155,-32.6947,140.4504,-19.3969
540.0000,0.8469,-0.1260,0.1489,-29.5725,144.1450,-19.8626
360.0000,0.8296,-0.1191,0.1282,-26.4809,147.5191,-19.4885
402.0000,0.8416,-0.0972,0.1265,-30.0153,154.6565,-20.7634
390.0000,0.7996,-0.1182,0.1602,-23.1298,157.5114,-21.1145
430.0000,0.7896,-0.1174,0.1577,-17.9924,160.1145,-21.6183
304.0000,0.7642,-0.1113,0.1880,-19.9237,163.2137,-21.9542
546.0000,0.7490,-0.1152,0.2075,-16.7252,166.8015,-22.7023
393.0000,0.7161,-0.1091,0.2417,-18.4733,170.3817,-22.5725
398.0000,0.7007,-0.1265,0.3542,-19.1145,173.0840,-23.3053
422.0000,0.6995,-0.1072,0.4072,-14.9313,177.6488,-24.6641
413.0000,0.6819,-0.0974,0.4302,-10.0916,178.9618,-25.8168
366.0000,0.6780,-0.1016,0.4561,-10.1756,181.4809,-27.3893
375.0000,0.6555,-0.0793,0.4570,-9.0382,184.0840,-28.4656
426.0000,0.6252,-0.0610,0.4170,-9.8931,184.9313,-28.7863
404.0000,0.5957,-0.0442,0.3577,-13.0305,183.8397,-29.3817
451.0000,0.5771,-0.0417,0.2830,-18.4885,181.3511,-28.6489
348.0000,0.5405,-0.0410,0.2498,-28.7710,179.3511,-27.3817
455.0000,0.5022,-0.0779,0.3308,-36.5573,173.6641,-26.4504
399.0000,0.5066,-0.0750,0.3862,-48.0229,172.6565,-23.8931
482.0000,0.4978,-0.0789,0.4277,-55.2748,171.3282,-21.9008
394.0000,0.4871,-0.1223,0.4885,-58.9237,169.7557,-20.0840
404.0000,0.4741,-0.1680,0.6311,-56.3893,168.3435,-18.8015
432.0000,0.4568,-0.1382,0.6917,-52.4275,168.4504,-17.1145
412.0000,0.4277,-0.1230,0.7017,-48.2443,168.3969,-16.1985
359.0000,0.4312,-0.1460,0.7275,-42.0687,167.1450,-16.0305
479.0000,0.4253,-0.1089,0.7173,-39.0229,168.6565,-15.1985
396.0000,0.4080,-0.0750,0.6758,-40.4351,169.6794,-13.5420
367.0000,0.3892,-0.0852,0.6875,-48.5725,167.5878,-13.0611
564.0000,0.3701,-0.0864,0.6736,-51.8855,164.7481,-11.0534
389.0000,0.3613,-0.0845,0.6682,-53.8626,166.4962,-9.4733
357.0000,0.3367,-0.1472,0.7646,-57.2137,166.9466,-8.4809
488.0000,0.3059,-0.1726,0.8545,-51.4656,165.3817,-6.7023
405.0000,0.2932,-0.1709,0.9148,-45.4427,165.2290,-5.4046
446.0000,0.2734,-0.2031,1.0278,-37.2214,166.0611,-5.9389
423.0000,0.2637,-0.1978,1.0671,-22.4046,166.9389,-6.6412
461.0000,0.2437,-0.1628,1.0593,-14.0458,165.7939,-6.7634
413.0000,0.2390,-0.1396,1.0400,-8.3664,164.0763,-8.1832
370.0000,0.2207,-0.1265,1.0295,-6.3359,162.0916,-9.0840
530.0000,0.1921,-0.0776,0.9834,-10.2214,159.4351,-8.7023
406.0000,0.1787,-0.0894,0.9277,-18.8702,154.8855,-8.2977
391.0000,0.1794,-0.1201,0.9172,-27.0458,150.5267,-7.4122
429.0000,0.1482,-0.1208,0.9153,-30.2977,144.0916,-6.1374
448.0000,0.1375,-0.1067,0.9111,-38.9695,136.3588,-4.0229
402.0000,0.1489,-0.1624,0.9734,-46.7252,134.8779,-2.8092
402.0000,0.1477,-0.2185,1.0156,-45.3130,135.5954,-0.8321
459.0000,0.1116,-0.2468,1.0618,-32.7405,131.4427,0.7939
433.0000,0.0901,-0.2393,1.1206,-18.9695,123.5573,1.5420
448.0000,0.0884,-0.2148,1.1687,-9.5725,120.2214,2.1908
416.0000,0.0867,-0.1885,1.1726,-5.3740,120.1298,2.7405
471.0000,0.0742,-0.1760,1.1907,-5.6489,117.6870,2.7481
378.0000,0.0620,-0.1548,1.2205,-6.3588,115.1908,2.8397
451.0000,0.0569,-0.1313,1.2031,-12.7710,114.5802,3.6107
439.0000,0.0112,-0.1702,1.2075,-12.6870,108.3053,2.2214
420.0000,0.0361,-0.1599,1.2383,-14.5725,107.6107,1.3435
435.0000,0.0083,-0.1787,1.2034,-11.7023,104.2672,1.0000
448.0000,0.0044,-0.1836,1.1746,-10.8168,96.4275,1.1298
427.0000,0.0093,-0.1948,1.1399,-11.6870,91.0000,1.7252
476.0000,-0.0042,-0.1797,1.1167,-14.2748,86.7252,3.0840
480.0000,-0.0032,-0.1797,1.1016,-19.5267,83.9084,4.3511
412.0000,-0.0098,-0.2092,1.1306,-19.9771,78.1221,5.5191
429.0000,-0.0083,-0.2158,1.1729,-16.6107,72.9771,6.2977
425.0000,-0.0110,-0.2197,1.1831,-12.7557,67.7252,6.4656
461.0000,-0.0015,-0.2129,1.1924,-8.5344,63.4046,6.1527
416.0000,0.0071,-0.2178,1.1956,-4.8779,61.0458,5.8855
462.0000,0.0095,-0.2190,1.1912,-3.2519,58.5496,5.9618
455.0000,-0.0034,-0.2202,1.1660,-2.6336,54.9466,6.5573
441.0000,0.0178,-0.1995,1.1445,-2.8015,51.5344,7.0840
392.0000,0.0183,-0.1968,1.1328,-3.2977,48.6641,7.6031
481.0000,0.0159,-0.1841,1.1360,-4.0305,46.1756,8.1145
469.0000,0.0107,-0.1958,1.1394,-4.4656,43.2290,8.5496
425.0000,0.0071,-0.1938,1.1655,-4.9771,40.7405,9.3359
400.0000,-0.0034,-0.1790,1.1685,-4.6870,38.4885,9.4656
451.0000,-0.0044,-0.1851,1.1567,-4.4351,35.3588,9.5649
437.0000,-0.0066,-0.1738,1.1316,-4.1908,31.3664,9.8015
394.0000,-0.0171,-0.1653,1.1218,-5.5420,27.8931,9.6870
436.0000,-0.0100,-0.1724,1.1245,-8.2137,25.0458,9.3740
484.0000,-0.0178,-0.1929,1.0898,-10.3130,22.1756,9.4122
440.0000,-0.0181,-0.2056,1.1089,-11.9542,19.1756,9.1985
441.0000,-0.0164,-0.2290,1.1084,-11.6336,16.3664,8.8321
524.0000,-0.0156,-0.2351,1.1111,-9.8473,13.5725,7.9389
423.0000,-0.0073,-0.2437,1.1038,-8.0687,10.2824,6.7405
448.0000,0.0015,-0.2461,1.1069,-5.4962,6.4580,5.3664
451.0000,-0.0010,-0.2605,1.1021,-3.7252,3.3893,3.7557
457.0000,-0.0017,-0.2700,1.0979,-2.8626,0.4809,3.0382
431.0000,-0.0024,-0.2678,1.0784,-1.8473,-2.9389,1.6107
468.0000,0.0063,-0.2571,1.0518,-1.1832,-5.2977,0.9924
452.0000,0.0083,-0.2573,1.0266,0.3282,-7.3740,-0.1679
423.0000,0.0103,-0.2446,1.0110,1.4962,-9.8626,-0.8626
449.0000,0.0154,-0.2317,0.9907,1.4275,-12.5420,-0.9008
432.0000,0.0247,-0.2222,0.9744,1.0458,-14.4733,-1.4275
484.0000,0.0190,-0.2107,0.9619,0.3130,-16.3053,-1.5649
461.0000,0.0168,-0.2139,0.9646,-1.4427,-18.2214,-2.0305
482.0000,0.0242,-0.2195,0.9751,-2.7328,-20.4504,-2.3053
518.0000,0.0273,-0.2187,0.9954,-3.1985,-21.5344,-2.5802
449.0000,0.0244,-0.2190,0.9934,-2.8168,-22.2595,-3.0840
424.0000,0.0308,-0.2183,1.0120,-1.3817,-23.3817,-3.8626
491.0000,0.0212,-0.2119,1.0105,0.0840,-24.4733,-4.4427
449.0000,0.0190,-0.2021,1.0173,0.8626,-25.2061,-4.8473
455.0000,0.0132,-0.2029,1.0210,0.7023,-26.4885,-5.5038
481.0000,0.0056,-0.2056,1.0276,0.6183,-27.6412,-5.9160
435.0000,0.0090,-0.2148,1.0295,0.7557,-28.5191,-5.9924
423.0000,-0.0032,-0.1982,1.0330,0.8779,-30.6489,-6.6947
482.0000,0.0059,-0.1919,1.0278,0.6870,-33.3130,-6.7710
435.0000,0.0059,-0.1858,1.0269,0.7405,-35.4504,-6.7328
435.0000,0.0107,-0.1792,1.0239,0.8244,-38.5344,-6.6489
445.0000,0.0051,-0.1843,1.0291,0.1756,-41.1221,-6.1756
463.0000,0.0083,-0.1819,1.0500,-0.7710,-43.8321,-5.5344
444.0000,0.0159,-0.1882,1.0667,-1.0992,-46.1832,-4.7557
370.0000,0.0081,-0.2061,1.1172,-0.5115,-48.0458,-4.3053
504.0000,0.0042,-0.2051,1.1421,0.7023,-51.0153,-3.8855
443.0000,0.0000,-0.2019,1.1587,2.4122,-54.0840,-3.7557
455.0000,0.0039,-0.2009,1.1611,3.9771,-56.9237,-3.5038
434.0000,0.0027,-0.1919,1.1487,4.6870,-60.0000,-3.4809
423.0000,0.0139,-0.1792,1.1443,3.4351,-64.0076,-3.4122
444.0000,0.0251,-0.1836,1.1274,1.7099,-67.8397,-2.7710
465.0000,0.0264,-0.1882,1.1143,-1.2901,-71.7710,-2.5878
426.0000,0.0381,-0.1924,1.1255,-3.2443,-75.8397,-1.9313
474.0000,0.0466,-0.1890,1.1060,-4.0229,-79.5725,-1.5038
525.0000,0.0698,-0.1841,1.0688,-4.9084,-83.9084,-0.8092
407.0000,0.0906,-0.1919,1.0752,-4.3664,-87.8626,-0.7863
467.0000,0.1040,-0.2051,1.0969,-2.9389,-91.1298,-0.3740
454.0000,0.1045,-0.1870,1.0854,-2.1298,-94.2595,-0.2290
412.0000,0.1191,-0.1775,1.0823,-2.8626,-97.6107,-0.6183
468.0000,0.1362,-0.1743,1.0586,-2.3740,-101.4046,-0.4427
427.0000,0.1499,-0.1804,1.0466,-3.5802,-103.9084,-0.7252
459.0000,0.1577,-0.1841,1.0469,-4.6870,-106.1221,-1.0763
517.0000,0.1614,-0.1841,1.0298,-5.7939,-108.6565,-0.7786
452.0000,0.1619,-0.1951,1.0698,-6.9924,-110.6260,-1.2137
445.0000,0.1606,-0.2239,1.1157,-4.9237,-111.8931,-1.4046
489.0000,0.1528,-0.2183,1.1394,-1.2061,-113.8855,-1.6565
425.0000,0.1643,-0.1987,1.1077,1.9008,-115.6107,-2.2901
486.0000,0.1721,-0.1909,1.0911,4.6565,-118.3817,-3.2137
454.0000,0.1716,-0.1904,1.0491,6.0840,-121.6183,-3.5344
418.0000,0.1846,-0.1812,1.0020,4.4275,-124.7023,-3.6183
458.0000,0.1877,-0.1831,0.9719,1.1069,-128.1832,-3.0916
451.0000,0.1951,-0.1968,0.9639,-3.2824,-131.5649,-3.0611
493.0000,0.2153,-0.2009,0.9526,-7.7328,-134.4198,-2.2214
477.0000,0.2371,-0.1912,0.9163,-7.9542,-138.2443,-2.2214
446.0000,0.2461,-0.2068,0.9172,-6.6031,-141.5267,-2.5038
510.0000,0.2598,-0.2107,0.9360,-3.3588,-144.8168,-2.5649
373.0000,0.2876,-0.2119,0.8955,-0.9008,-147.6488,-2.5725
471.0000,0.3042,-0.2361,0.9111,2.1145,-149.0458,-2.9618
392.0000,0.3135,-0.2498,0.9360,7.7634,-150.1450,-3.6183
544.0000,0.3291,-0.2358,0.9016,12.6260,-151.1985,-3.0534
421.0000,0.3496,-0.2063,0.8425,16.3053,-153.2214,-4.0763
448.0000,0.3691,-0.1987,0.7930,18.6641,-155.0611,-4.8931
422.0000,0.3706,-0.1758,0.7388,16.3664,-156.4275,-4.5496
479.0000,0.3833,-0.1726,0.7356,11.0840,-159.1679,-5.5496
498.0000,0.4033,-0.1660,0.6799,3.5344,-157.7023,-5.3588
417.0000,0.4165,-0.1475,0.6179,-4.8855,-161.5191,-4.7099
490.0000,0.4421,-0.1687,0.6265,-13.0992,-161.9771,-5.8550
603.0000,0.4502,-0.1956,0.6396,-13.9618,-160.7023,-6.0153
406.0000,0.4617,-0.1875,0.6523,-12.8626,-160.5420,-6.8931
449.0000,0.4824,-0.2356,0.6924,-14.3893,-162.6412,-7.4809
436.0000,0.5115,-0.2190,0.6692,-11.8550,-158.3664,-7.3435
470.0000,0.5127,-0.2090,0.6521,-2.8931,-156.5572,-8.4427
443.0000,0.5259,-0.2041,0.6396,0.4580,-155.9924,-9.5573
446.0000,0.5303,-0.1956,0.6052,7.9542,-154.0840,-9.6183
561.0000,0.5403,-0.1526,0.5068,10.0305,-152.9313,-8.8321
434.0000,0.5320,-0.1533,0.5247,9.1908,-152.4733,-9.5115
569.0000,0.5522,-0.1736,0.5225,10.3511,-151.6183,-8.8015
520.0000,0.5659,-0.1382,0.4583,10.9466,-150.6412,-7.6107
456.0000,0.5820,-0.1357,0.4316,10.3053,-151.3817,-7.6107
405.0000,0.6125,-0.1379,0.4321,11.6260,-151.1985,-7.1298
472.0000,0.6165,-0.1543,0.4561,12.9084,-148.3893,-6.6183
414.0000,0.6301,-0.1670,0.4819,13.4885,-146.0229,-6.0458
485.0000,0.6465,-0.1218,0.4246,15.9771,-145.5649,-4.9695
383.0000,0.6633,-0.1230,0.4285,16.7176,-143.7863,-5.3893
447.0000,0.6843,-0.1426,0.4409,18.1145,-142.0458,-5.1145
599.0000,0.6921,-0.1162,0.3538,18.8779,-142.1374,-3.6641
465.0000,0.7102,-0.1201,0.3232,18.2061,-142.2824,-3.2290
467.0000,0.7217,-0.1611,0.3328,18.4809,-141.7405,-2.9160
477.0000,0.7397,-0.1184,0.2717,17.8473,-142.9618,-1.4962
466.0000,0.7507,-0.1108,0.2344,13.9389,-143.9313,-1.0763
373.0000,0.7749,-0.1218,0.2214,9.9618,-142.1756,-1.1832
476.0000,0.7905,-0.1174,0.1941,8.0534,-141.3435,-0.2519
372.0000,0.8057,-0.1157,0.1733,5.0992,-140.3206,-0.2061
569.0000,0.8240,-0.1199,0.2034,1.9771,-138.5649,-0.1450
477.0000,0.8362,-0.1199,0.2126,0.4351,-135.4962,-0.1527
528.0000,0.8467,-0.1133,0.2039,2.1679,-131.6947,-0.6412
333.0000,0.8628,-0.1108,0.1875,4.8397,-128.0153,-1.0763
418.0000,0.8706,-0.1228,0.2117,9.1756,-122.4122,-2.1527
452.0000,0.8804,-0.1331,0.2539,14.2290,-117.8626,-2.9771
430.0000,0.8953,-0.0999,0.2463,20.0305,-113.4351,-3.3893
482.0000,0.8933,-0.0898,0.2180,24.9160,-108.9084,-4.1221
454.0000,0.9009,-0.0881,0.1941,29.6183,-103.2061,-4.8473
563.0000,0.9041,-0.0808,0.1536,35.0611,-99.0763,-5.0611
276.0000,0.9026,-0.0632,0.1218,39.4122,-95.3817,-4.9771
455.0000,0.9153,-0.0657,0.1389,41.2290,-91.7557,-5.0763
652.0000,0.9177,-0.0532,0.0947,39.8626,-86.5649,-4.1985
454.0000,0.9160,-0.0403,0.0220,39.6489,-83.1908,-3.8168
460.0000,0.9146,-0.0510,0.0002,39.3664,-80.0687,-2.8244
532.0000,0.9226,-0.0723,0.0007,37.5344,-77.8092,-1.6031
418.0000,0.9302,-0.0901,-0.0137,36.5267,-76.3053,-0.3740
528.0000,0.9502,-0.0891,-0.0244,36.7634,-72.5191,1.2595
503.0000,0.9626,-0.1028,-0.0454,36.8473,-70.4657,2.1756
299.0000,0.9785,-0.1150,-0.0364,36.2824,-66.2595,3.4351
584.0000,0.9851,-0.1194,-0.0679,36.4580,-61.0763,4.8015
556.0000,1.0015,-0.1104,-0.0657,35.5038,-56.9237,5.5420
383.0000,1.0042,-0.0962,-0.1155,33.2290,-55.2672,5.9771
608.0000,0.9990,-0.0908,-0.1702,30.4198,-52.9084,6.2290
423.0000,1.0293,-0.1006,-0.2014,24.5038,-44.8702,6.7176
476.0000,1.0022,-0.1091,-0.1836,23.2901,-40.5496,6.6031
449.0000,1.0149,-0.1196,-0.2092,16.1985,-36.8550,6.4351
452.0000,1.0232,-0.1489,-0.1699,15.8626,-28.6565,6.2290
487.0000,1.0254,-0.1575,-0.1370,12.2748,-21.3206,6.3282
337.0000,1.0251,-0.1589,-0.1086,10.8626,-14.2824,6.0534
495.0000,1.0229,-0.1687,-0.1001,6.9313,-5.7099,5.4046
588.0000,1.0146,-0.1606,-0.0928,3.2290,3.3817,4.8168
439.0000,1.0132,-0.1587,-0.0854,1.3817,11.4198,3.8779
503.0000,1.0042,-0.1619,-0.0872,-0.9542,18.0687,2.6947
462.0000,1.0024,-0.1562,-0.0789,-2.0611,26.2901,1.0458
467.0000,0.9854,-0.1677,-0.0657,-4.0992,33.2061,-0.4580
460.0000,0.9802,-0.1753,-0.0664,-5.2672,39.8550,-1.5191
494.0000,0.9807,-0.1770,-0.0659,-7.1069,46.9466,-2.5038
415.0000,0.9668,-0.1755,-0.0542,-7.2519,50.5649,-4.0229
516.0000,0.9631,-0.1707,-0.0542,-7.0840,52.9389,-5.3740
444.0000,0.9541,-0.1646,-0.0554,-5.6107,55.9771,-6.7863
444.0000,0.9399,-0.1597,-0.0583,-5.3435,56.8321,-7.8168
473.0000,0.9531,-0.1619,-0.0632,-5.7863,59.2748,-8.7863
461.0000,0.9429,-0.1680,-0.0725,-7.5267,60.2290,-9.2443
571.0000,0.9421,-0.1594,-0.0779,-9.5573,60.7863,-9.7099
449.0000,0.9424,-0.1396,-0.0955,-13.0611,61.6947,-9.7252
339.0000,0.9395,-0.1282,-0.0864,-15.9847,63.9771,-10.0916
515.0000,0.9456,-0.1343,-0.0647,-19.0229,65.9771,-10.4351
518.0000,0.9451,-0.1292,-0.0134,-22.4427,69.2901,-10.6947
570.0000,0.9521,-0.1396,0.0544,-26.9160,74.9389,-10.8855
470.0000,0.9568,-0.1414,0.1074,-29.6260,82.0611,-10.4275
423.0000,0.9539,-0.1416,0.1487,-31.4809,88.7557,-10.4962
533.0000,0.9434,-0.1438,0.1785,-30.6031,94.7863,-10.4580
454.0000,0.9465,-0.1284,0.1865,-27.6031,100.2137,-10.8092
401.0000,0.9338,-0.1111,0.1904,-24.6718,105.7023,-11.1756
495.0000,0.9175,-0.0938,0.1726,-22.1374,110.7176,-12.1221
425.0000,0.9031,-0.0891,0.1282,-21.8168,115.0763,-12.8550
512.0000,0.8789,-0.0938,0.1157,-23.1985,119.0458,-13.1374
480.0000,0.8518,-0.0913,0.0972,-24.2061,120.8092,-12.9313
457.0000,0.8352,-0.0789,0.0742,-24.7786,120.9160,-13.0763
505.0000,0.8193,-0.0718,0.0957,-23.8015,120.8550,-12.9695
478.0000,0.8220,-0.0979,0.1494,-21.8931,122.0992,-13.3969
420.0000,0.8162,-0.1008,0.2253,-19.1756,123.9389,-12.9618
463.0000,0.8132,-0.1140,0.3257,-17.0153,127.0916,-13.2824
507.0000,0.8162,-0.1118,0.3760,-14.2290,131.6336,-13.2290
504.0000,0.8145,-0.1038,0.4387,-10.8550,136.8092,-13.7786
562.0000,0.7979,-0.0974,0.5002,-8.0611,141.4886,-14.1298
450.0000,0.7908,-0.0881,0.4963,-5.6107,145.2824,-14.8855
472.0000,0.7795,-0.0771,0.4690,-3.4885,148.5649,-15.2519
518.0000,0.7554,-0.0515,0.4316,-4.9237,151.3511,-15.6718
479.0000,0.7312,-0.0344,0.3909,-5.5344,150.6794,-16.0305
449.0000,0.7031,-0.0378,0.3640,-7.9695,148.1756,-16.0000
467.0000,0.6775,-0.0176,0.3472,-13.2824,144.2443,-15.5267
447.0000,0.6711,-0.0432,0.3306,-17.7099,139.5496,-14.6107
530.0000,0.6624,-0.0627,0.3569,-22.7252,136.3435,-13.3359
509.0000,0.6504,-0.0791,0.4451,-27.4656,133.8092,-11.9695
411.0000,0.6519,-0.0981,0.5049,-29.2519,132.0840,-10.4122
498.0000,0.6584,-0.1128,0.5840,-28.0153,131.9389,-9.5954
448.0000,0.6506,-0.1128,0.6331,-23.3969,132.2977,-8.8321
507.0000,0.6453,-0.1128,0.7180,-17.8397,134.7023,-8.6031
446.0000,0.6345,-0.1123,0.7705,-11.0458,135.3130,-9.1679
498.0000,0.6147,-0.0791,0.7661,-8.0534,134.6031,-9.3588
477.0000,0.6167,-0.0586,0.7209,-8.9084,135.5725,-10.1527
427.0000,0.5864,-0.0547,0.6575,-10.2672,136.1908,-10.2366
507.0000,0.5793,-0.0476,0.5989,-14.3817,134.3969,-9.9008
501.0000,0.5583,-0.0623,0.5391,-20.9008,129.2290,-9.1298
446.0000,0.5603,-0.0869,0.5374,-27.5649,124.5038,-8.0382
486.0000,0.5515,-0.0925,0.5398,-33.1298,122.3893,-6.7176
568.0000,0.5398,-0.1167,0.5569,-37.7939,120.3283,-5.1985
468.0000,0.5396,-0.1362,0.5867,-40.4962,117.8779,-4.0229
330.0000,0.5327,-0.1655,0.6667,-38.1603,117.9542,-2.9237
589.0000,0.5305,-0.1587,0.7344,-33.7557,119.9771,-1.6031
485.0000,0.5320,-0.1294,0.8157,-28.8015,123.8550,-2.1527
384.0000,0.4937,-0.1416,0.9221,-21.3740,125.5191,-3.0382
562.0000,0.4922,-0.1191,0.9456,-13.8702,128.5420,-4.2748
456.0000,0.4709,-0.1152,0.9492,-8.5344,130.4275,-6.2519
472.0000,0.4346,-0.0959,0.9246,-5.7252,130.0458,-8.2366
448.0000,0.4333,-0.0647,0.8433,-6.0153,130.9084,-9.6794
618.0000,0.3945,-0.0596,0.7502,-11.5802,128.9160,-10.2443
436.0000,0.3787,-0.0981,0.6943,-20.2901,124.4351,-10.7481
476.0000,0.3723,-0.1152,0.6873,-28.5725,119.9542,-9.6718
513.0000,0.3635,-0.1367,0.6680,-38.1832,116.3283,-8.0382
495.0000,0.3591,-0.1675,0.6978,-43.4198,112.9847,-6.5115
528.0000,0.3645,-0.1853,0.7349,-42.6260,111.1603,-5.0840
516.0000,0.3667,-0.1926,0.7976,-38.2443,111.0763,-4.1298
466.0000,0.3594,-0.1921,0.8835,-31.2290,111.0076,-3.4275
471.0000,0.3550,-0.1599,0.9207,-24.2443,111.5191,-2.9695
459.0000,0.3484,-0.1333,0.9221,-18.9695,112.7328,-3.2290
528.0000,0.3354,-0.1350,0.8979,-17.1221,114.4275,-3.3969
428.0000,0.3159,-0.1462,0.8804,-16.5725,116.3817,-3.1832
473.0000,0.2917,-0.1213,0.8372,-17.6031,116.1908,-2.8168
485.0000,0.2805,-0.1094,0.7974,-20.1450,115.0153,-2.4962
472.0000,0.2727,-0.1318,0.7998,-23.6947,114.0611,-2.6565
467.0000,0.2551,-0.1306,0.7808,-27.8550,113.0687,-2.5191
503.0000,0.2422,-0.1104,0.7676,-34.7557,111.1908,-2.0000
515.0000,0.2263,-0.1248,0.7673,-44.3817,110.4428,-1.3282
440.0000,0.2378,-0.1453,0.7607,-51.8779,110.0687,-0.9237
529.0000,0.2297,-0.1746,0.7766,-54.9771,110.8397,-0.0534
368.0000,0.2166,-0.2229,0.8535,-52.9313,112.7481,0.7939
525.0000,0.2039,-0.2424,0.9309,-44.7710,114.6260,2.0458
531.0000,0.1750,-0.2278,1.0051,-34.0153,117.3588,2.8015
438.0000,0.1526,-0.2407,1.1604,-21.0763,120.4809,3.1069
476.0000,0.1118,-0.2212,1.2610,-6.9695,124.4351,2.6183
477.0000,0.0659,-0.1763,1.2993,4.7634,126.3206,1.5115
485.0000,0.0459,-0.1482,1.2952,10.0916,125.4198,0.2137
478.0000,0.0110,-0.1431,1.2300,11.8397,122.4046,-1.3435
464.0000,-0.0146,-0.1272,1.1382,9.4198,117.5420,-2.1527
505.0000,-0.0359,-0.1047,1.0618,-0.3664,110.7252,-2.0458
502.0000,-0.0452,-0.1311,0.9910,-12.4733,101.9237,-1.4504
518.0000,-0.0415,-0.1572,0.9441,-29.0687,92.8092,-0.4275
498.0000,-0.0076,-0.2190,0.9707,-36.0382,86.9084,2.7405
442.0000,-0.0173,-0.2302,1.0149,-36.5725,85.1985,4.0916
512.0000,-0.0146,-0.2427,1.0583,-36.4885,73.1069,4.5191
492.0000,0.0288,-0.2422,1.1072,-29.3206,66.3817,4.8855
468.0000,0.0366,-0.2424,1.1282,-23.9160,63.8092,5.0000
467.0000,0.0537,-0.2446,1.1560,-19.7939,60.3282,4.5496
507.0000,0.0686,-0.2292,1.1211,-17.0153,57.4351,4.6336
470.0000,0.0891,-0.2329,1.1274,-14.1221,56.8168,4.1832
494.0000,0.0820,-0.2346,1.1133,-10.8931,56.0611,3.9466
508.0000,0.0779,-0.2234,1.0957,-8.2137,53.6489,3.5954
471.0000,0.0752,-0.2205,1.0952,-6.5038,52.7786,2.5725
462.0000,0.0623,-0.2117,1.0928,-6.3511,51.4580,1.9313
472.0000,0.0544,-0.2124,1.0752,-8.2290,49.1069,1.1985
567.0000,0.0508,-0.2227,1.0557,-9.9847,46.7710,-0.0305
428.0000,0.0513,-0.2332,1.0498,-13.0076,45.4198,-0.5878
491.0000,0.0400,-0.2317,1.0422,-13.1527,43.5496,-1.0840
507.0000,0.0156,-0.2327,1.0298,-12.9313,40.9466,-1.5496
468.0000,0.0103,-0.2402,1.0627,-9.2901,37.4046,-1.8244
480.0000,0.0012,-0.2332,1.0876,-6.9466,35.6412,-1.7939
487.0000,-0.0054,-0.2163,1.0840,-5.8931,34.2366,-1.4733
482.0000,-0.0183,-0.2129,1.0776,-5.4427,31.7557,-1.4656
512.0000,-0.0237,-0.2100,1.0708,-4.6260,29.6107,-1.3053
496.0000,-0.0330,-0.2039,1.0735,-4.4885,27.3359,-0.8779
436.0000,-0.0403,-0.2102,1.0789,-3.6641,24.4504,-0.7176
499.0000,-0.0356,-0.2156,1.0828,-2.9542,21.6260,-0.4122
482.0000,-0.0383,-0.2180,1.0828,-2.5573,19.4809,-0.1603
454.0000,-0.0498,-0.2100,1.0903,-1.7634,16.9924,-0.0534
540.0000,-0.0537,-0.2136,1.0815,-1.3817,13.8855,-0.0153
499.0000,-0.0503,-0.2161,1.0745,-0.4885,11.0000,0.0611
490.0000,-0.0432,-0.2197,1.0869,0.6336,8.0687,-0.3053
483.0000,-0.0432,-0.2146,1.0903,1.0611,4.7939,-0.3664
472.0000,-0.0457,-0.2139,1.0745,1.3206,1.6489,-0.5802
516.0000,-0.0452,-0.2192,1.0620,1.5191,-1.4656,-0.6336
459.0000,-0.0337,-0.2129,1.0532,1.7939,-4.4275,-0.7023
472.0000,-0.0244,-0.2078,1.0503,1.6031,-7.5725,-1.0076
496.0000,-0.0222,-0.2053,1.0396,1.1679,-10.8550,-0.9695
464.0000,-0.0193,-0.2107,1.0457,0.5725,-13.9389,-0.7481
486.0000,-0.0156,-0.2124,1.0427,0.0763,-16.6031,-0.7405
542.0000,-0.0095,-0.2166,1.0532,0.0305,-19.1374,-0.7786
459.0000,-0.0100,-0.2295,1.0762,0.4580,-21.1756,-0.8931
461.0000,-0.0105,-0.2283,1.0789,1.5191,-22.9160,-0.7786
496.0000,-0.0078,-0.2200,1.0735,2.0763,-24.8244,-1.0687
473.0000,-0.0039,-0.2102,1.0542,2.2824,-27.0840,-1.6565
455.0000,0.0010,-0.2090,1.0381,2.7176,-29.6031,-2.0763
504.0000,-0.0012,-0.2161,1.0283,2.3282,-32.1298,-2.5725
462.0000,-0.0007,-0.1995,1.0425,2.1221,-35.3130,-2.7557
490.0000,-0.0037,-0.1995,1.0515,0.2901,-37.9542,-2.8244
479.0000,-0.0166,-0.1965,1.0364,-0.7786,-40.1069,-3.1221
462.0000,-0.0171,-0.2173,1.0562,-1.0534,-42.1832,-3.4580
445.0000,-0.0132,-0.2195,1.0842,0.0000,-43.8244,-3.5344
556.0000,-0.0178,-0.2070,1.0911,1.6336,-45.4885,-3.7634
499.0000,-0.0176,-0.2212,1.1082,3.2824,-47.4427,-4.2824
469.0000,-0.0232,-0.2180,1.1377,5.3588,-49.0153,-4.0076
494.0000,-0.0310,-0.2168,1.1729,7.2366,-51.5344,-4.2595
540.0000,-0.0435,-0.2017,1.1726,7.6718,-53.8168,-4.6412
436.0000,-0.0469,-0.2148,1.1953,9.6336,-56.6183,-5.4275
563.0000,-0.0554,-0.2124,1.1970,11.9924,-60.2519,-5.5573
456.0000,-0.0544,-0.2161,1.1917,12.1908,-63.9466,-5.6412
502.0000,-0.0544,-0.2087,1.1792,12.5496,-68.1221,-5.6718
427.0000,-0.0530,-0.1978,1.1616,12.3435,-73.0229,-4.9771
504.0000,-0.0327,-0.1958,1.1616,9.2595,-77.8855,-4.7176
412.0000,-0.0195,-0.2029,1.1531,7.0687,-83.8092,-4.5191
539.0000,-0.0195,-0.2087,1.1487,4.8397,-90.5038,-3.5573
420.0000,0.0024,-0.2070,1.1345,1.8855,-96.1832,-3.1374
496.0000,0.0181,-0.2263,1.1528,1.4656,-101.3970,-2.7634
444.0000,0.0383,-0.2261,1.1814,2.5115,-105.7405,-2.6336
533.0000,0.0515,-0.2244,1.1978,3.0992,-109.3130,-1.8550
544.0000,0.0713,-0.2092,1.2075,3.5191,-113.5573,-1.7557
451.0000,0.0876,-0.2031,1.2092,3.2519,-116.8168,-1.7634
436.0000,0.0898,-0.1877,1.1833,1.9084,-120.5496,-1.7939
475.0000,0.1235,-0.1899,1.1282,-0.6183,-124.3970,-2.0000
491.0000,0.1399,-0.1973,1.1086,-2.5420,-127.6641,-2.2595
439.0000,0.1555,-0.2241,1.0984,-2.9466,-130.1908,-1.9924
551.0000,0.1602,-0.2134,1.0908,-2.7481,-133.1679,-1.6565
490.0000,0.1653,-0.1990,1.0569,-3.1145,-138.3893,-1.5344
523.0000,0.2026,-0.2087,1.0315,-2.1908,-140.7328,-2.2901
448.0000,0.2205,-0.2063,1.0293,0.2061,-141.3664,-2.7863
562.0000,0.2268,-0.2058,1.0010,3.3130,-144.3740,-2.1527
533.0000,0.2285,-0.1904,0.9861,4.1679,-146.6412,-2.4351
455.0000,0.2310,-0.2034,1.0103,5.9924,-148.3588,-2.0916
491.0000,0.2229,-0.1997,1.0383,8.5191,-149.2748,-2.8855
584.0000,0.2227,-0.1790,1.0137,9.0076,-150.7710,-3.0687
518.0000,0.2380,-0.1482,0.9971,9.8321,-151.8779,-4.1679
317.0000,0.2361,-0.1379,0.9673,9.2748,-156.9924,-4.7710
632.0000,0.2554,-0.1179,0.8953,6.4733,-159.8626,-4.5344
451.0000,0.2771,-0.1016,0.8289,1.5802,-161.8855,-4.6947
438.0000,0.3069,-0.0972,0.7925,-3.4733,-164.3053,-4.0305
489.0000,0.3235,-0.1104,0.8049,-4.4351,-166.1756,-3.3053
519.0000,0.3315,-0.1448,0.8884,-4.8702,-167.3282,-4.3359
374.0000,0.3281,-0.1848,0.9346,2.0076,-165.8931,-5.0458
598.0000,0.3318,-0.1711,0.9243,14.0687,-164.3282,-5.7634
464.0000,0.3396,-0.1604,0.8953,23.4275,-164.1527,-7.4656
486.0000,0.3425,-0.1555,0.8191,33.0000,-163.7710,-7.8626
459.0000,0.3445,-0.1250,0.6826,34.2061,-163.3893,-6.8473
431.0000,0.3430,-0.1018,0.5894,26.3206,-166.3282,-5.4275
387.0000,0.3640,-0.0964,0.5459,14.3206,-169.1603,-3.8855
534.0000,0.3882,-0.0842,0.4873,-0.1221,-170.2824,-1.6718
479.0000,0.4131,-0.1121,0.4995,-14.1145,-171.1679,-0.0916
483.0000,0.4197,-0.1787,0.5432,-20.3893,-174.2214,0.5496
511.0000,0.4561,-0.1814,0.5334,-20.0305,-173.4275,1.8397
425.0000,0.4858,-0.2126,0.6274,-17.6107,-172.1221,0.9313
456.0000,0.5171,-0.2490,0.7598,-6.5878,-168.3588,-0.0916
529.0000,0.5227,-0.2168,0.7092,5.4504,-164.1603,-0.6412
506.0000,0.5208,-0.1980,0.6323,14.9847,-161.6717,-2.0076
494.0000,0.5310,-0.2078,0.5903,25.2061,-159.4046,-3.0229
478.0000,0.5288,-0.1511,0.4448,30.5878,-158.4275,-1.8397
514.0000,0.5356,-0.1001,0.3062,26.6260,-160.2672,-1.0153
496.0000,0.5391,-0.0947,0.2510,19.4656,-162.5420,-0.6565
435.0000,0.5576,-0.0742,0.1577,11.1221,-162.6336,2.2061
518.0000,0.5837,-0.0815,0.1084,-2.1450,-166.6488,3.7557
467.0000,0.5771,-0.1169,0.1738,-13.4733,-171.9389,4.0153
467.0000,0.6519,-0.1514,0.1643,-18.0458,-167.0305,6.3206
496.0000,0.6987,-0.1719,0.1416,-19.1221,-164.9389,6.7557
515.0000,0.7297,-0.1987,0.1743,-13.9924,-162.1756,6.0534
625.0000,0.7603,-0.2234,0.2690,-8.9618,-158.1527,6.0076
358.0000,0.7915,-0.1882,0.2698,-4.0382,-152.4886,5.7099
608.0000,0.8074,-0.1599,0.2888,1.4351,-145.9084,3.3206
423.0000,0.8225,-0.1323,0.2859,3.3206,-139.5954,1.4809
507.0000,0.8367,-0.1160,0.2585,6.1450,-131.8015,-1.2901
393.0000,0.8330,-0.0991,0.1946,5.8244,-125.8550,-2.6260
435.0000,0.8364,-0.0808,0.1018,4.6947,-121.4886,-4.0153
578.0000,0.8408,-0.1042,0.0466,2.9008,-116.7557,-4.8550
618.0000,0.8408,-0.1191,0.0112,1.3588,-113.9695,-4.4733
481.0000,0.8447,-0.1067,-0.0454,0.1145,-113.3970,-3.3969
532.0000,0.8523,-0.1309,-0.0791,-1.0534,-110.0763,-2.9847
477.0000,0.8708,-0.1460,-0.0806,-2.0458,-107.7328,-1.7786
540.0000,0.8909,-0.1692,-0.0747,-1.3969,-103.3511,-0.2901
397.0000,0.9089,-0.1621,-0.0906,-0.9542,-99.0992,0.7023
593.0000,0.9380,-0.1558,-0.1187,0.4885,-93.8015,1.1908
399.0000,0.9458,-0.1394,-0.1621,2.1985,-88.0611,1.7634
514.0000,0.9678,-0.1333,-0.2341,3.1908,-81.2214,2.4351
578.0000,0.9792,-0.1357,-0.2249,2.7176,-75.2748,2.7328
422.0000,0.9871,-0.1262,-0.2607,3.4351,-68.9160,3.1756
416.0000,1.0076,-0.1213,-0.2693,2.6412,-59.8855,3.1985
500.0000,1.0168,-0.1321,-0.2615,1.6565,-51.7557,2.9084
435.0000,1.0247,-0.1226,-0.2935,1.7557,-42.6870,2.7710
473.0000,1.0374,-0.1321,-0.3123,-2.2214,-28.9389,3.3740
413.0000,1.0100,-0.1221,-0.3318,-5.0076,-19.9542,3.4504
586.0000,1.0081,-0.1348,-0.2988,-6.2748,-12.3588,2.7023
499.0000,1.0176,-0.1433,-0.2500,-7.2061,-1.0000,2.5115
451.0000,1.0081,-0.1597,-0.2134,-7.2061,9.2214,2.5725
471.0000,1.0146,-0.1648,-0.1868,-10.5267,21.6870,2.0458
541.0000,1.0049,-0.1763,-0.1599,-10.5420,35.7634,0.9618
480.0000,0.9907,-0.1858,-0.1533,-7.6489,47.4198,0.4962
357.0000,0.9644,-0.1787,-0.1418,-4.8779,54.3130,-0.8855
445.0000,0.9692,-0.2000,-0.1140,0.4046,62.2977,-2.3969
446.0000,0.9509,-0.1995,-0.1167,6.4427,70.8168,-3.6336
434.0000,0.9385,-0.1890,-0.0964,8.7710,78.4580,-4.8931
461.0000,0.9275,-0.1772,-0.0994,10.2748,85.8321,-6.1374
538.0000,0.9121,-0.1799,-0.1252,12.0687,91.4275,-7.3664
475.0000,0.8877,-0.1792,-0.1018,14.4885,97.0534,-7.8550
474.0000,0.8877,-0.1782,-0.0574,13.8550,101.8550,-8.5878
541.0000,0.8879,-0.1653,-0.0125,14.2595,106.0534,-9.2901
485.0000,0.8743,-0.1597,-0.0002,16.7481,110.9008,-9.7786
455.0000,0.8718,-0.1614,0.0496,18.2366,115.4275,-10.7939
438.0000,0.8704,-0.1475,0.0989,18.7023,119.7939,-11.6260
497.0000,0.8779,-0.1353,0.1157,18.2748,124.7634,-12.4580
471.0000,0.8726,-0.1316,0.1404,17.8244,129.8473,-13.1603
526.0000,0.8660,-0.1191,0.1616,16.8855,134.0840,-13.7328
468.0000,0.8557,-0.1072,0.1584,17.2595,140.2672,-13.9542
475.0000,0.8464,-0.1084,0.2107,18.3435,144.3969,-14.7786
473.0000,0.8306,-0.1165,0.2712,19.0611,149.3282,-14.7405
559.0000,0.8237,-0.0898,0.2771,19.4046,153.1069,-15.6107
504.0000,0.8098,-0.0710,0.2664,20.8931,155.8626,-16.7557
483.0000,0.7991,-0.0901,0.3132,21.3893,161.1679,-17.6794
457.0000,0.7754,-0.0752,0.3408,19.9695,165.3740,-17.9771
385.0000,0.7561,-0.0554,0.3176,20.1908,167.8931,-18.3206
443.0000,0.7329,-0.0215,0.2834,18.5725,168.3130,-18.0305
487.0000,0.7065,-0.0115,0.2705,14.6947,170.1527,-17.7481
488.0000,0.6721,-0.0085,0.2561,10.3053,167.5878,-17.1221
463.0000,0.6643,0.0039,0.2546,5.6489,166.8855,-15.7252
521.0000,0.6526,-0.0027,0.2466,-1.4351,165.9695,-14.3130
418.0000,0.6331,-0.0203,0.2507,-7.9847,163.1069,-12.7252
517.0000,0.6108,-0.0439,0.2996,-11.5573,160.5725,-11.4733
531.0000,0.6069,-0.0493,0.3318,-15.6870,159.9542,-9.4046
413.0000,0.5886,-0.0681,0.4226,-18.5802,160.0534,-7.9847
646.0000,0.5764,-0.0806,0.4856,-17.7023,162.9237,-7.3206
546.0000,0.5713,-0.0876,0.5566,-14.2977,166.6641,-6.9160
449.0000,0.5542,-0.0872,0.6548,-8.3282,169.9924,-6.8321
455.0000,0.5313,-0.0874,0.6934,-0.3130,173.3664,-7.2901
512.0000,0.5015,-0.0459,0.6743,6.4351,177.3130,-7.7328
475.0000,0.4812,-0.0364,0.6470,9.0382,178.1527,-8.1679
485.0000,0.4495,-0.0203,0.6072,7.0305,176.3359,-8.7634
482.0000,0.4297,0.0024,0.5676,0.8550,173.8092,-8.4351
579.0000,0.4001,0.0352,0.5151,-12.0000,170.7023,-7.2519
491.0000,0.3870,0.0022,0.5100,-26.4351,166.1908,-6.0763
316.0000,0.3687,-0.0615,0.5466,-38.0382,163.6870,-5.0076
620.0000,0.3652,-0.0786,0.5640,-46.1450,161.4351,-2.8931
431.0000,0.3538,-0.1228,0.6328,-49.3130,158.4886,-2.2290
446.0000,0.3328,-0.1553,0.7595,-45.5344,155.3282,-1.4275
531.0000,0.3247,-0.1633,0.8540,-33.8702,159.3664,0.1374
504.0000,0.2930,-0.1516,0.8813,-33.8702,157.8855,0.7023
509.0000,0.2969,-0.1272,0.9426,-25.0229,153.6794,-0.0382
426.0000,0.2783,-0.1028,0.9307,-17.3435,155.5191,-0.1985
555.0000,0.2449,-0.0735,0.8728,-26.3817,154.9695,0.6947
518.0000,0.2295,-0.0554,0.8555,-32.1985,148.3588,1.0840
431.0000,0.2336,-0.0762,0.8528,-43.6107,145.5343,2.1527
481.0000,0.2214,-0.0774,0.8564,-55.7328,145.3817,3.3053
573.0000,0.2026,-0.0930,0.8638,-64.4351,141.2595,4.9008
445.0000,0.2014,-0.1362,0.9124,-68.1374,136.7557,5.2672
412.0000,0.1846,-0.1926,0.9856,-64.6489,134.6870,6.0763
622.0000,0.1641,-0.2026,1.0100,-60.3206,132.2672,7.0763
451.0000,0.1699,-0.2500,1.0559,-53.9237,129.4504,7.0687
480.0000,0.1484,-0.2712,1.1462,-43.9160,129.3053,7.9084
469.0000,0.1257,-0.2490,1.1821,-36.6107,129.7863,8.6489
563.0000,0.1018,-0.2209,1.1777,-30.6565,126.3664,8.8855
471.0000,0.0872,-0.2222,1.1609,-24.7939,123.2595,8.2977
483.0000,0.0747,-0.2334,1.1519,-26.1221,123.6107,8.7786
535.0000,0.0405,-0.2434,1.0845,-23.7710,119.7099,9.4351
486.0000,0.0376,-0.2109,1.0188,-23.7328,110.0687,9.8092
475.0000,0.0544,-0.1943,0.9829,-27.4580,102.8702,9.4198
570.0000,0.0742,-0.1990,0.9580,-32.6870,98.1832,9.0763
448.0000,0.0737,-0.2329,0.9863,-38.7328,94.1679,9.7710
415.0000,0.0725,-0.2798,1.0876,-41.2748,90.4809,11.1145
546.0000,0.0688,-0.3091,1.1392,-40.0305,89.9313,12.3206
488.0000,0.0715,-0.3250,1.1931,-31.3588,92.0992,11.9313
487.0000,0.0544,-0.3359,1.2173,-15.9695,87.4122,11.1374
503.0000,0.0645,-0.2966,1.2051,-3.3664,86.7863,9.8321
505.0000,0.0491,-0.2578,1.1655,2.8397,83.6641,8.9237
392.0000,0.0566,-0.2214,1.1177,-0.9847,83.6107,8.1679
545.0000,0.0376,-0.1917,1.0552,-9.6718,82.4046,8.3206
461.0000,0.0186,-0.2122,1.0344,-19.1145,76.0458,7.6489
529.0000,0.0251,-0.2173,1.0642,-25.3130,76.8702,7.0763
585.0000,0.0007,-0.2627,1.0806,-26.1679,73.8473,6.1069
467.0000,-0.0066,-0.3054,1.1077,-23.2366,69.8244,5.0992
460.0000,-0.0203,-0.3083,1.1504,-15.0992,68.2290,4.2748
563.0000,-0.0437,-0.3086,1.1521,-7.3511,66.9466,3.8931
472.0000,-0.0498,-0.2979,1.1624,-1.2061,63.0916,3.4046
449.0000,-0.0491,-0.2681,1.1633,3.7176,59.7557,3.2137
459.0000,-0.0562,-0.2239,1.1472,4.0382,57.5725,3.0229
512.0000,-0.0620,-0.2053,1.1128,0.8321,53.2443,2.7557
498.0000,-0.0640,-0.1990,1.0862,-2.5878,47.7405,2.2595
526.0000,-0.0623,-0.1873,1.0740,-8.2214,43.7939,2.0840
472.0000,-0.0571,-0.2031,1.0654,-14.8626,40.0611,1.9542
429.0000,-0.0669,-0.2371,1.0698,-19.1756,36.6260,2.2366
555.0000,-0.0588,-0.2639,1.0869,-21.0076,33.6641,2.6336
562.0000,-0.0476,-0.2932,1.1196,-20.5573,29.6718,2.0382
469.0000,-0.0586,-0.3186,1.1724,-17.1908,24.9084,1.2901
471.0000,-0.0552,-0.3438,1.2314,-13.0000,20.1450,-0.5573
524.0000,-0.0488,-0.3596,1.2654,-9.6183,14.5496,-1.9924
518.0000,-0.0364,-0.3599,1.2717,-6.1450,9.8855,-3.5115
516.0000,-0.0303,-0.3423,1.2573,-3.5267,5.7099,-4.8321
471.0000,-0.0320,-0.3154,1.2305,-1.7557,1.2977,-5.8702
491.0000,-0.0278,-0.2771,1.1548,-0.1069,-1.8550,-6.5344
511.0000,-0.0261,-0.2495,1.1079,0.4427,-4.9695,-7.1374
444.0000,-0.0200,-0.2178,1.0522,0.4504,-6.7176,-7.4046
531.0000,-0.0151,-0.1973,0.9954,-0.5725,-7.5649,-7.8168
482.0000,-0.0020,-0.1829,0.9446,-2.6260,-8.3588,-7.9618
488.0000,-0.0083,-0.1843,0.9275,-5.2977,-8.5802,-8.3053
524.0000,-0.0068,-0.2070,0.9045,-6.0076,-7.7786,-8.2443
435.0000,-0.0037,-0.2124,0.8831,-5.3053,-7.1756,-8.1832
574.0000,-0.0105,-0.2053,0.9023,-3.4809,-6.3435,-7.9847
492.0000,-0.0266,-0.2146,0.9036,-0.7786,-5.7328,-7.7786
441.0000,-0.0229,-0.2114,0.9050,2.1756,-4.6794,-7.9847
565.0000,-0.0410,-0.1965,0.9150,3.1679,-4.4962,-7.7328
490.0000,-0.0459,-0.2031,0.9028,2.7786,-4.5115,-7.7786
477.0000,-0.0645,-0.2048,0.9407,2.7634,-4.8550,-7.1679
480.0000,-0.0767,-0.2102,0.9722,2.7939,-5.5344,-7.2290
501.0000,-0.0891,-0.2131,1.0076,3.9542,-7.1145,-6.8779
489.0000,-0.0864,-0.2197,1.0256,5.9237,-9.0076,-6.5954
498.0000,-0.0989,-0.2212,1.0591,7.6565,-11.1145,-6.2137
472.0000,-0.1091,-0.2236,1.0803,8.9618,-13.6565,-5.7405
502.0000,-0.1069,-0.2271,1.0977,9.4351,-16.9924,-5.1221
546.0000,-0.1008,-0.2251,1.1152,9.6794,-20.6031,-4.3969
405.0000,-0.0996,-0.2219,1.1353,10.0229,-24.8473,-4.1908
535.0000,-0.0916,-0.2241,1.1565,10.2214,-29.2214,-3.7099
562.0000,-0.0720,-0.2268,1.1663,10.8244,-33.8397,-3.2672
488.0000,-0.0635,-0.2285,1.2112,11.0000,-37.6947,-3.0305
524.0000,-0.0615,-0.2458,1.2559,12.9160,-41.8321,-3.0687
361.0000,-0.0688,-0.2520,1.3137,15.8626,-45.9084,-3.4733
587.0000,-0.0659,-0.2515,1.3442,18.4046,-50.2290,-4.1069
506.0000,-0.0562,-0.2339,1.3584,21.3817,-55.4046,-5.3740
435.0000,-0.0508,-0.2444,1.3777,24.1985,-61.1756,-6.0305
523.0000,-0.0513,-0.2336,1.3481,25.4046,-67.2061,-6.1450
452.0000,-0.0481,-0.2385,1.3591,24.4656,-73.9695,-6.7176
469.0000,-0.0469,-0.2290,1.3716,23.8550,-81.0153,-6.3740
595.0000,-0.0300,-0.2251,1.3604,22.1832,-88.2595,-6.2672
574.0000,-0.0137,-0.2253,1.3308,20.7557,-96.5115,-6.1298
380.0000,-0.0095,-0.2400,1.3650,20.8092,-103.6641,-6.4122
539.0000,-0.0066,-0.2441,1.3896,22.1985,-110.5038,-6.2748
391.0000,0.0007,-0.2378,1.3789,23.6489,-118.1603,-5.7405
674.0000,0.0032,-0.2375,1.3918,25.6947,-124.5267,-6.1985
403.0000,0.0176,-0.2285,1.4016,30.4427,-131.1298,-5.7863
633.0000,0.0229,-0.2178,1.3521,34.4275,-137.5878,-5.0534
452.0000,0.0334,-0.2107,1.3750,38.9084,-144.2672,-4.6565
412.0000,0.0295,-0.1880,1.3845,44.4580,-149.8092,-3.5725
436.0000,0.0188,-0.1548,1.3691,48.2061,-155.6412,-2.6794
508.0000,0.0156,-0.0996,1.3674,49.3359,-163.7252,-2.5802
508.0000,0.0190,-0.0898,1.3284,49.5954,-171.0687,-2.0763
423.0000,0.0146,-0.0723,1.2966,46.6947,-178.4351,-1.3359
334.0000,-0.0083,-0.0598,1.3245,40.3511,-185.5649,-0.9160
708.0000,-0.0151,-0.0398,1.3149,33.5191,-192.6717,0.7405
524.0000,-0.0120,-0.0405,1.3213,27.0458,-199.7786,1.1908
407.0000,-0.0251,-0.0698,1.3611,24.1679,-206.8015,1.7023
548.0000,-0.0334,-0.0671,1.2791,24.9924,-214.1374,3.2214
433.0000,-0.0271,-0.0732,1.0989,23.2901,-225.6183,4.4122
458.0000,0.0117,-0.0920,0.9626,20.8015,-233.8092,5.5420
379.0000,0.0391,-0.1331,0.7769,16.1603,-240.7328,8.9313
579.0000,0.0732,-0.1387,0.6587,8.4427,-248.3969,11.6870
354.0000,0.1252,-0.1619,0.6279,-0.2901,-250.1374,14.1450
228.0000,0.1907,-0.1646,0.5212,-5.9008,-250.1374,16.2595
647.0000,0.2534,-0.1648,0.4480,-9.7557,-250.1374,17.2137
440.0000,0.2878,-0.1938,0.4983,-8.8779,-250.1374,16.6031
446.0000,0.3469,-0.2002,0.4731,-4.7634,-250.1374,16.5954
559.0000,0.3792,-0.1824,0.4270,-1.3740,-250.1374,15.9771
434.0000,0.4255,-0.1897,0.4854,-1.1527,-250.1374,12.8168
539.0000,0.4424,-0.1633,0.5032,1.4656,-247.9313,10.3664
506.0000,0.4595,-0.1343,0.4478,2.2443,-238.5954,6.9847
506.0000,0.4714,-0.1599,0.3975,2.5954,-230.0076,2.3893
476.0000,0.4778,-0.1567,0.2615,2.9313,-221.2595,-1.1527
557.0000,0.4753,-0.1252,0.1509,-0.7176,-213.7939,-3.8244
543.0000,0.4983,-0.1445,0.0535,-4.3740,-207.4656,-6.9313
475.0000,0.5063,-0.1531,0.0344,-7.2137,-202.0458,-8.8168
458.0000,0.5100,-0.1580,0.0027,-6.4809,-196.3282,-10.8168
541.0000,0.5408,-0.1602,0.0635,-6.2519,-191.1832,-13.1374
463.0000,0.5759,-0.1528,0.1125,-2.8473,-184.3740,-15.0229
432.0000,0.6072,-0.1350,0.1489,-1.6947,-177.0687,-17.0916
517.0000,0.6304,-0.1169,0.1963,-2.8779,-168.0458,-19.1374
471.0000,0.6545,-0.1162,0.2180,-4.5954,-159.4504,-21.2290
553.0000,0.6785,-0.0862,0.1619,-6.9008,-149.3664,-23.3053
638.0000,0.6804,-0.0725,0.1011,-11.9466,-139.7633,-23.8855
489.0000,0.6658,-0.0579,0.0793,-13.5344,-136.9466,-25.3817
473.0000,0.7073,-0.1038,0.0635,-17.4198,-131.7786,-25.6870
488.0000,0.7500,-0.1108,0.0256,-17.0458,-123.4504,-26.0611
483.0000,0.7595,-0.1135,0.0256,-14.9466,-117.2672,-25.3817
284.0000,0.7817,-0.1003,0.0835,-10.9924,-114.2901,-25.4122
795.0000,0.8188,-0.0757,0.1353,-4.3588,-109.0229,-25.0000
407.0000,0.8320,-0.0564,0.1616,-1.5496,-103.2137,-24.6412
374.0000,0.8462,-0.0366,0.1946,-2.7481,-98.9618,-24.1450
521.0000,0.8628,-0.0264,0.2063,-4.4198,-95.3588,-23.6336
525.0000,0.8613,0.0049,0.0991,-6.7710,-91.1908,-21.5267
571.0000,0.8943,-0.0024,-0.0608,-9.0229,-87.3511,-19.7710
539.0000,0.9045,-0.0151,-0.1729,-9.7252,-85.3435,-17.2137
500.0000,0.8635,0.0212,-0.3242,-18.8397,-94.7099,-13.1603
439.0000,0.9114,0.0081,-0.3696,-29.9160,-95.9008,-10.3282
403.0000,0.9395,-0.0090,-0.4468,-34.1756,-91.9160,-5.3282
342.0000,0.9687,-0.0432,-0.4092,-42.2901,-90.3588,-2.3740
606.0000,0.9971,-0.0579,-0.3933,-44.4504,-85.0611,0.4504
463.0000,1.0334,-0.0720,-0.3235,-43.8397,-74.9695,2.6107
494.0000,1.0396,-0.0745,-0.2441,-40.1374,-63.9237,3.2443
473.0000,1.0542,-0.0671,-0.2310,-32.1298,-52.7099,3.0305
420.0000,1.0708,-0.0476,-0.2500,-24.6412,-37.1069,3.1832
728.0000,1.0518,-0.0349,-0.2656,-18.9237,-22.2672,2.4351
447.0000,1.0435,-0.0569,-0.2581,-16.7099,-7.8473,2.0916
560.0000,1.0408,-0.0562,-0.2424,-18.1145,7.2366,1.8092
444.0000,1.0288,-0.0557,-0.2175,-17.9924,21.7023,1.0534
525.0000,1.0090,-0.0679,-0.2378,-15.9695,34.7328,1.3053
527.0000,0.9792,-0.0813,-0.2366,-8.8397,43.6718,1.2443
447.0000,0.9631,-0.0891,-0.2051,-5.8855,52.5725,1.2290
557.0000,0.9468,-0.1001,-0.1533,-4.7328,60.5344,1.1679
486.0000,0.9382,-0.0896,-0.0942,-2.9008,68.6031,1.3130
512.0000,0.9194,-0.1143,-0.0723,-0.3740,75.5038,1.1985
487.0000,0.8933,-0.1179,-0.0750,3.3740,80.6260,1.8168
309.0000,0.8845,-0.1028,-0.0798,5.8931,84.5802,1.8626
525.0000,0.8550,-0.0786,-0.1028,6.3511,86.5496,1.5725
518.0000,0.8662,-0.0864,-0.1174,7.4809,90.6489,1.4275
372.0000,0.8623,-0.0603,-0.1313,7.2977,92.2824,1.4504
637.0000,0.8596,-0.0505,-0.1294,4.1527,93.8626,1.2214
481.0000,0.8669,-0.0408,-0.1184,0.4046,96.3435,0.7099
481.0000,0.8792,-0.0393,-0.0935,-1.9313,99.3283,0.6565
441.0000,0.8884,-0.0264,-0.0637,-5.2824,103.0840,-0.0305
488.0000,0.8984,-0.0581,0.0203,-7.0916,109.2061,-1.1603
484.0000,0.9060,-0.0679,0.1104,-7.2366,116.0611,-2.0000
614.0000,0.9177,-0.0664,0.1448,-4.9160,123.7099,-2.9771
441.0000,0.9009,-0.0767,0.1726,0.2061,131.3588,-4.0534
538.0000,0.8953,-0.0774,0.1807,5.3893,137.8626,-4.7634
587.0000,0.8694,-0.0779,0.1660,11.4275,142.8168,-4.6718
449.0000,0.8516,-0.0728,0.1340,16.0916,146.9924,-4.0916
588.0000,0.8230,-0.0562,0.1104,17.7176,149.7786,-2.9847
469.0000,0.7944,-0.0483,0.0979,16.7786,151.9084,-1.4046
286.0000,0.7896,-0.0508,0.1035,13.5267,153.3740,0.9695
720.0000,0.7783,-0.0374,0.1294,9.3435,154.9313,3.0382
456.0000,0.7534,-0.0596,0.1907,4.9847,157.5191,5.1221
492.0000,0.7393,-0.0754,0.2803,1.7252,160.3664,6.5954
578.0000,0.7285,-0.0781,0.3499,2.0992,164.4427,7.4504
507.0000,0.7209,-0.0959,0.4238,6.0992,166.8092,7.1069
476.0000,0.6970,-0.0886,0.4819,12.9389,173.6488,6.8626
593.0000,0.6685,-0.0759,0.4915,17.7710,176.6107,5.8092
493.0000,0.6433,-0.0481,0.4680,19.6183,174.7481,4.5802
484.0000,0.6292,-0.0278,0.4333,19.7863,178.4962,3.3053
495.0000,0.5969,-0.0132,0.3943,14.1756,177.5878,2.6718
570.0000,0.5496,-0.0090,0.3584,5.4046,172.5114,2.2595
373.0000,0.5313,-0.0066,0.3567,-5.3664,169.4580,2.1298
513.0000,0.5166,0.0176,0.3840,-16.9847,168.4733,2.1679
475.0000,0.4971,-0.0229,0.4412,-26.7023,165.3588,2.0305
482.0000,0.4937,-0.0779,0.5330,-31.5802,164.2214,1.8397
528.0000,0.4871,-0.0901,0.6023,-30.9924,166.8015,2.7863
471.0000,0.4854,-0.1113,0.6545,-26.9542,168.0763,3.0382
492.0000,0.4773,-0.1255,0.7166,-19.9771,169.3664,3.2366
393.0000,0.4563,-0.0994,0.7585,-10.9542,170.6183,3.4046
625.0000,0.4573,-0.0608,0.7771,-7.5573,172.7252,3.1985
379.0000,0.4248,-0.0481,0.8289,-5.8321,174.8397,2.0076
541.0000,0.3999,-0.0581,0.8835,-5.0076,176.4275,0.4809
525.0000,0.3667,-0.0242,0.8757,-8.1298,177.8092,-0.4122
491.0000,0.3416,-0.0208,0.8579,-11.3893,177.9618,-1.6794
483.0000,0.3120,-0.0527,0.8582,-15.8626,176.4733,-2.4580
477.0000,0.2805,-0.0537,0.8469,-20.1756,171.7939,-2.4580
512.0000,0.2795,-0.0544,0.8008,-25.3740,171.1374,-1.9237
522.0000,0.2432,-0.0730,0.7668,-34.6947,163.5114,-0.7939
454.0000,0.2554,-0.1099,0.8262,-40.6489,154.3740,-0.8550
395.0000,0.2588,-0.1431,0.8706,-38.9008,155.1298,0.3740
593.0000,0.2480,-0.1428,0.8965,-40.5573,153.9389,1.6031
435.0000,0.2341,-0.1621,0.9475,-36.6718,147.5802,1.6947
485.0000,0.2419,-0.1772,0.9863,-29.0382,146.7939,2.2366
527.0000,0.2385,-0.1614,0.9988,-22.7405,148.5802,2.3282
573.0000,0.2175,-0.1345,1.0015,-20.7023,145.7252,2.1985
472.0000,0.2144,-0.1316,1.0247,-19.6183,144.5878,1.5954
485.0000,0.1831,-0.1338,1.0676,-19.0611,146.4962,1.2366
576.0000,0.1660,-0.1172,1.0508,-19.6183,146.2672,0.9160
488.0000,0.1497,-0.1194,1.0239,-21.5038,144.0153,0.3740
493.0000,0.1277,-0.1484,1.0378,-21.2977,141.3435,0.2748
485.0000,0.0913,-0.1418,1.0300,-22.0000,139.7176,1.0153
535.0000,0.0471,-0.1375,1.0005,-23.4427,136.9924,0.5115
427.0000,0.0415,-0.1345,0.9885,-29.9237,128.3130,1.5649
567.0000,0.0264,-0.1316,0.9756,-36.3740,121.4809,1.7481
517.0000,0.0234,-0.1719,1.0122,-41.7328,118.2366,2.1679
425.0000,0.0012,-0.2246,1.0652,-41.0458,114.8244,2.8702
558.0000,-0.0203,-0.2434,1.0989,-34.7252,108.7634,3.8779
504.0000,-0.0144,-0.2393,1.1311,-27.1985,102.4122,4.4198
494.0000,-0.0024,-0.2112,1.1584,-20.9237,99.0687,4.4504
457.0000,0.0042,-0.1836,1.1489,-18.0076,97.3130,4.5496
555.0000,0.0232,-0.1875,1.1482,-22.4809,95.1069,4.6565
402.0000,0.0110,-0.1863,1.1487,-22.8702,92.3970,4.8550
563.0000,-0.0044,-0.1921,1.1416,-26.1832,87.2824,6.0382
487.0000,-0.0217,-0.2170,1.1489,-23.8321,83.8015,3.9084
464.0000,0.0129,-0.2124,1.2014,-26.0458,87.8931,4.2748
527.0000,-0.0393,-0.2249,1.1467,-21.5344,85.6412,4.3359
489.0000,-0.0271,-0.2354,1.1360,-16.9084,75.4657,3.9008
450.0000,-0.0181,-0.2312,1.1287,-12.7328,73.8779,3.5267
604.0000,-0.0234,-0.2192,1.0964,-12.3817,73.0153,4.2901
449.0000,-0.0388,-0.2334,1.1086,-13.3664,67.2595,4.7481
549.0000,-0.0549,-0.2222,1.1660,-12.2366,62.5878,5.0000
499.0000,-0.0632,-0.2217,1.2407,-9.0763,60.9313,4.6107
477.0000,-0.0933,-0.2251,1.3274,-3.9389,58.0076,4.1679
467.0000,-0.1099,-0.2073,1.3643,2.3359,54.0611,3.6183
483.0000,-0.1155,-0.1770,1.3252,6.7176,51.0229,3.1527
534.0000,-0.1082,-0.1604,1.2317,7.3969,46.1908,2.6641
495.0000,-0.1189,-0.1458,1.1472,3.7252,39.1374,2.9466
503.0000,-0.0999,-0.1218,1.0496,-2.5420,32.7328,3.0611
546.0000,-0.0605,-0.1274,0.9983,-11.0000,25.5420,3.2214
512.0000,-0.0261,-0.1294,0.9895,-17.8168,19.3359,3.3130
438.0000,0.0210,-0.1602,1.0298,-22.0000,15.7099,3.5267
511.0000,0.0371,-0.1870,1.0698,-20.4656,14.9160,3.4427
495.0000,0.0605,-0.2246,1.1255,-14.9847,15.1145,3.0840
492.0000,0.0649,-0.2354,1.1426,-6.2137,15.9008,2.4809
510.0000,0.0530,-0.2280,1.1272,2.5191,17.7405,2.1756
513.0000,0.0396,-0.2144,1.0730,7.9237,18.3969,1.4580
503.0000,0.0195,-0.1934,1.0100,8.9389,17.2137,1.3435
492.0000,-0.0022,-0.1726,0.9490,4.6336,15.4733,1.3206
480.0000,-0.0154,-0.1543,0.9080,-2.5038,13.8397,1.3359
543.0000,-0.0242,-0.1541,0.8909,-10.4885,10.4962,1.1450
531.0000,-0.0232,-0.1899,0.9048,-16.0534,7.1756,0.7634
488.0000,-0.0334,-0.1995,0.9417,-18.1069,5.7252,0.1298
482.0000,-0.0303,-0.2200,0.9646,-17.4427,4.9924,-0.6718
483.0000,-0.0315,-0.2319,0.9622,-14.6794,4.0076,-1.4504
495.0000,-0.0378,-0.2397,0.9607,-11.3893,3.7099,-1.8092
510.0000,-0.0332,-0.2305,0.9502,-8.4504,3.7710,-2.0229
498.0000,-0.0435,-0.2295,0.9321,-7.1756,3.8092,-2.1603
477.0000,-0.0515,-0.2212,0.9294,-7.1756,3.4733,-2.0534
562.0000,-0.0569,-0.2097,0.9189,-7.5038,3.0229,-1.9160
537.0000,-0.0566,-0.1990,0.9216,-7.6947,2.1603,-2.0534
447.0000,-0.0591,-0.1975,0.9368,-7.8931,1.6641,-2.2214
529.0000,-0.0684,-0.2051,0.9460,-7.5115,1.3130,-2.4198
495.0000,-0.0747,-0.2095,0.9683,-6.3359,0.6947,-2.4885
477.0000,-0.0828,-0.2080,1.0027,-5.1527,0.0992,-2.5725
499.0000,-0.0925,-0.2192,1.0161,-2.7634,-0.5802,-2.4656
509.0000,-0.1042,-0.2068,1.0249,-1.0687,-1.6718,-2.5267
511.0000,-0.1145,-0.1904,1.0374,-0.0840,-4.0076,-2.4122
554.0000,-0.1292,-0.1890,1.0442,0.2595,-6.7634,-2.3435
505.0000,-0.1252,-0.1843,1.0659,-0.1069,-9.6183,-1.9542
529.0000,-0.1189,-0.1870,1.0793,-1.1985,-12.9008,-1.5496
480.0000,-0.1140,-0.1880,1.1196,-1.1374,-16.2061,-1.4122
488.0000,-0.1108,-0.1938,1.1213,-1.0153,-19.8168,-1.0916
506.0000,-0.1062,-0.1885,1.1370,0.1450,-23.4504,-0.9237
397.0000,-0.0889,-0.1941,1.1511,0.9084,-27.7328,-0.6641
457.0000,-0.0933,-0.1982,1.1704,0.7099,-31.2214,-0.1756
511.0000,-0.0850,-0.1968,1.1873,0.8855,-34.5802,-0.5344
533.0000,-0.0632,-0.2021,1.1948,1.1450,-38.3969,-0.5496
471.0000,-0.0635,-0.2146,1.2202,1.5802,-41.8397,-0.7863
501.0000,-0.0662,-0.2092,1.2327,2.3664,-45.7557,-1.0458
471.0000,-0.0542,-0.2095,1.2393,3.1450,-50.0534,-1.8244
537.0000,-0.0540,-0.2241,1.2649,4.9847,-55.0153,-2.0611
512.0000,-0.0540,-0.2229,1.2852,7.0229,-59.1298,-2.2595
456.0000,-0.0703,-0.2178,1.2949,8.1985,-63.4962,-2.2977
546.0000,-0.0706,-0.2239,1.3113,8.7099,-68.9313,-2.6260
436.0000,-0.0725,-0.2236,1.3364,9.5191,-74.1298,-3.0000
486.0000,-0.0903,-0.2239,1.3643,9.7863,-79.5725,-3.1908
625.0000,-0.0833,-0.2173,1.3774,9.9771,-85.8702,-3.6336
516.0000,-0.0947,-0.2041,1.3894,9.6489,-92.7557,-4.2901
453.0000,-0.0986,-0.2085,1.3901,9.3893,-99.4275,-4.3969
406.0000,-0.1038,-0.2090,1.3813,8.9389,-107.0382,-4.6183
591.0000,-0.0908,-0.1926,1.3437,7.4656,-115.4275,-4.4733
534.0000,-0.0796,-0.1987,1.3179,5.1832,-123.0992,-4.5496
497.0000,-0.0701,-0.2109,1.2937,5.0916,-130.7481,-4.2290
409.0000,-0.0510,-0.2095,1.2747,4.5344,-138.6183,-3.7939
587.0000,-0.0330,-0.1965,1.2446,4.3359,-146.2366,-3.7328
489.0000,-0.0066,-0.2048,1.2556,5.2290,-152.5802,-3.9466
421.0000,0.0000,-0.2000,1.2581,6.7176,-158.3053,-3.8779
489.0000,0.0129,-0.1929,1.2437,8.0687,-164.0305,-3.8473
474.0000,0.0288,-0.2087,1.2307,11.5038,-168.9466,-4.3664
425.0000,0.0234,-0.2131,1.2488,15.3130,-172.7099,-3.9008
502.0000,0.0090,-0.1956,1.2417,18.9466,-176.2824,-3.6183
538.0000,0.0232,-0.1721,1.2283,22.5267,-181.0916,-3.3588
506.0000,0.0261,-0.1677,1.1873,26.1756,-185.2595,-3.4580
493.0000,0.0300,-0.1394,1.1025,27.7176,-189.8397,-2.6412
516.0000,0.0452,-0.1050,1.0410,25.1298,-194.7176,-1.3511
392.0000,0.0576,-0.0701,0.9470,19.3664,-200.4504,-0.2824
588.0000,0.0820,-0.0662,0.8887,10.7710,-204.6183,0.7863
457.0000,0.0903,-0.0933,0.9548,3.4198,-211.0763,0.9466
524.0000,0.0918,-0.0732,0.9482,-0.0763,-214.8779,1.9618
527.0000,0.1057,-0.0427,0.8843,-6.9771,-218.3206,2.2290
491.0000,0.1187,-0.0752,0.9187,-12.8473,-222.2290,1.0687
539.0000,0.1355,-0.1211,0.9285,-11.2366,-223.0687,1.8244
482.0000,0.1526,-0.1365,0.8701,-9.0916,-224.3511,2.6260
468.0000,0.1641,-0.1514,0.8303,-7.2595,-225.0000,2.6031
689.0000,0.1812,-0.1458,0.7251,-0.4962,-224.8550,3.0840
569.0000,0.2019,-0.1733,0.6018,4.1832,-225.6641,3.4046
508.0000,0.2288,-0.1819,0.5610,8.4198,-228.4198,3.2748
424.0000,0.2678,-0.1699,0.5244,6.9771,-229.0687,3.9924
691.0000,0.3044,-0.1279,0.4448,10.4885,-230.4275,3.5420
488.0000,0.3428,-0.1226,0.3984,5.3817,-230.1221,3.3588
519.0000,0.3745,-0.1350,0.3572,2.8626,-230.9924,2.9695
386.0000,0.4236,-0.1528,0.2817,4.4809,-229.5420,2.2824
545.0000,0.4624,-0.1836,0.2949,1.3130,-227.9313,1.3282
481.0000,0.4778,-0.2317,0.3530,5.4580,-225.5954,-0.1832
603.0000,0.5198,-0.2229,0.2847,8.4198,-220.6641,0.4504
478.0000,0.5427,-0.2087,0.2476,11.1374,-214.5267,-1.1069
550.0000,0.5652,-0.2302,0.2534,15.1908,-209.8168,-2.6412
624.0000,0.5977,-0.1863,0.1653,18.3817,-204.1603,-3.2366
513.0000,0.6094,-0.1475,0.0889,13.7099,-197.6794,-4.5649
400.0000,0.6204,-0.1218,0.0574,5.8321,-192.8855,-5.6412
718.0000,0.6555,-0.0813,0.0242,-2.6718,-187.0458,-7.4656
633.0000,0.6667,-0.0188,-0.0125,-16.1145,-183.6412,-9.2748
506.0000,0.7134,-0.0342,-0.0569,-29.4733,-178.8550,-11.9160
326.0000,0.7344,-0.0806,-0.0698,-41.1603,-173.6260,-13.0153
541.0000,0.7720,-0.1409,-0.0789,-48.3053,-167.3893,-14.4275
560.0000,0.7935,-0.1687,-0.0662,-49.6870,-160.9008,-15.2977
495.0000,0.8384,-0.1733,-0.0725,-45.1298,-152.6488,-17.1985
412.0000,0.8762,-0.2136,-0.0764,-36.4198,-142.7405,-19.6641
493.0000,0.9236,-0.2498,-0.0647,-22.6031,-130.5496,-21.7023
424.0000,0.9260,-0.2427,-0.1863,-5.9695,-119.1908,-22.0153
470.0000,0.9397,-0.2263,-0.3267,10.1832,-110.2290,-22.8092
752.0000,0.9604,-0.1833,-0.5439,20.2137,-101.0382,-21.3588
368.0000,0.9976,-0.1318,-0.6399,18.4504,-89.6031,-19.0763
527.0000,0.9810,-0.0552,-0.7473,8.6107,-82.8092,-14.9618
450.0000,1.0337,0.0029,-0.6719,-8.8626,-74.0840,-13.7176
468.0000,1.0686,0.0220,-0.6228,-21.7099,-58.3130,-11.2519
551.0000,1.0745,-0.0271,-0.5322,-34.2824,-39.5267,-8.9160
587.0000,1.0796,-0.0449,-0.4634,-36.0916,-22.0687,-7.3053
504.0000,1.0637,-0.0449,-0.4082,-30.4046,-4.2824,-5.5649
437.0000,1.0518,-0.0432,-0.3191,-21.2977,14.3435,-5.6641
530.0000,1.0249,-0.0439,-0.2905,-7.8092,31.3893,-5.4351
425.0000,0.9871,-0.0347,-0.2939,2.8702,45.5420,-4.4198
560.0000,0.9380,-0.0178,-0.2900,6.8550,56.4733,-3.0305
451.0000,0.9021,-0.0227,-0.2642,7.5725,65.5420,-1.3282
469.0000,0.8794,-0.0459,-0.2314,7.7557,72.2977,0.4656
482.0000,0.8518,-0.0559,-0.1829,6.8855,78.5038,2.1832
666.0000,0.8342,-0.0647,-0.1587,5.4504,84.2061,3.9466
501.0000,0.8188,-0.0603,-0.1592,3.7557,87.7863,5.9847
395.0000,0.8174,-0.0667,-0.1631,2.9542,93.1527,7.7710
538.0000,0.8132,-0.0549,-0.1694,1.4504,97.2901,8.7863
512.0000,0.8091,-0.0347,-0.1912,-1.7710,100.6031,9.8626
527.0000,0.8210,-0.0317,-0.2039,-7.0840,104.4504,10.5115
475.0000,0.8228,-0.0261,-0.1558,-14.0076,110.1298,11.0992
387.0000,0.8279,-0.0603,-0.0730,-19.2901,117.4886,10.6489
387.0000,0.8345,-0.1113,0.0706,-20.8015,127.7786,9.2290
627.0000,0.8271,-0.1697,0.1802,-14.1374,139.9542,6.8626
470.0000,0.8267,-0.1943,0.2268,-1.8168,151.2519,4.4427
385.0000,0.8127,-0.2212,0.2427,13.0611,160.2443,0.7023
698.0000,0.7942,-0.2229,0.2266,27.6412,167.0840,-2.0458
493.0000,0.7756,-0.2007,0.2012,39.2443,172.1069,-4.7099
454.0000,0.7485,-0.1792,0.1636,45.5115,176.2137,-6.4885
514.0000,0.7068,-0.1208,0.1238,43.1450,175.7099,-7.5954
518.0000,0.7085,-0.0771,0.0952,35.9008,178.2824,-7.7710
474.0000,0.7058,-0.0471,0.1042,24.2901,177.5954,-7.3206
422.0000,0.7100,-0.0298,0.1423,10.6565,176.6794,-5.9466
628.0000,0.7104,-0.0203,0.1807,-1.9924,177.1908,-4.1756
447.0000,0.7114,-0.0542,0.2476,-11.6565,180.0458,-2.4275
500.0000,0.7070,-0.1147,0.3970,-16.6260,184.2214,-0.7405
434.0000,0.7024,-0.1462,0.5046,-13.5191,190.7023,0.5954
531.0000,0.6851,-0.1680,0.5466,-5.7405,197.9389,0.8550
481.0000,0.6707,-0.1650,0.5842,4.1908,204.0687,0.0687
481.0000,0.6550,-0.1807,0.6372,15.8092,209.3359,-1.2748
468.0000,0.6179,-0.1836,0.6831,26.5344,216.0534,-2.3969
618.0000,0.5779,-0.1504,0.6484,36.0153,224.0458,-4.2824
473.0000,0.4971,-0.1284,0.5535,41.8397,221.3664,-6.2901
499.0000,0.4211,-0.0557,0.4810,41.2214,220.2748,-8.0840
582.0000,0.3806,0.0276,0.4233,29.5267,209.4886,-9.6260
275.0000,0.3691,0.0710,0.4692,13.0076,209.6183,-11.4733
565.0000,0.3232,0.0789,0.4941,-7.0992,202.2672,-12.2061
494.0000,0.3037,0.0618,0.5476,-28.5344,192.2595,-12.5038
464.0000,0.2983,0.0229,0.6475,-42.0458,185.5343,-13.0076
467.0000,0.2803,-0.0110,0.6980,-51.6412,183.4122,-12.6947
500.0000,0.2742,-0.0615,0.7390,-58.6641,178.8168,-12.7863
478.0000,0.2852,-0.1252,0.8123,-58.9466,180.1985,-12.0153
589.0000,0.2427,-0.1384,0.8608,-57.2214,181.9084,-10.0611
434.0000,0.2207,-0.1545,0.8687,-53.8092,180.3206,-9.1145
494.0000,0.2024,-0.2068,0.8811,-45.0229,180.0611,-8.4198
501.0000,0.1624,-0.1692,0.8381,-38.3282,178.9008,-6.9084
509.0000,0.1252,-0.1265,0.7834,-42.4656,171.9466,-5.8015
472.0000,0.1230,-0.1294,0.7261,-46.3282,171.9466,-4.7023
394.0000,0.1221,-0.0776,0.6812,-61.2137,165.6336,-2.8626
600.0000,0.1138,-0.0881,0.6614,-78.1527,158.0000,-1.0382
272.0000,0.1038,-0.1675,0.7502,-89.6718,154.9160,1.3817
681.0000,0.0605,-0.2627,0.8613,-94.5420,153.8321,5.3282
432.0000,0.0334,-0.3523,0.9631,-88.5802,150.6336,9.3511
528.0000,0.0083,-0.4502,1.1382,-71.7176,148.1908,12.7939
430.0000,-0.0203,-0.4358,1.2136,-45.4885,147.2901,15.9695
555.0000,-0.0500,-0.3535,1.2659,-20.9847,143.9389,17.1832
481.0000,-0.0332,-0.1826,1.2944,-3.9466,138.6947,14.9542
494.0000,-0.0398,-0.0825,1.2566,0.8168,134.9466,11.8550
537.0000,-0.0442,-0.0229,1.1604,-8.6107,131.6794,9.5496
418.0000,-0.0659,-0.0520,1.1121,-25.1756,126.3511,8.3053
674.0000,-0.0715,-0.0994,1.0913,-43.5725,120.4733,8.0153
521.0000,-0.0603,-0.1516,1.1387,-55.0229,115.9924,7.8702
450.0000,-0.0601,-0.2302,1.2500,-56.6870,113.6107,8.0687
479.0000,-0.1160,-0.3154,1.3652,-46.2443,110.8779,9.3969
540.0000,-0.0928,-0.3962,1.4106,-28.6489,109.0305,7.2443
476.0000,-0.0864,-0.3960,1.4851,2.1221,108.8092,7.1756
490.0000,-0.1145,-0.3347,1.4739,18.4504,104.0916,6.3969
501.0000,-0.1396,-0.2871,1.4158,26.7786,100.6031,6.3969
473.0000,-0.1448,-0.2058,1.3174,23.4504,95.6183,6.9542
545.0000,-0.1357,-0.1189,1.2146,8.9237,90.6183,7.5725
381.0000,-0.1377,-0.0818,1.1270,-8.5344,81.4809,7.2977
601.0000,-0.0916,-0.0520,1.0518,-27.2061,72.8244,6.5420
412.0000,-0.0710,-0.0962,1.0259,-42.7786,64.1832,5.1145
575.0000,-0.0403,-0.1997,1.0847,-48.7710,58.0992,4.7939
468.0000,-0.0300,-0.3025,1.1631,-45.7405,56.4885,5.0382
461.0000,-0.0288,-0.3682,1.2678,-33.9008,57.2519,5.3893
532.0000,-0.0269,-0.3997,1.3015,-15.9924,58.7786,5.9466
495.0000,-0.0239,-0.3633,1.3062,4.4733,59.6260,5.4656
475.0000,-0.0352,-0.3076,1.2742,21.1221,60.1069,4.7176
492.0000,-0.0684,-0.2437,1.2268,29.3588,59.4351,4.1145
469.0000,-0.0898,-0.1716,1.1465,26.9389,58.4809,4.2214
560.0000,-0.1255,-0.1560,1.0803,17.6870,57.3130,4.4580
497.0000,-0.1572,-0.2100,1.0925,2.6260,51.7786,4.4885
457.0000,-0.1697,-0.2715,1.1084,-8.3588,46.0458,3.4885
509.0000,-0.1665,-0.3091,1.1541,-13.3664,34.5802,0.3740
534.0000,-0.1182,-0.3752,1.2166,-14.8550,27.4733,-2.4351
473.0000,-0.0879,-0.4207,1.2681,-9.4504,19.6794,-5.4275
510.0000,-0.0732,-0.4316,1.3008,-2.5649,7.6260,-8.1221
470.0000,-0.0520,-0.4204,1.2563,2.1679,4.0534,-8.7405
549.0000,-0.0498,-0.3521,1.1804,5.6489,-0.1527,-8.5496
421.0000,-0.0496,-0.3062,1.0991,7.1145,-4.1298,-8.4733
544.0000,-0.0356,-0.2283,1.0208,8.4733,-5.4733,-8.2519
496.0000,-0.0264,-0.1775,0.9602,8.3206,-6.2443,-8.6336
501.0000,-0.0176,-0.1484,0.8894,6.9389,-6.5191,-8.3740
510.0000,-0.0166,-0.1316,0.8496,4.6107,-6.3130,-8.1679
448.0000,-0.0164,-0.1279,0.8091,0.8473,-4.7099,-7.8015
485.0000,-0.0225,-0.1392,0.8027,-0.3435,-2.7557,-7.3893
507.0000,-0.0291,-0.1453,0.7959,-0.8015,-0.8626,-6.6489
491.0000,-0.0491,-0.1646,0.8098,-0.6794,1.6107,-6.1756
506.0000,-0.0662,-0.1670,0.8140,1.2214,4.0458,-5.6641
465.0000,-0.0811,-0.1641,0.8196,2.4885,5.9160,-5.3206
525.0000,-0.0884,-0.1606,0.8066,4.3206,6.6718,-4.5267
490.0000,-0.1033,-0.1472,0.7903,3.7939,7.0458,-3.7099
524.0000,-0.1204,-0.1306,0.7964,1.5954,6.1527,-2.7099
488.0000,-0.1194,-0.1375,0.8040,-1.5191,5.3053,-1.6260
539.0000,-0.1216,-0.1538,0.8254,-3.8702,4.2901,-0.1679
463.0000,-0.1301,-0.1709,0.8508,-5.7252,3.4656,0.9084
509.0000,-0.1292,-0.1826,0.8821,-6.0763,2.6412,2.3130
484.0000,-0.1145,-0.1963,0.9031,-5.7176,2.0229,3.0305
500.0000,-0.1040,-0.2090,0.9094,-4.8473,1.1374,3.4351
491.0000,-0.1013,-0.2163,0.9119,-4.2519,-0.2901,4.0534
519.0000,-0.0894,-0.2217,0.9319,-4.0840,-0.9695,4.1985
487.0000,-0.0947,-0.2285,0.9507,-4.5496,-1.4962,4.2137
480.0000,-0.0833,-0.2275,0.9685,-4.7710,-2.5496,3.8550
545.0000,-0.0808,-0.2332,0.9902,-4.9618,-4.5344,3.0153
468.0000,-0.0693,-0.2432,1.0034,-4.6489,-5.8244,2.2061
532.0000,-0.0627,-0.2546,1.0168,-3.6565,-6.4962,1.7710
508.0000,-0.0676,-0.2473,1.0076,-3.1374,-7.9695,1.5496
485.0000,-0.0583,-0.2454,1.0181,-1.9695,-9.0382,0.8473
480.0000,-0.0503,-0.2407,1.0173,-0.5802,-10.4198,0.6336
439.0000,-0.0576,-0.2273,1.0212,0.0916,-12.0305,0.4122
511.0000,-0.0615,-0.2148,1.0117,-0.0763,-13.9008,0.0611
505.0000,-0.0676,-0.2104,1.0352,-0.8092,-16.0916,0.1069
484.0000,-0.0718,-0.2026,1.0544,-1.6489,-17.9313,0.5038
492.0000,-0.0732,-0.2021,1.0588,-2.6336,-20.2977,0.2901
469.0000,-0.0757,-0.2034,1.0891,-3.4351,-23.0305,0.2748
501.0000,-0.0911,-0.2092,1.1040,-3.0000,-26.0458,0.0611
477.0000,-0.0920,-0.2026,1.1379,-2.9008,-29.4733,-0.0153
462.0000,-0.1021,-0.2114,1.1553,-3.4046,-32.8244,-0.0916
532.0000,-0.1096,-0.2085,1.1785,-3.6260,-35.8931,-0.0458
502.0000,-0.1125,-0.2231,1.1826,-3.4733,-40.4809,-0.1145
490.0000,-0.1160,-0.2363,1.2046,-3.0687,-44.1832,0.2290
536.0000,-0.1160,-0.2437,1.1963,-1.0611,-47.9237,0.1756
478.0000,-0.1116,-0.2415,1.1924,1.2519,-53.2061,0.3053
472.0000,-0.1094,-0.2363,1.1882,3.8855,-58.7939,0.0305
497.0000,-0.0898,-0.2358,1.1841,5.8779,-63.6718,-0.2366
529.0000,-0.0798,-0.2207,1.1753,6.2977,-69.0763,-0.5954
514.0000,-0.0645,-0.2114,1.1541,5.7939,-74.4962,-0.6870
536.0000,-0.0403,-0.2097,1.1277,4.2595,-79.3664,-1.1145
428.0000,-0.0273,-0.2170,1.1326,2.7557,-83.6183,-1.6641
535.0000,-0.0139,-0.2258,1.1428,1.3740,-87.7786,-1.9924
485.0000,-0.0083,-0.2390,1.1624,0.1756,-91.0076,-2.3053
455.0000,-0.0132,-0.2549,1.2224,1.1298,-93.7939,-2.4580
543.0000,-0.0371,-0.2593,1.2654,2.9008,-95.5191,-2.7710
456.0000,-0.0645,-0.2578,1.3198,5.8015,-97.6260,-3.1069
544.0000,-0.0857,-0.2717,1.3633,9.4351,-101.0687,-3.1069
453.0000,-0.1267,-0.2673,1.3928,12.6412,-105.2672,-3.2748
474.0000,-0.1440,-0.2488,1.3521,14.7328,-111.5344,-3.0611
395.0000,-0.1409,-0.2168,1.2905,13.9847,-118.5496,-2.6031
569.0000,-0.1238,-0.1853,1.1938,11.4809,-126.9084,-2.0229
453.0000,-0.0947,-0.1733,1.1360,7.2824,-136.1679,-1.7176
538.0000,-0.0752,-0.1631,1.1099,3.6565,-143.6717,-0.6870
559.0000,-0.0601,-0.1523,1.1475,-0.7252,-151.6031,-0.9542
426.0000,-0.0291,-0.1797,1.1846,-2.6718,-159.0076,-1.6031
578.0000,0.0024,-0.1899,1.1794,-0.8168,-165.5878,-2.5649
411.0000,0.0381,-0.2222,1.1956,1.4122,-170.9008,-3.3282
563.0000,0.0334,-0.2595,1.2358,7.0992,-174.8321,-3.7481
384.0000,0.0327,-0.2634,1.2087,13.1908,-177.5878,-3.0611
603.0000,0.0530,-0.2197,1.1450,14.8321,-181.0229,-2.6718
503.0000,0.0764,-0.1760,1.0461,13.7176,-187.7252,-2.4656
478.0000,0.1042,-0.1663,0.9771,10.2214,-189.4275,-2.4885
565.0000,0.1194,-0.1399,0.9131,3.0000,-193.5649,-2.1450
369.0000,0.1343,-0.1511,0.8750,-3.3969,-200.2901,-1.9771
587.0000,0.1479,-0.1902,0.9089,-7.6107,-204.2519,-1.3893
468.0000,0.1624,-0.1785,0.9065,-8.5038,-203.7099,-1.0534
393.0000,0.1765,-0.1892,0.9250,-8.9160,-205.1603,-1.5191
581.0000,0.1958,-0.1809,0.8872,-4.0458,-206.6717,-0.9771
473.0000,0.2095,-0.1736,0.9041,1.2748,-207.0611,-1.7786
516.0000,0.1931,-0.1738,0.9263,6.3740,-205.6260,-1.3893
544.0000,0.2031,-0.1479,0.8606,11.4275,-206.4122,-1.1069
477.0000,0.2180,-0.1477,0.7805,14.6031,-208.8931,-1.9924
479.0000,0.2285,-0.1597,0.7156,17.9924,-212.0763,-2.3511
618.0000,0.2483,-0.1228,0.6021,16.3282,-215.2824,-1.4656
491.0000,0.2720,-0.0994,0.5364,9.2214,-220.1069,-1.7481
395.0000,0.2959,-0.1165,0.5176,-0.4275,-223.6260,-1.3893
540.0000,0.3379,-0.1448,0.4285,-5.3817,-223.9237,-0.9466
482.0000,0.3696,-0.1533,0.3889,-13.6489,-226.7481,-0.8397
517.0000,0.4302,-0.1646,0.3899,-19.6641,-225.2824,-0.7405
428.0000,0.4722,-0.1890,0.3157,-19.7176,-225.8550,-0.9237
476.0000,0.5154,-0.2383,0.3442,-17.8550,-223.9313,-2.8092
459.0000,0.5457,-0.3049,0.3833,-11.5496,-218.5878,-3.4122
453.0000,0.5693,-0.2981,0.3271,-4.0305,-211.1832,-3.3817
465.0000,0.6074,-0.2830,0.2625,1.8321,-205.1450,-4.8779
479.0000,0.6208,-0.2495,0.1934,9.2672,-199.5496,-6.5725
563.0000,0.6577,-0.2268,0.0908,14.1298,-192.7328,-7.5191
629.0000,0.6797,-0.1709,0.0120,14.9847,-186.8473,-9.0000
394.0000,0.6968,-0.2063,0.0276,12.3588,-180.1069,-10.8855
494.0000,0.7192,-0.2095,0.0745,12.3053,-173.4733,-11.4427
586.0000,0.7517,-0.1826,0.0024,12.9313,-168.9924,-12.0153
500.0000,0.7771,-0.1243,-0.0850,10.7481,-160.9542,-13.0153
468.0000,0.7827,-0.1401,-0.0505,7.7252,-152.7557,-14.9160
436.0000,0.8027,-0.1528,-0.0366,5.4351,-147.4351,-14.8550
727.0000,0.8240,-0.0962,-0.0874,0.2443,-140.1679,-14.7252
367.0000,0.8357,-0.0491,-0.1165,-6.6031,-132.8244,-15.1756
438.0000,0.8325,-0.0798,-0.0977,-13.8168,-124.2901,-16.2290
526.0000,0.8635,-0.0842,-0.0396,-24.9924,-116.6031,-16.1069
587.0000,0.8887,-0.0874,-0.0212,-35.3511,-105.1679,-15.5038
372.0000,0.9050,-0.1016,-0.0315,-27.3282,-94.3893,-16.3435
503.0000,0.9077,-0.1333,-0.0366,-21.8244,-87.1069,-16.8855
584.0000,0.9221,-0.1616,-0.0674,-7.1985,-78.2977,-16.0840
524.0000,0.9194,-0.1399,-0.1887,5.2519,-70.4046,-13.5115
489.0000,0.9114,-0.0801,-0.2979,12.7405,-67.5878,-11.5649
481.0000,0.9253,-0.0620,-0.3213,19.6870,-64.4962,-10.0153
568.0000,0.9321,-0.0510,-0.3606,21.4580,-59.5344,-6.4198
649.0000,0.9443,-0.0107,-0.3792,17.9542,-51.9695,-3.0229
452.0000,0.9629,0.0183,-0.3750,12.0763,-44.1527,-0.2290
414.0000,0.9880,0.0308,-0.3584,6.1450,-35.0305,3.1679
427.0000,0.9971,0.0332,-0.3369,-0.6031,-25.9008,5.5802
643.0000,1.0051,0.0186,-0.2849,-6.1603,-13.6412,6.7710
449.0000,1.0039,-0.0083,-0.2180,-9.6794,-2.0153,7.4504
492.0000,1.0227,-0.0542,-0.1550,-12.0305,13.1450,7.9771
477.0000,1.0142,-0.0994,-0.1106,-10.3053,28.1985,7.9695
677.0000,1.0088,-0.1272,-0.0930,-3.6031,41.9466,7.7252
456.0000,0.9917,-0.1631,-0.0859,6.1985,53.6641,6.6947
611.0000,0.9697,-0.1899,-0.0784,16.2672,64.0076,6.3588
419.0000,0.9509,-0.2087,-0.0469,24.8397,73.1985,5.3359
455.0000,0.9402,-0.2187,-0.0188,32.7939,81.6412,4.4656
582.0000,0.9346,-0.2061,-0.0210,39.5115,88.9618,3.4122
468.0000,0.9136,-0.1711,-0.0391,44.3740,93.4198,1.9924
417.0000,0.9031,-0.1565,-0.0608,45.8779,97.1374,0.9160
468.0000,0.8870,-0.1423,-0.0571,42.7252,99.5420,0.2595
601.0000,0.8818,-0.1387,-0.0532,36.5649,101.0916,-0.0229
462.0000,0.8765,-0.1299,-0.0396,27.8397,103.4886,0.6031
484.0000,0.8809,-0.1384,0.0261,19.3130,106.4351,0.3359
427.0000,0.8774,-0.1438,0.0999,13.4427,109.9084,0.3664
543.0000,0.8850,-0.1189,0.1438,9.9695,113.6260,-0.1145
494.0000,0.8745,-0.1184,0.1765,7.9237,117.9924,-0.8092
453.0000,0.8650,-0.1348,0.2109,7.9771,122.2901,-1.5802
574.0000,0.8513,-0.1589,0.2280,9.1145,126.2977,-1.5496
526.0000,0.8398,-0.1560,0.2322,10.8931,130.5572,-1.3511
467.0000,0.8201,-0.1382,0.2344,13.8473,134.5725,-1.9924
469.0000,0.8013,-0.1138,0.2139,17.3435,136.4733,-2.2519
534.0000,0.7766,-0.1040,0.1968,17.5573,137.5038,-2.3969
488.0000,0.7590,-0.1001,0.2825,13.8244,138.5572,-2.3740
498.0000,0.7444,-0.1111,0.3655,9.8855,140.8015,-2.2366
477.0000,0.7222,-0.0879,0.4009,6.9618,143.7633,-1.9389
532.0000,0.7341,-0.0793,0.4131,6.7023,149.3282,-2.9313
527.0000,0.6980,-0.0845,0.4233,6.7939,149.2443,-3.9389
537.0000,0.6846,-0.0808,0.4353,8.1221,147.7176,-4.1832
494.0000,0.6838,-0.0564,0.4285,5.1221,148.3130,-4.3435
566.0000,0.6543,-0.0557,0.4255,-0.0763,148.1908,-4.6336
492.0000,0.6519,-0.0530,0.4358,-4.6183,147.7328,-4.2824
477.0000,0.6462,-0.0842,0.4514,-9.2214,148.7939,-3.6565
445.0000,0.6313,-0.1045,0.4993,-12.5802,149.4122,-3.1069
515.0000,0.6108,-0.1116,0.5347,-12.4504,148.6794,-2.5038
439.0000,0.6091,-0.1252,0.5796,-9.0000,149.1145,-2.2290
526.0000,0.5850,-0.1206,0.6121,-5.3893,150.3130,-2.2290
475.0000,0.5645,-0.1130,0.6250,-2.0763,150.3893,-1.9237
542.0000,0.5554,-0.1130,0.6521,-2.0611,150.8397,-1.7099
390.0000,0.5303,-0.1125,0.6746,-0.5725,152.1145,-1.2366
605.0000,0.5144,-0.1135,0.6533,-0.9466,152.1069,-1.1603
539.0000,0.4861,-0.1001,0.6565,-0.2214,150.4886,-0.6870
481.0000,0.4719,-0.0984,0.6716,1.8244,148.4962,-0.9542
509.0000,0.4612,-0.0842,0.6567,0.0534,144.4580,-0.7710
521.0000,0.4521,-0.0750,0.6770,-3.5802,141.4962,-0.3588
550.0000,0.4490,-0.0803,0.6829,-10.4046,140.9847,0.2214
506.0000,0.4402,-0.0845,0.6907,-17.6412,140.5420,0.4962
480.0000,0.4270,-0.1304,0.7510,-22.2672,139.1069,0.9542
342.0000,0.3953,-0.1453,0.8547,-20.8702,138.9160,1.4504
570.0000,0.3826,-0.1338,0.8811,-17.8321,138.8397,1.4351
491.0000,0.3606,-0.1372,0.8940,-13.4275,136.4427,0.4504
470.0000,0.3550,-0.1646,0.9133,-6.6260,137.3053,-0.2366
411.0000,0.3269,-0.1501,0.9106,-4.3893,134.7099,-0.3435
587.0000,0.3083,-0.1133,0.8782,-6.6260,130.4504,-0.2672
470.0000,0.3054,-0.0964,0.8796,-8.6107,127.1527,-0.7176
551.0000,0.3079,-0.0854,0.8894,-12.4504,124.7939,-1.2977
423.0000,0.2954,-0.0632,0.8835,-17.6031,121.1756,-1.4809
504.0000,0.2932,-0.0720,0.8721,-23.2061,118.4351,-1.7863
428.0000,0.2998,-0.0830,0.8767,-27.7099,117.5802,-2.0840
600.0000,0.3123,-0.1143,0.8889,-30.3969,117.1679,-1.8855
460.0000,0.3091,-0.1533,0.9160,-29.2214,118.1908,-1.7252
457.0000,0.2937,-0.1721,0.9348,-25.7863,119.1221,-1.2519
599.0000,0.2876,-0.1604,0.9434,-20.0153,119.0229,-1.6718
471.0000,0.2891,-0.1748,0.9722,-12.4504,120.3511,-1.8092
451.0000,0.2615,-0.1694,0.9973,-6.1450,122.4809,-2.2214
521.0000,0.2354,-0.1389,0.9917,-4.3969,123.2366,-2.3969
524.0000,0.2178,-0.1172,0.9573,-6.6794,122.9008,-3.1374
575.0000,0.1943,-0.1194,0.9336,-9.1374,122.6031,-3.7481
467.0000,0.1726,-0.1135,0.9158,-12.6107,122.3588,-4.2290
468.0000,0.1531,-0.1201,0.9006,-18.5725,119.6031,-4.5420
470.0000,0.1384,-0.1257,0.9165,-22.7557,115.5267,-5.1069
511.0000,0.1338,-0.1418,0.9292,-26.6031,114.7252,-5.5954
502.0000,0.1135,-0.1746,0.9890,-26.3664,114.3893,-5.9466
532.0000,0.0940,-0.2085,1.0361,-22.5191,111.8626,-5.5802
521.0000,0.0742,-0.2000,1.0642,-17.5496,110.8626,-5.0916
523.0000,0.0669,-0.1987,1.0679,-9.6183,109.3664,-5.6718
459.0000,0.0745,-0.1658,1.0674,-6.6947,108.1985,-5.3817
570.0000,0.0393,-0.1360,1.0701,-4.1985,105.8321,-5.2901
572.0000,0.0315,-0.1448,1.0757,-5.8473,104.8779,-5.1298
520.0000,0.0205,-0.1257,1.0918,-7.0305,100.8473,-6.1221
436.0000,0.0107,-0.1448,1.1255,-10.9847,99.3359,-5.1450
515.0000,-0.0151,-0.1313,1.1248,-14.2824,100.0076,-4.7099
423.0000,-0.0457,-0.1440,1.1101,-15.6412,93.8015,-4.3282
549.0000,-0.0413,-0.1470,1.1130,-17.7023,86.2443,-4.1450
399.0000,-0.0413,-0.1487,1.1208,-18.1298,86.4580,-3.7176
490.0000,-0.0515,-0.1577,1.1619,-17.0611,83.8931,-3.3130
509.0000,-0.0610,-0.1562,1.1790,-14.9466,78.8244,-3.2443
524.0000,-0.0679,-0.1711,1.2124,-11.0000,75.1679,-3.4046
461.0000,-0.0637,-0.1643,1.2468,-5.6260,72.0382,-3.9313
499.0000,-0.0796,-0.1560,1.2537,-1.5267,69.5649,-4.0000
502.0000,-0.0898,-0.1611,1.2512,-0.8397,67.7099,-3.1527
433.0000,-0.1040,-0.1428,1.1790,-0.5573,59.9466,-3.1450
555.0000,-0.0879,-0.1348,1.1145,-3.1450,55.0305,-2.5802
516.0000,-0.0879,-0.1121,1.0623,-8.2366,49.0382,-2.2595
471.0000,-0.0730,-0.1045,1.0305,-12.7405,42.8702,-1.8244
539.0000,-0.0713,-0.1189,1.0366,-17.6947,37.3893,-1.5191
500.0000,-0.0605,-0.1460,1.0662,-20.7405,33.1450,-0.9237
493.0000,-0.0552,-0.1895,1.0996,-19.8092,29.2443,-0.6641
503.0000,-0.0469,-0.2139,1.1201,-16.0382,26.7023,0.0687
489.0000,-0.0396,-0.2144,1.1543,-9.7634,24.7099,0.3969
485.0000,-0.0444,-0.2068,1.1367,-3.8550,22.5191,1.0611
486.0000,-0.0378,-0.1919,1.0964,-0.7634,20.4733,1.5878
533.0000,-0.0420,-0.1624,1.0425,-0.3282,18.3053,2.1985
431.0000,-0.0410,-0.1453,1.0105,-2.9618,16.3053,2.1450
517.0000,-0.0483,-0.1335,0.9644,-6.4275,14.1908,2.6412
520.0000,-0.0413,-0.1399,0.9509,-11.1679,11.6107,2.4656
425.0000,-0.0352,-0.1533,0.9309,-13.5420,9.2214,2.0000
534.0000,-0.0198,-0.1616,0.9275,-14.5725,6.9924,1.8702
494.0000,-0.0171,-0.1755,0.9143,-15.1374,5.5038,1.7328
395.0000,-0.0156,-0.2017,0.9172,-14.1756,4.8244,1.6489
555.0000,-0.0066,-0.1978,0.9180,-12.9771,4.9084,1.8931
546.0000,0.0051,-0.2117,0.9106,-11.7099,5.2595,1.9160
383.0000,0.0029,-0.2131,0.9092,-9.8473,5.6260,2.0382
556.0000,0.0020,-0.2114,0.8962,-8.6260,6.0229,1.9008
479.0000,-0.0051,-0.2102,0.8821,-7.1679,6.3282,1.7252
498.0000,-0.0144,-0.2012,0.8862,-6.9313,5.9084,1.3053
470.0000,-0.0112,-0.1919,0.8843,-7.8244,6.1221,0.7863
516.0000,-0.0107,-0.1909,0.8826,-8.8779,6.1832,0.2519
466.0000,-0.0193,-0.2043,0.8916,-9.8473,6.1527,-0.3817
524.0000,-0.0229,-0.2146,0.9038,-10.7252,5.7405,-0.7863
413.0000,-0.0305,-0.2175,0.9192,-10.7481,5.6489,-1.0611
528.0000,-0.0298,-0.2402,0.9287,-8.8092,5.3664,-1.2443
487.0000,-0.0317,-0.2324,0.9333,-6.5573,5.0687,-1.4656
511.0000,-0.0378,-0.2234,0.9509,-4.7481,4.3435,-1.9695
464.0000,-0.0544,-0.2183,0.9788,-3.2290,3.8168,-2.4580
502.0000,-0.0627,-0.2144,0.9854,-2.9389,3.2977,-2.9542
467.0000,-0.0688,-0.2034,0.9861,-3.4733,1.7863,-3.0687
530.0000,-0.0723,-0.2002,0.9885,-3.8855,0.4580,-3.2519
464.0000,-0.0833,-0.2073,0.9915,-4.0687,-0.8321,-3.3817
623.0000,-0.0906,-0.1970,0.9980,-3.7710,-2.8702,-3.3435
489.0000,-0.0876,-0.1921,1.0105,-2.9618,-5.3664,-3.4809
472.0000,-0.0938,-0.1882,1.0320,-1.7328,-7.1985,-3.4275
452.0000,-0.0938,-0.1855,1.0500,-0.9847,-8.6718,-3.0763
497.0000,-0.0925,-0.1833,1.0510,-0.5878,-11.0611,-2.9084
524.0000,-0.0820,-0.1760,1.0374,-0.3435,-13.3664,-2.6183
492.0000,-0.0886,-0.1753,1.0552,-0.2977,-15.4351,-2.2977
429.0000,-0.0830,-0.1768,1.0454,-0.4046,-17.9466,-2.1374
542.0000,-0.0747,-0.1763,1.0574,-0.4733,-20.4046,-2.0229
486.0000,-0.0728,-0.1792,1.0503,-0.4275,-23.2672,-1.6794
515.0000,-0.0679,-0.1746,1.0535,-1.0611,-25.9389,-1.4046
492.0000,-0.0520,-0.1882,1.0554,-0.8092,-28.6489,-1.5115
518.0000,-0.0469,-0.1929,1.0703,-0.8550,-31.2061,-1.1221
518.0000,-0.0500,-0.2000,1.0857,-0.4275,-33.3740,-1.1374
491.0000,-0.0500,-0.2065,1.1174,0.6031,-35.3359,-1.0687
473.0000,-0.0596,-0.2000,1.1294,1.7557,-37.8321,-1.3511
490.0000,-0.0576,-0.1924,1.1152,2.8321,-40.3130,-1.7863
538.0000,-0.0491,-0.1895,1.1055,2.7023,-43.3359,-2.3130
514.0000,-0.0464,-0.1831,1.0945,2.3511,-46.5496,-2.2748
464.0000,-0.0522,-0.1833,1.0906,1.0916,-51.0305,-2.7252
516.0000,-0.0498,-0.1907,1.1079,-2.9084,-54.0534,-2.9160
546.0000,-0.0474,-0.2073,1.1238,-3.9771,-56.1527,-3.0076
496.0000,-0.0498,-0.2183,1.1345,-3.7252,-60.2137,-3.4198
497.0000,-0.0518,-0.2153,1.1721,-1.9084,-64.7481,-3.9466
534.0000,-0.0576,-0.2209,1.1704,0.6794,-67.8168,-3.8015
516.0000,-0.0452,-0.2173,1.1584,2.6107,-71.3588,-4.1221
478.0000,-0.0505,-0.2207,1.1648,3.0916,-75.6107,-3.7634
432.0000,-0.0562,-0.2266,1.1924,3.9924,-78.8779,-3.4275
564.0000,-0.0549,-0.1973,1.1953,4.1527,-82.5573,-3.0763
595.0000,-0.0476,-0.1758,1.1626,3.5649,-87.7328,-3.2137
476.0000,-0.0322,-0.1880,1.1616,4.2824,-92.9084,-3.5191
434.0000,-0.0178,-0.1797,1.1589,3.8931,-97.0153,-3.0687
529.0000,-0.0076,-0.1682,1.1218,2.3282,-101.7481,-2.6565
525.0000,0.0073,-0.1694,1.0994,-0.5191,-107.2977,-2.1908
462.0000,0.0317,-0.1968,1.1140,-1.3817,-111.0763,-1.8626
493.0000,0.0354,-0.2031,1.1296,0.2672,-114.7710,-1.2977
558.0000,0.0496,-0.1841,1.1189,1.7405,-118.5954,-0.8168
478.0000,0.0637,-0.1875,1.1218,3.6489,-122.8397,-0.9771
497.0000,0.0671,-0.1748,1.1101,4.8168,-126.1908,-1.1221
465.0000,0.0757,-0.1589,1.0806,4.2366,-129.5725,-0.5573
504.0000,0.0901,-0.1387,1.0344,-0.4733,-134.4046,0.2443
530.0000,0.0962,-0.1570,1.0134,-6.4427,-140.4580,0.6794
488.0000,0.1165,-0.1624,1.0149,-11.3511,-141.9542,1.5802
392.0000,0.1328,-0.1709,0.9668,-16.5725,-144.9542,2.6718
530.0000,0.1492,-0.1780,0.9443,-21.4275,-150.2977,3.4733
480.0000,0.1694,-0.2158,0.9458,-23.6412,-153.9771,3.9237
587.0000,0.1826,-0.2256,0.9324,-25.4275,-155.5496,5.7481
486.0000,0.2014,-0.2266,0.9241,-25.7252,-158.3817,7.1832
483.0000,0.2314,-0.2332,0.9514,-25.3893,-160.9771,8.5496
458.0000,0.2478,-0.2522,0.9617,-23.0229,-161.0916,10.4885
474.0000,0.2642,-0.2507,0.9421,-19.6336,-161.8321,12.3511
729.0000,0.2881,-0.2339,0.9214,-15.3435,-163.1985,13.6794
438.0000,0.2993,-0.1992,0.8977,-11.4122,-163.0840,14.5191
428.0000,0.3035,-0.1609,0.8743,-8.4885,-162.6412,14.7023
590.0000,0.3086,-0.1238,0.8213,-8.4656,-163.2519,14.4962
480.0000,0.3091,-0.1143,0.7944,-10.4809,-164.9389,12.8168
466.0000,0.3093,-0.1345,0.7986,-12.7481,-166.1679,11.1145
554.0000,0.3169,-0.1455,0.7542,-15.2366,-166.8855,9.6641
460.0000,0.3440,-0.1458,0.6819,-16.6031,-166.2443,7.9695
457.0000,0.3645,-0.2146,0.6533,-13.3511,-164.7863,5.7557
597.0000,0.3743,-0.2268,0.6350,-6.1832,-166.2901,4.2672
586.0000,0.3982,-0.2192,0.6133,-0.3359,-169.5343,2.3206
459.0000,0.4268,-0.2329,0.6335,8.2137,-168.8244,-0.2901
455.0000,0.4287,-0.2522,0.6411,13.0153,-170.6565,-0.0305
607.0000,0.4651,-0.2117,0.6328,9.6489,-167.5802,0.1985
418.0000,0.4932,-0.2122,0.6460,17.0000,-165.3969,-1.4504
513.0000,0.5046,-0.1934,0.6248,14.2290,-161.7710,-1.4809
536.0000,0.5188,-0.1521,0.5845,13.1679,-160.6870,-2.8626
428.0000,0.5361,-0.1506,0.5764,10.1985,-159.3130,-4.0076
469.0000,0.5361,-0.1538,0.5698,5.7481,-157.3359,-4.7481
509.0000,0.5454,-0.1396,0.5488,1.8779,-156.5954,-5.4046
586.0000,0.5593,-0.1619,0.5408,-2.3282,-154.8168,-6.1450
526.0000,0.5676,-0.1836,0.5132,-6.2290,-151.9847,-5.7481
429.0000,0.5803,-0.1870,0.4973,-6.3588,-149.5649,-6.2137
533.0000,0.5825,-0.1658,0.4297,-4.3740,-149.4962,-5.8626
455.0000,0.6047,-0.1606,0.3706,-1.4580,-150.6031,-5.7557
502.0000,0.6201,-0.1812,0.3545,2.5038,-150.7786,-6.1069
520.0000,0.6401,-0.2295,0.3813,7.4198,-151.2366,-5.7557
568.0000,0.6646,-0.2253,0.3662,12.9924,-149.8397,-4.3893
415.0000,0.6758,-0.1941,0.3289,19.0992,-146.8931,-3.7939
512.0000,0.6963,-0.2151,0.3259,26.2977,-149.8015,-3.3359
568.0000,0.7383,-0.2144,0.3010,29.2595,-146.0534,-2.5649
517.0000,0.7507,-0.2026,0.2644,30.6336,-141.7481,-2.1908
436.0000,0.7661,-0.1960,0.2483,30.6107,-140.2290,-2.5573
505.0000,0.8010,-0.1838,0.2583,28.4046,-137.5725,-3.0763
575.0000,0.8027,-0.1567,0.2495,24.8931,-133.6107,-4.2061
416.0000,0.8286,-0.1387,0.1821,20.7939,-128.1985,-5.5954
390.0000,0.8318,-0.1506,0.1140,14.9618,-124.4886,-7.5573
507.0000,0.8513,-0.1550,0.0781,7.9542,-120.9542,-8.7023
600.0000,0.8677,-0.1472,0.0247,0.9771,-118.3588,-9.6260
397.0000,0.8916,-0.1206,-0.0364,-6.0229,-113.9237,-10.5038
379.0000,0.8877,-0.1421,-0.0386,-11.8855,-110.5954,-12.0840
548.0000,0.9077,-0.1519,-0.0410,-15.4733,-107.3664,-12.6489
383.0000,0.9214,-0.1565,-0.0437,-18.3664,-102.4428,-13.1908
537.0000,0.9290,-0.1511,-0.0361,-19.2672,-97.0305,-13.5191
530.0000,0.9448,-0.1648,-0.0103,-17.0611,-90.3511,-13.9618
503.0000,0.9512,-0.1677,-0.0391,-12.8473,-83.4657,-13.4962
623.0000,0.9519,-0.1526,-0.0779,-8.6336,-77.0153,-12.6870
490.0000,0.9592,-0.1228,-0.1111,-3.7405,-70.0992,-12.2137
420.0000,0.9475,-0.1340,-0.1260,2.4656,-63.6183,-11.5115
483.0000,0.9539,-0.1111,-0.1892,6.1756,-57.8015,-9.9160
556.0000,0.9717,-0.0964,-0.2422,8.3053,-52.1298,-8.7252
473.0000,0.9709,-0.0649,-0.2722,9.4198,-44.2519,-7.5191
537.0000,0.9714,-0.0593,-0.2939,7.6336,-38.2977,-6.1679
701.0000,0.9690,-0.0471,-0.2922,4.1908,-31.5878,-5.0458
431.0000,0.9844,-0.0588,-0.2407,0.0229,-22.2214,-4.4885
492.0000,0.9980,-0.0625,-0.1875,-4.7252,-11.0382,-3.9084
547.0000,0.9917,-0.0852,-0.1233,-8.1679,0.0687,-3.6947
407.0000,0.9937,-0.0972,-0.0862,-9.5954,11.8092,-3.8397
498.0000,0.9932,-0.1196,-0.0481,-8.8550,24.6336,-3.5038
470.0000,0.9849,-0.1335,-0.0164,-6.3359,37.5344,-3.9695
560.0000,0.9788,-0.1445,-0.0068,-2.9695,49.2137,-4.2901
489.0000,0.9773,-0.1467,-0.0083,0.7634,59.8321,-4.4122
448.0000,0.9573,-0.1367,0.0044,5.3817,68.7863,-4.6718
485.0000,0.9470,-0.1340,-0.0024,10.8015,76.4809,-5.2214
487.0000,0.9390,-0.1404,-0.0059,16.5954,83.3435,-5.7786
315.0000,0.9243,-0.1289,-0.0361,20.6412,88.7099,-6.3282
675.0000,0.9021,-0.1079,-0.0498,23.0687,91.3817,-6.7023
396.0000,0.9009,-0.0996,-0.0547,24.1985,95.1679,-6.7863
524.0000,0.9014,-0.1108,0.0042,23.0840,99.7023,-6.8550
498.0000,0.9060,-0.1013,0.0562,20.9237,104.0534,-6.6183
488.0000,0.8994,-0.1038,0.0630,19.3359,108.7405,-6.7176
452.0000,0.8987,-0.0896,0.0906,19.0076,114.0000,-6.7557
508.0000,0.8818,-0.0891,0.0933,18.9237,118.0305,-6.8015
480.0000,0.8770,-0.0874,0.1140,18.4733,121.9542,-6.8779
479.0000,0.8728,-0.0994,0.1394,18.0916,126.5725,-6.6489
573.0000,0.8484,-0.0894,0.1328,17.0229,130.6947,-6.5115
404.0000,0.8350,-0.1118,0.1948,15.6412,135.5267,-6.3588
532.0000,0.8306,-0.1243,0.2571,16.2214,140.8702,-6.4733
477.0000,0.8186,-0.1089,0.2744,18.0992,145.2137,-6.7557
418.0000,0.8035,-0.1047,0.2649,21.8092,149.2595,-8.0458
627.0000,0.7898,-0.0823,0.2505,24.6947,151.5343,-8.6794
449.0000,0.7661,-0.0789,0.2302,25.5649,153.2137,-9.3435
495.0000,0.7488,-0.1040,0.2751,24.6641,155.6260,-9.7099
496.0000,0.7200,-0.0835,0.2954,22.9466,158.2748,-9.2977
525.0000,0.7078,-0.0549,0.3074,19.7939,159.6717,-9.0382
493.0000,0.6958,-0.0588,0.2827,17.8244,162.6870,-9.1145
481.0000,0.6409,-0.0776,0.3105,13.9008,158.9618,-8.8321
560.0000,0.6494,-0.0828,0.3564,9.7710,167.2519,-8.0687
472.0000,0.6013,-0.0828,0.3904,3.2824,165.6031,-7.1679
400.0000,0.5908,-0.1174,0.4724,-4.6031,165.8397,-6.6947
711.0000,0.5698,-0.1179,0.5208,-7.4427,172.3740,-6.0458
446.0000,0.5388,-0.1240,0.5283,-11.0992,175.9084,-5.4580
480.0000,0.5215,-0.1177,0.5571,-11.3969,174.6565,-6.2443
566.0000,0.5020,-0.1282,0.5901,-10.6336,175.9084,-6.9618
528.0000,0.4800,-0.1055,0.5957,-9.8092,178.3206,-7.3282
462.0000,0.4575,-0.1160,0.6003,-6.7863,177.7176,-8.2977
441.0000,0.4409,-0.0981,0.6089,-4.3053,175.4198,-8.8702
505.0000,0.4150,-0.0645,0.5854,-5.4656,173.7176,-9.0153
538.0000,0.4065,-0.0740,0.5493,-8.5954,170.4351,-9.7557
491.0000,0.3909,-0.1047,0.5691,-12.2290,167.7252,-9.7634
368.0000,0.3816,-0.1187,0.5881,-16.6870,165.0000,-9.2366
645.0000,0.3643,-0.1111,0.5771,-23.2824,162.4656,-7.9618
428.0000,0.3647,-0.1416,0.6094,-28.2519,160.4656,-7.9924
565.0000,0.3599,-0.1555,0.6760,-28.8244,159.5267,-7.1985
479.0000,0.3481,-0.1406,0.7322,-29.7634,158.1450,-6.1069
478.0000,0.3684,-0.1616,0.8772,-25.9237,160.5496,-6.8550
479.0000,0.3279,-0.1560,0.9934,-21.8779,164.7557,-6.8321
551.0000,0.2969,-0.1128,1.0337,-18.7557,162.0992,-7.6870
486.0000,0.2979,-0.0979,1.0393,-10.3588,162.0000,-10.0076
472.0000,0.2729,-0.0618,1.0330,-6.3588,164.2366,-12.0458
430.0000,0.2429,-0.0264,0.9646,-10.3435,161.5878,-12.6260
479.0000,0.2283,-0.0171,0.9023,-17.2748,157.2977,-13.3740
454.0000,0.2153,-0.0378,0.8525,-27.0229,153.5420,-12.9237
472.0000,0.1943,-0.0520,0.7932,-37.1298,148.2672,-11.1985
504.0000,0.1941,-0.0696,0.7646,-47.9771,141.2061,-9.7557
445.0000,0.1990,-0.1099,0.7581,-53.9695,135.0687,-8.4275
662.0000,0.2090,-0.1375,0.7571,-57.5420,131.3282,-6.7481
447.0000,0.2136,-0.1887,0.8286,-56.1527,127.5954,-5.0840
435.0000,0.1953,-0.2146,0.9265,-48.5649,124.2672,-3.9389
526.0000,0.2063,-0.2034,0.9856,-44.3435,126.2977,-2.3893
512.0000,0.1948,-0.1946,1.0488,-36.0382,131.9924,-2.4809
514.0000,0.1687,-0.2249,1.0854,-24.0992,131.9084,-2.3282
579.0000,0.1379,-0.1946,1.0813,-10.6260,129.4733,-2.1603
458.0000,0.1052,-0.1821,1.1448,-1.2061,128.3817,-3.0840
466.0000,0.0588,-0.1604,1.2068,0.6336,129.5725,-3.0840
403.0000,0.0027,-0.1069,1.2175,-3.9542,129.4122,-2.6412
613.0000,-0.0200,-0.0601,1.2112,-14.9008,128.0534,-2.9542
475.0000,-0.0476,-0.0994,1.2129,-22.6565,125.1527,-3.8092
442.0000,-0.0830,-0.1055,1.2031,-26.3817,122.6183,-3.8015
555.0000,-0.1211,-0.0986,1.1636,-28.4733,115.0153,-4.2290
497.0000,-0.1086,-0.1553,1.1384,-26.6412,100.9160,-5.9389
374.0000,-0.1023,-0.1689,1.1501,-28.9237,98.3283,-5.0687
561.0000,-0.1047,-0.1816,1.1628,-30.3817,92.3206,-4.0305
448.0000,-0.1091,-0.2263,1.1902,-29.4046,83.8855,-2.4733
457.0000,-0.1062,-0.2544,1.2249,-26.0458,77.0229,-0.3740
528.0000,-0.0906,-0.2505,1.2273,-19.0611,73.2672,1.0305
458.0000,-0.0757,-0.2297,1.2322,-13.5725,67.3664,2.3053
503.0000,-0.0784,-0.2148,1.2307,-7.3664,60.4351,2.8550
477.0000,-0.0583,-0.2063,1.2336,-6.6947,57.4351,4.1298
488.0000,-0.0588,-0.1799,1.2339,-7.1221,52.0611,4.5344
471.0000,-0.0483,-0.1753,1.2390,-13.4885,51.1069,4.9313
518.0000,-0.0488,-0.1826,1.2151,-14.3359,47.7099,4.5878
485.0000,-0.0479,-0.1812,1.2053,-15.6641,41.4427,3.7023
516.0000,-0.0291,-0.1848,1.1804,-15.5496,37.3664,1.9466
542.0000,-0.0222,-0.2041,1.1672,-15.8015,34.6031,1.1145
470.0000,-0.0159,-0.2422,1.1560,-14.9695,31.0382,0.5802
450.0000,-0.0293,-0.2410,1.1631,-13.1832,26.2519,0.5267
540.0000,-0.0178,-0.2273,1.1489,-11.4885,23.3130,0.2672
482.0000,-0.0168,-0.2173,1.1477,-9.7481,20.7328,-0.2595
478.0000,-0.0232,-0.2114,1.1350,-7.6565,17.5878,-0.4580
495.0000,-0.0115,-0.2175,1.1213,-7.2901,14.1908,-0.7634
445.0000,-0.0132,-0.2129,1.0940,-7.6489,11.6947,-0.5802
560.0000,-0.0103,-0.2017,1.0701,-9.0458,9.1756,-0.7710
523.0000,-0.0159,-0.1919,1.0610,-11.5267,6.5878,-0.8702
478.0000,-0.0137,-0.1958,1.0396,-13.4275,4.0763,-1.0840
453.0000,-0.0146,-0.2000,1.0256,-14.3359,1.4733,-1.4275
514.0000,-0.0071,-0.2129,1.0088,-14.3435,-0.8168,-1.9466
488.0000,0.0017,-0.2109,0.9978,-13.8168,-2.7939,-2.6031
495.0000,-0.0054,-0.2175,0.9885,-13.0916,-4.4885,-2.6336
484.0000,-0.0054,-0.2163,0.9849,-12.0840,-5.0916,-2.6336
493.0000,-0.0120,-0.2141,0.9661,-11.5038,-6.3206,-2.9237
526.0000,-0.0115,-0.2197,0.9629,-9.8626,-7.2290,-3.0840
480.0000,-0.0078,-0.2153,0.9417,-8.2519,-7.6260,-3.0229
485.0000,-0.0059,-0.1990,0.9324,-7.6183,-8.1069,-3.3282
463.0000,-0.0095,-0.1863,0.9087,-7.2214,-8.8168,-3.6183
527.0000,-0.0083,-0.1760,0.9102,-7.8473,-9.5649,-3.2901
479.0000,-0.0020,-0.1814,0.8994,-8.9924,-9.9389,-3.3893
479.0000,-0.0061,-0.1799,0.9019,-10.0840,-10.0534,-3.3664
503.0000,-0.0017,-0.1941,0.9016,-9.7481,-9.5496,-3.4198
488.0000,-0.0078,-0.2046,0.8955,-8.4122,-9.1450,-3.1527
510.0000,0.0044,-0.2009,0.8936,-6.6183,-8.8168,-2.7481
493.0000,0.0071,-0.2036,0.8918,-4.5038,-8.1298,-2.8779
478.0000,0.0066,-0.2073,0.8921,-2.5344,-7.5038,-2.6718
511.0000,0.0010,-0.1934,0.8848,-1.2824,-7.0534,-2.1145
496.0000,0.0005,-0.1777,0.8752,-1.3206,-6.4198,-2.2672
500.0000,-0.0017,-0.1680,0.8699,-2.1679,-6.4046,-2.3817
527.0000,0.0022,-0.1826,0.8630,-2.9084,-5.7252,-2.4198
493.0000,0.0056,-0.1807,0.8623,-3.6412,-6.0305,-1.8855
485.0000,0.0127,-0.1843,0.8711,-4.5496,-5.6107,-1.7786
468.0000,0.0059,-0.1782,0.8679,-4.7176,-4.9924,-1.7252
507.0000,0.0039,-0.1746,0.8582,-4.8626,-5.0000,-1.7023
506.0000,0.0176,-0.1746,0.8545,-5.2366,-5.1069,-1.4809
492.0000,0.0176,-0.1870,0.8630,-5.8473,-4.7863,-1.4122
500.0000,0.0139,-0.1990,0.8713,-5.7863,-3.8015,-1.0229
489.0000,0.0198,-0.2146,0.8733,-4.6489,-3.1908,-0.5573
546.0000,0.0154,-0.2085,0.8850,-3.2137,-2.6641,-0.4580
524.0000,0.0090,-0.2063,0.8982,-1.2519,-1.9466,-0.5725
471.0000,0.0132,-0.2085,0.9026,0.7939,-1.4656,-0.5191
500.0000,0.0132,-0.2009,0.8928,2.1145,-1.3511,-0.5191
473.0000,-0.0039,-0.2014,0.8960,2.1756,-1.2519,-0.3817
517.0000,0.0071,-0.1841,0.8945,1.3893,-1.4733,-0.3817
462.0000,0.0110,-0.1865,0.8770,-0.1221,-1.6489,0.0000
504.0000,0.0029,-0.1936,0.8745,-1.6794,-2.1679,0.1298
482.0000,0.0107,-0.2017,0.8840,-2.9618,-2.4809,0.3740
437.0000,0.0156,-0.2000,0.8909,-3.4275,-2.6183,0.5573
509.0000,0.0063,-0.2019,0.8914,-3.0458,-2.7710,0.4733
500.0000,0.0251,-0.2080,0.8933,-2.3435,-2.9695,0.3359
494.0000,0.0195,-0.2136,0.8928,-1.6031,-3.1985,0.2214
503.0000,0.0198,-0.2100,0.8901,-0.9160,-2.8397,0.3130
587.0000,0.0198,-0.2031,0.8743,-1.1832,-2.7557,-0.0382
531.0000,0.0369,-0.2109,0.8718,-1.2519,-2.4351,-0.1221
463.0000,0.0366,-0.2117,0.8760,-1.2137,-1.7405,0.1069
517.0000,0.0330,-0.2114,0.8794,-0.6183,-1.0076,0.1145
493.0000,0.0354,-0.2051,0.8813,0.6794,-0.2901,-0.0687
479.0000,0.0254,-0.2107,0.8916,1.8550,0.3282,-0.2443
486.0000,0.0344,-0.2078,0.9045,3.1298,1.0916,-0.6870
492.0000,0.0359,-0.1902,0.8977,3.9313,2.0000,-0.6870
538.0000,0.0383,-0.1946,0.8918,3.8244,2.7176,-0.8702
493.0000,0.0366,-0.1877,0.8982,3.6718,2.9466,-1.0840
461.0000,0.0479,-0.1829,0.8838,3.4427,3.2748,-0.8779
513.0000,0.0437,-0.1812,0.8853,3.3359,3.1832,-0.6336
509.0000,0.0493,-0.1807,0.8889,3.4962,2.8473,-0.5954
476.0000,0.0459,-0.1836,0.8972,4.6489,2.7405,-0.5038
490.0000,0.0447,-0.1824,0.8955,4.8626,2.5954,-0.3664
513.0000,0.0427,-0.1763,0.8967,5.0687,2.5420,-0.6031
480.0000,0.0508,-0.1687,0.8999,5.3740,2.2214,-0.5573
495.0000,0.0459,-0.1636,0.9116,4.9389,1.8550,-0.5420
476.0000,0.0342,-0.1565,0.9075,4.4504,1.5954,-0.4351
507.0000,0.0488,-0.1550,0.9102,3.6336,1.4046,-0.2672
460.0000,0.0449,-0.1536,0.8994,2.4046,1.1069,0.1527
527.0000,0.0444,-0.1504,0.9006,1.0382,0.7786,0.1450
476.0000,0.0427,-0.1614,0.8923,-0.0229,0.3588,0.3588
485.0000,0.0474,-0.1633,0.8962,-0.4656,0.3664,0.5725
464.0000,0.0432,-0.1580,0.8782,-0.8321,0.2366,0.5725
545.0000,0.0481,-0.1599,0.8818,-0.7939,-0.0305,0.6336
493.0000,0.0457,-0.1655,0.8828,-0.6870,0.0458,0.2366
489.0000,0.0315,-0.1655,0.8850,-0.5573,0.2672,0.5191
474.0000,0.0408,-0.1646,0.8804,-1.2519,0.4885,0.4885
493.0000,0.0435,-0.1504,0.8721,-1.5191,0.5496,0.4275
542.0000,0.0264,-0.1506,0.8640,-2.3664,0.1374,0.4962
480.0000,0.0325,-0.1521,0.8782,-2.9466,0.5649,0.2977
451.0000,0.0276,-0.1514,0.8706,-3.7405,0.5725,0.2061
500.0000,0.0222,-0.1580,0.8804,-4.2901,1.2672,-0.2519
531.0000,0.0286,-0.1587,0.8894,-4.7099,1.7099,-0.5038
498.0000,0.0181,-0.1638,0.8938,-4.3053,2.6489,-0.4198
482.0000,0.0132,-0.1709,0.8877,-3.9160,3.0458,-0.8702
490.0000,0.0110,-0.1670,0.8965,-3.4962,3.7176,-1.0534
472.0000,0.0063,-0.1636,0.8928,-3.2595,3.9389,-1.2443
536.0000,-0.0022,-0.1726,0.8965,-3.7328,4.2290,-1.5496
497.0000,-0.0208,-0.1829,0.9033,-4.0611,4.0153,-1.4427
489.0000,-0.0193,-0.1809,0.9197,-3.2595,3.6412,-1.4885
483.0000,-0.0256,-0.1731,0.9248,-2.9847,3.2595,-1.0153
504.0000,-0.0288,-0.1663,0.9194,-2.7557,2.7939,-0.7328
494.0000,-0.0332,-0.1753,0.9141,-2.9847,1.5496,-0.3511
499.0000,-0.0403,-0.1809,0.9089,-3.8702,0.5344,0.4046
478.0000,-0.0398,-0.1936,0.9070,-4.5725,-0.9618,1.0763
457.0000,-0.0332,-0.1904,0.9045,-5.4046,-2.0840,1.6489
537.0000,-0.0313,-0.1865,0.9006,-5.9389,-3.4351,2.2290
464.0000,-0.0239,-0.1912,0.8955,-5.4733,-4.8168,2.6260
486.0000,-0.0156,-0.1909,0.9241,-5.4885,-5.6870,2.7328
469.0000,-0.0103,-0.1958,0.9395,-5.8397,-5.8702,2.7176
537.0000,-0.0005,-0.1987,0.9390,-5.8702,-6.0992,2.7634
481.0000,0.0173,-0.1968,0.9368,-5.1221,-6.3053,2.8550
466.0000,0.0286,-0.1968,0.9280,-4.6718,-6.0076,2.5267
542.0000,0.0310,-0.2058,0.9194,-4.2977,-5.8626,2.2061
489.0000,0.0359,-0.2100,0.9128,-4.0076,-5.6870,2.2824
449.0000,0.0457,-0.2107,0.9009,-3.9084,-5.4351,1.6947
510.0000,0.0459,-0.1997,0.9084,-4.1603,-5.1298,1.1450
488.0000,0.0469,-0.2100,0.9121,-4.4427,-4.6107,0.7786
495.0000,0.0417,-0.2102,0.8960,-4.1603,-4.5191,0.2901
472.0000,0.0544,-0.2166,0.8989,-3.8626,-3.9695,-0.1679
490.0000,0.0527,-0.2173,0.8801,-3.6183,-3.9466,-0.4504
512.0000,0.0522,-0.2092,0.8752,-3.8626,-3.5496,-0.9847
491.0000,0.0518,-0.2151,0.8706,-4.1679,-3.4962,-1.3817
455.0000,0.0520,-0.2122,0.8730,-4.4809,-3.1603,-1.5878
551.0000,0.0513,-0.2053,0.8777,-4.8168,-2.8855,-1.7252
498.0000,0.0522,-0.2017,0.8796,-5.4962,-2.3588,-2.1069
513.0000,0.0464,-0.2141,0.8809,-5.4733,-1.9466,-2.3817
503.0000,0.0476,-0.2009,0.8872,-5.2748,-1.3588,-2.6336
505.0000,0.0386,-0.2073,0.8916,-5.2290,-1.1679,-2.8092
501.0000,0.0408,-0.2068,0.8882,-4.8626,-0.8855,-2.9084
466.0000,0.0356,-0.2000,0.8857,-4.3511,-0.6870,-3.1756
456.0000,0.0347,-0.1987,0.8845,-4.1908,-0.8397,-3.0763
506.0000,0.0298,-0.2014,0.8921,-4.0534,-0.6641,-2.9084
496.0000,0.0330,-0.1929,0.8857,-3.7557,-0.8550,-3.1145
452.0000,0.0286,-0.1863,0.8865,-3.7405,-1.0229,-2.9389
543.0000,0.0254,-0.1802,0.8896,-3.9008,-1.0229,-2.9542
479.0000,0.0183,-0.1812,0.8987,-3.9008,-1.1603,-2.9771
533.0000,0.0261,-0.1873,0.8901,-3.7939,-1.4351,-2.8168
473.0000,0.0217,-0.1809,0.8938,-3.8550,-1.5115,-2.8779
487.0000,0.0308,-0.1865,0.9102,-3.3893,-1.4046,-2.5725
503.0000,0.0298,-0.1814,0.9028,-3.3740,-1.7557,-2.3359
492.0000,0.0361,-0.1687,0.8921,-2.9084,-1.7252,-2.3588
517.0000,0.0381,-0.1638,0.8882,-3.3435,-1.8550,-2.2061
497.0000,0.0332,-0.1699,0.8901,-3.6336,-2.1298,-2.2214
502.0000,0.0359,-0.1643,0.8879,-4.1679,-2.2824,-1.9313
493.0000,0.0371,-0.1719,0.8943,-4.4198,-2.1298,-1.9466
487.0000,0.0454,-0.1736,0.8896,-4.3511,-2.1069,-1.6641
496.0000,0.0393,-0.1699,0.8938,-3.9008,-1.7252,-1.5344
522.0000,0.0391,-0.1750,0.8909,-3.6718,-1.4504,-1.3588
514.0000,0.0425,-0.1680,0.8865,-3.5954,-1.1069,-1.3740
508.0000,0.0410,-0.1689,0.8901,-3.6183,-0.9847,-1.0611
484.0000,0.0405,-0.1692,0.8960,-3.6794,-0.8473,-0.9618
481.0000,0.0344,-0.1794,0.8940,-3.3893,-0.3435,-0.7634
543.0000,0.0352,-0.1758,0.8933,-3.1145,-0.2901,-0.5573
486.0000,0.0354,-0.1675,0.8899,-2.7786,-0.4809,-0.7252
497.0000,0.0313,-0.1733,0.8989,-2.9847,-0.5191,-0.8702
455.0000,0.0305,-0.1787,0.8979,-3.2672,-0.9008,-0.5878
491.0000,0.0349,-0.1736,0.8809,-4.1450,-0.9618,-0.3206
500.0000,0.0410,-0.1804,0.8896,-4.6031,-1.0153,-0.3206
514.0000,0.0417,-0.1858,0.8872,-4.6794,-0.9618,-0.2214
426.0000,0.0476,-0.1794,0.8992,-4.2366,-0.7481,0.2977
551.0000,0.0415,-0.1777,0.8748,-3.5115,-0.8550,0.0992
533.0000,0.0471,-0.1743,0.8745,-3.0916,-1.0229,0.3053
500.0000,0.0540,-0.1736,0.8718,-3.1145,-1.1985,0.5038
458.0000,0.0588,-0.1787,0.8784,-3.6336,-0.7481,0.7328
