raw_emg,raw_ax,raw_ay,raw_az,raw_gx,raw_gy,raw_gz
4.0000,-0.0195,-0.3369,0.7961,-2.3740,-3.4046,0.2595
4.0000,-0.0229,-0.3347,0.8120,-2.1832,-3.2443,0.3817
5.0000,-0.0215,-0.3333,0.8147,-0.9542,-2.9466,0.7405
55.0000,-0.0149,-0.3354,0.8286,0.2748,-2.6260,0.8855
97.0000,-0.0190,-0.3264,0.8274,1.6565,-2.4351,0.5725
117.0000,-0.0142,-0.3228,0.8313,2.2290,-1.4885,0.6260
129.0000,-0.0190,-0.3206,0.8315,2.2977,-0.2748,0.5038
144.0000,-0.0193,-0.3186,0.8091,1.2290,0.2977,0.6641
154.0000,-0.0251,-0.3232,0.8169,0.2366,0.8244,0.8168
161.0000,-0.0178,-0.3108,0.8047,-1.9389,0.9847,0.7557
166.0000,-0.0164,-0.3074,0.8091,-4.1298,0.9160,1.0534
171.0000,-0.0120,-0.3147,0.8066,-6.1374,0.7252,1.3053
181.0000,-0.0125,-0.3228,0.8057,-7.3206,1.3130,1.3969
174.0000,-0.0105,-0.3281,0.8203,-7.9008,1.8321,1.0153
185.0000,-0.0034,-0.3345,0.8159,-8.0305,2.4198,0.9008
189.0000,-0.0105,-0.3455,0.8079,-7.1756,2.5115,0.8779
193.0000,-0.0061,-0.3582,0.8115,-5.8550,2.5802,0.7481
197.0000,-0.0083,-0.3452,0.8174,-4.2290,2.2519,0.6260
199.0000,-0.0020,-0.3481,0.8315,-2.9924,1.8550,0.6412
198.0000,0.0002,-0.3359,0.8191,-1.9618,1.5878,0.1832
199.0000,-0.0039,-0.3374,0.8206,-2.0534,1.5115,0.1527
207.0000,-0.0024,-0.3333,0.8191,-2.6336,1.8244,-0.5115
200.0000,-0.0061,-0.3286,0.8201,-4.1298,2.1298,-0.9695
219.0000,-0.0002,-0.3269,0.8296,-5.4122,2.3893,-0.9847
209.0000,-0.0056,-0.3296,0.8220,-5.9084,2.6183,-1.0763
214.0000,0.0000,-0.3286,0.8345,-6.0382,2.9389,-1.1908
221.0000,-0.0032,-0.3191,0.8267,-6.4198,2.7099,-1.0916
217.0000,-0.0034,-0.3245,0.8350,-6.6031,2.4351,-1.0763
219.0000,-0.0054,-0.3245,0.8264,-6.5878,2.6412,-0.9542
219.0000,-0.0049,-0.3245,0.8494,-6.5115,2.8015,-1.2290
225.0000,-0.0088,-0.3242,0.8569,-5.5649,3.3435,-1.4962
222.0000,-0.0127,-0.3347,0.8481,-4.7786,4.1603,-1.8473
221.0000,-0.0151,-0.3391,0.8591,-3.2977,3.8702,-1.8855
232.0000,-0.0215,-0.3352,0.8525,-1.6412,4.1298,-1.7405
206.0000,-0.0269,-0.3345,0.8379,-0.9771,3.0687,-1.6870
254.0000,-0.0256,-0.3201,0.8440,-0.6870,1.5344,-1.6412
233.0000,-0.0234,-0.3088,0.8406,-2.0305,0.1908,-1.8931
242.0000,-0.0249,-0.3101,0.8428,-4.6107,-0.5038,-2.0458
240.0000,-0.0203,-0.3083,0.8284,-8.3206,-0.6260,-2.3053
236.0000,-0.0237,-0.3093,0.8201,-12.1374,-0.9695,-1.9924
240.0000,-0.0159,-0.3081,0.8369,-14.8168,-1.1221,-2.4275
244.0000,-0.0088,-0.3135,0.8367,-16.3664,-1.0458,-2.8626
222.0000,-0.0085,-0.3188,0.8555,-17.0916,-0.2901,-3.0382
229.0000,-0.0190,-0.3330,0.8638,-16.5649,0.7481,-2.6107
245.0000,-0.0210,-0.3303,0.8208,-16.5878,0.6718,-1.8626
261.0000,-0.0125,-0.3347,0.8032,-17.6870,1.3359,-1.5802
286.0000,-0.0168,-0.3247,0.7830,-18.6107,0.6718,-0.2595
244.0000,-0.0005,-0.3010,0.7693,-22.2595,-1.1985,1.2977
243.0000,-0.0059,-0.2883,0.7625,-28.3969,-2.7405,2.2443
236.0000,0.0044,-0.2612,0.7561,-36.7710,-3.6489,2.3969
186.0000,0.0325,-0.2490,0.7668,-47.5420,-4.5267,1.2901
337.0000,0.0513,-0.2375,0.7793,-60.4733,-2.9389,0.0305
218.0000,0.0588,-0.2417,0.7771,-74.9695,0.1603,-2.2290
289.0000,0.0559,-0.2695,0.7742,-90.3130,4.2061,-4.1221
241.0000,0.0347,-0.3330,0.7788,-102.3970,6.4427,-5.1832
241.0000,0.0298,-0.3928,0.7786,-111.8931,7.7252,-4.9466
280.0000,0.0149,-0.4226,0.8081,-109.3130,5.1756,-3.7176
234.0000,-0.0024,-0.4731,0.8313,-114.7786,3.9924,-3.1908
298.0000,-0.0349,-0.5093,0.8494,-110.0458,4.6565,-2.3053
274.0000,-0.0117,-0.4785,0.8782,-108.7405,9.4351,-1.7481
256.0000,-0.0371,-0.4307,0.8655,-106.6718,7.3740,-2.6489
242.0000,-0.0444,-0.3655,0.8276,-111.8473,4.7939,-4.2748
291.0000,-0.0557,-0.3120,0.7908,-124.9237,-0.7328,-7.0458
271.0000,-0.0559,-0.2651,0.7527,-146.3511,-6.0763,-9.6947
210.0000,-0.0420,-0.2363,0.7361,-177.9542,-11.2519,-13.4504
273.0000,-0.0151,-0.2485,0.7156,-215.1221,-12.1221,-16.6565
327.0000,-0.0073,-0.2585,0.7000,-250.1374,-9.6260,-20.1985
258.0000,-0.0007,-0.2893,0.6863,-250.1374,-4.6336,-24.6870
337.0000,-0.0032,-0.3838,0.6687,-250.1374,-1.4427,-30.1450
253.0000,-0.0107,-0.4407,0.6436,-250.1374,-1.1374,-34.6870
299.0000,0.0234,-0.4656,0.5916,-250.1374,-2.0000,-38.1908
265.0000,0.0085,-0.5540,0.5415,-250.1374,-0.5420,-42.7863
301.0000,0.0037,-0.6487,0.5022,-250.1374,-0.7252,-45.9008
308.0000,-0.0139,-0.7876,0.4563,-250.1374,0.5878,-46.9237
314.0000,-0.0076,-0.9302,0.4170,-250.1374,4.6947,-46.9084
282.0000,-0.0356,-0.9976,0.3730,-250.1374,4.4198,-46.6794
346.0000,0.0095,-0.9507,0.3630,-250.1374,3.7405,-46.2214
297.0000,0.0054,-0.9429,0.3250,-250.1374,0.4733,-47.7405
267.0000,0.0251,-0.9175,0.2627,-250.1374,-5.8473,-48.7634
338.0000,0.0442,-0.8516,0.1843,-250.1374,-11.3588,-50.7328
294.0000,0.0662,-0.8167,0.1267,-250.1374,-17.0229,-53.0153
297.0000,0.0840,-0.8228,0.0698,-250.1374,-18.7252,-55.0153
301.0000,0.0986,-0.8523,0.0088,-250.1374,-9.0992,-55.9771
311.0000,0.1104,-0.8972,-0.0166,-250.1374,3.8244,-57.3206
295.0000,0.1152,-0.9663,-0.0457,-250.1374,13.0916,-57.7023
311.0000,0.1001,-1.0664,-0.1133,-250.1374,16.9313,-58.5115
317.0000,0.0901,-1.1489,-0.1372,-250.1374,16.8015,-56.8779
308.0000,0.0857,-1.1384,-0.2009,-250.1374,9.4504,-57.2519
288.0000,0.1321,-1.0701,-0.2261,-250.1374,6.6870,-55.5802
360.0000,0.1162,-1.0798,-0.2629,-250.1374,5.9313,-55.3817
322.0000,0.1047,-1.0613,-0.3291,-250.1374,2.9466,-54.3435
316.0000,0.1135,-0.9966,-0.3757,-250.1374,-2.2595,-53.1756
322.0000,0.1631,-0.8406,-0.3958,-250.1374,-2.2443,-52.4351
320.0000,0.1736,-0.7288,-0.4465,-250.1374,5.3588,-54.0305
315.0000,0.1929,-0.6538,-0.5068,-250.1374,10.6031,-56.8779
334.0000,0.1721,-0.6416,-0.5874,-250.1374,13.1145,-60.6336
321.0000,0.1790,-0.7241,-0.6792,-250.1374,14.1145,-64.4122
310.0000,0.1868,-0.7336,-0.7566,-250.1374,22.0534,-66.6794
325.0000,0.2041,-0.7744,-0.8020,-250.1374,27.1298,-70.2137
347.0000,0.2144,-0.8845,-0.8315,-250.1374,35.1832,-71.4198
345.0000,0.2063,-1.0127,-0.8928,-250.1374,34.2366,-71.2214
340.0000,0.1748,-1.0996,-0.9175,-250.1374,24.0076,-70.7863
308.0000,0.1970,-1.0437,-0.8918,-250.1374,15.3740,-69.4351
324.0000,0.2197,-0.9058,-0.8477,-250.1374,8.4580,-69.3359
311.0000,0.2432,-0.6897,-0.8342,-250.1374,8.1985,-67.9618
363.0000,0.2891,-0.3435,-0.8728,-250.1374,2.4046,-75.0305
368.0000,0.2610,-0.2771,-0.9575,-250.1374,-9.6412,-80.3206
337.0000,0.3154,-0.1331,-1.0767,-250.1374,3.2672,-78.7939
393.0000,0.3230,-0.1270,-1.2156,-250.1374,17.2366,-83.7023
288.0000,0.3086,-0.1880,-1.3625,-250.1374,29.1450,-88.8855
391.0000,0.3052,-0.5090,-1.4048,-250.1374,32.6031,-96.5115
324.0000,0.2668,-0.3374,-1.2776,-250.1374,11.8092,-100.7023
336.0000,0.2817,-0.7761,-1.4478,-250.1374,-3.8931,-109.4198
323.0000,0.2974,-1.2683,-1.1497,-250.1374,-38.0153,-104.0458
333.0000,0.1797,-0.9395,-1.1003,-250.1374,-67.0305,-100.9618
316.0000,0.2417,-1.1108,-1.0710,-188.0992,-71.1450,-88.7328
360.0000,0.2598,-1.0381,-1.0100,-126.4351,-46.4580,-69.0611
359.0000,0.2222,-0.8733,-1.0283,-106.5496,-26.0534,-53.6565
365.0000,0.2485,-0.4905,-1.0142,-72.8321,-14.5191,-43.3206
369.0000,0.2576,-0.2173,-1.0579,-59.6794,-11.8168,-37.9618
316.0000,0.2405,-0.0942,-1.1143,-43.0840,-6.9084,-37.9618
415.0000,0.1792,0.0071,-1.2629,-43.9771,-18.6641,-39.6412
339.0000,0.2261,-0.0940,-1.1790,-52.3664,-11.2901,-35.3206
256.0000,0.1934,-0.1372,-1.1904,-55.0153,-20.6183,-35.8702
280.0000,0.2246,-0.2234,-1.1794,-74.1221,-14.3206,-29.4656
325.0000,0.2173,-0.2415,-1.1599,-74.8855,-13.8015,-25.1603
295.0000,0.2361,-0.2568,-1.1216,-62.3817,-8.7481,-21.7710
395.0000,0.2048,-0.2607,-1.1697,-43.9924,-4.4809,-21.4122
487.0000,0.2131,-0.2305,-1.1729,-34.7634,-2.4198,-18.7023
331.0000,0.2102,-0.1956,-1.2036,-25.6794,-5.5725,-16.8550
448.0000,0.2319,-0.1377,-1.2087,-30.7481,-7.6641,-13.6412
338.0000,0.2322,-0.1199,-1.1724,-26.6412,-6.3130,-13.1679
404.0000,0.2285,-0.1277,-1.1704,-32.6794,-15.3664,-12.5649
358.0000,0.2705,-0.1101,-1.1467,-25.2443,-11.5802,-13.9160
439.0000,0.2241,-0.1399,-1.1584,-31.3588,-25.1679,-13.2137
348.0000,0.2476,-0.1545,-1.1250,-40.9466,-24.0076,-12.1985
338.0000,0.2292,-0.1860,-1.0981,-24.9466,-19.2366,-12.6718
350.0000,0.2451,-0.1848,-1.1033,-28.7634,-15.3740,-10.1374
341.0000,0.2231,-0.2124,-1.1543,-24.1374,-14.6412,-8.0611
292.0000,0.2158,-0.1831,-1.1140,-21.1679,-14.1985,-5.5878
407.0000,0.2476,-0.1348,-1.1204,-11.8779,-3.5573,-4.8321
389.0000,0.2102,-0.1592,-1.1548,-9.4656,-4.8855,-4.8321
345.0000,0.2307,-0.1401,-1.1431,-7.1527,-6.5191,-4.3282
402.0000,0.2773,-0.1042,-1.0901,-7.6336,-1.8702,-3.4427
397.0000,0.2292,-0.1345,-1.1506,-9.7176,-4.6565,-2.3893
369.0000,0.2324,-0.1140,-1.1140,-6.7328,-1.0458,-2.4885
283.0000,0.2466,-0.0984,-1.1130,-6.6947,-2.8321,-2.4504
300.0000,0.2512,-0.1272,-1.1138,-4.2672,-2.2061,-2.2672