raw_emg,raw_ax,raw_ay,raw_az,raw_gx,raw_gy,raw_gz
5.0000,-0.0298,-0.2578,0.8499,-2.5191,1.5878,-0.3282
5.0000,-0.0190,-0.2556,0.8474,-2.1145,1.3817,-0.2672
45.0000,-0.0278,-0.2478,0.8506,-2.1374,1.0763,-0.4351
73.0000,-0.0320,-0.2483,0.8506,-2.1069,1.1679,-0.3969
94.0000,-0.0225,-0.2500,0.8408,-2.5878,1.0153,-0.2977
117.0000,-0.0232,-0.2544,0.8340,-3.0229,1.2061,0.0000
129.0000,-0.0281,-0.2544,0.8401,-3.3359,1.0840,0.1756
146.0000,-0.0278,-0.2622,0.8503,-3.0763,1.2519,-0.0534
151.0000,-0.0271,-0.2708,0.8474,-1.9160,1.3664,0.3511
161.0000,-0.0281,-0.2644,0.8406,-0.3893,1.2595,0.2977
166.0000,-0.0291,-0.2659,0.8491,0.9695,0.5115,0.3969
168.0000,-0.0244,-0.2573,0.8423,1.2977,0.3053,0.4504
172.0000,-0.0281,-0.2498,0.8423,0.7252,0.2137,0.2366
176.0000,-0.0264,-0.2410,0.8442,-0.3053,0.5802,0.1832
180.0000,-0.0271,-0.2456,0.8386,-1.7252,1.0000,0.2290
179.0000,-0.0271,-0.2468,0.8496,-3.5038,1.2824,0.2595
184.0000,-0.0264,-0.2529,0.8525,-4.5878,1.9695,0.0687
191.0000,-0.0286,-0.2559,0.8469,-4.4580,2.4122,0.0763
192.0000,-0.0327,-0.2617,0.8469,-3.4656,2.2290,-0.0763
196.0000,-0.0330,-0.2505,0.8459,-2.5649,1.6336,-0.2824
200.0000,-0.0317,-0.2520,0.8357,-2.2061,1.0305,-0.5649
198.0000,-0.0359,-0.2537,0.8362,-1.7176,0.2977,-0.4122
202.0000,-0.0361,-0.2578,0.8452,-1.7786,0.2672,-0.5725
204.0000,-0.0361,-0.2539,0.8506,-1.9771,0.3817,-0.3359
203.0000,-0.0344,-0.2578,0.8459,-2.1221,0.4809,-0.4122
210.0000,-0.0317,-0.2556,0.8423,-2.6641,0.3664,-0.4046
213.0000,-0.0347,-0.2515,0.8442,-3.0534,0.5954,-0.5038
214.0000,-0.0327,-0.2498,0.8511,-3.1221,0.7252,-0.7557
216.0000,-0.0339,-0.2498,0.8413,-2.7481,0.6565,-0.9313
217.0000,-0.0264,-0.2559,0.8489,-2.2748,1.0153,-1.0229
217.0000,-0.0303,-0.2520,0.8459,-1.5725,1.2366,-0.7863
218.0000,-0.0327,-0.2537,0.8452,-1.2443,1.3893,-0.6870
223.0000,-0.0374,-0.2507,0.8413,-1.2977,1.4275,-0.6183
228.0000,-0.0334,-0.2446,0.8428,-1.5496,1.8168,-0.6641
227.0000,-0.0295,-0.2463,0.8357,-2.2214,1.7328,-0.7099
226.0000,-0.0376,-0.2471,0.8364,-2.6565,1.7939,-0.8092
228.0000,-0.0313,-0.2551,0.8411,-2.7634,1.6565,-0.9771
230.0000,-0.0322,-0.2529,0.8391,-2.9924,1.6183,-0.8702
230.0000,-0.0366,-0.2539,0.8469,-3.0611,1.3206,-0.7863
233.0000,-0.0315,-0.2590,0.8513,-2.7176,1.1527,-0.4885
239.0000,-0.0364,-0.2585,0.8481,-2.2061,1.1069,-0.5038
238.0000,-0.0266,-0.2490,0.8564,-2.0763,0.8855,-0.4046
242.0000,-0.0254,-0.2437,0.8523,-1.7786,0.8702,-0.6336
243.0000,-0.0317,-0.2539,0.8481,-1.7252,0.6641,-0.4504
244.0000,-0.0251,-0.2502,0.8528,-2.2214,0.1832,-0.3740
245.0000,-0.0205,-0.2490,0.8494,-2.5267,0.1908,-0.2901
243.0000,-0.0291,-0.2488,0.8489,-2.8473,0.3893,0.0229
247.0000,-0.0288,-0.2456,0.8474,-3.6794,0.4122,-0.1756
252.0000,-0.0200,-0.2527,0.8445,-4.2672,0.4733,-0.3664
248.0000,-0.0225,-0.2549,0.8459,-4.3664,0.3664,-0.5649
254.0000,-0.0308,-0.2588,0.8547,-3.9771,0.7634,-0.4656
253.0000,-0.0251,-0.2578,0.8538,-3.5344,1.0534,-0.5420
255.0000,-0.0251,-0.2524,0.8452,-3.2443,1.0763,-0.5725
255.0000,-0.0327,-0.2476,0.8533,-2.8321,1.3588,-0.7099
257.0000,-0.0308,-0.2566,0.8528,-2.8321,1.0916,-0.7176
257.0000,-0.0295,-0.2502,0.8518,-3.1450,0.9618,-0.6336
257.0000,-0.0254,-0.2417,0.8569,-3.7786,0.6641,-0.5267
265.0000,-0.0330,-0.2439,0.8530,-4.8015,0.6183,-0.5267
266.0000,-0.0320,-0.2383,0.8459,-6.1756,0.2748,-0.5191
269.0000,-0.0278,-0.2397,0.8533,-7.0992,0.5191,-0.3969
265.0000,-0.0286,-0.2488,0.8540,-7.5573,0.3053,-0.1908
269.0000,-0.0364,-0.2493,0.8635,-8.1450,0.3664,0.1908
269.0000,-0.0288,-0.2505,0.8533,-8.5954,0.3130,-0.0305
282.0000,-0.0308,-0.2434,0.8545,-9.9847,-0.7634,-0.8473
272.0000,-0.0237,-0.2334,0.8450,-11.8931,-1.5649,-1.4046
266.0000,-0.0259,-0.2336,0.8525,-14.7710,-1.2519,-1.2214
289.0000,-0.0295,-0.2319,0.8474,-18.0153,-1.3893,-1.0763
264.0000,-0.0308,-0.2244,0.8591,-22.0840,-0.9008,-0.8168
283.0000,-0.0295,-0.2415,0.8435,-26.3740,-0.9542,-0.6260
279.0000,-0.0361,-0.2466,0.8516,-29.7786,-1.3359,-0.3893
276.0000,-0.0322,-0.2444,0.8437,-33.2672,-1.7176,-0.3893
280.0000,-0.0439,-0.2534,0.8416,-36.6947,-2.2977,0.2824
285.0000,-0.0339,-0.2534,0.8540,-40.3511,-3.7023,0.7939
280.0000,-0.0359,-0.2461,0.8550,-44.7863,-4.6031,1.3588
272.0000,-0.0327,-0.2515,0.8669,-49.6107,-4.6260,1.9160
264.0000,-0.0303,-0.2444,0.8740,-55.8779,-5.0229,2.4504
301.0000,-0.0212,-0.2471,0.8740,-62.6412,-4.9313,2.3511
273.0000,-0.0391,-0.2136,0.8884,-72.0076,-4.6947,2.4656
274.0000,-0.0369,-0.1885,0.8889,-84.2519,-2.6260,2.0992
265.0000,-0.0493,-0.2219,0.8608,-98.8550,-2.8092,0.3282
292.0000,-0.0366,-0.2297,0.8381,-110.9313,-2.9389,-2.0840
268.0000,-0.0347,-0.2246,0.7888,-127.4657,-0.6641,-5.2901
297.0000,-0.0420,-0.2073,0.7830,-144.0763,1.0229,-10.9389
320.0000,-0.0393,-0.2292,0.7805,-161.4046,-2.6565,-18.6183
301.0000,-0.0356,-0.2813,0.7771,-175.8855,-5.9695,-23.8321
293.0000,-0.0356,-0.3311,0.7979,-185.1069,-8.0916,-27.0992
304.0000,-0.0193,-0.3877,0.7983,-191.9389,-7.2290,-29.2290
271.0000,-0.0151,-0.4551,0.7852,-198.8473,-6.1908,-31.1450
262.0000,-0.0134,-0.5095,0.7734,-203.6947,-5.4198,-32.0763
355.0000,0.0044,-0.5347,0.7544,-207.1756,-2.9466,-32.1527
296.0000,-0.0039,-0.5771,0.7502,-208.6260,0.6489,-31.8397
336.0000,-0.0215,-0.6311,0.7280,-206.2672,1.5496,-30.1832
305.0000,-0.0183,-0.6497,0.7231,-200.3588,-0.6107,-28.3359
311.0000,-0.0205,-0.6465,0.7231,-194.9771,-4.3053,-26.1374
312.0000,-0.0205,-0.6121,0.7124,-190.8397,-11.5802,-25.5573
309.0000,-0.0132,-0.5957,0.7061,-192.0534,-17.4580,-24.0153
342.0000,0.0063,-0.5630,0.6970,-200.2901,-21.8092,-22.2748
326.0000,0.0239,-0.5315,0.6760,-215.5114,-21.6794,-20.5114
316.0000,0.0393,-0.5437,0.6282,-236.2901,-18.7786,-20.2824
312.0000,0.0427,-0.5542,0.6016,-250.1374,-12.7863,-21.7176
319.0000,0.0359,-0.5686,0.5620,-250.1374,-9.0382,-24.1450
316.0000,0.0254,-0.6030,0.5352,-250.1374,-9.4885,-26.8397
266.0000,0.0281,-0.6633,0.5000,-250.1374,-11.0458,-29.9847
304.0000,0.0383,-0.6880,0.4656,-250.1374,-13.9008,-32.2595
334.0000,0.0427,-0.6875,0.4397,-250.1374,-16.2519,-33.9313
320.0000,0.0530,-0.7209,0.3982,-250.1374,-19.3435,-34.7710
285.0000,0.0532,-0.7314,0.3547,-250.1374,-20.6336,-33.9542
316.0000,0.0598,-0.7722,0.3181,-250.1374,-18.8397,-32.2595
331.0000,0.0737,-0.8118,0.2898,-250.1374,-14.5267,-29.6412
338.0000,0.0627,-0.8711,0.2170,-250.1374,-10.4427,-27.6489
312.0000,0.0591,-0.8560,0.1963,-250.1374,-7.8168,-26.2366
378.0000,0.0696,-0.8633,0.1758,-250.1374,-7.6183,-27.1527
328.0000,0.0488,-0.8528,0.1321,-250.1374,-9.4733,-28.4046
347.0000,0.0547,-0.8730,0.0715,-250.1374,-11.0458,-30.8626
326.0000,0.0422,-0.8528,0.0081,-250.1374,-11.0763,-32.6260
330.0000,0.0552,-0.8657,-0.0405,-250.1374,-11.2824,-36.2290
318.0000,0.0471,-0.8796,-0.1411,-250.1374,-10.8244,-38.6565
330.0000,0.0479,-0.9858,-0.1477,-250.1374,-13.7557,-42.6794
307.0000,0.0532,-0.9927,-0.1440,-250.1374,-14.7939,-42.9008
362.0000,0.0745,-1.0559,-0.1697,-250.1374,-15.2443,-44.5344
334.0000,0.0684,-1.0295,-0.1973,-250.1374,-17.4351,-44.0611
323.0000,0.0845,-0.9500,-0.2324,-250.1374,-17.2519,-43.3130
310.0000,0.1025,-0.9500,-0.2793,-250.1374,-18.3053,-43.8244
342.0000,0.1042,-0.8845,-0.3469,-250.1374,-17.3206,-43.0382
328.0000,0.1204,-0.8723,-0.4280,-250.1374,-14.1908,-43.6641
355.0000,0.1306,-0.8574,-0.4905,-250.1374,-9.6412,-44.9008
362.0000,0.1445,-0.8521,-0.5737,-250.1374,-3.2824,-46.6031
336.0000,0.1606,-0.9355,-0.6570,-250.1374,-1.4122,-50.1450
366.0000,0.1353,-1.0225,-0.7268,-250.1374,-4.0534,-51.5878
359.0000,0.1257,-1.0042,-0.7456,-250.1374,-9.0840,-51.1603
356.0000,0.1270,-0.9919,-0.7620,-250.1374,-11.5496,-51.0763
373.0000,0.1479,-1.0337,-0.7876,-250.1374,-15.7099,-51.5802
349.0000,0.1401,-0.9028,-0.8062,-250.1374,-19.5344,-48.3206
362.0000,0.1912,-0.7866,-0.8262,-250.1374,-24.1374,-47.3511
362.0000,0.2043,-0.7891,-0.8823,-250.1374,-33.8855,-48.3359
342.0000,0.2043,-0.8171,-0.9114,-250.1374,-36.3969,-44.7786
385.0000,0.2278,-0.7168,-0.9351,-250.1374,-27.7252,-39.0916
349.0000,0.2070,-0.6228,-0.9402,-250.1374,-9.5725,-35.4122
419.0000,0.2227,-0.5859,-0.9875,-250.1374,4.0458,-34.1603
292.0000,0.1636,-0.4250,-1.0154,-250.1374,10.6260,-32.8855
343.0000,0.0581,-0.4006,-1.0559,-250.1374,-9.5725,-43.0000
346.0000,0.2759,-0.3406,-1.0720,-250.1374,-24.8321,-47.0153
462.0000,0.2554,-0.2434,-1.1375,-250.1374,-33.2290,-47.2137
357.0000,0.1787,-0.4063,-1.1499,-250.1374,-60.8779,-54.3817
376.0000,0.2566,-0.5732,-1.1416,-250.1374,-38.2519,-48.6260
422.0000,0.2393,-0.8215,-1.1963,-250.1374,-23.2290,-43.5115
381.0000,-0.0352,-0.9524,-1.2600,-250.1374,-46.9160,-42.6947
374.0000,0.1597,-0.9180,-1.0083,-250.1374,-37.2443,-35.5115
411.0000,0.1326,-0.8359,-1.0088,-234.6107,-19.2977,-28.5573
388.0000,0.1909,-0.7612,-1.0364,-156.8550,7.4427,-22.0611
378.0000,0.1304,-0.4963,-1.0146,-103.3053,13.8092,-17.6260
374.0000,0.1177,-0.2773,-1.0889,-55.9313,-8.1298,-17.1679
367.0000,0.2083,-0.1089,-1.0864,-33.8550,-6.8779,-18.3740
328.0000,0.1677,-0.0249,-1.1152,-21.6107,-16.7328,-19.9771
346.0000,0.1304,-0.0508,-1.2109,-29.8397,-26.4198,-21.3664
434.0000,0.1572,-0.0601,-1.1677,-49.9771,-26.3969,-21.2366
307.0000,0.1331,-0.1848,-1.1760,-83.1832,-14.9084,-10.5649
368.0000,0.1614,-0.2039,-1.1487,-86.8168,-7.2137,-6.0382
352.0000,0.1418,-0.2129,-1.1394,-79.2977,-5.2595,-4.7252
365.0000,0.1248,-0.2104,-1.1191,-50.0534,-7.6718,-5.3130
336.0000,0.1204,-0.1938,-1.0986,-30.8931,-9.4733,-5.4962
465.0000,0.1382,-0.1731,-1.1548,-14.7634,-2.8550,-5.3435
459.0000,0.1328,-0.1450,-1.1792,-6.9160,-2.6718,-5.3740
369.0000,0.1333,-0.1213,-1.1829,-9.3740,-4.1527,-5.4580
366.0000,0.1221,-0.1121,-1.1743,-9.6183,-8.2824,-4.0763
375.0000,0.1509,-0.1379,-1.2007,-13.9160,-3.9924,-3.4351
446.0000,0.1338,-0.1025,-1.1951,-20.2061,-3.8244,-2.0382
394.0000,0.1179,-0.1360,-1.1851,-17.3588,-2.4427,-2.1679
266.0000,0.1208,-0.1465,-1.1816,-20.0000,-5.1450,-0.9008
388.0000,0.1199,-0.1755,-1.2075,-19.2214,-4.2824,-0.4427
388.0000,0.1365,-0.1465,-1.1895,-15.8015,-2.3969,0.7099
430.0000,0.1357,-0.1238,-1.1870,-12.1450,1.7099,0.8626
379.0000,0.1191,-0.1641,-1.1738,-8.0000,0.4962,0.9771
359.0000,0.1189,-0.1667,-1.2144,-5.9008,0.2443,1.7099
332.0000,0.1392,-0.1538,-1.1863,-2.8397,-0.0840,2.1221
374.0000,0.1436,-0.1528,-1.1699,-0.0153,2.9695,2.2672