raw_emg,raw_ax,raw_ay,raw_az,raw_gx,raw_gy,raw_gz
5.0000,0.0200,-0.2507,0.8391,-3.1679,0.3435,-1.3969
4.0000,0.0171,-0.2461,0.8335,-2.0000,0.4580,-1.2061
5.0000,0.0151,-0.2458,0.8491,-1.3053,0.4504,-1.2977
74.0000,0.0171,-0.2415,0.8433,-1.6107,1.0382,-1.1069
104.0000,0.0151,-0.2385,0.8403,-2.1450,1.4198,-1.0611
116.0000,0.0095,-0.2371,0.8450,-2.6565,1.7557,-1.0305
131.0000,0.0037,-0.2427,0.8521,-3.0305,1.7786,-0.7786
146.0000,-0.0063,-0.2415,0.8574,-2.7099,1.6336,-0.8092
155.0000,-0.0002,-0.2419,0.8569,-2.2519,1.1527,-0.7634
163.0000,0.0007,-0.2356,0.8628,-1.9542,1.1527,-0.5573
168.0000,0.0012,-0.2361,0.8584,-1.9084,0.8931,-0.6947
173.0000,-0.0054,-0.2317,0.8662,-1.7176,0.5191,-0.2977
178.0000,-0.0049,-0.2395,0.8557,-1.5496,0.6794,-0.2290
187.0000,0.0049,-0.2292,0.8528,-1.9237,0.3969,-0.2519
185.0000,0.0000,-0.2346,0.8540,-2.7099,0.1603,-0.1603
187.0000,0.0032,-0.2405,0.8477,-3.0305,0.0458,-0.1069
191.0000,-0.0029,-0.2407,0.8467,-3.1298,-0.4275,0.2443
194.0000,0.0120,-0.2439,0.8525,-3.3817,-0.4351,0.3130
195.0000,0.0032,-0.2366,0.8496,-3.4427,-0.2977,0.1450
196.0000,0.0103,-0.2427,0.8420,-3.4580,-0.5344,0.2748
200.0000,0.0151,-0.2378,0.8511,-4.0534,-0.4504,0.4046
207.0000,0.0149,-0.2419,0.8337,-4.7405,-0.2824,0.3511
203.0000,0.0125,-0.2366,0.8428,-5.7099,-0.0305,0.1069
207.0000,0.0159,-0.2397,0.8503,-6.8855,0.3969,0.0305
212.0000,0.0222,-0.2444,0.8379,-7.8168,0.8321,-0.1069
216.0000,0.0156,-0.2424,0.8403,-7.9924,1.2137,-0.3130
215.0000,0.0125,-0.2505,0.8386,-7.8550,1.6031,-0.6565
215.0000,0.0134,-0.2542,0.8352,-7.1985,1.9466,-0.6183
220.0000,0.0117,-0.2556,0.8484,-6.0000,1.7634,-0.5267
220.0000,0.0095,-0.2603,0.8457,-4.6489,1.8779,-0.4733
224.0000,0.0049,-0.2559,0.8560,-3.6718,1.9313,-0.7023
228.0000,0.0059,-0.2529,0.8574,-3.0840,2.2443,-0.6870
224.0000,0.0054,-0.2468,0.8625,-2.7405,2.3282,-0.7176
228.0000,-0.0103,-0.2534,0.8650,-2.3588,2.3893,-0.4198
226.0000,-0.0078,-0.2490,0.8677,-2.7328,2.0458,-0.5954
233.0000,-0.0063,-0.2476,0.8767,-2.4962,2.1985,-0.4885
234.0000,-0.0176,-0.2429,0.8755,-2.8855,1.6718,-0.3511
240.0000,-0.0061,-0.2488,0.8755,-2.8931,0.8931,-0.5115
235.0000,-0.0120,-0.2458,0.8813,-3.0000,0.1756,-0.3969
239.0000,-0.0037,-0.2441,0.8750,-3.4656,-0.6718,-0.2290
241.0000,-0.0056,-0.2463,0.8792,-3.5573,-1.4504,-0.0458
240.0000,0.0015,-0.2539,0.8853,-3.1450,-2.0382,-0.1527
243.0000,0.0076,-0.2671,0.8848,-2.2824,-2.2443,-0.3435
248.0000,-0.0012,-0.2642,0.8862,-0.8779,-2.7939,-0.2214
245.0000,0.0110,-0.2698,0.8984,1.0229,-2.9160,-0.1527
248.0000,0.0085,-0.2695,0.9124,3.4198,-3.5573,-0.0534
251.0000,0.0054,-0.2683,0.9124,5.7405,-4.2748,-0.1527
248.0000,0.0090,-0.2642,0.9014,7.2977,-4.7481,-0.0916
250.0000,0.0027,-0.2454,0.8984,7.9847,-5.7328,-0.0076
252.0000,0.0154,-0.2283,0.8882,6.7634,-6.7099,-0.2290
255.0000,0.0046,-0.2239,0.8843,4.7863,-7.8473,-0.4427
258.0000,0.0151,-0.2256,0.8862,1.2595,-8.7023,-0.7710
253.0000,0.0200,-0.2173,0.8743,-2.4962,-9.0687,-0.9542
261.0000,0.0217,-0.2241,0.8699,-5.3588,-9.4733,-0.9466
261.0000,0.0283,-0.2209,0.8672,-7.5038,-9.3282,-1.0840
265.0000,0.0327,-0.2246,0.8625,-9.0611,-9.1145,-1.4275
264.0000,0.0420,-0.2373,0.8440,-9.8168,-8.9008,-1.6794
267.0000,0.0364,-0.2454,0.8379,-9.9466,-8.9618,-1.6336
267.0000,0.0408,-0.2478,0.8149,-10.1603,-8.8168,-1.7939
271.0000,0.0542,-0.2415,0.8010,-10.5649,-8.2748,-1.6489
271.0000,0.0615,-0.2417,0.7869,-12.0305,-7.6183,-2.1298
271.0000,0.0591,-0.2432,0.7732,-13.3053,-7.1908,-2.0458
275.0000,0.0620,-0.2378,0.7566,-15.1527,-5.3817,-2.2977
274.0000,0.0627,-0.2407,0.7600,-17.2214,-4.1527,-2.6718
280.0000,0.0652,-0.2490,0.7576,-18.6947,-2.3588,-2.9466
276.0000,0.0620,-0.2537,0.7583,-19.3740,-0.2519,-3.0534
281.0000,0.0601,-0.2532,0.7568,-19.2519,2.0305,-3.4885
282.0000,0.0588,-0.2507,0.7429,-18.6031,3.6031,-3.3817
283.0000,0.0574,-0.2563,0.7549,-17.8702,5.3435,-3.2977
285.0000,0.0471,-0.2556,0.7588,-16.9847,6.7557,-2.9924
284.0000,0.0371,-0.2549,0.7537,-15.6183,8.3435,-2.6641
287.0000,0.0229,-0.2463,0.7595,-15.1450,9.8626,-2.5191
287.0000,0.0205,-0.2390,0.7786,-15.1679,10.9389,-2.0763
291.0000,0.0110,-0.2317,0.7927,-16.6336,11.4275,-2.0458
284.0000,-0.0022,-0.2209,0.8101,-18.4809,12.0000,-1.3359
298.0000,-0.0015,-0.2139,0.8110,-21.2901,12.7557,-1.1069
273.0000,-0.0156,-0.2112,0.8276,-25.4046,13.0992,-1.1298
307.0000,-0.0203,-0.1936,0.8240,-30.8092,13.8855,-1.0611
297.0000,-0.0330,-0.1885,0.8354,-36.5344,13.9160,-1.0840
307.0000,-0.0276,-0.1863,0.8376,-43.7328,14.2595,-1.9389
298.0000,-0.0413,-0.1943,0.8496,-51.8931,13.7786,-2.2214
299.0000,-0.0310,-0.1992,0.8406,-60.1450,13.2366,-2.5725
296.0000,-0.0291,-0.2173,0.8235,-68.1832,12.2977,-3.3664
301.0000,-0.0188,-0.2454,0.8281,-75.2672,12.1679,-3.6336
322.0000,-0.0266,-0.2610,0.8459,-82.1756,12.2061,-4.2748
296.0000,-0.0173,-0.2400,0.8484,-89.3511,12.6183,-5.1832
271.0000,-0.0171,-0.2471,0.8591,-96.9847,13.2290,-6.3206
317.0000,-0.0137,-0.2678,0.8491,-106.4657,13.2214,-8.0458
314.0000,-0.0256,-0.2598,0.8613,-116.9771,12.9695,-9.5267
290.0000,-0.0286,-0.2556,0.8518,-130.4733,13.7557,-10.9008
308.0000,-0.0313,-0.2744,0.8225,-145.0153,13.1450,-12.0992
301.0000,-0.0195,-0.2837,0.8147,-161.1145,12.1679,-13.6794
312.0000,-0.0203,-0.3000,0.7974,-178.0763,11.7481,-15.2824
306.0000,-0.0129,-0.3254,0.7590,-195.4046,10.2443,-16.8321
315.0000,-0.0044,-0.3499,0.7383,-212.7481,8.7863,-18.7328
317.0000,-0.0007,-0.3623,0.7336,-231.4122,6.6412,-20.9847
314.0000,0.0122,-0.3892,0.7102,-250.1374,5.9084,-22.7634
325.0000,0.0168,-0.4363,0.6895,-250.1374,5.5802,-24.3740
316.0000,0.0320,-0.4739,0.6794,-250.1374,5.7634,-26.0916
299.0000,0.0386,-0.5444,0.6641,-250.1374,7.2901,-27.4580
353.0000,0.0466,-0.5935,0.6411,-250.1374,10.2214,-28.6718
300.0000,0.0393,-0.6477,0.6072,-250.1374,12.4427,-29.0229
301.0000,0.0349,-0.6646,0.5845,-250.1374,14.2519,-29.4275
328.0000,0.0349,-0.7043,0.5376,-250.1374,14.8550,-30.5267
327.0000,0.0342,-0.6936,0.5071,-250.1374,14.4275,-31.4046
321.0000,0.0403,-0.7039,0.4746,-250.1374,13.0305,-32.1985
316.0000,0.0310,-0.7112,0.4187,-250.1374,11.8779,-33.0763
330.0000,0.0281,-0.7458,0.3828,-250.1374,10.0611,-34.9771
333.0000,0.0176,-0.7917,0.3350,-250.1374,8.6794,-35.6565
309.0000,0.0176,-0.8535,0.2947,-250.1374,7.9160,-35.5420
341.0000,0.0168,-0.8853,0.2727,-250.1374,6.1450,-34.9237
324.0000,0.0208,-0.9299,0.2556,-250.1374,3.1679,-35.3053
327.0000,0.0313,-0.9595,0.2371,-250.1374,0.6489,-34.8550
362.0000,0.0168,-1.0242,0.2134,-250.1374,-3.2137,-33.2977
319.0000,0.0264,-1.0630,0.1721,-250.1374,-2.0916,-32.0305
359.0000,0.0322,-1.1323,0.1775,-250.1374,-0.2672,-30.1374
337.0000,0.0325,-1.1228,0.1594,-250.1374,0.5802,-27.0611
338.0000,0.0388,-1.1213,0.1150,-250.1374,2.0687,-25.4962
338.0000,0.0378,-1.1287,0.0579,-250.1374,-0.2824,-24.0076
326.0000,0.0305,-1.0852,0.0386,-250.1374,-6.6718,-24.2443
353.0000,0.0574,-1.0496,0.0095,-250.1374,-11.6947,-24.6260
358.0000,0.0615,-1.0186,-0.0188,-250.1374,-14.1450,-24.6870
336.0000,0.0740,-0.9670,-0.0469,-250.1374,-13.0534,-23.9237
346.0000,0.0784,-0.9431,-0.0986,-250.1374,-10.8244,-24.5344
346.0000,0.0879,-0.9487,-0.1379,-250.1374,-3.1221,-24.8321
343.0000,0.0549,-0.9236,-0.1729,-250.1374,-6.2137,-25.6870
352.0000,0.0967,-0.8220,-0.2087,-250.1374,-8.5038,-26.5649
350.0000,0.1138,-0.8474,-0.2729,-250.1374,-5.7863,-29.4733
354.0000,0.1064,-0.9097,-0.3330,-250.1374,-3.7939,-30.3969
360.0000,0.0955,-0.9377,-0.3672,-250.1374,-2.5802,-29.6718
357.0000,0.1028,-0.9470,-0.3977,-250.1374,1.8855,-29.0382
352.0000,0.1111,-0.9578,-0.4543,-250.1374,7.5191,-29.2366
362.0000,0.0918,-1.0105,-0.4907,-250.1374,7.4427,-30.0534
356.0000,0.0747,-1.0427,-0.5251,-250.1374,3.6565,-30.5496
358.0000,0.0911,-1.1941,-0.5388,-250.1374,5.1603,-32.0992
378.0000,0.0833,-1.3591,-0.5435,-250.1374,9.2061,-31.5420
355.0000,0.0984,-1.3552,-0.5576,-247.5572,1.2061,-28.4427
355.0000,0.0833,-1.2185,-0.5425,-209.4275,-18.6641,-25.7710
330.0000,0.0972,-1.1318,-0.5659,-177.4046,-21.6031,-23.5649
355.0000,0.1165,-1.0251,-0.5698,-152.9160,-15.7939,-20.1298
364.0000,0.0950,-0.8130,-0.6211,-144.3511,-17.6336,-19.0687
361.0000,0.1313,-0.6509,-0.6233,-155.4886,-17.2214,-20.9466
345.0000,0.1570,-0.5139,-0.6675,-212.9924,-2.6260,-21.1450
363.0000,0.1812,-0.5129,-0.7246,-250.1374,3.8779,-27.7176
369.0000,0.1396,-0.6140,-0.8047,-250.1374,3.5725,-32.1679
368.0000,0.1548,-0.7515,-0.8562,-250.1374,6.4656,-34.4809
379.0000,0.1528,-0.8169,-0.9385,-250.1374,7.2061,-37.7099
361.0000,0.1416,-0.8572,-0.8826,-250.1374,7.7710,-40.4580
372.0000,0.1096,-0.8445,-0.8965,-250.1374,6.5267,-41.4046
381.0000,0.1550,-0.7627,-0.8904,-250.1374,2.1908,-41.8779
392.0000,0.1604,-0.6697,-0.9019,-250.1374,-2.5878,-41.9084
369.0000,0.1672,-0.6299,-0.9150,-250.1374,-1.3053,-41.5420
390.0000,0.1594,-0.4570,-0.9531,-250.1374,0.1679,-39.1603
362.0000,0.2356,-0.4250,-1.0164,-250.1374,6.4885,-40.7863
373.0000,0.1902,-0.4990,-1.0811,-250.1374,9.8855,-41.1450
411.0000,0.1567,-0.4802,-1.1045,-250.1374,10.1908,-39.1527
371.0000,0.1658,-0.4673,-1.1387,-250.1374,14.6947,-38.1756
372.0000,0.1648,-0.2358,-1.1426,-250.1374,6.7023,-37.9847
357.0000,0.1782,-0.4080,-1.2156,-235.7023,-2.5649,-46.0458
402.0000,0.2527,-0.4602,-1.0715,-233.9160,-3.7328,-46.0153
365.0000,0.0764,-0.4700,-1.1182,-244.0840,-41.6412,-49.1527
403.0000,0.1130,-0.4116,-1.0544,-189.5725,-49.1450,-47.1145
427.0000,0.2166,-0.4241,-1.0964,-155.8092,-26.6031,-45.0611
339.0000,0.1689,-0.5513,-1.2034,-153.9008,-11.9542,-37.1298
370.0000,0.0972,-0.6309,-1.2471,-160.1527,-20.5267,-35.1527
365.0000,0.1248,-0.4810,-1.1050,-136.2443,-22.7939,-28.9771
396.0000,0.1169,-0.4333,-1.1323,-107.8931,-27.4656,-23.8321
367.0000,0.1333,-0.3403,-1.1274,-88.7863,-21.8321,-17.9695
388.0000,0.1621,-0.3247,-1.1365,-60.6641,-8.4504,-16.3206
380.0000,0.1086,-0.2131,-1.1763,-42.5191,-9.0611,-18.5725
413.0000,0.1111,-0.2729,-1.1882,-40.4656,-12.0611,-16.3740
379.0000,0.1042,-0.2246,-1.1924,-41.7176,-14.0992,-14.5954
451.0000,0.1230,-0.2190,-1.1772,-38.7252,-8.1221,-12.2595
369.0000,0.1162,-0.2158,-1.1931,-38.0992,-4.1069,-10.3130
367.0000,0.1099,-0.2417,-1.1965,-29.8397,-4.8015,-9.6031
428.0000,0.1016,-0.2642,-1.1992,-31.1374,-2.4580,-7.9466
445.0000,0.1182,-0.2554,-1.2012,-27.8397,2.5725,-6.6260
399.0000,0.1245,-0.2385,-1.2034,-23.3130,3.1679,-6.1832
390.0000,0.1313,-0.2178,-1.1824,-20.1908,6.1679,-5.8015
374.0000,0.1418,-0.2061,-1.1614,-18.6489,5.6183,-5.9771
352.0000,0.1357,-0.2229,-1.1741,-25.3206,2.6412,-5.4656
401.0000,0.1470,-0.2183,-1.1675,-22.1908,2.4427,-5.3817
397.0000,0.1565,-0.2217,-1.1777,-19.3664,3.9389,-4.4198
363.0000,0.1296,-0.2024,-1.1892,-23.9924,0.5115,-2.9466
327.0000,0.1575,-0.1799,-1.1519,-26.2595,0.0000,-1.3588
402.0000,0.1599,-0.1702,-1.1455,-25.7023,0.1450,0.0000
389.0000,0.1682,-0.1365,-1.1248,-18.8015,2.5191,1.5649
391.0000,0.1648,-0.1426,-1.1484,-16.8626,3.4733,2.9313
409.0000,0.1665,-0.1531,-1.1265,-14.7405,3.7328,3.7710
414.0000,0.1506,-0.1445,-1.1279,-13.8321,-3.2672,4.4580
359.0000,0.1753,-0.1438,-1.1292,-11.5115,-3.5038,4.6565
454.0000,0.1726,-0.1555,-1.1033,-8.6183,-0.8397,5.6031
414.0000,0.1428,-0.1619,-1.1233,-3.4427,-0.4122,6.9313
384.0000,0.1536,-0.1333,-1.1172,-2.7634,-0.2290,7.5038
367.0000,0.1655,-0.1436,-1.1169,2.5115,3.3359,7.6489
404.0000,0.1538,-0.1208,-1.1274,2.1985,0.6183,7.0382
405.0000,0.1572,-0.1282,-1.1235,0.7863,0.0840,5.8092
414.0000,0.1541,-0.1594,-1.1313,-1.5191,-0.7405,4.8321
372.0000,0.1421,-0.1692,-1.1145,-0.6107,-3.4656,4.1756
375.0000,0.1494,-0.2209,-1.1074,1.3435,-3.8397,3.4580
420.0000,0.1541,-0.2422,-1.0901,7.6107,-1.5344,3.8397
376.0000,0.1255,-0.2312,-1.1135,14.8092,-2.4427,3.6183
413.0000,0.1399,-0.1504,-1.1233,14.1603,-2.5267,4.2137
436.0000,0.1497,-0.1448,-1.1360,15.0382,-2.1374,3.0916
409.0000,0.1318,-0.1504,-1.1467,12.2595,-5.1221,2.3740