raw_emg,raw_ax,raw_ay,raw_az,raw_gx,raw_gy,raw_gz
65.0000,-0.0007,-0.3184,0.8323,-2.7328,1.1298,-1.4580
187.0000,0.0081,-0.3186,0.8359,-1.6794,1.5038,-1.3893
400.0000,0.0042,-0.3274,0.8352,-0.3588,1.7405,-1.2290
138.0000,-0.0007,-0.3188,0.8445,1.0534,1.9084,-1.0916
180.0000,-0.0020,-0.3091,0.8389,1.5649,1.7328,-1.1603
377.0000,-0.0098,-0.2986,0.8325,1.0000,1.4198,-1.0687
153.0000,-0.0107,-0.2952,0.8428,0.4046,0.5573,-0.7557
172.0000,-0.0098,-0.2947,0.8472,-1.0076,0.3664,-0.9084
307.0000,-0.0039,-0.2920,0.8413,-2.6031,0.2519,-0.7328
159.0000,-0.0112,-0.2910,0.8450,-4.2824,0.4351,-0.3740
156.0000,-0.0037,-0.3025,0.8396,-4.8779,0.4809,-0.4809
262.0000,-0.0007,-0.3062,0.8335,-5.2672,0.3130,-0.0305
171.0000,0.0022,-0.3030,0.8337,-4.9237,-0.0305,0.1985
145.0000,-0.0012,-0.3057,0.8247,-4.6489,-0.0076,0.3359
220.0000,-0.0010,-0.3086,0.8311,-4.1374,-0.2290,0.4504
197.0000,0.0110,-0.3115,0.8308,-3.5191,0.2672,0.4580
135.0000,0.0120,-0.3083,0.8369,-2.7023,1.2214,0.6031
220.0000,0.0056,-0.3120,0.8262,-2.0611,2.0382,0.6260
218.0000,0.0078,-0.3167,0.8230,-0.9771,1.8168,0.6183
134.0000,0.0037,-0.3203,0.8367,0.1069,1.7328,0.4809
238.0000,-0.0007,-0.3130,0.8293,0.5420,1.6183,0.5115
253.0000,0.0044,-0.3108,0.8389,1.0305,1.3435,0.3130
146.0000,0.0061,-0.3057,0.8445,1.2137,1.3893,0.1221
232.0000,0.0076,-0.2983,0.8364,0.6565,1.0611,0.0153
309.0000,0.0049,-0.3022,0.8337,-0.3588,0.8626,-0.4122
200.0000,0.0039,-0.2935,0.8374,-1.9313,0.7176,-0.8321
232.0000,0.0129,-0.3025,0.8430,-2.3664,0.8168,-1.1145
320.0000,-0.0027,-0.3059,0.8467,-2.7099,1.1603,-0.8168
225.0000,-0.0046,-0.2971,0.8474,-2.5038,1.3282,-0.8779
232.0000,0.0022,-0.2976,0.8435,-2.1145,0.9466,-0.7099
325.0000,0.0071,-0.3008,0.8386,-1.7099,0.5038,-0.9466
226.0000,-0.0017,-0.2954,0.8403,-1.6031,0.4580,-0.6489
227.0000,0.0034,-0.3000,0.8315,-2.3435,0.2290,-0.5344
297.0000,0.0095,-0.2893,0.8330,-2.8321,0.0534,-0.0840
232.0000,0.0022,-0.2910,0.8401,-3.3969,0.3053,0.0153
214.0000,0.0000,-0.2944,0.8381,-4.4656,0.4046,0.0076
269.0000,0.0024,-0.2961,0.8289,-4.9924,0.7328,0.3588
238.0000,0.0034,-0.2986,0.8293,-5.3817,0.3511,0.4733
225.0000,0.0049,-0.3020,0.8242,-5.7252,0.1603,0.4046
255.0000,0.0007,-0.3020,0.8291,-6.5191,0.0916,0.4275
244.0000,0.0107,-0.3093,0.8335,-7.4427,0.0992,0.0840
226.0000,0.0068,-0.3083,0.8323,-8.2290,0.2672,-0.0153
258.0000,0.0044,-0.2930,0.8286,-10.8702,0.4809,-0.5725
265.0000,0.0010,-0.2798,0.8379,-14.3359,0.6412,-1.1756
224.0000,0.0044,-0.2815,0.8354,-18.7557,-0.0992,-1.8397
269.0000,-0.0076,-0.2649,0.8389,-24.5573,-1.3435,-2.7328
270.0000,-0.0159,-0.2468,0.8354,-33.0992,-1.7634,-4.0534
233.0000,-0.0166,-0.2544,0.8452,-41.7786,-2.4885,-5.0458
271.0000,-0.0220,-0.2693,0.8313,-51.2519,-3.7710,-5.9389
285.0000,-0.0291,-0.2859,0.8247,-58.4809,-3.7557,-6.9313
258.0000,-0.0356,-0.3120,0.8179,-64.1221,-4.8779,-7.3435
272.0000,-0.0251,-0.3218,0.8130,-69.0687,-6.9237,-7.9618
311.0000,-0.0173,-0.3328,0.8127,-74.0611,-8.9695,-8.4733
203.0000,-0.0129,-0.2981,0.8164,-80.2748,-11.7863,-9.8550
326.0000,-0.0071,-0.2803,0.8293,-92.4504,-14.5115,-11.0153
290.0000,-0.0129,-0.2126,0.8442,-111.4580,-16.2061,-13.8855
260.0000,-0.0234,-0.2000,0.8164,-135.8015,-17.2519,-18.4351
302.0000,-0.0234,-0.2249,0.7883,-165.1985,-19.6260,-20.9771
308.0000,-0.0339,-0.2661,0.7744,-198.1756,-20.8931,-23.4733
274.0000,-0.0339,-0.2783,0.7659,-227.8168,-17.8244,-26.0916
294.0000,-0.0398,-0.3438,0.7336,-250.1374,-18.7557,-28.5878
344.0000,-0.0437,-0.4302,0.7488,-250.1374,-25.1298,-31.0763
313.0000,-0.0369,-0.4666,0.7759,-250.1374,-30.7481,-33.8015
269.0000,-0.0161,-0.5090,0.7593,-250.1374,-34.4656,-36.9924
289.0000,-0.0173,-0.5410,0.7192,-250.1374,-35.4962,-39.4275
315.0000,-0.0012,-0.5505,0.6440,-250.1374,-41.5115,-42.6031
291.0000,0.0164,-0.5701,0.5767,-250.1374,-44.2290,-44.1450
322.0000,0.0327,-0.5837,0.5378,-250.1374,-47.4275,-46.5802
299.0000,0.0613,-0.6663,0.5046,-250.1374,-49.6870,-49.3435
244.0000,0.0640,-0.7656,0.4736,-250.1374,-42.6031,-49.9313
314.0000,0.0815,-0.7500,0.4246,-250.1374,-47.2061,-54.2672
303.0000,0.1343,-0.7969,0.4221,-250.1374,-63.4198,-56.5115
287.0000,0.1487,-0.8823,0.4116,-250.1374,-56.7481,-58.1145
334.0000,0.1514,-0.9705,0.3640,-250.1374,-48.3664,-59.5496
323.0000,0.1523,-1.0288,0.3408,-250.1374,-45.1908,-59.5496
307.0000,0.1780,-1.0137,0.2751,-250.1374,-42.5267,-58.6336
312.0000,0.1985,-1.0068,0.1902,-250.1374,-40.1221,-58.8015
303.0000,0.2124,-1.0300,0.1433,-250.1374,-40.1527,-61.1985
340.0000,0.2327,-1.0188,0.1025,-250.1374,-40.7405,-61.7939
330.0000,0.2485,-0.9846,0.0420,-250.1374,-40.0534,-61.3206
311.0000,0.2722,-0.9971,-0.0354,-250.1374,-39.0992,-60.4580
273.0000,0.2688,-1.0784,-0.0771,-250.1374,-38.0153,-60.0000
298.0000,0.2615,-1.1648,-0.0696,-250.1374,-34.3053,-55.5954
291.0000,0.2759,-1.1394,-0.0376,-250.1374,-28.6107,-49.8473
302.0000,0.2705,-1.0464,-0.0708,-250.1374,-24.0534,-47.6107
346.0000,0.2705,-1.0164,-0.1387,-250.1374,-25.2290,-47.1221
367.0000,0.2498,-0.9666,-0.1868,-250.1374,-28.6870,-46.5191
340.0000,0.2466,-0.8723,-0.2332,-250.1374,-31.4656,-46.8702
396.0000,0.2593,-0.8318,-0.2842,-250.1374,-28.0992,-48.1527
353.0000,0.2654,-0.7441,-0.3557,-250.1374,-21.3893,-49.8702
306.0000,0.2542,-0.7957,-0.4053,-250.1374,-23.1298,-51.6107
338.0000,0.2542,-0.8196,-0.4319,-250.1374,-21.3206,-52.5725
346.0000,0.2656,-0.8142,-0.5046,-250.1374,-17.7405,-54.3740
365.0000,0.2866,-0.8909,-0.5063,-250.1374,-13.8092,-55.0153
362.0000,0.2673,-0.9058,-0.5112,-250.1374,-13.9466,-54.9084
329.0000,0.2695,-0.8696,-0.5532,-250.1374,-17.4198,-54.0458
304.0000,0.2791,-0.8977,-0.5986,-250.1374,-17.9466,-54.2366
372.0000,0.2783,-0.9468,-0.6455,-250.1374,-18.6870,-51.7176
352.0000,0.2737,-0.9153,-0.6648,-250.1374,-14.3053,-48.2977
313.0000,0.2603,-0.8938,-0.6765,-250.1374,-11.8397,-46.6947
434.0000,0.2651,-0.8296,-0.7283,-250.1374,-12.4504,-44.5725
297.0000,0.2632,-0.8308,-0.7708,-250.1374,-13.4885,-44.2290
360.0000,0.3113,-0.7769,-0.8208,-250.1374,-10.9618,-43.6870
355.0000,0.2622,-0.8047,-0.7981,-250.1374,-19.3740,-42.7786
328.0000,0.2852,-0.6995,-0.8047,-250.1374,-17.7023,-41.8244
508.0000,0.2839,-0.7085,-0.8174,-250.1374,-16.8168,-41.4351
361.0000,0.2776,-0.5876,-0.7776,-250.1374,-16.4351,-40.7252
393.0000,0.2976,-0.4558,-0.8857,-250.1374,-12.8931,-44.3588
331.0000,0.2976,-0.5364,-0.8916,-250.1374,-14.4962,-45.1985
396.0000,0.2959,-0.5188,-0.9583,-250.1374,-16.1374,-45.9695
298.0000,0.3125,-0.5415,-0.9231,-250.1374,-14.3206,-47.4275
430.0000,0.3066,-0.5305,-0.9719,-250.1374,-12.8168,-48.7710
420.0000,0.3032,-0.5852,-0.9775,-250.1374,-10.6870,-50.0534
320.0000,0.2656,-0.6663,-1.0459,-247.9237,-17.6412,-47.4962
358.0000,0.2830,-0.6147,-1.0408,-224.4351,-14.8931,-42.8397
365.0000,0.2798,-0.5295,-1.0615,-206.2061,-13.3588,-40.1603
351.0000,0.2866,-0.5210,-1.0596,-187.9389,-9.9542,-38.5878
375.0000,0.2585,-0.5193,-1.0974,-160.7939,-14.9466,-35.1908
374.0000,0.2800,-0.4817,-1.0667,-141.6183,-15.1221,-35.1374
319.0000,0.2903,-0.3474,-1.0913,-123.3817,-14.0382,-31.9389
376.0000,0.2861,-0.3193,-1.1272,-122.8702,-11.4733,-30.1679
334.0000,0.2871,-0.3384,-1.1492,-106.0840,-8.1756,-28.8855
443.0000,0.2861,-0.3586,-1.1526,-90.7710,-5.4962,-27.7405
327.0000,0.2666,-0.3708,-1.0959,-81.0000,-5.9771,-26.6107
473.0000,0.2864,-0.3337,-1.0989,-65.2748,-6.9008,-21.5649
411.0000,0.2961,-0.3325,-1.0771,-52.6718,-8.5725,-19.8931
334.0000,0.3005,-0.2332,-1.1318,-49.3435,-6.0611,-17.3282
423.0000,0.3093,-0.2102,-1.1309,-46.1756,-4.4351,-15.8626
455.0000,0.2925,-0.2168,-1.1482,-44.5878,-5.8855,-14.4809
320.0000,0.3120,-0.2090,-1.1433,-43.7557,-3.2290,-13.3588
300.0000,0.2976,-0.2407,-1.1270,-37.1145,-5.0305,-13.0076
337.0000,0.3088,-0.2192,-1.1230,-32.7863,-3.6641,-11.3435
272.0000,0.3052,-0.2434,-1.1191,-27.0840,-3.1832,-9.3282
376.0000,0.2935,-0.2595,-1.1360,-17.0763,-4.8779,-6.8015
249.0000,0.2993,-0.2043,-1.1577,-15.0534,-4.1145,-4.7176
345.0000,0.3059,-0.1836,-1.1533,-11.0229,-3.0916,-4.6412
346.0000,0.3064,-0.1799,-1.1492,-8.2443,-2.8168,-2.9771
366.0000,0.3096,-0.1873,-1.1399,-7.6870,-2.4656,-2.6183
311.0000,0.3149,-0.2048,-1.1179,-3.8397,-3.3588,-1.7405
313.0000,0.3154,-0.1912,-1.1147,-0.6107,-4.4809,-0.5420
386.0000,0.3181,-0.2029,-1.1189,2.6412,-2.2366,0.7099
368.0000,0.3086,-0.2151,-1.1028,3.9542,-2.1985,1.2519
302.0000,0.2935,-0.2134,-1.1116,6.4962,-3.9084,2.9160
412.0000,0.3101,-0.2388,-1.1162,7.6336,-0.9847,3.5802
356.0000,0.2881,-0.2119,-1.1250,5.5038,-2.3511,4.5344
425.0000,0.2969,-0.2395,-1.1372,3.4885,-0.5496,3.9008
382.0000,0.2913,-0.2488,-1.1199,3.9084,-2.5649,3.8931
396.0000,0.2876,-0.2588,-1.1411,3.5878,-2.9618,3.8626
375.0000,0.3044,-0.2751,-1.1023,-0.5267,0.3282,3.6565
445.0000,0.2761,-0.3098,-1.1270,4.7634,-2.5725,4.0305
381.0000,0.3059,-0.2676,-1.0730,1.8397,0.3664,4.4046
385.0000,0.2834,-0.2544,-1.0820,-0.9237,0.5649,4.2061
444.0000,0.3018,-0.2764,-1.0798,1.0305,1.2366,3.9924
394.0000,0.2886,-0.2632,-1.1101,-6.8168,1.9847,3.4733
395.0000,0.2813,-0.2861,-1.1047,1.3359,-0.4351,2.3130
388.0000,0.2957,-0.2766,-1.0920,0.9008,0.1603,2.1756
363.0000,0.2932,-0.2874,-1.1025,1.6794,-0.3206,1.9542
375.0000,0.3003,-0.3032,-1.0886,3.7786,0.5496,2.0611
509.0000,0.3071,-0.2795,-1.0754,4.2748,-0.4351,2.5954
374.0000,0.2986,-0.2742,-1.0603,3.1145,0.6641,2.2061
327.0000,0.2852,-0.2444,-1.0833,0.9924,-1.2519,2.7099
385.0000,0.3020,-0.2581,-1.0732,-1.4046,0.7023,2.0687
415.0000,0.2986,-0.2637,-1.0662,-3.3588,-1.7099,1.3969
374.0000,0.3047,-0.2690,-1.0671,-2.6641,-0.4580,1.3893
370.0000,0.3032,-0.2910,-1.0664,-2.9008,-0.0458,1.1527
337.0000,0.2947,-0.2903,-1.0630,-1.6107,-2.3053,1.3817
368.0000,0.2998,-0.3015,-1.0542,1.1374,-2.0382,1.8092
441.0000,0.3008,-0.2866,-1.0635,3.0687,-0.9542,1.8397
443.0000,0.2922,-0.2693,-1.0642,2.7481,-2.2366,1.4198
388.0000,0.2952,-0.2544,-1.0837,0.2137,-1.7710,1.3130
377.0000,0.2917,-0.2551,-1.0872,-2.0611,-1.7557,1.2977
377.0000,0.2847,-0.2725,-1.0852,-3.7481,-1.2290,1.1221
383.0000,0.2930,-0.2732,-1.0889,-4.3588,-1.2366,1.0229
335.0000,0.2849,-0.2878,-1.0740,-4.3206,-2.2443,1.0382
378.0000,0.2952,-0.2903,-1.0776,-2.7939,-2.8397,1.3206
390.0000,0.2903,-0.2927,-1.0845,-0.9695,-2.3206,1.3969
420.0000,0.2922,-0.2883,-1.0964,-0.5573,-1.9695,1.4198
409.0000,0.2952,-0.2708,-1.1042,-0.6260,-1.5344,1.0229
385.0000,0.2905,-0.2537,-1.1113,-0.7176,-1.4733,1.0534
384.0000,0.2957,-0.2739,-1.1040,-0.6565,-1.3359,0.8550
426.0000,0.2883,-0.2791,-1.1064,-1.9389,-1.7481,0.7710
394.0000,0.2905,-0.2813,-1.0950,-1.9771,-1.4809,0.9084
398.0000,0.2932,-0.2729,-1.0903,-2.3969,-1.5802,1.0992
387.0000,0.2876,-0.2769,-1.0913,-2.7634,-1.5267,1.1756
363.0000,0.2898,-0.2734,-1.0867,-1.9389,-1.1069,1.1221
398.0000,0.2896,-0.2747,-1.0957,-0.8015,-1.5573,1.2595
410.0000,0.3000,-0.2739,-1.0935,-1.6336,-0.4046,1.1527
407.0000,0.2927,-0.2727,-1.1082,-1.1374,-0.2137,1.3282
398.0000,0.2944,-0.2661,-1.0967,-0.6260,0.2137,0.9313
389.0000,0.2949,-0.2644,-1.0977,-1.1145,0.3893,1.3359
402.0000,0.2993,-0.2617,-1.1147,-1.4733,0.4198,1.0534