raw_emg,raw_ax,raw_ay,raw_az,raw_gx,raw_gy,raw_gz
5.0000,0.0249,-0.2837,0.8396,-4.8397,0.5649,-0.9084
4.0000,0.0271,-0.2859,0.8457,-4.6641,0.9237,-0.6412
5.0000,0.0156,-0.2952,0.8435,-4.2137,1.3511,-1.1069
69.0000,0.0205,-0.3025,0.8379,-3.0992,1.0992,-1.1221
103.0000,0.0161,-0.2996,0.8423,-2.0229,1.2290,-0.9924
115.0000,0.0103,-0.2864,0.8499,-1.5038,1.0382,-1.1221
131.0000,0.0112,-0.2896,0.8491,-1.5649,0.8473,-1.3359
143.0000,0.0205,-0.2844,0.8489,-1.6565,0.4198,-1.0763
151.0000,0.0103,-0.2815,0.8484,-2.3511,0.5496,-1.0687
158.0000,0.0076,-0.2832,0.8342,-3.4198,0.3969,-1.3282
166.0000,0.0146,-0.2786,0.8494,-4.5496,0.2901,-1.2366
170.0000,0.0200,-0.2783,0.8491,-5.0763,-0.0382,-1.3130
171.0000,0.0156,-0.2805,0.8481,-5.6412,-0.0763,-1.5420
182.0000,0.0183,-0.2903,0.8413,-5.7481,0.0229,-1.4809
182.0000,0.0181,-0.2942,0.8499,-5.4122,0.2748,-1.4351
186.0000,0.0200,-0.2944,0.8372,-4.7405,0.4504,-1.1527
192.0000,0.0212,-0.2915,0.8481,-3.8473,0.6031,-1.2672
194.0000,0.0212,-0.2854,0.8391,-2.9389,0.2672,-1.3130
195.0000,0.0220,-0.2844,0.8398,-2.6412,0.5191,-1.2519
198.0000,0.0146,-0.2913,0.8323,-2.7710,0.2901,-1.2290
199.0000,0.0227,-0.2898,0.8264,-2.9847,0.0382,-1.1298
199.0000,0.0195,-0.2925,0.8389,-3.1756,-0.0458,-1.1603
206.0000,0.0200,-0.2959,0.8308,-3.3969,-0.1145,-0.7557
209.0000,0.0205,-0.2952,0.8289,-3.1069,-0.3817,-0.6489
207.0000,0.0303,-0.2942,0.8223,-2.6107,-0.5344,-0.7176
210.0000,0.0271,-0.2932,0.8325,-2.1527,-0.9847,-0.2748
215.0000,0.0269,-0.2891,0.8311,-1.7710,-0.9237,-0.1450
219.0000,0.0276,-0.2866,0.8481,-1.9237,-0.5191,-0.0076
216.0000,0.0288,-0.2820,0.8420,-2.0229,-0.3588,0.1145
224.0000,0.0178,-0.2881,0.8418,-2.8779,0.1450,-0.0229
220.0000,0.0183,-0.2834,0.8511,-3.7328,0.1527,0.1603
224.0000,0.0254,-0.2817,0.8489,-4.1298,0.4809,-0.0076
225.0000,0.0247,-0.2769,0.8437,-4.6794,1.2672,-0.4656
228.0000,0.0173,-0.2810,0.8494,-5.0229,1.6107,-0.4580
224.0000,0.0261,-0.2881,0.8469,-5.3282,1.7099,-0.6183
233.0000,0.0251,-0.2944,0.8337,-5.4046,1.4427,-0.8626
232.0000,0.0144,-0.2979,0.8362,-5.0763,1.2214,-0.8168
235.0000,0.0215,-0.2937,0.8416,-4.7328,1.1985,-0.7557
235.0000,0.0188,-0.2988,0.8354,-4.0763,0.6870,-0.7252
236.0000,0.0251,-0.2964,0.8481,-3.1450,0.0840,-0.6718
242.0000,0.0166,-0.2910,0.8450,-2.9084,-0.0687,-0.7710
242.0000,0.0161,-0.2849,0.8437,-2.8397,-0.7481,-0.7023
239.0000,0.0222,-0.2866,0.8391,-2.7863,-0.9771,-0.6336
244.0000,0.0212,-0.2847,0.8386,-3.8473,-0.9160,-0.7328
246.0000,0.0234,-0.2886,0.8430,-4.4122,-0.4504,-0.6031
246.0000,0.0205,-0.2844,0.8437,-5.0153,-0.4427,-0.4275
247.0000,0.0308,-0.2805,0.8450,-5.2061,-0.3740,-0.7023
252.0000,0.0237,-0.2871,0.8525,-5.2061,-0.2061,-0.4656
252.0000,0.0183,-0.2847,0.8376,-5.2977,-0.0534,-0.4427
256.0000,0.0264,-0.2866,0.8318,-5.3511,-0.3282,-0.5038
253.0000,0.0239,-0.2869,0.8435,-5.8168,-0.3359,-0.4275
252.0000,0.0229,-0.2808,0.8411,-6.3359,-0.7099,-0.4046
259.0000,0.0247,-0.2798,0.8391,-7.2672,-0.6489,-0.5725
255.0000,0.0237,-0.2905,0.8345,-8.2519,-0.2137,-0.6183
259.0000,0.0317,-0.2815,0.8303,-9.5649,0.0611,-0.4656
265.0000,0.0339,-0.2915,0.8384,-10.9542,-0.0153,-0.5420
267.0000,0.0210,-0.2698,0.8433,-12.8168,0.5267,-0.5878
267.0000,0.0249,-0.2629,0.8306,-15.5344,0.5420,-0.8855
266.0000,0.0254,-0.2678,0.8364,-18.6565,0.4580,-1.4733
265.0000,0.0310,-0.2683,0.8325,-22.9542,0.6107,-2.0763
272.0000,0.0249,-0.2681,0.8411,-27.6565,0.4809,-2.4046
271.0000,0.0208,-0.2671,0.8198,-33.1832,0.8779,-3.0763
274.0000,0.0232,-0.2563,0.8250,-39.0992,0.9160,-3.5191
264.0000,0.0305,-0.2671,0.8235,-45.6031,0.4962,-3.8931
296.0000,0.0242,-0.2671,0.8052,-52.8550,-0.1832,-4.6565
260.0000,0.0181,-0.2676,0.7961,-60.5725,-0.6031,-5.1603
284.0000,0.0256,-0.2666,0.7959,-70.1679,-0.7099,-5.6489
279.0000,0.0317,-0.2505,0.7900,-83.0153,-1.5344,-5.7328
260.0000,0.0247,-0.2478,0.7888,-98.7328,-1.7481,-6.2290
279.0000,0.0320,-0.2556,0.7429,-115.9924,-1.3435,-7.6412
236.0000,0.0476,-0.2302,0.7451,-136.2595,-2.2901,-10.3359
284.0000,0.0374,-0.2256,0.7148,-157.3588,-1.8931,-13.0382
281.0000,0.0403,-0.2356,0.7083,-180.7863,-1.3359,-17.3053
282.0000,0.0437,-0.2424,0.7107,-204.9847,-2.0687,-21.8702
294.0000,0.0388,-0.2632,0.6741,-229.8550,-1.9542,-26.8473
307.0000,0.0437,-0.3059,0.6797,-250.1374,-2.3969,-31.9542
290.0000,0.0417,-0.3569,0.6680,-250.1374,-2.4733,-36.4580
304.0000,0.0437,-0.4390,0.6504,-250.1374,-1.0458,-40.3511
310.0000,0.0317,-0.5046,0.6287,-250.1374,0.6107,-44.1756
276.0000,0.0337,-0.5730,0.6001,-250.1374,2.8779,-47.6565
333.0000,0.0388,-0.6367,0.5566,-250.1374,3.7328,-49.2595
278.0000,0.0313,-0.6753,0.5266,-250.1374,2.6794,-51.3969
297.0000,0.0444,-0.7288,0.4946,-250.1374,1.5725,-53.3588
305.0000,0.0361,-0.7976,0.4856,-250.1374,-1.1832,-55.6183
282.0000,0.0315,-0.8765,0.4800,-250.1374,-3.0153,-56.0076
311.0000,0.0503,-0.9404,0.4697,-250.1374,-2.9160,-56.2824
306.0000,0.0481,-0.9595,0.4543,-250.1374,-2.4885,-55.4656
325.0000,0.0474,-0.9941,0.4399,-250.1374,-4.2901,-54.7481
299.0000,0.0608,-1.0024,0.4229,-250.1374,-8.6489,-54.4885
321.0000,0.0720,-1.0161,0.4038,-250.1374,-12.0611,-53.7634
299.0000,0.0791,-1.0137,0.3792,-250.1374,-14.0076,-52.5573
295.0000,0.0898,-0.9900,0.3442,-250.1374,-16.3359,-51.3588
329.0000,0.1084,-0.9395,0.3225,-250.1374,-17.4809,-50.2290
304.0000,0.1091,-0.9268,0.2722,-250.1374,-17.0534,-50.8473
304.0000,0.1138,-0.9255,0.2219,-250.1374,-17.4962,-50.9008
311.0000,0.1082,-0.9307,0.1816,-250.1374,-17.6183,-51.1450
304.0000,0.1313,-0.9321,0.1179,-250.1374,-16.1908,-52.0916
328.0000,0.1387,-0.9490,0.0854,-250.1374,-16.3282,-52.6794
326.0000,0.1543,-0.9709,0.0432,-250.1374,-19.5573,-54.1221
313.0000,0.1638,-1.0137,0.0271,-250.1374,-22.8855,-54.5878
287.0000,0.1724,-1.0498,-0.0151,-250.1374,-24.0076,-54.0840
339.0000,0.1902,-1.0759,-0.0193,-250.1374,-24.9695,-53.2443
337.0000,0.1921,-1.0852,-0.0403,-250.1374,-24.6336,-50.7634
324.0000,0.2019,-1.0698,-0.0886,-250.1374,-24.3511,-48.4809
314.0000,0.2222,-1.0615,-0.1104,-250.1374,-22.4733,-47.0000
317.0000,0.2190,-1.0498,-0.1465,-250.1374,-20.7786,-45.3435
320.0000,0.2144,-0.9958,-0.1877,-250.1374,-18.7099,-44.3435
333.0000,0.2261,-0.9905,-0.2356,-250.1374,-17.0229,-44.4351
341.0000,0.2146,-0.9663,-0.2766,-250.1374,-17.5114,-44.4275
337.0000,0.2261,-0.9304,-0.3159,-250.1374,-18.8779,-44.1069
335.0000,0.2395,-0.8755,-0.3447,-250.1374,-18.9008,-44.9924
320.0000,0.2419,-0.8171,-0.3755,-250.1374,-18.2901,-45.5954
333.0000,0.2654,-0.8208,-0.4353,-250.1374,-18.2595,-48.0458
338.0000,0.2637,-0.8499,-0.5073,-250.1374,-17.9237,-49.9847
345.0000,0.2539,-0.8684,-0.5527,-250.1374,-15.7481,-50.2061
333.0000,0.2498,-0.8809,-0.5947,-250.1374,-11.4351,-51.4809
337.0000,0.2439,-0.8718,-0.6292,-250.1374,-8.6947,-52.0840
338.0000,0.2642,-0.8088,-0.6572,-250.1374,-9.6107,-53.0153
350.0000,0.2798,-0.8477,-0.6887,-250.1374,-14.5573,-55.8092
323.0000,0.2527,-0.8040,-0.7229,-250.1374,-20.9160,-55.9771
343.0000,0.2810,-0.7769,-0.7710,-250.1374,-24.4275,-57.1603
358.0000,0.2751,-0.7134,-0.7964,-250.1374,-25.4046,-56.6260
342.0000,0.2976,-0.6443,-0.8718,-250.1374,-20.5114,-55.2977
352.0000,0.2854,-0.5125,-0.9172,-250.1374,-16.7710,-55.3588
344.0000,0.2883,-0.5227,-1.0298,-250.1374,-17.4733,-56.8168
381.0000,0.2498,-0.4802,-1.0498,-250.1374,-30.5573,-60.1298
354.0000,0.3003,-0.4861,-1.1008,-250.1374,-30.3588,-57.8015
332.0000,0.3093,-0.4248,-1.1472,-250.1374,-29.4198,-57.6260
366.0000,0.3013,-0.4761,-1.1802,-250.1374,-30.2290,-59.9237
368.0000,0.2817,-0.5420,-1.1814,-250.1374,-66.7863,-76.9618
373.0000,0.2283,-0.6885,-1.1975,-250.1374,-82.9924,-67.6336
342.0000,0.3721,-0.8159,-1.1917,-250.1374,-44.2214,-53.4427
342.0000,0.2346,-0.8770,-1.0520,-250.1374,-76.8321,-50.0611
354.0000,0.2937,-0.9609,-0.9783,-250.1374,-68.0458,-43.3053
329.0000,0.2903,-0.9126,-0.9424,-250.1374,-46.1069,-33.8855
351.0000,0.2385,-0.8333,-0.8835,-222.5572,-45.1603,-29.3893
379.0000,0.2551,-0.6416,-0.8967,-184.8321,-31.9084,-23.8855
370.0000,0.2356,-0.4670,-0.8882,-101.0382,-26.6260,-22.9618
467.0000,0.2283,-0.3640,-0.9844,-76.4733,-25.9924,-22.2519
356.0000,0.2454,-0.2158,-1.0608,-79.6412,-13.3206,-18.8626
359.0000,0.1638,-0.0813,-1.1365,-82.3664,-19.9618,-19.6870
371.0000,0.2202,-0.0454,-1.1584,-81.4504,-13.8092,-18.4122
301.0000,0.1992,-0.0835,-1.2061,-76.0992,-10.3588,-18.7863
386.0000,0.1750,-0.1387,-1.1902,-74.0076,-15.6183,-18.1603
338.0000,0.2114,-0.1479,-1.1929,-71.9160,-16.9160,-16.3053
358.0000,0.1880,-0.1914,-1.2146,-67.8244,-13.6794,-15.1527
311.0000,0.2031,-0.1990,-1.2075,-55.6031,-14.1450,-13.5038
337.0000,0.2070,-0.2310,-1.2236,-44.3740,-9.6641,-11.9695
355.0000,0.2026,-0.1816,-1.2002,-41.9313,-6.7481,-9.2595
397.0000,0.2078,-0.1584,-1.2004,-35.4275,-5.2824,-7.4962
377.0000,0.2122,-0.1326,-1.2014,-30.5267,-4.4275,-6.2977
345.0000,0.2290,-0.0972,-1.1860,-29.1832,1.0763,-4.4351
399.0000,0.2341,-0.0928,-1.1755,-25.6107,3.1221,-3.8168
377.0000,0.2229,-0.1013,-1.1680,-22.6031,4.8626,-2.2977
406.0000,0.2195,-0.1125,-1.1807,-18.6565,4.3893,-1.5649
363.0000,0.2268,-0.1379,-1.1738,-15.8244,5.4504,-0.4580
377.0000,0.2234,-0.0901,-1.1790,-13.1908,4.7710,0.8779
330.0000,0.2424,-0.0933,-1.1665,-11.1221,5.2443,1.7863
400.0000,0.2371,-0.0549,-1.1445,-10.1832,5.3664,3.0000
398.0000,0.2397,-0.0437,-1.1379,-8.7252,5.3817,3.2519
388.0000,0.2461,-0.0796,-1.1321,-7.0611,5.2748,3.7252
321.0000,0.2385,-0.0632,-1.1226,-5.3359,3.9847,4.3740
375.0000,0.2368,-0.0457,-1.1265,-4.4275,3.8931,4.6565
359.0000,0.2393,-0.0615,-1.1260,-2.0992,2.6336,4.7099