raw_emg,raw_ax,raw_ay,raw_az,raw_gx,raw_gy,raw_gz
84.0000,0.0151,-0.3054,0.8228,-4.1908,-1.0840,-0.9389
215.0000,0.0095,-0.3054,0.8157,-3.9542,-0.8244,-0.8015
307.0000,0.0159,-0.3066,0.8308,-4.0153,-0.7176,-0.8397
124.0000,0.0171,-0.2998,0.8320,-3.7328,-0.5267,-0.7634
212.0000,0.0151,-0.3076,0.8206,-3.1908,-0.2977,-0.4351
319.0000,0.0122,-0.3044,0.8228,-3.0916,-0.4351,-0.3511
189.0000,0.0068,-0.3123,0.8232,-2.7710,-0.2977,-0.3740
214.0000,0.0146,-0.3057,0.8337,-2.5191,-0.5954,-0.1527
327.0000,0.0100,-0.2988,0.8318,-2.9695,-0.2595,-0.2443
198.0000,0.0073,-0.3049,0.8206,-3.4656,-0.4122,-0.2824
209.0000,0.0125,-0.3098,0.8215,-3.9008,-0.2748,-0.3282
305.0000,0.0171,-0.3113,0.8196,-4.0992,-0.1450,-0.3282
208.0000,0.0198,-0.3098,0.8293,-4.0763,0.2214,-0.3664
201.0000,0.0193,-0.3098,0.8293,-4.0458,0.0687,-0.2824
275.0000,0.0188,-0.3123,0.8215,-3.3206,0.0305,-0.3740
211.0000,0.0254,-0.3132,0.8318,-2.7939,0.1298,-0.4351
196.0000,0.0259,-0.3169,0.8245,-2.3969,0.1527,-0.4733
247.0000,0.0190,-0.3103,0.8323,-2.2443,0.4198,-0.1221
218.0000,0.0178,-0.3032,0.8193,-2.5267,0.4580,-0.2137
196.0000,0.0293,-0.3127,0.8191,-2.9542,0.6641,-0.3282
246.0000,0.0278,-0.3074,0.8318,-3.4504,0.3664,-0.1756
230.0000,0.0271,-0.3196,0.8203,-3.4656,1.0305,-0.2137
186.0000,0.0264,-0.3120,0.8247,-3.7176,1.0916,-0.0763
252.0000,0.0249,-0.3103,0.8235,-3.6641,1.1985,-0.0076
247.0000,0.0247,-0.3132,0.8325,-3.8397,0.9847,0.0458
194.0000,0.0234,-0.3159,0.8296,-3.7176,1.2366,0.3511
249.0000,0.0317,-0.3169,0.8359,-3.7939,1.2672,0.3664
280.0000,0.0205,-0.3132,0.8447,-4.0076,1.2977,0.3511
210.0000,0.0239,-0.3193,0.8274,-3.9695,1.4198,0.3282
254.0000,0.0249,-0.3145,0.8428,-4.4275,1.3282,0.4809
308.0000,0.0374,-0.3235,0.8269,-4.7252,1.1908,-0.1756
243.0000,0.0264,-0.3218,0.8306,-4.3969,1.4046,-0.0458
258.0000,0.0229,-0.3101,0.8315,-5.3588,1.2290,-0.0840
313.0000,0.0198,-0.3066,0.8408,-7.1832,0.2443,-0.3664
250.0000,0.0251,-0.3113,0.8440,-8.7176,0.8321,-0.4962
248.0000,0.0347,-0.3076,0.8342,-9.8702,0.9771,-0.7634
319.0000,0.0195,-0.3091,0.8442,-12.8244,0.5954,-0.1069
256.0000,0.0215,-0.2908,0.8291,-16.5344,0.1374,-0.3435
255.0000,0.0134,-0.3059,0.8406,-19.1908,-0.6641,-0.6641
300.0000,0.0208,-0.3154,0.8408,-20.4962,-0.7557,-0.2977
265.0000,0.0232,-0.3105,0.8271,-22.2214,-1.2290,0.2977
261.0000,0.0129,-0.3083,0.8384,-25.0000,-2.4885,0.2748
291.0000,0.0112,-0.3137,0.8301,-27.4962,-3.0763,1.2977
264.0000,0.0161,-0.3179,0.8315,-29.6870,-3.8473,1.7481
254.0000,0.0168,-0.3284,0.8254,-32.3817,-3.9542,1.3435
278.0000,0.0254,-0.3110,0.8311,-35.3435,-4.7023,1.9160
276.0000,0.0273,-0.3044,0.8235,-38.5496,-5.6947,1.6718
252.0000,0.0337,-0.3176,0.8369,-43.1145,-6.2901,1.1145
284.0000,0.0300,-0.3105,0.8440,-48.2366,-6.3969,0.1145
271.0000,0.0454,-0.3062,0.8306,-55.8702,-6.7939,-0.6947
259.0000,0.0396,-0.2874,0.8088,-66.0611,-6.7023,-1.0305
289.0000,0.0393,-0.2759,0.8003,-77.5878,-7.4046,-1.8931
280.0000,0.0249,-0.2688,0.7886,-91.2137,-8.1679,-2.7023
277.0000,0.0352,-0.2761,0.7568,-105.6336,-7.8855,-3.9542
285.0000,0.0327,-0.3296,0.7605,-115.4657,-8.4733,-5.6260
305.0000,0.0349,-0.3594,0.7527,-123.2672,-9.4275,-6.6489
269.0000,0.0342,-0.3706,0.7595,-130.3588,-10.0305,-7.7176
287.0000,0.0232,-0.3918,0.7522,-136.3359,-11.4962,-8.5496
297.0000,0.0347,-0.3831,0.7336,-143.8015,-14.2137,-9.6489
296.0000,0.0366,-0.3965,0.7310,-152.3359,-15.3511,-10.4962
292.0000,0.0425,-0.4175,0.7266,-161.6641,-15.5420,-11.8550
299.0000,0.0293,-0.4353,0.7434,-170.7786,-16.3664,-12.1450
268.0000,0.0491,-0.4587,0.7417,-181.4198,-15.8779,-11.8244
294.0000,0.0422,-0.4868,0.7239,-191.1298,-15.8626,-11.3664
302.0000,0.0408,-0.4807,0.7195,-201.0687,-18.3740,-10.4656
285.0000,0.0476,-0.4905,0.6990,-211.7023,-20.7634,-11.0840
329.0000,0.0417,-0.5203,0.6768,-224.6031,-23.4351,-11.2137
303.0000,0.0625,-0.5295,0.6865,-241.3740,-26.2443,-10.8015
298.0000,0.0691,-0.4980,0.6775,-250.1374,-26.4809,-10.5115
310.0000,0.0730,-0.5225,0.6294,-250.1374,-27.7252,-11.3740
314.0000,0.0808,-0.5513,0.5767,-250.1374,-26.2595,-11.1908
292.0000,0.0742,-0.5366,0.5107,-250.1374,-25.1985,-12.0916
304.0000,0.0708,-0.5691,0.4634,-250.1374,-27.4122,-14.1527
307.0000,0.0713,-0.6394,0.4556,-250.1374,-28.0305,-17.2824
308.0000,0.0791,-0.7400,0.4463,-250.1374,-31.0229,-19.3740
310.0000,0.0796,-0.8115,0.4448,-250.1374,-32.8092,-21.8092
333.0000,0.0913,-0.8977,0.4314,-250.1374,-31.7939,-23.2290
285.0000,0.0774,-1.0061,0.4143,-250.1374,-32.0534,-22.9084
306.0000,0.0896,-1.0789,0.4001,-250.1374,-34.1985,-20.9771
330.0000,0.0852,-1.0896,0.3760,-250.1374,-33.1221,-19.3740
334.0000,0.0857,-1.1042,0.3540,-250.1374,-33.3588,-19.3740
299.0000,0.0796,-1.0295,0.3337,-250.1374,-37.2366,-19.5954
348.0000,0.0767,-0.9915,0.3074,-250.1374,-41.4427,-20.7481
303.0000,0.0916,-0.9316,0.2532,-250.1374,-42.7481,-21.4885
328.0000,0.1008,-0.9270,0.2102,-250.1374,-41.1756,-25.6183
331.0000,0.1018,-0.9451,0.1575,-250.1374,-37.1832,-29.2137
333.0000,0.1169,-0.9182,0.0762,-250.1374,-34.5954,-32.9008
334.0000,0.1208,-0.9626,0.0408,-250.1374,-33.0458,-37.7481
329.0000,0.1221,-1.0415,0.0095,-250.1374,-32.1298,-40.9313
312.0000,0.1348,-1.0881,-0.0190,-250.1374,-32.0992,-42.8092
336.0000,0.1489,-1.1067,-0.0657,-250.1374,-29.6947,-44.2061
342.0000,0.1526,-1.0884,-0.1411,-250.1374,-29.7786,-44.8168
332.0000,0.1550,-1.1128,-0.1643,-250.1374,-30.4351,-46.3893
312.0000,0.1567,-1.0718,-0.2261,-250.1374,-30.1679,-46.3893
348.0000,0.1626,-1.0986,-0.2722,-250.1374,-28.6260,-45.8931
318.0000,0.1750,-1.0566,-0.3167,-250.1374,-25.0534,-44.6183
336.0000,0.1890,-1.0278,-0.3447,-250.1374,-22.5649,-43.9924
347.0000,0.2012,-0.9270,-0.3708,-250.1374,-18.5649,-43.0534
339.0000,0.2007,-0.8762,-0.4038,-250.1374,-19.6260,-44.8702
339.0000,0.1987,-0.8164,-0.4243,-250.1374,-19.1221,-47.9695
367.0000,0.2134,-0.6973,-0.4731,-250.1374,-15.9237,-51.4656
341.0000,0.2134,-0.7673,-0.5566,-250.1374,-13.5038,-57.6183
357.0000,0.2256,-0.7617,-0.6270,-250.1374,-10.6718,-59.3130
410.0000,0.2271,-0.8196,-0.6814,-250.1374,-9.4122,-60.5496
335.0000,0.2390,-0.8010,-0.6431,-250.1374,-5.5038,-59.8702
372.0000,0.2427,-0.7578,-0.7029,-250.1374,-4.1756,-61.9389
365.0000,0.2214,-0.7959,-0.7302,-250.1374,-5.6031,-63.5954
368.0000,0.2310,-0.7422,-0.7654,-250.1374,-6.0916,-62.8550
357.0000,0.2537,-0.6660,-0.7915,-250.1374,-3.0305,-63.0763
376.0000,0.2734,-0.6091,-0.8635,-250.1374,-0.8626,-65.7176
392.0000,0.2786,-0.5759,-0.9438,-250.1374,-0.9084,-67.7176
344.0000,0.2573,-0.6318,-1.0146,-250.1374,-1.8168,-68.0076
378.0000,0.2432,-0.6528,-1.0269,-250.1374,-3.2443,-66.1450
379.0000,0.2710,-0.6748,-1.0598,-250.1374,0.0305,-63.5420
406.0000,0.3154,-0.7700,-1.0374,-250.1374,2.4656,-60.3435
393.0000,0.2664,-0.6765,-1.0068,-250.1374,-5.3817,-55.2748
419.0000,0.2661,-0.5125,-1.0369,-250.1374,-9.7405,-54.0992
425.0000,0.3088,-0.4890,-0.9370,-250.1374,-13.4733,-55.1908
368.0000,0.2241,-0.4458,-1.0544,-250.1374,-21.1908,-53.7099
345.0000,0.2424,-0.3794,-1.0713,-250.1374,-23.3130,-50.9008
366.0000,0.2593,-0.4451,-1.0598,-240.2595,-15.2977,-49.2443
363.0000,0.2559,-0.4207,-1.0918,-218.3359,-12.0305,-45.2290
381.0000,0.2610,-0.4216,-1.0569,-206.6107,-9.2595,-39.8244
363.0000,0.2654,-0.4089,-1.0381,-188.5191,-9.7328,-34.6947
354.0000,0.2649,-0.3765,-1.0923,-162.0458,-13.1450,-30.7863
359.0000,0.2529,-0.3674,-1.1143,-133.7481,-16.4046,-28.4198
349.0000,0.3315,-0.3152,-1.0872,-105.2672,0.2519,-24.8779
361.0000,0.2419,-0.3188,-1.1404,-87.8473,-5.6260,-21.6489
387.0000,0.2495,-0.2920,-1.1338,-76.7863,-6.8244,-18.7023
342.0000,0.2463,-0.2693,-1.1621,-62.1908,-7.7405,-15.5267
395.0000,0.2703,-0.2725,-1.1553,-46.7786,-4.5496,-14.4351
350.0000,0.2556,-0.2261,-1.1465,-34.3740,-6.8015,-11.7176
361.0000,0.2686,-0.2205,-1.1589,-30.9618,-7.7786,-10.1374
356.0000,0.2686,-0.2031,-1.1511,-32.4275,-4.2824,-7.9160
355.0000,0.2764,-0.1892,-1.1497,-29.8244,-4.2061,-6.3740
367.0000,0.2837,-0.2114,-1.1174,-26.6794,-2.1450,-6.1908
465.0000,0.2747,-0.2053,-1.1545,-24.1908,-1.1985,-6.1527
371.0000,0.2715,-0.2632,-1.1631,-26.1603,1.6870,-5.6718
363.0000,0.2891,-0.2783,-1.1294,-13.1756,1.9924,-5.5878
369.0000,0.2629,-0.2568,-1.1536,-9.4275,-4.6947,-3.7939
432.0000,0.3005,-0.2422,-1.1216,-5.7099,-0.6412,-2.7023
398.0000,0.2949,-0.2534,-1.1287,-3.1221,0.4122,-1.8015
350.0000,0.2998,-0.1865,-1.1553,-1.0305,0.9847,-1.1145
335.0000,0.3018,-0.2036,-1.1343,2.0382,2.5878,-1.4580
375.0000,0.3018,-0.1914,-1.1445,0.6183,1.4504,-0.7405
349.0000,0.3076,-0.2002,-1.1416,-0.1679,0.9160,-0.0840
375.0000,0.3025,-0.2034,-1.1519,1.3053,0.9771,0.6183
327.0000,0.3049,-0.1987,-1.1304,2.5496,0.3740,1.0305
397.0000,0.2966,-0.2131,-1.1292,-0.5191,-2.3893,1.5038
408.0000,0.3135,-0.1982,-1.1106,-1.2977,-0.9466,2.1145
356.0000,0.2976,-0.2153,-1.0925,1.4885,-2.9008,3.0305
366.0000,0.3044,-0.1965,-1.0884,2.9160,-1.2214,3.8092
374.0000,0.2966,-0.1968,-1.0962,1.2443,-2.1603,4.2061
368.0000,0.2908,-0.2102,-1.0979,1.3206,-0.7481,4.0534
359.0000,0.2856,-0.2300,-1.1023,3.4351,-0.2061,4.2672
424.0000,0.2900,-0.2202,-1.1074,0.6107,-0.2290,4.2824
405.0000,0.2849,-0.2141,-1.0876,-0.3435,-0.6565,4.0000
357.0000,0.2810,-0.2354,-1.0947,2.8168,0.1603,4.1756
401.0000,0.2805,-0.2283,-1.1025,2.8626,0.0763,3.7863
315.0000,0.2717,-0.2180,-1.0815,-0.4733,-0.0076,3.4656
378.0000,0.2693,-0.2239,-1.0894,-0.4656,0.1603,2.5649
387.0000,0.2681,-0.2322,-1.0945,-2.0229,0.2443,2.4046
390.0000,0.2668,-0.2327,-1.1067,-1.1298,-0.0611,1.8931
385.0000,0.2690,-0.2454,-1.1013,-0.9313,0.0611,1.7786
408.0000,0.2715,-0.2585,-1.0913,0.4885,-0.1756,1.5191
412.0000,0.2625,-0.2407,-1.0977,-0.0763,-1.4504,1.4733
400.0000,0.2725,-0.2422,-1.1035,0.4427,-0.2748,1.4427
386.0000,0.2710,-0.2346,-1.1162,0.4198,-1.3359,1.4962
399.0000,0.2661,-0.2190,-1.1104,-2.4198,-0.5191,1.3511
401.0000,0.2690,-0.2468,-1.1050,-3.2366,-0.5038,1.4275
373.0000,0.2673,-0.2551,-1.0989,-3.5725,-1.6718,1.3359
392.0000,0.2781,-0.2493,-1.0906,-2.3359,-1.6260,1.4962
398.0000,0.2793,-0.2639,-1.0906,1.7786,-1.3969,1.8015
396.0000,0.2820,-0.2429,-1.0847,2.9695,-0.8092,2.7939
407.0000,0.2813,-0.2310,-1.0786,3.3282,-1.1985,3.0076
384.0000,0.2805,-0.2249,-1.0884,2.4809,-0.9466,2.9084
354.0000,0.2808,-0.2227,-1.1016,2.4198,-1.6260,2.6718
405.0000,0.2781,-0.2319,-1.1060,1.0382,-2.0916,2.4351
396.0000,0.2742,-0.2449,-1.1157,0.6794,-1.7252,2.5344
447.0000,0.2747,-0.2432,-1.1023,0.0611,-2.5191,2.5038
454.0000,0.2688,-0.2449,-1.0979,0.0153,-2.4885,2.7710