raw_emg,raw_ax,raw_ay,raw_az,raw_gx,raw_gy,raw_gz
5.0000,0.0000,-0.2629,0.8425,-2.9695,0.4809,-0.3359
5.0000,-0.0007,-0.2651,0.8474,-2.9389,0.2061,-0.5420
4.0000,-0.0068,-0.2708,0.8462,-2.7557,0.0611,-0.2977
5.0000,0.0017,-0.2634,0.8474,-2.8397,0.0153,-0.4733
32.0000,-0.0024,-0.2605,0.8428,-2.8244,0.3282,-0.1221
92.0000,-0.0046,-0.2625,0.8484,-3.1603,0.4122,-0.1603
118.0000,-0.0022,-0.2617,0.8447,-3.2977,0.4809,-0.2061
133.0000,-0.0022,-0.2681,0.8357,-3.3053,0.3206,0.2214
144.0000,0.0007,-0.2651,0.8467,-2.9466,0.2672,0.3893
155.0000,0.0022,-0.2607,0.8430,-3.2290,0.0611,0.4504
156.0000,0.0027,-0.2668,0.8401,-3.7099,0.1527,0.3130
163.0000,-0.0024,-0.2615,0.8489,-4.2290,0.3969,0.2443
171.0000,0.0007,-0.2717,0.8396,-4.8321,0.9466,0.1985
176.0000,0.0059,-0.2637,0.8496,-4.4885,0.9618,0.2901
180.0000,0.0066,-0.2710,0.8420,-4.0305,1.0916,0.4351
182.0000,-0.0017,-0.2734,0.8374,-3.4733,0.9313,0.1756
182.0000,0.0061,-0.2747,0.8433,-2.9924,0.9008,0.3588
176.0000,0.0088,-0.2620,0.8428,-2.7252,0.4275,0.2977
200.0000,-0.0037,-0.2651,0.8396,-2.8015,0.4198,0.2519
192.0000,-0.0046,-0.2671,0.8357,-3.2595,0.4351,0.1908
196.0000,0.0020,-0.2637,0.8445,-3.4656,0.6412,0.2977
202.0000,-0.0017,-0.2651,0.8459,-3.8855,0.8473,0.2748
205.0000,-0.0037,-0.2651,0.8433,-4.2595,1.0992,0.3664
204.0000,-0.0027,-0.2715,0.8472,-4.7099,1.1679,0.2901
206.0000,0.0039,-0.2715,0.8435,-3.7481,1.1374,0.2977
211.0000,-0.0002,-0.2727,0.8472,-3.3893,1.3435,0.4656
211.0000,-0.0054,-0.2693,0.8579,-3.0153,1.4885,0.3893
214.0000,0.0049,-0.2644,0.8479,-3.1145,1.2137,0.4733
216.0000,-0.0007,-0.2632,0.8459,-3.5420,1.1603,0.3588
221.0000,-0.0151,-0.2664,0.8477,-4.3130,1.1450,0.3817
219.0000,-0.0042,-0.2632,0.8567,-4.6870,1.3740,0.1145
221.0000,-0.0085,-0.2642,0.8545,-5.0305,1.5496,0.2443
224.0000,-0.0059,-0.2749,0.8557,-4.7405,1.7634,0.0916
231.0000,-0.0098,-0.2708,0.8486,-3.7786,1.6565,0.0992
228.0000,-0.0164,-0.2810,0.8394,-2.7481,1.1756,0.0000
229.0000,-0.0090,-0.2776,0.8508,-1.6794,0.5573,0.0076
233.0000,-0.0125,-0.2786,0.8462,-1.2519,0.0687,-0.0916
234.0000,-0.0093,-0.2698,0.8457,-1.5191,-0.4885,-0.0992
235.0000,-0.0056,-0.2649,0.8601,-2.2137,-0.0229,-0.3130
236.0000,-0.0085,-0.2690,0.8542,-3.2672,0.1832,-0.1374
239.0000,-0.0056,-0.2659,0.8455,-4.2214,0.1145,-0.1679
241.0000,-0.0024,-0.2649,0.8533,-4.8397,0.1985,-0.1145
243.0000,-0.0081,-0.2671,0.8450,-5.3511,0.0382,-0.1832
243.0000,-0.0039,-0.2688,0.8406,-5.6107,-0.2672,-0.3435
246.0000,-0.0042,-0.2703,0.8416,-5.4427,-0.4198,-0.6489
247.0000,-0.0059,-0.2769,0.8455,-5.2214,-0.2061,-0.8550
246.0000,0.0017,-0.2708,0.8435,-4.7557,-0.1450,-0.5725
245.0000,0.0063,-0.2676,0.8376,-4.3206,0.2214,-0.2519
254.0000,-0.0073,-0.2629,0.8357,-4.5496,-0.0916,-0.2672
257.0000,-0.0112,-0.2695,0.8269,-5.6183,-0.1221,-0.5725
257.0000,-0.0029,-0.2632,0.8164,-6.6641,-0.1985,-0.4962
255.0000,0.0007,-0.2600,0.8418,-7.9847,-0.1985,-0.3893
257.0000,0.0042,-0.2634,0.8337,-9.2214,0.1145,-0.5038
266.0000,-0.0037,-0.2744,0.8337,-10.1450,0.6336,-0.5267
257.0000,-0.0059,-0.2725,0.8457,-10.5267,1.1069,-0.5649
260.0000,0.0000,-0.2732,0.8403,-10.8702,1.4809,-0.6489
265.0000,-0.0034,-0.2690,0.8342,-10.7634,1.5573,-0.5038
268.0000,-0.0044,-0.2720,0.8389,-10.7481,1.5496,-0.3053
252.0000,-0.0049,-0.2820,0.8396,-10.8092,1.1985,-0.1221
272.0000,-0.0024,-0.2820,0.8379,-11.1374,1.2290,0.2366
268.0000,-0.0044,-0.2710,0.8367,-11.0153,1.2901,0.7634
268.0000,-0.0051,-0.2698,0.8394,-11.5573,1.6870,1.0229
272.0000,-0.0044,-0.2625,0.8352,-12.3664,1.3359,1.5191
269.0000,0.0007,-0.2747,0.8298,-13.2672,1.6260,2.2672
275.0000,0.0061,-0.2754,0.8337,-14.3282,1.6794,3.2901
276.0000,0.0020,-0.2825,0.8291,-15.6565,2.3282,4.8702
279.0000,0.0100,-0.2700,0.8420,-17.9160,2.9695,6.3130
279.0000,0.0046,-0.2739,0.8394,-18.9618,2.6107,8.1145
281.0000,0.0122,-0.2600,0.8540,-21.5114,3.0763,9.3359
286.0000,0.0039,-0.2820,0.8491,-23.3359,3.8473,11.0076
284.0000,-0.0022,-0.2932,0.8501,-23.9847,4.6947,12.9847
284.0000,-0.0024,-0.3022,0.8528,-23.6183,5.1832,15.2366
287.0000,0.0071,-0.2935,0.8452,-22.8168,5.4504,17.1298
279.0000,0.0039,-0.2959,0.8489,-21.6031,7.9237,16.9847
295.0000,-0.0051,-0.2798,0.8296,-20.9771,11.4427,15.1603
290.0000,-0.0039,-0.2483,0.8359,-20.3130,12.6107,13.4809
279.0000,-0.0149,-0.2322,0.8215,-20.8244,12.3206,11.5954
307.0000,-0.0110,-0.2441,0.8274,-22.3206,10.0916,9.5115
291.0000,-0.0227,-0.2639,0.8318,-21.1756,9.2748,7.4427
299.0000,-0.0288,-0.2886,0.8374,-19.3282,7.4656,5.6947
297.0000,-0.0305,-0.3025,0.8345,-17.7557,6.3282,4.3893
299.0000,-0.0181,-0.3098,0.8318,-17.3435,5.5649,3.1450
294.0000,-0.0195,-0.3176,0.8315,-17.4351,5.2824,2.7176
297.0000,-0.0227,-0.3267,0.8267,-18.2443,5.1756,2.2443
299.0000,-0.0281,-0.3369,0.8386,-18.5267,5.1450,2.2824
290.0000,-0.0286,-0.3489,0.8398,-17.6794,4.6336,1.8168
303.0000,-0.0266,-0.3423,0.8413,-16.2748,3.5038,1.4198
301.0000,-0.0154,-0.3455,0.8374,-14.7328,2.5878,1.3588
302.0000,-0.0256,-0.3418,0.8401,-13.3282,2.1679,0.9466
303.0000,-0.0203,-0.3499,0.8293,-13.0382,1.7557,0.5344
309.0000,-0.0183,-0.3430,0.8267,-13.1450,1.6641,0.1221
310.0000,-0.0154,-0.3428,0.8223,-13.0305,1.9924,-0.2214
308.0000,-0.0188,-0.3459,0.8313,-12.9695,2.3053,-0.5344
322.0000,-0.0251,-0.3367,0.8206,-12.4122,2.5573,-0.6641
313.0000,-0.0249,-0.3491,0.8301,-11.6031,2.4275,-1.0840
311.0000,-0.0244,-0.3462,0.8235,-11.3511,2.1145,-1.3893
296.0000,-0.0239,-0.3445,0.8145,-10.7710,1.8397,-1.6336
315.0000,-0.0266,-0.3450,0.8167,-10.8397,1.8015,-2.0992
321.0000,-0.0210,-0.3369,0.8213,-11.5115,2.0382,-2.1908
318.0000,-0.0208,-0.3318,0.8181,-12.8855,2.1756,-2.6412
311.0000,-0.0176,-0.3264,0.8157,-15.4504,2.5344,-2.8626
336.0000,-0.0168,-0.3245,0.8125,-18.3359,2.6260,-3.0305
339.0000,-0.0171,-0.3093,0.8145,-22.4046,2.9466,-3.3740
310.0000,-0.0273,-0.2966,0.8008,-27.6794,2.8855,-3.6870
348.0000,-0.0251,-0.3059,0.8013,-33.6718,3.1908,-4.0763
327.0000,-0.0295,-0.3081,0.7905,-40.8168,3.2595,-4.5267
326.0000,-0.0300,-0.3030,0.8027,-48.1832,3.3511,-5.0687
344.0000,-0.0352,-0.3179,0.8000,-55.4809,2.8779,-5.6565
318.0000,-0.0298,-0.3423,0.8210,-62.0229,2.4809,-6.4275
323.0000,-0.0322,-0.3315,0.8376,-67.9008,2.7176,-6.8015
341.0000,-0.0344,-0.3484,0.8254,-73.4046,3.3740,-7.4962
358.0000,-0.0391,-0.3374,0.8459,-79.9466,3.1832,-8.6107
336.0000,-0.0496,-0.2991,0.8579,-90.2290,3.6260,-9.7099
339.0000,-0.0352,-0.3066,0.8455,-103.7023,4.7634,-10.9008
340.0000,-0.0339,-0.2996,0.8113,-121.2748,4.3740,-12.2519
348.0000,-0.0386,-0.2937,0.7964,-142.3511,4.3359,-13.5344
339.0000,-0.0330,-0.2896,0.7722,-165.6336,5.2824,-14.9542
333.0000,-0.0449,-0.3276,0.7415,-189.5725,6.6718,-17.4962
309.0000,-0.0410,-0.3848,0.7502,-210.1603,7.0229,-19.4275
375.0000,-0.0332,-0.4182,0.7361,-226.7863,7.1832,-21.2366
366.0000,-0.0339,-0.4521,0.7234,-240.6947,7.5038,-23.7786
360.0000,-0.0295,-0.4817,0.7107,-250.1374,7.0076,-25.9847
346.0000,-0.0271,-0.5071,0.6848,-250.1374,5.6107,-27.7252
344.0000,-0.0256,-0.5366,0.6506,-250.1374,5.2214,-29.4962
348.0000,-0.0125,-0.5557,0.6309,-250.1374,5.1527,-30.6565
338.0000,-0.0022,-0.5745,0.5903,-250.1374,7.5878,-31.8321
358.0000,-0.0059,-0.5925,0.5527,-250.1374,10.6183,-33.2137
360.0000,-0.0066,-0.6355,0.5212,-250.1374,13.0916,-34.3740
351.0000,-0.0132,-0.7151,0.5000,-250.1374,15.4275,-35.4809
346.0000,-0.0220,-0.7813,0.4766,-250.1374,16.1374,-35.6641
341.0000,-0.0212,-0.8242,0.4543,-250.1374,16.5344,-35.1145
322.0000,-0.0220,-0.8748,0.4224,-250.1374,15.0916,-34.9924
357.0000,-0.0212,-0.9033,0.4026,-250.1374,10.8092,-34.8702
358.0000,-0.0176,-0.8853,0.4077,-250.1374,6.1679,-34.3359
346.0000,-0.0156,-0.8586,0.3679,-250.1374,3.7023,-33.4122
355.0000,0.0034,-0.8313,0.3164,-250.1374,3.3435,-33.4122
380.0000,0.0081,-0.8325,0.2849,-250.1374,3.4656,-33.4962
384.0000,0.0129,-0.8152,0.2280,-250.1374,6.3969,-34.6183
353.0000,0.0034,-0.7891,0.1758,-250.1374,11.1298,-36.1985
356.0000,0.0100,-0.8057,0.1111,-250.1374,13.3664,-39.5573
357.0000,0.0059,-0.8794,0.0859,-250.1374,10.3206,-43.0076
353.0000,0.0107,-0.9446,0.0461,-250.1374,7.1985,-44.5802
365.0000,0.0115,-1.0144,0.0020,-250.1374,4.1603,-45.9924
369.0000,0.0259,-1.0352,-0.0020,-250.1374,1.6336,-45.7252
366.0000,0.0376,-1.0793,-0.0388,-250.1374,0.8855,-46.0687
365.0000,0.0313,-1.1633,-0.0676,-250.1374,-0.9084,-45.2519
354.0000,0.0420,-1.2087,-0.1182,-250.1374,-1.9084,-43.3893
369.0000,0.0454,-1.2100,-0.1274,-250.1374,-3.4427,-40.0763
382.0000,0.0664,-1.1763,-0.1511,-250.1374,-3.1527,-37.3435
368.0000,0.0583,-1.1570,-0.1868,-250.1374,-3.5420,-35.8779
372.0000,0.0637,-1.0979,-0.2151,-250.1374,-7.1527,-34.7099
370.0000,0.0784,-1.0200,-0.2280,-250.1374,-11.0840,-34.5802
377.0000,0.0901,-0.9358,-0.2837,-250.1374,-13.6947,-35.3969
386.0000,0.0974,-0.8757,-0.3193,-250.1374,-16.0458,-36.7939
402.0000,0.1216,-0.8394,-0.3748,-250.1374,-12.6641,-37.5420
368.0000,0.1340,-0.8086,-0.4312,-250.1374,-6.7328,-38.1908
370.0000,0.1382,-0.8315,-0.4915,-250.1374,0.5038,-39.6870
374.0000,0.1243,-0.8982,-0.5337,-250.1374,5.2290,-40.1069
371.0000,0.1206,-0.9475,-0.5811,-250.1374,4.8931,-39.6489
355.0000,0.1172,-0.9746,-0.6116,-250.1374,4.0382,-39.2824
387.0000,0.1108,-1.0122,-0.6099,-250.1374,1.4962,-38.8092
376.0000,0.1233,-1.0283,-0.5928,-250.1374,0.0382,-38.3740
396.0000,0.1387,-1.0051,-0.6243,-250.1374,-6.2901,-38.0382
397.0000,0.1187,-0.9229,-0.6333,-250.1374,-13.7863,-35.7328
356.0000,0.1709,-0.7971,-0.6484,-250.1374,-12.6870,-32.2595
368.0000,0.1716,-0.7188,-0.7075,-250.1374,-10.1679,-32.2214
392.0000,0.1641,-0.6580,-0.7300,-250.1374,-5.5954,-30.3053
385.0000,0.2070,-0.5420,-0.7710,-250.1374,8.7023,-27.8779
360.0000,0.1968,-0.5566,-0.8279,-250.1374,20.7863,-29.4198
387.0000,0.1748,-0.4988,-0.8728,-250.1374,25.2901,-30.7939
390.0000,0.1943,-0.4370,-0.9058,-250.1374,27.1527,-33.6718
403.0000,0.1936,-0.5073,-1.0039,-250.1374,23.8855,-38.3206
389.0000,0.1355,-0.4707,-1.0059,-250.1374,19.9695,-38.3817
396.0000,0.1750,-0.4297,-1.0576,-250.1374,13.0687,-41.2901
406.0000,0.2119,-0.5491,-1.0889,-250.1374,10.2672,-43.3740
370.0000,0.1885,-0.6423,-1.1372,-250.1374,6.5191,-44.3817
354.0000,0.1570,-0.6125,-1.1226,-250.1374,9.1374,-42.2748
439.0000,0.1575,-0.5520,-1.1184,-250.1374,12.1145,-40.3435
366.0000,0.0732,-0.7034,-0.9109,-250.1374,2.1069,-40.9847
409.0000,0.1794,-0.6113,-1.1128,-250.1374,-9.5802,-44.4427
398.0000,0.0908,-0.6248,-1.1379,-250.1374,-35.2901,-45.8855
389.0000,0.2136,-0.5444,-1.0332,-208.2137,-33.0840,-41.5573
410.0000,0.1025,-0.5159,-1.1130,-155.6031,-41.2977,-37.1679
519.0000,0.1997,-0.5168,-1.1746,-157.0534,-18.1527,-24.6870
403.0000,0.1301,-0.4087,-1.1245,-160.7557,-6.4198,-21.1908
386.0000,0.1021,-0.3257,-1.1570,-148.7023,-7.9313,-18.0534
379.0000,0.0967,-0.2813,-1.1614,-120.6565,-13.2443,-17.8626
422.0000,0.0671,-0.2356,-1.1484,-86.6107,-15.1145,-16.5649
407.0000,0.1626,-0.2695,-1.1704,-74.1450,-12.6947,-17.6870
518.0000,0.1445,-0.2312,-1.1648,-54.4885,-16.1679,-17.9924
416.0000,0.1223,-0.2571,-1.2061,-56.8931,-18.0916,-16.4733