raw_emg,raw_ax,raw_ay,raw_az,raw_gx,raw_gy,raw_gz
5.0000,-0.0508,-0.2419,0.8557,-3.6718,0.1756,-0.8779
118.0000,-0.0491,-0.2368,0.8525,-3.6718,0.4198,-1.3511
533.0000,-0.0500,-0.2310,0.8486,-4.0687,0.0305,-1.2824
69.0000,-0.0508,-0.2283,0.8511,-4.4504,0.1985,-1.1832
101.0000,-0.0457,-0.2310,0.8574,-4.7023,0.6794,-1.2519
527.0000,-0.0562,-0.2317,0.8486,-4.8626,0.7099,-1.2977
145.0000,-0.0474,-0.2280,0.8442,-5.2214,0.7557,-1.3130
116.0000,-0.0479,-0.2388,0.8484,-4.9847,0.9237,-1.0534
533.0000,-0.0510,-0.2234,0.8423,-4.5115,0.9466,-0.8092
140.0000,-0.0601,-0.2397,0.8501,-3.9237,0.9466,-0.5649
104.0000,-0.0586,-0.2302,0.8389,-3.0763,1.0458,-0.5115
374.0000,-0.0505,-0.2356,0.8433,-2.7099,0.7557,-0.4351
150.0000,-0.0608,-0.2322,0.8533,-2.7252,0.8321,-0.3511
108.0000,-0.0603,-0.2253,0.8469,-2.6412,0.9542,-0.0305
284.0000,-0.0549,-0.2261,0.8562,-3.1298,0.2366,-0.0992
141.0000,-0.0520,-0.2283,0.8635,-3.4656,0.3359,0.0534
103.0000,-0.0581,-0.2275,0.8491,-3.7481,0.3053,0.2061
207.0000,-0.0557,-0.2329,0.8552,-3.8779,0.4275,0.2137
166.0000,-0.0432,-0.2356,0.8538,-3.9084,0.4733,0.2519
83.0000,-0.0542,-0.2312,0.8594,-3.6412,0.4504,0.2137
221.0000,-0.0464,-0.2271,0.8550,-3.6565,0.2595,-0.0992
210.0000,-0.0544,-0.2354,0.8579,-3.6794,0.2137,-0.1603
81.0000,-0.0439,-0.2275,0.8457,-3.5115,0.3130,-0.2824
222.0000,-0.0481,-0.2324,0.8472,-3.5344,0.6107,-0.2214
247.0000,-0.0447,-0.2314,0.8477,-3.4885,0.6947,-0.1679
94.0000,-0.0420,-0.2324,0.8496,-2.9160,0.2443,-0.1679
221.0000,-0.0364,-0.2419,0.8477,-2.6107,0.3588,-0.1679
331.0000,-0.0479,-0.2332,0.8499,-2.2443,0.4275,-0.0840
135.0000,-0.0469,-0.2283,0.8560,-2.2443,0.7023,-0.1679
228.0000,-0.0457,-0.2346,0.8489,-2.0763,0.2977,-0.2595
373.0000,-0.0427,-0.2341,0.8442,-1.8321,0.3282,-0.1450
210.0000,-0.0422,-0.2292,0.8569,-2.0763,0.4962,-0.0840
226.0000,-0.0483,-0.2222,0.8572,-2.3664,0.2901,-0.1527
360.0000,-0.0449,-0.2310,0.8582,-2.6870,0.3435,-0.2595
221.0000,-0.0474,-0.2261,0.8469,-2.7328,0.3817,-0.1527
227.0000,-0.0542,-0.2290,0.8516,-2.9008,0.6947,-0.1145
332.0000,-0.0566,-0.2297,0.8557,-3.3130,0.3359,0.0382
222.0000,-0.0459,-0.2283,0.8555,-3.1069,0.3206,0.1985
223.0000,-0.0522,-0.2234,0.8586,-3.2977,0.2824,0.1985
298.0000,-0.0588,-0.2334,0.8562,-3.4809,0.2901,0.1450
227.0000,-0.0540,-0.2305,0.8491,-3.9695,0.2137,0.4122
213.0000,-0.0486,-0.2234,0.8416,-4.5115,0.0229,0.3511
272.0000,-0.0471,-0.2327,0.8567,-5.5115,0.3359,0.7099
237.0000,-0.0491,-0.2246,0.8459,-6.6947,0.2824,0.7863
209.0000,-0.0513,-0.2349,0.8518,-7.6870,0.0611,0.8473
258.0000,-0.0422,-0.2253,0.8455,-8.6718,0.1985,1.3130
252.0000,-0.0498,-0.2170,0.8521,-10.4962,0.6183,1.6031
204.0000,-0.0449,-0.2227,0.8494,-13.0000,0.1145,2.0229
263.0000,-0.0527,-0.2178,0.8496,-15.9084,-0.7099,2.6718
263.0000,-0.0410,-0.2214,0.8374,-19.5114,-1.0382,2.9618
213.0000,-0.0439,-0.2214,0.8447,-23.6336,-0.9695,3.7176
258.0000,-0.0474,-0.2251,0.8425,-28.0153,-1.6870,3.8168
284.0000,-0.0510,-0.2383,0.8469,-32.2901,-2.0916,4.0229
205.0000,-0.0569,-0.2339,0.8567,-37.7023,-3.0534,3.9847
253.0000,-0.0542,-0.2471,0.8704,-43.3817,-3.3664,3.6107
314.0000,-0.0657,-0.2378,0.8608,-51.0153,-4.3359,3.6870
220.0000,-0.0710,-0.2295,0.8716,-58.7481,-4.8092,3.0763
277.0000,-0.0696,-0.2295,0.8577,-67.2901,-6.0611,1.8397
322.0000,-0.0669,-0.2415,0.8511,-76.7481,-6.8779,1.1832
238.0000,-0.0686,-0.2566,0.8223,-84.6489,-7.6489,0.1221
276.0000,-0.0818,-0.2678,0.8357,-92.1450,-9.3053,-0.7786
328.0000,-0.0801,-0.2795,0.8262,-98.5649,-10.8321,-1.9008
264.0000,-0.0544,-0.2966,0.8284,-104.5191,-11.1985,-3.1985
256.0000,-0.0515,-0.2976,0.8308,-110.2443,-12.7405,-4.2977
345.0000,-0.0378,-0.2910,0.8269,-113.3664,-13.8550,-6.1298
267.0000,-0.0276,-0.2852,0.8015,-122.6183,-15.6641,-7.6794
290.0000,-0.0176,-0.2927,0.7883,-132.8092,-14.6107,-8.9618
320.0000,-0.0254,-0.3044,0.7715,-144.7252,-12.7176,-9.8092
277.0000,-0.0193,-0.2988,0.7551,-158.8702,-10.7176,-10.7710
284.0000,-0.0288,-0.3179,0.7429,-170.9695,-10.4809,-12.6718
332.0000,-0.0293,-0.3496,0.7307,-180.6947,-10.1985,-14.1450
263.0000,-0.0337,-0.3701,0.7314,-189.4046,-10.8855,-14.8931
282.0000,-0.0300,-0.3953,0.7317,-198.5802,-11.2824,-15.7939
323.0000,-0.0229,-0.4216,0.7490,-208.9160,-10.9160,-16.3206
305.0000,-0.0322,-0.4341,0.7246,-216.8702,-12.6336,-17.5649
303.0000,-0.0354,-0.4456,0.6956,-231.1450,-9.1756,-18.7023
349.0000,-0.0461,-0.4482,0.6606,-243.1603,-10.0153,-20.6565
286.0000,-0.0435,-0.4524,0.6523,-250.1374,-13.8168,-22.9008
299.0000,-0.0405,-0.4617,0.6436,-250.1374,-18.6260,-24.4351
347.0000,-0.0320,-0.4712,0.6472,-250.1374,-19.3511,-25.6794
231.0000,-0.0193,-0.4656,0.6035,-250.1374,-17.5267,-27.6870
298.0000,-0.0173,-0.5125,0.5708,-250.1374,-18.1908,-29.8779
330.0000,-0.0168,-0.6211,0.5571,-250.1374,-15.2061,-31.5191
296.0000,-0.0483,-0.7195,0.5078,-250.1374,-11.4427,-33.3588
288.0000,-0.0342,-0.7720,0.4583,-250.1374,-6.5573,-34.7939
350.0000,-0.0391,-0.8718,0.3909,-250.1374,-6.5115,-36.9008
338.0000,-0.0322,-0.8804,0.3813,-250.1374,-10.6718,-39.3053
331.0000,-0.0220,-0.9309,0.3403,-250.1374,-16.6260,-42.1756
343.0000,-0.0012,-0.9749,0.3196,-250.1374,-24.0382,-43.5496
300.0000,0.0146,-1.0017,0.2720,-250.1374,-27.1298,-44.6565
267.0000,0.0469,-1.0049,0.2512,-250.1374,-27.4733,-43.8855
377.0000,0.0681,-0.9961,0.2300,-250.1374,-23.5420,-44.2137
310.0000,0.0864,-0.9446,0.2070,-250.1374,-19.2290,-44.1679
288.0000,0.0874,-0.8989,0.1443,-250.1374,-15.0000,-46.5115
346.0000,0.0737,-0.8918,0.0933,-250.1374,-13.5420,-48.8702
344.0000,0.0750,-0.8359,0.0081,-250.1374,-17.3206,-52.5344
277.0000,0.0874,-0.7903,-0.0112,-250.1374,-20.4580,-56.1374
343.0000,0.1057,-0.7944,-0.0574,-250.1374,-16.4656,-61.4275
313.0000,0.1138,-0.8428,-0.1348,-250.1374,-15.4351,-64.9695
324.0000,0.1135,-0.9380,-0.2231,-250.1374,-13.1298,-68.0916
356.0000,0.1145,-1.0068,-0.2900,-250.1374,-13.9542,-68.3740
316.0000,0.1306,-1.0723,-0.3408,-250.1374,-12.9618,-68.3130
324.0000,0.1323,-1.1938,-0.3770,-250.1374,-10.8244,-66.7405
374.0000,0.1548,-1.3022,-0.3970,-250.1374,-12.6489,-63.6641
368.0000,0.1631,-1.3081,-0.3904,-250.1374,-13.5878,-59.7252
371.0000,0.1582,-1.1758,-0.4053,-250.1374,-15.6183,-57.0992
369.0000,0.1628,-1.1116,-0.4446,-250.1374,-17.6031,-55.5802
310.0000,0.1528,-1.0249,-0.4873,-250.1374,-19.1832,-54.9008
321.0000,0.1519,-0.9241,-0.4790,-250.1374,-25.1221,-58.0076
323.0000,0.1648,-0.7102,-0.5576,-250.1374,-11.6260,-58.9008
335.0000,0.1719,-0.6453,-0.6089,-250.1374,-11.1374,-64.2366
327.0000,0.1865,-0.7197,-0.6531,-250.1374,-9.6641,-66.8015
289.0000,0.1926,-0.6997,-0.7393,-250.1374,-5.2977,-66.0458
321.0000,0.2136,-0.7957,-0.7783,-250.1374,0.6260,-67.5496
312.0000,0.2253,-0.7627,-0.8123,-250.1374,6.2290,-67.9237
350.0000,0.2346,-0.8271,-0.8840,-250.1374,2.4733,-69.2519
352.0000,0.2332,-0.9597,-0.8660,-250.1374,-3.7176,-67.6107
306.0000,0.2554,-0.8411,-0.8525,-250.1374,-4.9084,-62.2061
355.0000,0.2529,-0.8135,-0.8655,-250.1374,-3.6412,-61.4962
343.0000,0.2346,-0.8601,-0.8567,-250.1374,-5.9008,-60.5038
332.0000,0.3052,-0.6768,-0.8560,-250.1374,9.2595,-56.9847
313.0000,0.2637,-0.5430,-0.8972,-250.1374,-0.6412,-60.4122
317.0000,0.2268,-0.5684,-0.9685,-250.1374,-10.0458,-62.1527
368.0000,0.2581,-0.4739,-1.0266,-250.1374,-5.7023,-58.9466
362.0000,0.2656,-0.4172,-1.0374,-250.1374,0.7023,-59.5038
444.0000,0.2773,-0.4028,-1.1021,-250.1374,2.2137,-60.2366
362.0000,0.2219,-0.5552,-1.1333,-250.1374,-10.4198,-60.0458
308.0000,0.2632,-0.4578,-1.0928,-250.1374,5.5191,-64.0687
350.0000,0.2683,-0.5564,-1.1592,-180.0153,-15.9924,-75.6412
327.0000,0.2561,-0.7461,-1.1965,-194.0000,-12.3740,-61.9084
378.0000,0.2632,-0.8230,-1.2056,-126.1832,-5.9466,-58.7710
347.0000,0.1890,-0.6731,-1.2046,-112.9389,-13.6412,-49.3511
362.0000,0.2620,-0.6719,-1.1025,-84.4733,4.2137,-44.0992
322.0000,0.2710,-0.6060,-1.1550,-80.6183,9.2214,-37.4962
435.0000,0.2476,-0.5417,-1.1145,-70.5725,3.9847,-29.3511
350.0000,0.2480,-0.4141,-1.1545,-58.5573,0.9542,-25.9618
421.0000,0.2927,-0.3574,-1.1499,-53.6260,11.8397,-24.9389
415.0000,0.2795,-0.3003,-1.1331,-47.4656,12.0611,-23.5954
349.0000,0.3037,-0.2363,-1.1011,-44.6947,15.5496,-22.8855
352.0000,0.2974,-0.2690,-1.1008,-41.9618,13.3664,-24.8931
368.0000,0.3140,-0.2830,-1.1030,-39.6947,9.8931,-24.7786
351.0000,0.2559,-0.2527,-1.1333,-44.1908,-6.0916,-21.8626
363.0000,0.3313,-0.3081,-1.0969,-39.0382,2.6107,-18.7710
384.0000,0.2954,-0.3130,-1.1067,-31.6412,1.6870,-14.7863
373.0000,0.3174,-0.2993,-1.0913,-22.5191,3.1756,-11.5878
393.0000,0.2864,-0.2676,-1.1091,-21.2595,-4.1832,-10.0229
339.0000,0.2976,-0.2170,-1.0872,-17.5344,-2.8015,-8.0840
426.0000,0.2903,-0.2131,-1.0586,-11.7405,-2.8473,-6.4580
373.0000,0.2864,-0.1897,-1.0552,-12.6183,-6.5802,-5.2977
402.0000,0.2505,-0.1487,-1.0833,-11.8092,-10.6565,-3.8931
344.0000,0.2817,-0.1763,-1.0747,-10.6031,-9.0763,-3.5420
372.0000,0.3223,-0.1926,-1.0544,-6.5878,-1.3740,-1.8931
364.0000,0.2739,-0.1780,-1.0730,-8.3282,-8.3588,-0.5802
333.0000,0.2791,-0.2036,-1.0459,-6.9084,-5.3511,0.0305
367.0000,0.2463,-0.2180,-1.0767,-5.7405,-7.6412,0.7634
339.0000,0.2664,-0.2417,-1.0854,-3.1985,-10.0611,0.2137
366.0000,0.2744,-0.2324,-1.0955,-2.1527,-3.9618,0.6794
392.0000,0.2427,-0.2480,-1.1165,0.2824,-4.0153,0.8473
369.0000,0.2280,-0.2578,-1.1436,-1.6031,-8.6489,1.4809
342.0000,0.2593,-0.2556,-1.1445,0.0382,-6.9084,1.8550