raw_emg,raw_ax,raw_ay,raw_az,raw_gx,raw_gy,raw_gz
4.0000,-0.0596,-0.2722,0.8379,2.0229,-0.2748,0.0687
4.0000,-0.0518,-0.2700,0.8389,3.3664,-0.2824,0.1221
4.0000,-0.0632,-0.2783,0.8357,5.5802,-0.1374,0.3817
77.0000,-0.0593,-0.2759,0.8364,7.8473,-0.2901,0.5802
110.0000,-0.0649,-0.2693,0.8459,10.1527,-0.7099,1.0229
122.0000,-0.0557,-0.2683,0.8447,12.1527,-1.2214,1.3282
133.0000,-0.0566,-0.2542,0.8501,12.9542,-1.5649,1.3130
141.0000,-0.0476,-0.2424,0.8445,12.2977,-1.9618,1.4046
146.0000,-0.0581,-0.2332,0.8474,10.8779,-2.3053,0.9084
151.0000,-0.0576,-0.2383,0.8501,9.0611,-1.9618,0.8550
160.0000,-0.0549,-0.2393,0.8489,7.7939,-1.6183,0.9084
161.0000,-0.0486,-0.2410,0.8489,6.9847,-1.3511,0.8550
170.0000,-0.0574,-0.2500,0.8540,7.5649,-0.8168,0.7176
167.0000,-0.0488,-0.2517,0.8477,8.9771,-1.6718,0.7328
177.0000,-0.0537,-0.2559,0.8452,10.8626,-2.5649,0.7786
181.0000,-0.0542,-0.2588,0.8464,12.7252,-2.9466,0.8931
187.0000,-0.0466,-0.2534,0.8335,14.3282,-2.9389,1.0076
190.0000,-0.0442,-0.2400,0.8364,14.8855,-2.9618,1.1374
194.0000,-0.0444,-0.2322,0.8369,14.6107,-2.7099,1.0992
194.0000,-0.0461,-0.2229,0.8408,13.9313,-2.8931,0.8931
198.0000,-0.0457,-0.2170,0.8406,12.1832,-2.9160,0.7786
202.0000,-0.0422,-0.2087,0.8396,10.1221,-2.5191,0.7863
210.0000,-0.0371,-0.1985,0.8359,7.1527,-2.3435,0.6031
208.0000,-0.0320,-0.1948,0.8452,3.8550,-1.5573,0.3588
210.0000,-0.0383,-0.2004,0.8486,0.8473,-0.4809,0.0229
214.0000,-0.0359,-0.2009,0.8481,-1.9542,0.4351,-0.1985
217.0000,-0.0425,-0.2117,0.8433,-3.6412,1.4733,-0.4809
222.0000,-0.0457,-0.2134,0.8413,-4.6641,2.0382,-0.5267
220.0000,-0.0444,-0.2173,0.8479,-5.2137,2.2214,-0.6641
222.0000,-0.0383,-0.2258,0.8474,-5.2443,2.3435,-0.7176
223.0000,-0.0471,-0.2263,0.8384,-5.0992,1.9160,-0.4504
229.0000,-0.0510,-0.2275,0.8374,-4.9847,1.9924,-0.5191
231.0000,-0.0518,-0.2288,0.8398,-4.6489,2.0687,-0.6336
232.0000,-0.0466,-0.2271,0.8528,-4.7786,1.8702,-0.6412
237.0000,-0.0532,-0.2236,0.8564,-4.9160,2.0000,-0.8779
237.0000,-0.0564,-0.2266,0.8630,-4.8092,2.0305,-0.6718
243.0000,-0.0522,-0.2249,0.8550,-4.3740,1.6107,-0.6718
241.0000,-0.0471,-0.2239,0.8638,-4.1145,1.5267,-0.7481
241.0000,-0.0515,-0.2246,0.8594,-3.9313,1.2595,-0.7252
245.0000,-0.0562,-0.2244,0.8625,-3.6641,0.6947,-0.5725
248.0000,-0.0471,-0.2185,0.8657,-4.1450,0.5802,-0.5802
249.0000,-0.0498,-0.2190,0.8582,-4.3588,0.2977,-0.4656
249.0000,-0.0488,-0.2158,0.8584,-5.0229,0.2672,-0.5038
251.0000,-0.0532,-0.2202,0.8625,-5.4809,-0.0305,-0.2519
250.0000,-0.0432,-0.2261,0.8616,-5.3817,0.5191,0.0763
249.0000,-0.0427,-0.2207,0.8523,-5.2519,0.1679,0.0305
255.0000,-0.0447,-0.2219,0.8496,-5.1679,0.0992,0.3435
255.0000,-0.0457,-0.2207,0.8562,-4.7405,-0.0992,0.4046
256.0000,-0.0430,-0.2217,0.8591,-4.3588,-0.4962,0.4198
261.0000,-0.0510,-0.2334,0.8506,-4.1298,-0.7099,0.5725
261.0000,-0.0527,-0.2334,0.8535,-4.1450,-0.5344,0.5802
262.0000,-0.0376,-0.2297,0.8477,-4.1756,-0.2519,0.6107
262.0000,-0.0439,-0.2314,0.8596,-3.7405,-0.1908,0.2137
267.0000,-0.0388,-0.2356,0.8591,-3.6031,0.0763,0.0611
267.0000,-0.0515,-0.2278,0.8574,-3.6947,0.1069,-0.1679
269.0000,-0.0415,-0.2219,0.8557,-4.1756,0.3130,-0.3435
269.0000,-0.0447,-0.2207,0.8437,-4.9466,1.0916,-0.2443
275.0000,-0.0464,-0.2273,0.8433,-6.5573,0.7634,-0.5191
275.0000,-0.0532,-0.2266,0.8413,-8.0916,0.4885,-0.2595
274.0000,-0.0430,-0.2241,0.8396,-10.0687,0.5115,-0.2290
275.0000,-0.0374,-0.2224,0.8472,-12.4046,0.6183,-0.5344
283.0000,-0.0461,-0.2151,0.8494,-14.3588,0.9008,-0.7634
265.0000,-0.0439,-0.2207,0.8560,-16.3359,1.4885,-0.7786
293.0000,-0.0410,-0.2036,0.8645,-19.9313,1.8473,-1.2977
268.0000,-0.0403,-0.1992,0.8586,-23.9924,2.7710,-1.8321
299.0000,-0.0388,-0.1980,0.8735,-29.5649,3.2901,-2.9771
311.0000,-0.0498,-0.1594,0.8733,-36.8626,4.3511,-3.9084
312.0000,-0.0515,-0.1550,0.8730,-46.6031,5.4733,-5.4427
290.0000,-0.0605,-0.1250,0.8845,-58.8855,5.8321,-6.7939
286.0000,-0.0649,-0.1226,0.8901,-73.2443,5.8779,-8.5954
289.0000,-0.0645,-0.1475,0.8777,-88.6947,4.9313,-10.3511
284.0000,-0.0693,-0.1777,0.8740,-104.6794,3.5115,-11.5038
305.0000,-0.0627,-0.2090,0.8625,-118.0000,2.7710,-12.7328
289.0000,-0.0596,-0.2397,0.8616,-129.4046,2.8931,-13.7176
300.0000,-0.0623,-0.2617,0.8650,-138.5267,2.5496,-14.7481
299.0000,-0.0640,-0.2668,0.8459,-147.2519,1.8168,-16.3969
209.0000,-0.0461,-0.2461,0.8496,-159.5878,0.3282,-18.7481
339.0000,-0.0347,-0.2114,0.8342,-176.9084,-0.3435,-22.1908
276.0000,-0.0278,-0.1711,0.8389,-202.8626,2.2137,-26.3664
304.0000,-0.0134,-0.1492,0.8220,-238.3130,5.5725,-31.3435
320.0000,-0.0073,-0.0933,0.8271,-250.1374,9.2366,-36.6031
331.0000,0.0022,-0.0356,0.7737,-250.1374,14.7252,-41.1679
358.0000,-0.0093,-0.0574,0.7410,-250.1374,19.0153,-50.5115
334.0000,-0.0127,-0.0327,0.6655,-250.1374,22.6412,-58.6947
311.0000,-0.0166,-0.0935,0.5579,-250.1374,25.5496,-68.8168
313.0000,-0.0288,-0.1982,0.4314,-250.1374,28.9771,-78.4962
291.0000,-0.0557,-0.3374,0.3086,-250.1374,27.7710,-87.9542
287.0000,-0.0671,-0.5635,0.1753,-250.1374,19.6336,-95.7023
313.0000,-0.0747,-0.8347,0.1042,-250.1374,13.1069,-101.5344
304.0000,-0.0603,-1.0857,0.1211,-250.1374,12.6870,-104.5496
260.0000,-0.0703,-1.3032,0.0906,-250.1374,10.6489,-103.4962
357.0000,-0.0435,-1.4421,0.0991,-250.1374,1.9924,-99.8321
297.0000,0.0068,-1.5281,0.0757,-250.1374,-8.3130,-95.2977
288.0000,-0.0005,-1.5725,0.0225,-250.1374,-17.6870,-89.7023
318.0000,0.0195,-1.4917,0.0664,-250.1374,-24.4885,-81.5573
371.0000,0.0723,-1.3611,0.0281,-250.1374,-29.4504,-75.7252
331.0000,0.1035,-1.2297,0.0417,-250.1374,-41.4809,-69.0000
319.0000,0.1218,-0.8940,0.0510,-250.1374,-56.1069,-64.0382
319.0000,0.2063,-0.6753,0.0676,-250.1374,-35.3359,-59.6565
316.0000,0.2036,-0.5002,-0.0334,-250.1374,-12.6641,-59.3511
313.0000,0.2007,-0.3640,-0.1790,-250.1374,6.1298,-62.6260
299.0000,0.1794,-0.3223,-0.3145,-250.1374,12.9160,-67.3740
334.0000,0.1748,-0.2151,-0.4868,-250.1374,16.9389,-71.8473
339.0000,0.2185,-0.4514,-0.6736,-250.1374,24.0382,-85.5649
397.0000,0.2024,-0.5649,-0.8118,-250.1374,29.0840,-92.7252
329.0000,0.2178,-0.5581,-0.9307,-250.1374,33.1679,-98.1374
342.0000,0.2266,-0.6895,-1.1055,-250.1374,23.7099,-105.4428
327.0000,0.2097,-0.8086,-1.1829,-250.1374,16.9389,-107.2901
318.0000,0.1982,-0.7732,-1.1946,-250.1374,8.7405,-104.6031
334.0000,0.2820,-0.8442,-1.2488,-250.1374,8.3359,-104.3817
318.0000,0.2419,-0.8804,-1.2432,-250.1374,7.6641,-99.9618
392.0000,0.2661,-0.9709,-1.2007,-250.1374,-2.8244,-97.1603
311.0000,0.2649,-1.0891,-1.1333,-250.1374,-10.1985,-93.9771
280.0000,0.2625,-1.0469,-1.1372,-250.1374,-11.8244,-87.7099
311.0000,0.1897,-1.0303,-1.0835,-250.1374,-19.0534,-84.1908
262.0000,0.2163,-0.8625,-0.9866,-250.1374,-28.2214,-75.3893
328.0000,0.2710,-0.8042,-0.9250,-250.1374,-30.2977,-71.3970
353.0000,0.2480,-0.7544,-0.9414,-250.1374,-29.6718,-66.0000
251.0000,0.2087,-0.6890,-0.9519,-250.1374,-30.3817,-62.4504
296.0000,0.1904,-0.5637,-0.9629,-234.1450,-33.8779,-57.2977
349.0000,0.1938,-0.5176,-0.9802,-188.1756,-32.0992,-53.5878
337.0000,0.1694,-0.4167,-0.9893,-150.0458,-25.0000,-46.6489
375.0000,0.1445,-0.3452,-1.0427,-113.1374,-17.1756,-40.7328
354.0000,0.1274,-0.2119,-1.1077,-81.6947,-14.9847,-36.7405
345.0000,0.1135,-0.1675,-1.1545,-56.4885,-18.0000,-35.3969
347.0000,0.1250,-0.1177,-1.1704,-41.3511,-25.5802,-31.9389
339.0000,0.1353,-0.1294,-1.1907,-31.4198,-30.3969,-28.9313
359.0000,0.1543,-0.1421,-1.1877,-31.3740,-29.2901,-22.0992
322.0000,0.1604,-0.1091,-1.2158,-30.7252,-24.5573,-17.3282
330.0000,0.1338,-0.1438,-1.2078,-35.1908,-20.2672,-11.7634
310.0000,0.1533,-0.1729,-1.1995,-40.9618,-15.8779,-6.9618
362.0000,0.1584,-0.1855,-1.1821,-38.3969,-12.8092,-3.6412
316.0000,0.1570,-0.1731,-1.1655,-27.2901,-9.8397,-0.9924
389.0000,0.1609,-0.1716,-1.1636,-13.7786,-8.7252,-0.1298
332.0000,0.1482,-0.1489,-1.1831,-1.4427,-11.6565,-0.1985
326.0000,0.1597,-0.1086,-1.1841,7.9313,-15.4580,-1.1527
368.0000,0.1497,-0.1025,-1.2036,13.5115,-15.9084,-2.4504
374.0000,0.1504,-0.0952,-1.2312,12.2977,-12.6412,-2.4427
376.0000,0.1387,-0.1074,-1.2351,7.5038,-9.9237,-1.8855
407.0000,0.1482,-0.0957,-1.2349,0.3053,-10.3130,-1.3435
359.0000,0.1604,-0.0742,-1.1951,-6.2595,-10.4275,-0.9924
349.0000,0.1750,-0.0679,-1.1794,-8.6031,-8.5038,-1.0229
343.0000,0.1689,-0.1194,-1.1650,-6.8550,-6.2290,-1.1756
427.0000,0.1582,-0.1267,-1.1775,-2.5115,-5.0229,-0.4351
384.0000,0.1650,-0.1301,-1.1934,2.4046,-3.2366,-0.3053
373.0000,0.1558,-0.1221,-1.2178,6.0076,-3.3511,0.2672
365.0000,0.1492,-0.0986,-1.2400,8.2595,-5.3282,0.9313
379.0000,0.1460,-0.0886,-1.2278,9.2519,-8.1679,1.0000
387.0000,0.1626,-0.0901,-1.2153,6.6336,-11.2443,1.6183
298.0000,0.1609,-0.0657,-1.2139,3.8168,-11.5878,1.3130
419.0000,0.1702,-0.0923,-1.2007,-0.3664,-9.2672,1.8244
384.0000,0.1643,-0.0793,-1.2009,-6.5878,-6.2290,3.0458
344.0000,0.1770,-0.1003,-1.1960,-10.7634,-4.3817,3.6565
381.0000,0.1638,-0.1392,-1.1855,-11.1679,-3.9084,4.2290
416.0000,0.1536,-0.1428,-1.2053,-6.3893,-2.9618,4.2290
379.0000,0.1650,-0.1438,-1.1831,0.1298,-3.0840,4.2061
364.0000,0.1721,-0.1196,-1.1799,5.2748,-2.7405,3.7863
460.0000,0.1731,-0.0837,-1.1675,8.1374,-2.3511,3.5802
369.0000,0.1653,-0.0881,-1.1633,8.6412,-1.2366,3.2366
345.0000,0.1765,-0.0796,-1.1782,4.8473,-1.3511,3.0763
328.0000,0.1772,-0.0911,-1.1797,0.6183,-0.6565,3.2061
376.0000,0.1814,-0.1372,-1.1836,-7.8855,0.5878,4.4275
435.0000,0.1716,-0.1309,-1.1853,-14.1374,2.6107,5.1985
403.0000,0.1653,-0.1768,-1.1753,-14.4427,4.0840,5.9389
377.0000,0.1614,-0.1990,-1.1829,-10.2443,4.2214,6.5267
397.0000,0.1633,-0.2039,-1.1658,-1.1679,2.8779,6.8779