raw_emg,raw_ax,raw_ay,raw_az,raw_gx,raw_gy,raw_gz
4.0000,-0.0483,-0.2686,0.8416,-14.9084,1.9008,-1.0840
4.0000,-0.0464,-0.2559,0.8296,-18.5114,1.8473,-1.4427
4.0000,-0.0422,-0.2651,0.8330,-21.8626,1.9847,-1.7023
59.0000,-0.0479,-0.2688,0.8135,-24.5878,2.0382,-1.1756
99.0000,-0.0457,-0.2688,0.8320,-31.3130,3.6031,-2.6641
114.0000,-0.0508,-0.2771,0.8262,-35.0840,4.3435,-2.9924
107.0000,-0.0601,-0.2825,0.8132,-37.8931,3.9542,-3.3130
125.0000,-0.0532,-0.2983,0.8213,-39.2595,3.4275,-3.1756
137.0000,-0.0637,-0.3281,0.8145,-39.4656,2.6641,-3.1603
141.0000,-0.0676,-0.3364,0.8108,-37.8321,2.2137,-2.9695
151.0000,-0.0696,-0.3430,0.8276,-35.2977,1.8244,-2.6641
159.0000,-0.0645,-0.3533,0.8271,-31.8244,1.6336,-2.5038
163.0000,-0.0637,-0.3625,0.8127,-28.1450,1.3817,-2.0992
172.0000,-0.0654,-0.3569,0.8259,-24.2443,0.1908,-1.5115
157.0000,-0.0566,-0.3428,0.8188,-22.1069,-0.5344,-1.2366
169.0000,-0.0527,-0.3286,0.8108,-21.7557,0.0611,-1.1069
196.0000,-0.0447,-0.3142,0.8054,-23.3511,0.5267,-1.4504
182.0000,-0.0562,-0.2976,0.8098,-27.3282,1.7786,-1.7557
185.0000,-0.0562,-0.2910,0.7949,-33.3511,2.8855,-1.9695
185.0000,-0.0549,-0.2827,0.7930,-40.4504,3.3206,-3.1374
202.0000,-0.0591,-0.2837,0.7822,-47.8397,3.4427,-3.9618
198.0000,-0.0564,-0.2893,0.7822,-55.7099,3.9771,-4.6794
205.0000,-0.0598,-0.3235,0.7778,-62.5496,3.8168,-6.1527
206.0000,-0.0635,-0.3538,0.7932,-66.7405,4.2595,-6.8092
210.0000,-0.0652,-0.3870,0.7942,-68.8702,4.3359,-7.3130
207.0000,-0.0806,-0.4246,0.8015,-67.4657,5.0076,-7.7023
211.0000,-0.0757,-0.4587,0.8032,-63.2214,4.5115,-7.6107
214.0000,-0.0784,-0.4863,0.8013,-55.4656,4.3359,-6.8626
216.0000,-0.0793,-0.4978,0.8044,-46.5267,3.4809,-6.2672
219.0000,-0.0833,-0.5054,0.7996,-36.0000,2.3740,-5.1527
221.0000,-0.0842,-0.5093,0.7910,-25.5038,1.4351,-4.2977
227.0000,-0.0725,-0.5015,0.7891,-15.8244,0.2672,-2.9389
229.0000,-0.0684,-0.5027,0.7791,-7.3893,-0.6412,-1.7863
230.0000,-0.0623,-0.4795,0.7703,-0.0840,-1.4198,-0.8550
228.0000,-0.0615,-0.4644,0.7771,5.2595,-1.7099,0.2901
232.0000,-0.0505,-0.4414,0.7632,9.1527,-1.8092,0.8168
233.0000,-0.0457,-0.4209,0.7656,11.4351,-1.4656,1.1374
235.0000,-0.0569,-0.4175,0.7734,12.1527,-1.3206,1.4351
238.0000,-0.0479,-0.3860,0.7712,10.4809,-0.6183,1.3893
247.0000,-0.0396,-0.3652,0.7805,6.2901,1.1527,1.1756
253.0000,-0.0403,-0.3596,0.7844,0.1603,3.2214,0.0763
228.0000,-0.0547,-0.3499,0.7896,-6.7634,4.8626,-0.5954
244.0000,-0.0720,-0.3567,0.7856,-13.3969,5.4046,-1.3359
250.0000,-0.0583,-0.3684,0.7961,-19.5496,5.8626,-1.7710
247.0000,-0.0662,-0.3601,0.8064,-24.8168,6.6260,-2.1985
260.0000,-0.0847,-0.3691,0.8047,-29.4275,7.0076,-2.9008
261.0000,-0.0886,-0.3823,0.7983,-33.7405,5.7939,-3.3817
256.0000,-0.0920,-0.3748,0.7961,-38.1298,4.0763,-3.9695
259.0000,-0.0859,-0.3882,0.7883,-42.5115,2.8855,-4.1908
235.0000,-0.0847,-0.3948,0.7874,-46.2519,1.7863,-4.6641
261.0000,-0.0852,-0.3987,0.7959,-50.1603,1.0458,-5.3359
216.0000,-0.0818,-0.3652,0.8127,-55.7939,0.6565,-6.1679
246.0000,-0.0771,-0.3442,0.8052,-64.7863,0.7786,-7.9847
296.0000,-0.0940,-0.3188,0.8179,-78.0382,-0.3588,-9.5115
269.0000,-0.0791,-0.2168,0.8484,-101.5496,-0.8550,-12.2214
260.0000,-0.0984,-0.1023,0.8477,-137.7557,1.7176,-15.9389
261.0000,-0.0813,-0.0574,0.8066,-180.9313,1.7099,-21.4962
268.0000,-0.0757,-0.0142,0.7317,-235.6947,1.5267,-27.1145
267.0000,-0.0833,-0.0461,0.6829,-250.1374,1.4351,-32.8244
284.0000,-0.0881,-0.1577,0.6338,-250.1374,7.0382,-39.1450
272.0000,-0.1094,-0.3848,0.6086,-250.1374,14.3206,-46.1756
279.0000,-0.1313,-0.6375,0.5945,-250.1374,19.6260,-52.0153
301.0000,-0.1379,-0.7952,0.5569,-250.1374,21.9847,-55.7405
323.0000,-0.1421,-0.9575,0.5054,-250.1374,17.3969,-57.9924
271.0000,-0.1614,-1.0547,0.4827,-250.1374,-5.7710,-59.6641
260.0000,-0.0837,-1.0947,0.4717,-250.1374,-10.7099,-59.2977
271.0000,-0.0417,-1.1243,0.4307,-250.1374,-21.8321,-58.7481
266.0000,-0.0171,-1.0652,0.4148,-250.1374,-26.9237,-55.7023
265.0000,0.0181,-0.9866,0.3928,-250.1374,-31.1985,-52.0076
293.0000,0.0171,-0.9507,0.3723,-250.1374,-33.0458,-48.1603
263.0000,0.0432,-0.8391,0.3704,-250.1374,-29.8473,-44.8626
271.0000,0.0725,-0.7498,0.3240,-250.1374,-22.6260,-43.6183
314.0000,0.0779,-0.6626,0.2622,-250.1374,-17.5267,-43.7176
309.0000,0.0781,-0.6196,0.1958,-250.1374,-16.2214,-45.6412
282.0000,0.0930,-0.5876,0.1511,-250.1374,-14.9771,-48.4885
288.0000,0.0894,-0.6594,0.0691,-250.1374,-14.0000,-52.2061
283.0000,0.1064,-0.7373,0.0142,-250.1374,-8.7099,-55.4046
291.0000,0.0876,-0.8389,-0.0381,-250.1374,-3.0153,-58.8092
308.0000,0.0945,-0.9807,-0.0608,-250.1374,2.2901,-60.0000
298.0000,0.0811,-1.0867,-0.1042,-250.1374,4.2824,-58.9084
314.0000,0.0740,-1.1943,-0.1406,-250.1374,0.4504,-57.7863
302.0000,0.0559,-1.2666,-0.1602,-250.1374,-6.4275,-54.7252
299.0000,0.0576,-1.2686,-0.1753,-250.1374,-15.3664,-50.4275
293.0000,0.0713,-1.2798,-0.1765,-250.1374,-20.1832,-45.2214
313.0000,0.0830,-1.2371,-0.1719,-238.5878,-22.2061,-39.6031
296.0000,0.0957,-1.1455,-0.1970,-211.4351,-24.0382,-34.6260
287.0000,0.1018,-1.0437,-0.2285,-195.4656,-24.1756,-31.1756
296.0000,0.1108,-0.9304,-0.2546,-191.8702,-23.2366,-28.9313
330.0000,0.1101,-0.8064,-0.2822,-199.8168,-21.6947,-29.2366
332.0000,0.1218,-0.7529,-0.3242,-217.8015,-19.1679,-29.9695
320.0000,0.1167,-0.6919,-0.3525,-243.2824,-18.4046,-32.1374
319.0000,0.1389,-0.6887,-0.3928,-250.1374,-15.6107,-35.0076
305.0000,0.1360,-0.7559,-0.4417,-250.1374,-10.4504,-37.2443
311.0000,0.1230,-0.7520,-0.4771,-250.1374,-5.6183,-38.9389
336.0000,0.1423,-0.7866,-0.5239,-250.1374,1.1221,-40.3206
327.0000,0.1355,-0.8831,-0.5825,-250.1374,5.7710,-41.4656
322.0000,0.1064,-0.9573,-0.6187,-250.1374,3.1069,-41.7481
310.0000,0.1042,-0.9097,-0.6272,-250.1374,-1.0229,-40.2214
323.0000,0.1387,-0.9568,-0.6587,-250.1374,-4.8931,-40.1298
330.0000,0.1172,-1.0242,-0.6724,-250.1374,-8.2519,-39.3435
301.0000,0.1084,-1.0642,-0.7009,-250.1374,-12.5038,-37.1985
335.0000,0.1162,-1.0840,-0.7161,-250.1374,-15.0687,-34.9389
316.0000,0.1094,-1.0098,-0.6907,-250.1374,-12.0229,-31.0000
352.0000,0.1433,-0.8762,-0.7078,-237.9389,-7.7710,-28.5725
359.0000,0.1477,-0.7727,-0.7520,-230.1679,-5.0763,-28.2748
320.0000,0.1284,-0.5520,-0.7815,-240.9924,-6.4046,-28.6718
362.0000,0.1853,-0.4177,-0.8303,-250.1374,-9.2366,-34.3664
332.0000,0.1587,-0.4844,-0.9131,-250.1374,-14.2672,-38.3206
345.0000,0.1523,-0.4348,-0.9824,-250.1374,-7.7939,-39.9771
373.0000,0.2131,-0.3748,-1.0034,-250.1374,10.0076,-41.7481
350.0000,0.2056,-0.3955,-1.0762,-250.1374,16.6183,-45.7557
332.0000,0.1970,-0.5203,-1.1226,-250.1374,15.6107,-51.0916
336.0000,0.1731,-0.6379,-1.1543,-250.1374,9.8931,-54.1832
348.0000,0.1887,-0.7981,-1.1567,-250.1374,6.5496,-55.8931
363.0000,0.1665,-0.8655,-1.1301,-250.1374,0.0763,-54.9618
333.0000,-0.0376,-0.8120,-1.2930,-250.1374,-36.5191,-55.8397
343.0000,0.2136,-0.8877,-1.0986,-182.5802,-17.9084,-53.2977
318.0000,0.1470,-0.7488,-1.0942,-122.3893,-27.9924,-51.4427
336.0000,0.1995,-0.5764,-1.0322,-133.5725,-30.2748,-48.8626
410.0000,0.2029,-0.5669,-1.0986,-118.4580,-29.7252,-40.8397
361.0000,0.2236,-0.4739,-1.0791,-105.3817,-24.1145,-34.6489
363.0000,0.1887,-0.3535,-1.1233,-110.4504,-20.5420,-32.1069
354.0000,0.1965,-0.3367,-1.1831,-111.4657,-20.7099,-30.8397
361.0000,0.1458,-0.2522,-1.1814,-92.9237,-31.4733,-31.5649
317.0000,0.1941,-0.2905,-1.1543,-80.0229,-20.2519,-30.8473
346.0000,0.1597,-0.3098,-1.1572,-77.8244,-24.3435,-29.9008
338.0000,0.1401,-0.3564,-1.1731,-65.4580,-25.9771,-28.5114
345.0000,0.1550,-0.3828,-1.1802,-59.9847,-24.4504,-25.5802
304.0000,0.1643,-0.3757,-1.1667,-54.7481,-21.5191,-21.8397
387.0000,0.1453,-0.3352,-1.1863,-46.6794,-16.6336,-17.5038
383.0000,0.1528,-0.2915,-1.1760,-46.1298,-14.8702,-14.7863
391.0000,0.1462,-0.2671,-1.1926,-40.1679,-11.7481,-11.8473
334.0000,0.1672,-0.2549,-1.1650,-37.0687,-10.7328,-9.9847
397.0000,0.1729,-0.2483,-1.1509,-32.9847,-4.2443,-7.2901
357.0000,0.2856,-0.2319,-1.1206,11.8321,54.1145,-7.0916
365.0000,-0.0110,-0.2783,-1.2666,-29.6870,-15.7634,-6.9847
322.0000,0.2151,-0.2854,-1.1460,-25.1756,-6.9847,-5.7863
372.0000,0.1604,-0.2954,-1.1536,-18.9771,-0.9695,-4.1756
353.0000,0.1614,-0.2554,-1.1504,-18.7634,0.7252,-2.2824
335.0000,0.1609,-0.2095,-1.1692,-16.4275,2.7634,-1.4809
367.0000,0.1697,-0.2207,-1.1709,-11.1069,6.8626,-0.7939