raw_emg,raw_ax,raw_ay,raw_az,raw_gx,raw_gy,raw_gz
48.0000,-0.0586,-0.2688,0.8394,-1.7634,-0.2519,-1.8931
137.0000,-0.0535,-0.2729,0.8381,-2.1832,-0.4809,-2.1298
195.0000,-0.0510,-0.2830,0.8518,-2.0611,-0.5496,-1.9466
158.0000,-0.0554,-0.2764,0.8389,-2.3435,-0.0534,-1.4122
166.0000,-0.0603,-0.2703,0.8437,-2.5878,-0.0153,-1.5573
189.0000,-0.0586,-0.2788,0.8254,-2.9542,-0.3893,-1.3664
173.0000,-0.0574,-0.2827,0.8428,-2.8321,-0.8855,-1.2672
167.0000,-0.0508,-0.2854,0.8420,-2.9924,-0.9313,-0.9466
182.0000,-0.0559,-0.2837,0.8435,-3.2595,-0.9389,-0.8779
170.0000,-0.0608,-0.2761,0.8301,-3.1603,-0.7328,-0.7710
175.0000,-0.0549,-0.2813,0.8330,-3.2748,-0.7634,-0.8626
177.0000,-0.0525,-0.2815,0.8374,-3.1527,-0.5878,-0.7252
188.0000,-0.0579,-0.2825,0.8337,-3.0840,-0.5802,-0.7405
182.0000,-0.0530,-0.2803,0.8369,-3.0687,-0.8092,-0.9542
191.0000,-0.0471,-0.2830,0.8237,-3.1145,-0.9466,-0.8473
195.0000,-0.0425,-0.2783,0.8296,-3.5878,-0.5573,-0.9618
188.0000,-0.0469,-0.2756,0.8359,-3.5725,-0.2595,-0.9160
199.0000,-0.0513,-0.2803,0.8428,-3.3817,0.1069,-1.1756
202.0000,-0.0515,-0.2781,0.8452,-3.4122,0.2519,-0.8702
200.0000,-0.0486,-0.2773,0.8408,-3.0992,0.7176,-0.5115
205.0000,-0.0554,-0.2834,0.8459,-3.0763,1.2824,-0.5878
212.0000,-0.0469,-0.2734,0.8398,-2.9313,1.0992,0.0000
208.0000,-0.0457,-0.2783,0.8376,-3.0153,1.0153,0.1145
208.0000,-0.0588,-0.2739,0.8357,-3.1603,0.7710,0.3969
223.0000,-0.0569,-0.2759,0.8425,-3.7939,0.7023,0.4351
223.0000,-0.0515,-0.2769,0.8354,-4.5344,0.4885,0.5878
210.0000,-0.0544,-0.2751,0.8323,-4.9695,0.5954,0.5496
229.0000,-0.0549,-0.2737,0.8333,-5.1603,0.2748,0.5344
220.0000,-0.0627,-0.2817,0.8320,-5.0534,-0.3282,0.2519
216.0000,-0.0527,-0.2854,0.8242,-5.1069,-0.8702,0.0916
226.0000,-0.0540,-0.2861,0.8352,-4.7252,-1.0382,0.0305
223.0000,-0.0557,-0.2832,0.8416,-4.2977,-1.4733,0.0229
218.0000,-0.0518,-0.2791,0.8416,-4.1221,-1.0076,0.0840
222.0000,-0.0479,-0.2769,0.8342,-4.4198,-0.7863,-0.2061
232.0000,-0.0376,-0.2815,0.8440,-4.4733,-0.5649,-0.4046
227.0000,-0.0417,-0.2776,0.8477,-4.6947,-0.4198,-0.7634
224.0000,-0.0359,-0.2813,0.8416,-4.5802,0.3893,-0.3740
234.0000,-0.0393,-0.2795,0.8313,-4.4885,0.7176,-0.7099
232.0000,-0.0347,-0.2791,0.8345,-4.8168,0.9847,-0.7939
223.0000,-0.0315,-0.2883,0.8333,-4.4351,0.9695,-0.7939
240.0000,-0.0444,-0.2908,0.8435,-4.0534,0.5344,-0.8473
241.0000,-0.0391,-0.2856,0.8428,-3.5878,0.9008,-0.7023
242.0000,-0.0432,-0.2898,0.8418,-3.4122,0.5191,-0.7557
245.0000,-0.0513,-0.2861,0.8389,-3.0763,0.5344,-0.8931
249.0000,-0.0515,-0.2805,0.8467,-2.5954,0.5954,-0.9389
247.0000,-0.0466,-0.2839,0.8437,-2.3893,0.3130,-0.9618
250.0000,-0.0500,-0.2810,0.8479,-2.4275,-0.2824,-1.1069
259.0000,-0.0481,-0.2751,0.8450,-3.1298,-0.4198,-1.3740
245.0000,-0.0547,-0.2810,0.8494,-3.5191,-0.5344,-1.4733
256.0000,-0.0505,-0.2783,0.8477,-3.8855,-0.2443,-1.4962
262.0000,-0.0442,-0.2766,0.8477,-4.0382,-0.2595,-1.3740
250.0000,-0.0552,-0.2793,0.8459,-4.4580,-0.1756,-1.5954
266.0000,-0.0491,-0.2827,0.8489,-4.6947,-0.4198,-1.5267
273.0000,-0.0474,-0.2778,0.8447,-5.2443,-0.7328,-1.5802
256.0000,-0.0403,-0.2715,0.8469,-6.4962,-0.7634,-1.6031
253.0000,-0.0427,-0.2693,0.8523,-8.6489,-1.4504,-2.0076
271.0000,-0.0488,-0.2583,0.8613,-11.8015,-1.9924,-2.6031
258.0000,-0.0439,-0.2424,0.8679,-18.0534,-2.2137,-3.3664
266.0000,-0.0444,-0.2026,0.8779,-26.4656,-3.2366,-4.7863
279.0000,-0.0535,-0.2305,0.8562,-34.7710,-3.7634,-6.0534
307.0000,-0.0579,-0.2354,0.8657,-44.1756,-5.3206,-6.8244
222.0000,-0.0669,-0.2219,0.8779,-55.2901,-6.0076,-7.9771
270.0000,-0.0603,-0.2368,0.8806,-64.0840,-7.4962,-9.9618
269.0000,-0.0762,-0.2297,0.9238,-77.2137,-11.6565,-12.0840
324.0000,-0.1008,-0.1516,0.9897,-97.1145,-16.9313,-16.0153
432.0000,-0.1233,-0.1038,1.0557,-121.6336,-22.5344,-22.2366
189.0000,-0.1431,-0.0308,1.1367,-161.5191,-26.6870,-29.6947
250.0000,-0.1362,0.0002,1.0334,-201.3969,-25.4504,-36.9313
232.0000,-0.1343,-0.0356,0.9060,-250.1374,-29.7023,-40.5344
263.0000,-0.1238,-0.0442,0.7722,-250.1374,-31.7405,-44.2214
258.0000,-0.1086,-0.1143,0.6477,-250.1374,-38.4962,-47.8702
270.0000,-0.0852,-0.2581,0.5286,-250.1374,-43.4504,-52.4427
333.0000,-0.0481,-0.2837,0.4116,-250.1374,-64.1450,-57.0229
292.0000,-0.0010,-0.3557,0.3560,-250.1374,-82.0763,-64.3206
279.0000,0.0652,-0.5017,0.2654,-250.1374,-92.0305,-70.0611
234.0000,0.1130,-0.6243,0.2236,-250.1374,-94.3359,-76.5115
288.0000,0.1599,-0.7004,0.1736,-250.1374,-92.6794,-83.1221
289.0000,0.2075,-0.7871,0.1377,-250.1374,-95.0763,-89.3588
295.0000,0.2527,-0.9026,0.1189,-250.1374,-90.4122,-92.8321
295.0000,0.2676,-1.0215,0.0786,-250.1374,-79.2137,-95.6183
298.0000,0.2964,-1.0767,0.0635,-250.1374,-64.0000,-95.9466
326.0000,0.2937,-1.1125,-0.0024,-250.1374,-51.8855,-97.0992
289.0000,0.3005,-1.2219,-0.0598,-250.1374,-42.0000,-93.7023
328.0000,0.2737,-1.2107,-0.1189,-250.1374,-33.2214,-91.5649
319.0000,0.2634,-1.2625,-0.1941,-250.1374,-28.6336,-88.7710
276.0000,0.2598,-1.2866,-0.2534,-250.1374,-31.8855,-85.1298
323.0000,0.2373,-1.2332,-0.2878,-250.1374,-34.1756,-78.4962
306.0000,0.2202,-1.1792,-0.3523,-250.1374,-43.6412,-75.0382
318.0000,0.2302,-1.1560,-0.3687,-250.1374,-49.3282,-68.9466
311.0000,0.2395,-1.1042,-0.3716,-250.1374,-52.6641,-61.5496
260.0000,0.2502,-1.0229,-0.3328,-250.1374,-37.4656,-55.5649
295.0000,0.2356,-0.9048,-0.3711,-250.1374,-33.7634,-53.2443
323.0000,0.2214,-0.8181,-0.3840,-250.1374,-31.7557,-52.3053
323.0000,0.2444,-0.7830,-0.3821,-250.1374,-27.0458,-51.9847
313.0000,0.2437,-0.7026,-0.4321,-250.1374,-23.7252,-53.2137
326.0000,0.2390,-0.7202,-0.4841,-250.1374,-19.7481,-56.2443
315.0000,0.2495,-0.7007,-0.5508,-250.1374,-15.3664,-57.1527
324.0000,0.2473,-0.7217,-0.6213,-250.1374,-14.5038,-59.8168
369.0000,0.2415,-0.7422,-0.7070,-250.1374,-12.5725,-60.9542
284.0000,0.2502,-0.8115,-0.7815,-250.1374,-11.8092,-61.4809
349.0000,0.2449,-0.8542,-0.8225,-250.1374,-7.9542,-59.1985
325.0000,0.2388,-0.8545,-0.8374,-250.1374,-7.7481,-55.8855
313.0000,0.2651,-0.8650,-0.8469,-250.1374,-6.0382,-53.4885
338.0000,0.2688,-0.8809,-0.8386,-250.1374,-6.2748,-49.4504
328.0000,0.2627,-0.7749,-0.8325,-250.1374,-9.5725,-44.9542
325.0000,0.2617,-0.6584,-0.8354,-250.1374,-8.7634,-44.5802
332.0000,0.2834,-0.5703,-0.8376,-250.1374,-4.1450,-43.2519
318.0000,0.2871,-0.4482,-0.8738,-250.1374,-3.8626,-44.1527
339.0000,0.2974,-0.3997,-0.9626,-250.1374,-2.1908,-46.0611
311.0000,0.2998,-0.4568,-0.9751,-250.1374,1.9389,-46.6718
312.0000,0.2886,-0.3132,-1.0818,-250.1374,2.0763,-47.7176
316.0000,0.2700,-0.4268,-1.0439,-250.1374,-2.6489,-47.9389
321.0000,0.2756,-0.4226,-1.0916,-250.1374,-3.6794,-52.2061
305.0000,0.3071,-0.4468,-1.1091,-250.1374,-2.0076,-52.2290
346.0000,0.3018,-0.6619,-1.1348,-250.1374,-8.5191,-49.5496
358.0000,0.4670,-0.6663,-0.9819,-250.1374,28.5649,-45.5802
346.0000,0.1545,-0.6777,-1.1106,-242.9389,-19.2137,-40.1298
325.0000,0.4021,-0.6013,-0.9751,-182.5496,0.4885,-37.0534
350.0000,0.1790,-0.5437,-1.0396,-161.1221,-17.8015,-28.2672
282.0000,0.2837,-0.3677,-1.0381,-135.0382,-4.5420,-23.9237
327.0000,0.2632,-0.3101,-1.0186,-114.0076,-3.4885,-22.6412
249.0000,0.2661,-0.2410,-1.0574,-79.8779,-5.7252,-20.4580
450.0000,0.2537,-0.2092,-1.1284,-57.3817,-0.1756,-20.5420
490.0000,0.2397,-0.2212,-1.1233,-44.8779,0.8626,-20.6794
180.0000,0.2590,-0.2073,-1.1619,-34.7405,-0.2366,-19.1221
344.0000,0.2632,-0.1736,-1.2151,-32.5725,0.2366,-18.8397
377.0000,0.2622,-0.1797,-1.2314,-31.3053,-0.7557,-17.9618
361.0000,0.2644,-0.1912,-1.2480,-31.6794,-1.2977,-16.0153
303.0000,0.2666,-0.2124,-1.2319,-29.2824,-3.0076,-14.0382
349.0000,0.2798,-0.2393,-1.1956,-26.5649,-3.7252,-12.3130
170.0000,0.2800,-0.1746,-1.1453,-22.0229,-4.9237,-10.9924
339.0000,0.2534,-0.1653,-1.1235,-16.9771,-6.9466,-11.3206
392.0000,0.2231,-0.1121,-1.1250,-16.2901,-6.6870,-9.6718
321.0000,0.3367,-0.0969,-1.1582,-15.7786,-0.7328,-13.1679
327.0000,0.2532,-0.1431,-1.2031,-10.7557,-3.3282,-12.1985
323.0000,0.2839,-0.1821,-1.1951,-9.8702,0.6489,-9.5802
410.0000,0.3081,-0.2285,-1.1782,-3.6718,0.2672,-8.0382