raw_emg,raw_ax,raw_ay,raw_az,raw_gx,raw_gy,raw_gz
50.0000,-0.0388,-0.2869,0.8442,-3.7786,0.5496,0.5344
213.0000,-0.0315,-0.2844,0.8396,-3.5115,0.7710,0.3511
210.0000,-0.0352,-0.2866,0.8435,-2.8168,0.8015,0.3817
68.0000,-0.0427,-0.2852,0.8330,-2.5344,0.3664,0.4962
211.0000,-0.0439,-0.2813,0.8413,-2.1527,0.0000,0.2137
317.0000,-0.0403,-0.2715,0.8389,-2.0229,0.0611,-0.1221
113.0000,-0.0432,-0.2786,0.8423,-2.3664,0.4580,-0.2672
212.0000,-0.0361,-0.2842,0.8445,-2.3664,0.6947,-0.2061
364.0000,-0.0486,-0.2827,0.8486,-2.0305,0.8015,-0.4122
189.0000,-0.0378,-0.2771,0.8481,-2.0076,0.7557,-0.3359
210.0000,-0.0439,-0.2859,0.8496,-1.8855,0.2214,-0.5573
342.0000,-0.0386,-0.2710,0.8462,-2.4122,-0.4885,-0.8321
182.0000,-0.0415,-0.2717,0.8557,-3.3435,-0.4275,-0.7939
211.0000,-0.0369,-0.2754,0.8464,-3.5878,-0.2748,-0.8092
329.0000,-0.0378,-0.2783,0.8367,-3.5344,-0.0611,-0.7939
202.0000,-0.0369,-0.2793,0.8384,-3.7023,-0.0153,-0.7023
207.0000,-0.0347,-0.2852,0.8423,-3.3359,0.0000,-0.7786
287.0000,-0.0415,-0.2805,0.8442,-2.5267,-0.3206,-0.4962
209.0000,-0.0300,-0.2837,0.8530,-1.9160,-0.4733,-0.2366
197.0000,-0.0383,-0.2690,0.8535,-2.0153,-0.6183,-0.2366
260.0000,-0.0439,-0.2734,0.8494,-2.5496,-0.5649,-0.2519
222.0000,-0.0422,-0.2734,0.8464,-3.2901,-0.4198,-0.3817
202.0000,-0.0344,-0.2693,0.8450,-3.8779,-0.5649,-0.3435
243.0000,-0.0427,-0.2798,0.8423,-4.0992,-0.3359,-0.1832
222.0000,-0.0403,-0.2822,0.8442,-4.0840,-0.2977,-0.2901
187.0000,-0.0398,-0.2754,0.8342,-3.8626,-0.1832,-0.1985
245.0000,-0.0396,-0.2852,0.8533,-2.9542,-0.6412,-0.4046
243.0000,-0.0337,-0.2813,0.8430,-1.9466,-0.6412,-0.3588
196.0000,-0.0383,-0.2703,0.8352,-1.7176,-0.7863,-0.3359
250.0000,-0.0369,-0.2793,0.8398,-1.9389,-0.4122,-0.5802
261.0000,-0.0298,-0.2725,0.8403,-2.3206,-0.5954,-0.5878
206.0000,-0.0422,-0.2739,0.8333,-3.5267,-0.3588,-0.7099
254.0000,-0.0344,-0.2771,0.8281,-4.5038,-0.0382,-0.6183
294.0000,-0.0261,-0.2759,0.8281,-4.8931,0.1832,-0.6718
217.0000,-0.0354,-0.2751,0.8333,-5.6718,0.5573,-0.6489
259.0000,-0.0315,-0.2747,0.8269,-6.1527,0.4733,-0.8931
325.0000,-0.0356,-0.2729,0.8281,-6.2595,0.4733,-0.8855
251.0000,-0.0293,-0.2830,0.8259,-6.6183,0.8397,-1.2977
261.0000,-0.0266,-0.2786,0.8140,-7.2901,0.8550,-1.1221
329.0000,-0.0400,-0.2771,0.8213,-7.9466,1.2901,-1.3359
256.0000,-0.0322,-0.2747,0.8252,-8.6870,1.5115,-1.3206
255.0000,-0.0403,-0.2756,0.8254,-9.1527,1.5267,-1.4046
325.0000,-0.0405,-0.2690,0.8279,-10.3206,1.2901,-1.3588
258.0000,-0.0427,-0.2595,0.8320,-12.6031,1.3511,-1.5115
262.0000,-0.0442,-0.2529,0.8279,-15.4809,1.3282,-1.8702
293.0000,-0.0413,-0.2566,0.8352,-18.7481,1.2977,-2.3817
264.0000,-0.0432,-0.2600,0.8210,-22.0916,1.3053,-2.5420
262.0000,-0.0459,-0.2581,0.8105,-26.0458,1.3511,-2.9008
294.0000,-0.0461,-0.2666,0.8257,-29.9389,1.4351,-3.1298
270.0000,-0.0471,-0.2813,0.8169,-33.0305,1.6336,-3.1069
259.0000,-0.0354,-0.2771,0.8025,-36.3359,1.8244,-4.3282
289.0000,-0.0383,-0.2891,0.8027,-37.4275,1.7481,-3.6870
271.0000,-0.0344,-0.2878,0.8037,-40.0153,1.4275,-4.2137
270.0000,-0.0347,-0.2896,0.7903,-43.3130,1.8397,-4.6947
279.0000,-0.0237,-0.2844,0.7900,-47.3969,1.3282,-5.5649
289.0000,-0.0142,-0.2820,0.7925,-51.9847,1.0153,-6.2214
259.0000,-0.0146,-0.2903,0.7871,-56.5038,1.4656,-6.5878
300.0000,-0.0085,-0.2861,0.7725,-62.5115,2.8015,-7.6412
278.0000,-0.0059,-0.2979,0.7544,-71.7634,4.5954,-9.4733
275.0000,0.0022,-0.3062,0.7405,-80.0611,3.9466,-11.0076
310.0000,0.0024,-0.3093,0.7363,-88.1527,4.0000,-12.2595
307.0000,-0.0059,-0.3093,0.7341,-96.0076,5.8855,-13.1908
259.0000,-0.0073,-0.3215,0.7454,-106.8168,4.5038,-15.0534
299.0000,-0.0229,-0.3457,0.7244,-118.4809,4.4046,-16.8397
316.0000,-0.0178,-0.3635,0.7092,-129.0076,0.5420,-17.7710
261.0000,-0.0137,-0.3640,0.6982,-142.0992,0.5191,-18.5496
290.0000,-0.0205,-0.3708,0.7166,-157.3053,2.5954,-19.5496
334.0000,-0.0352,-0.4016,0.7200,-171.3969,5.6183,-20.6183
291.0000,-0.0403,-0.4309,0.7339,-185.0076,5.7557,-20.9008
324.0000,-0.0439,-0.4631,0.7136,-195.7863,7.1985,-21.3817
310.0000,-0.0513,-0.4917,0.7166,-205.1756,4.8779,-21.6031
282.0000,-0.0669,-0.5293,0.7188,-212.6794,3.2290,-21.8321
309.0000,-0.0730,-0.5737,0.7056,-219.6947,0.8702,-21.8626
307.0000,-0.0706,-0.5925,0.6951,-225.2214,0.6336,-21.4427
308.0000,-0.0691,-0.6184,0.6985,-229.7176,-7.5649,-20.5114
315.0000,-0.0649,-0.6455,0.6914,-238.7405,-4.9313,-18.7176
325.0000,-0.0537,-0.6492,0.6704,-241.9542,-1.5649,-18.7786
300.0000,-0.0554,-0.6492,0.6580,-246.2595,-2.8626,-18.9084
321.0000,-0.0669,-0.7197,0.6323,-248.6947,-6.9008,-19.7786
342.0000,-0.0491,-0.7192,0.6489,-248.3511,-3.6031,-20.6565
302.0000,-0.0291,-0.7520,0.6189,-243.1679,-5.3206,-21.1603
311.0000,-0.0229,-0.8179,0.6104,-238.7176,-2.6794,-21.5267
333.0000,-0.0315,-0.8733,0.6084,-230.5267,-2.1756,-21.0382
328.0000,-0.0337,-0.8865,0.5989,-220.1450,-1.8244,-20.5725
315.0000,-0.0249,-0.9089,0.5669,-210.4046,-1.6031,-19.4580
338.0000,-0.0278,-0.9255,0.5491,-199.3206,0.1832,-18.5802
332.0000,-0.0283,-0.9224,0.5115,-188.5878,-1.6870,-18.6260
319.0000,-0.0308,-0.9087,0.4924,-181.6183,-4.1527,-18.4809
350.0000,-0.0227,-0.8755,0.4878,-178.5496,-6.1069,-17.9466
349.0000,-0.0193,-0.8499,0.4741,-177.7710,-7.9542,-19.0229
321.0000,-0.0168,-0.7930,0.4941,-186.7710,-8.6031,-19.3893
357.0000,-0.0134,-0.7307,0.4678,-201.9695,-7.4809,-21.9237
322.0000,-0.0071,-0.7004,0.4529,-223.3664,-7.3435,-24.9771
322.0000,-0.0159,-0.7080,0.4263,-245.5343,-8.1069,-28.0382
353.0000,-0.0149,-0.7070,0.3870,-250.1374,-6.4198,-31.5649
327.0000,-0.0034,-0.7126,0.3623,-250.1374,-7.2977,-35.2137
326.0000,0.0110,-0.7925,0.3015,-250.1374,-5.3511,-38.9542
335.0000,0.0115,-0.9028,0.2456,-250.1374,-3.5191,-41.6260
327.0000,0.0059,-0.9810,0.2104,-250.1374,-0.1450,-42.7863
379.0000,0.0210,-1.0315,0.1450,-250.1374,2.2443,-44.1450
256.0000,0.0244,-1.0359,0.1006,-250.1374,-0.1908,-44.6489
339.0000,0.0342,-1.0095,0.0459,-250.1374,0.7023,-46.8321
319.0000,0.0215,-1.0254,-0.0369,-250.1374,-3.2901,-48.5878
371.0000,0.0166,-1.0225,-0.0867,-250.1374,-8.8092,-49.8168
320.0000,0.0376,-1.0161,-0.1199,-250.1374,-11.1679,-51.5725
359.0000,0.0559,-1.0344,-0.1340,-250.1374,-13.1145,-54.0687
363.0000,0.0940,-1.1072,-0.1240,-250.1374,-14.2137,-54.7023
343.0000,0.1067,-1.1389,-0.1077,-250.1374,-2.0840,-55.5954
371.0000,0.0906,-1.0732,-0.1650,-250.1374,-4.8626,-56.6489
343.0000,0.0977,-0.9490,-0.1895,-250.1374,-13.1832,-56.3817
321.0000,0.1101,-1.0054,-0.2390,-250.1374,-17.6336,-60.6107
349.0000,0.1101,-1.0447,-0.2983,-250.1374,-11.7939,-62.2977
352.0000,0.1396,-1.0464,-0.3044,-250.1374,-13.6489,-63.1527
381.0000,0.1587,-1.0696,-0.3464,-250.1374,-17.4733,-63.8702
349.0000,0.1763,-1.0769,-0.3452,-250.1374,-8.9008,-64.1069
369.0000,0.1821,-1.0349,-0.3694,-250.1374,-8.0000,-64.3053
340.0000,0.1763,-1.0129,-0.4375,-250.1374,-9.2214,-65.4351
344.0000,0.1807,-1.0986,-0.5002,-237.8473,-12.2748,-64.5267
366.0000,0.1812,-1.1934,-0.4963,-217.7023,-15.0916,-60.6336
348.0000,0.1960,-1.1907,-0.4844,-194.8855,-17.5114,-55.9847
344.0000,0.2312,-1.1682,-0.4631,-169.7557,-16.5267,-51.1679
363.0000,0.2229,-1.1460,-0.4438,-144.8473,-15.2061,-47.5725
445.0000,0.2068,-1.0308,-0.4436,-129.3664,-17.5878,-43.9389
368.0000,0.2002,-0.8015,-0.4495,-135.9313,-16.4122,-42.7328
395.0000,0.1877,-0.6660,-0.5657,-145.8397,-11.5573,-49.6947
352.0000,0.1401,-0.7249,-0.6560,-168.1298,-12.2519,-52.8397
330.0000,0.1724,-0.6528,-0.6570,-203.8321,-9.8550,-52.7863
374.0000,0.1843,-0.6086,-0.6870,-241.5496,-4.2595,-56.3130
356.0000,0.1899,-0.6899,-0.7395,-250.1374,-6.1374,-59.3053
359.0000,0.2092,-0.7891,-0.7261,-250.1374,-3.5496,-60.9313
365.0000,0.2080,-0.8306,-0.7329,-250.1374,-5.7481,-60.9695
406.0000,0.2415,-0.8044,-0.7141,-250.1374,-5.5573,-59.8702
351.0000,0.2322,-0.8311,-0.7532,-247.7176,-14.2824,-59.5649
342.0000,0.2322,-0.7957,-0.7808,-234.5114,-12.1832,-57.0076
365.0000,0.2305,-0.7366,-0.7856,-231.0305,-8.7252,-54.5802
357.0000,0.2417,-0.6514,-0.8174,-229.4351,-7.1832,-53.3053
407.0000,0.2659,-0.6609,-0.8311,-229.4122,-6.1069,-53.2824
344.0000,0.2537,-0.5845,-0.8538,-236.4427,-6.0382,-52.0840
365.0000,0.2556,-0.5339,-0.8923,-249.7633,-4.4122,-51.3817
407.0000,0.2446,-0.4946,-0.8701,-250.1374,1.0000,-50.5344
360.0000,0.2849,-0.3987,-0.9189,-250.1374,10.3817,-50.4198
360.0000,0.2727,-0.4729,-0.9827,-250.1374,11.1145,-51.4656
407.0000,0.2737,-0.4932,-1.0005,-250.1374,9.4275,-49.3511
381.0000,0.2659,-0.4500,-0.9929,-250.1374,7.5420,-47.7557
340.0000,0.2795,-0.3982,-1.0293,-250.1374,6.3893,-46.9847
361.0000,0.2793,-0.4028,-1.0693,-250.1374,5.6565,-45.0076
349.0000,0.2834,-0.4160,-1.0815,-250.1374,7.0840,-42.9695
360.0000,0.3062,-0.4509,-1.0544,-250.1374,11.1298,-40.5725
406.0000,0.2771,-0.3757,-1.0715,-232.4962,1.1832,-41.6183
468.0000,0.2832,-0.3582,-1.0510,-198.6412,-11.2748,-49.9618
384.0000,0.2568,-0.4658,-1.0955,-201.3359,-2.9237,-35.1603
379.0000,0.2458,-0.4619,-1.1340,-168.6107,-5.4427,-34.6489
351.0000,0.2310,-0.4187,-1.1377,-154.6183,-2.2901,-24.9924
337.0000,0.2363,-0.3755,-1.1130,-133.3130,-2.0076,-22.7634
379.0000,0.2437,-0.3638,-1.1028,-104.7786,-3.7328,-21.4046
398.0000,0.2400,-0.3354,-1.1130,-79.1145,-5.5267,-20.5496
392.0000,0.2349,-0.2988,-1.1343,-59.6031,-7.5420,-17.0916
328.0000,0.2573,-0.2329,-1.1553,-49.9695,-5.7710,-14.7252
362.0000,0.2644,-0.2014,-1.1523,-42.6031,-5.1298,-13.6794
332.0000,0.2673,-0.1663,-1.1482,-41.5344,-7.0534,-13.7328
405.0000,0.2617,-0.1938,-1.1399,-42.8855,-6.3969,-13.1221
424.0000,0.2605,-0.2678,-1.1128,-42.9771,-5.6565,-12.2061
337.0000,0.2673,-0.3188,-1.1003,-37.9084,-4.1145,-10.4733
390.0000,0.2693,-0.2883,-1.0815,-25.6718,-4.1832,-7.4580
430.0000,0.2822,-0.2239,-1.0972,-18.2061,-4.0763,-7.2595
369.0000,0.2705,-0.1904,-1.0903,-19.8244,-3.5267,-6.4656
385.0000,0.2715,-0.1851,-1.1042,-23.3893,-4.0229,-6.1221
396.0000,0.2720,-0.1953,-1.1257,-26.0534,-3.5267,-4.9466
383.0000,0.2622,-0.2122,-1.1328,-27.6565,-2.9542,-3.8244
395.0000,0.2710,-0.2373,-1.1296,-25.5038,-2.1679,-2.2672
384.0000,0.2917,-0.2334,-1.1304,-17.9008,-2.4275,-1.4275
404.0000,0.2896,-0.2095,-1.1479,-8.3206,-4.6183,-0.2061
404.0000,0.2686,-0.2126,-1.1343,1.9695,-8.3588,0.9160
425.0000,0.2776,-0.2197,-1.1147,9.5573,-9.3053,2.2824
384.0000,0.2932,-0.2266,-1.0757,15.7099,-10.2290,3.5344
402.0000,0.2869,-0.1855,-1.0776,16.1145,-9.3282,4.5725
396.0000,0.2859,-0.1638,-1.0916,10.8244,-7.1756,4.3359
404.0000,0.2776,-0.1704,-1.1018,6.4656,-5.0687,4.8092
400.0000,0.2817,-0.1658,-1.1030,0.9160,-4.5344,5.1221
404.0000,0.2776,-0.1885,-1.1077,-5.5725,-3.3130,4.7099
422.0000,0.2749,-0.2095,-1.1072,-10.3817,-1.7557,4.2443
362.0000,0.2800,-0.2310,-1.1130,-10.6183,-0.8244,4.3359
439.0000,0.2795,-0.2476,-1.1179,-6.4351,-0.3130,4.6641
357.0000,0.2798,-0.2617,-1.1252,-1.3282,0.1603,4.3893
405.0000,0.2703,-0.2651,-1.1570,4.3282,-0.9695,4.2672
426.0000,0.2734,-0.2446,-1.1604,7.4962,-3.1985,3.5573
423.0000,0.2793,-0.2048,-1.1614,7.9924,-5.0840,2.5573
378.0000,0.2878,-0.2180,-1.1304,4.0229,-3.4351,2.1298
