raw_emg,raw_ax,raw_ay,raw_az,raw_gx,raw_gy,raw_gz
4.0000,-0.0007,-0.2656,0.8469,-3.4122,0.3588,-1.3740
6.0000,-0.0122,-0.2627,0.8518,-3.4809,0.4580,-1.5344
17.0000,0.0007,-0.2578,0.8423,-3.4427,0.0534,-1.3969
37.0000,-0.0059,-0.2607,0.8503,-3.1679,-0.2977,-1.1756
58.0000,0.0005,-0.2634,0.8535,-3.1145,-0.8702,-1.3817
71.0000,0.0029,-0.2539,0.8525,-3.2290,-0.7939,-1.0153
87.0000,-0.0083,-0.2495,0.8562,-3.7863,-0.8092,-0.9237
100.0000,-0.0046,-0.2537,0.8542,-4.3740,-0.4962,-0.9313
113.0000,-0.0066,-0.2549,0.8489,-5.1679,-0.1832,-0.9237
128.0000,-0.0027,-0.2549,0.8491,-5.7786,-0.1298,-0.8168
135.0000,-0.0029,-0.2520,0.8447,-6.1603,-0.3282,-0.9237
143.0000,0.0044,-0.2607,0.8442,-6.9695,0.1298,-0.6794
150.0000,0.0076,-0.2559,0.8450,-7.4427,0.2824,-0.9771
158.0000,0.0002,-0.2551,0.8384,-7.7939,0.3740,-1.0611
154.0000,-0.0027,-0.2515,0.8467,-8.3893,0.7481,-1.2214
167.0000,-0.0046,-0.2505,0.8416,-9.7176,0.5802,-1.3511
172.0000,0.0051,-0.2485,0.8306,-10.9237,0.8626,-1.4275
181.0000,0.0054,-0.2500,0.8330,-12.2443,0.9924,-1.3664
180.0000,-0.0007,-0.2449,0.8335,-13.8168,1.0534,-1.5115
187.0000,-0.0044,-0.2412,0.8267,-16.2061,1.4198,-1.5649
189.0000,0.0095,-0.2495,0.8284,-18.8168,1.7557,-1.7939
191.0000,0.0078,-0.2432,0.8235,-21.6412,2.2061,-1.7786
196.0000,0.0051,-0.2493,0.8132,-24.6641,2.9237,-1.7557
201.0000,0.0042,-0.2314,0.8113,-28.8015,3.6183,-1.6565
200.0000,0.0068,-0.2229,0.8188,-33.7863,4.7023,-1.6183
204.0000,0.0090,-0.2178,0.8115,-39.8168,4.7328,-2.0840
207.0000,0.0134,-0.2202,0.8179,-47.3206,5.3282,-2.3817
207.0000,0.0142,-0.2197,0.8071,-54.8473,5.8015,-2.5878
212.0000,0.0220,-0.2373,0.8069,-62.2519,7.6336,-3.1908
209.0000,0.0164,-0.2356,0.8125,-68.5725,8.7099,-3.4580
220.0000,0.0183,-0.2664,0.8022,-72.9160,10.0000,-3.5191
219.0000,0.0034,-0.3042,0.8040,-75.1069,10.9160,-3.8550
224.0000,0.0010,-0.3174,0.7847,-75.5649,10.4656,-3.6489
223.0000,0.0088,-0.3208,0.7788,-75.8321,10.1298,-3.6565
225.0000,-0.0022,-0.3499,0.7954,-74.1985,10.0763,-3.7099
226.0000,-0.0037,-0.3730,0.8037,-71.3053,10.4427,-3.3664
227.0000,-0.0208,-0.3979,0.8098,-67.1679,11.1221,-3.1298
234.0000,-0.0186,-0.3999,0.8147,-61.2214,11.7023,-2.3740
236.0000,-0.0188,-0.4204,0.8291,-54.5802,12.4504,-2.2137
236.0000,-0.0256,-0.4360,0.8201,-47.0840,12.1145,-1.7939
236.0000,-0.0339,-0.4377,0.8167,-39.2214,10.8321,-1.3817
239.0000,-0.0408,-0.4412,0.8071,-32.1908,9.7863,-1.3435
244.0000,-0.0361,-0.4390,0.8066,-26.2366,8.4046,-0.8626
247.0000,-0.0356,-0.4211,0.8035,-22.6641,7.3893,-0.5115
236.0000,-0.0308,-0.3960,0.8091,-20.9008,6.8397,-0.2290
243.0000,-0.0298,-0.3782,0.8042,-21.6489,6.2672,-0.3740
236.0000,-0.0244,-0.3689,0.8140,-24.5954,6.2214,-0.9618
244.0000,-0.0173,-0.3403,0.8242,-29.5420,6.6565,-1.3435
252.0000,-0.0134,-0.3416,0.8201,-35.6412,7.3740,-1.9618
252.0000,-0.0176,-0.3391,0.8059,-42.1756,8.8168,-2.5496
266.0000,-0.0195,-0.3364,0.8137,-49.6107,9.1450,-3.2672
249.0000,-0.0183,-0.3271,0.7969,-57.9008,9.6412,-4.1679
249.0000,-0.0305,-0.3330,0.7900,-66.6031,9.6260,-5.0076
268.0000,-0.0403,-0.3643,0.7942,-74.8092,8.7710,-5.7481
262.0000,-0.0332,-0.3662,0.7959,-82.1603,7.9008,-6.0153
267.0000,-0.0305,-0.3779,0.8052,-89.4962,8.3359,-6.1679
269.0000,-0.0266,-0.3870,0.8015,-97.3130,8.3206,-6.7099
263.0000,-0.0337,-0.3979,0.7944,-104.8779,8.5802,-7.6260
245.0000,-0.0320,-0.4197,0.7839,-111.5802,8.5954,-8.3588
259.0000,-0.0317,-0.4221,0.7703,-120.4275,8.3664,-9.3053
246.0000,-0.0352,-0.4258,0.7542,-128.0534,8.6031,-10.3969
248.0000,-0.0378,-0.4456,0.7507,-136.0305,9.0916,-11.7328
273.0000,-0.0325,-0.4634,0.7429,-144.3435,9.5649,-12.7481
288.0000,-0.0410,-0.4780,0.7395,-153.0000,9.6336,-14.2137
259.0000,-0.0398,-0.4946,0.7363,-161.7786,9.7481,-15.7939
307.0000,-0.0337,-0.4954,0.7129,-172.3588,9.6794,-17.1298
280.0000,-0.0435,-0.4985,0.6899,-184.0916,10.3359,-19.2137
275.0000,-0.0376,-0.5024,0.6648,-198.3130,10.1069,-21.3893
287.0000,-0.0398,-0.5168,0.6326,-214.3130,8.7405,-23.3511
280.0000,-0.0386,-0.5544,0.6116,-231.4886,7.8244,-24.9160
263.0000,-0.0369,-0.5767,0.5918,-246.9542,8.2901,-26.6489
286.0000,-0.0457,-0.6118,0.5706,-250.1374,7.9542,-28.2672
285.0000,-0.0371,-0.6406,0.5691,-250.1374,7.7481,-29.5573
288.0000,-0.0356,-0.6838,0.5608,-250.1374,7.3969,-30.4962
294.0000,-0.0415,-0.7202,0.5198,-250.1374,7.1145,-31.6870
307.0000,-0.0386,-0.7520,0.5010,-250.1374,5.1069,-32.5649
304.0000,-0.0381,-0.7769,0.4675,-250.1374,3.2519,-33.1832
279.0000,-0.0315,-0.8174,0.4224,-250.1374,1.0534,-33.8168
292.0000,-0.0422,-0.8384,0.3801,-250.1374,-1.1985,-34.5573
296.0000,-0.0356,-0.8674,0.3516,-250.1374,-3.6183,-35.2214
279.0000,-0.0244,-0.8689,0.3306,-250.1374,-4.4580,-35.1374
282.0000,-0.0178,-0.8489,0.2783,-250.1374,-5.9008,-36.3740
298.0000,-0.0166,-0.8708,0.2563,-250.1374,-9.8855,-37.4885
292.0000,-0.0071,-0.8689,0.2368,-250.1374,-14.4046,-37.9695
307.0000,0.0186,-0.8333,0.2227,-250.1374,-13.5496,-37.4809
297.0000,0.0166,-0.8521,0.1897,-250.1374,-11.5344,-38.2366
317.0000,0.0247,-0.8835,0.1465,-250.1374,-9.8321,-39.1145
309.0000,0.0400,-0.8904,0.0808,-250.1374,-9.3893,-38.9084
309.0000,0.0474,-0.9453,0.0366,-250.1374,-8.3053,-40.0382
297.0000,0.0293,-1.0012,-0.0181,-250.1374,-5.7023,-40.0153
314.0000,0.0261,-1.0476,-0.0806,-250.1374,-5.6489,-40.7634
312.0000,0.0327,-1.0845,-0.1375,-250.1374,-4.4427,-40.3435
318.0000,0.0439,-1.0818,-0.1692,-250.1374,-8.2901,-40.7710
313.0000,0.0510,-1.0479,-0.2161,-250.1374,-12.2519,-40.7557
320.0000,0.0715,-1.0249,-0.2693,-250.1374,-17.8779,-40.9618
316.0000,0.0654,-1.0378,-0.3008,-250.1374,-19.9160,-40.4580
325.0000,0.0857,-1.0037,-0.3206,-250.1374,-19.6641,-39.9924
314.0000,0.0972,-0.9719,-0.3508,-250.1374,-16.9542,-38.8855
320.0000,0.1150,-0.9817,-0.4099,-250.1374,-15.9771,-39.1145
327.0000,0.1030,-0.9878,-0.4336,-250.1374,-16.0229,-38.2901
320.0000,0.1040,-0.9780,-0.4778,-250.1374,-15.8092,-36.6412
325.0000,0.1152,-0.9551,-0.4863,-250.1374,-12.9771,-35.5954
323.0000,0.1167,-0.9585,-0.5237,-250.1374,-12.8550,-35.3588
323.0000,0.1150,-0.9585,-0.5625,-250.1374,-13.8321,-35.2519
327.0000,0.1169,-0.9092,-0.5928,-250.1374,-13.2214,-34.4733
324.0000,0.1282,-0.8708,-0.6172,-250.1374,-11.9084,-35.1603
330.0000,0.1292,-0.8477,-0.6375,-250.1374,-9.2824,-35.0992
334.0000,0.1292,-0.7844,-0.6670,-250.1374,-7.1679,-34.3664
335.0000,0.1257,-0.7688,-0.6785,-250.1374,-5.7176,-35.5191
330.0000,0.1318,-0.6890,-0.7097,-250.1374,-4.7023,-35.4427
342.0000,0.1401,-0.7024,-0.7400,-250.1374,-2.0840,-35.6412
341.0000,0.1558,-0.6616,-0.8257,-250.1374,-2.0229,-36.8168
334.0000,0.1382,-0.6633,-0.8269,-250.1374,-2.8702,-38.0076
340.0000,0.1428,-0.6738,-0.8748,-250.1374,0.7176,-38.2519
344.0000,0.1409,-0.6794,-0.9006,-250.1374,5.5420,-38.4427
346.0000,0.1423,-0.6956,-0.9717,-250.1374,9.7099,-38.8779
324.0000,0.1201,-0.6738,-0.9653,-250.1374,7.0458,-38.7023
355.0000,0.1511,-0.6851,-0.9685,-250.1374,3.1374,-40.4046
342.0000,0.1255,-0.6221,-0.9795,-250.1374,-0.8779,-41.3511
339.0000,0.1577,-0.5859,-0.9937,-250.1374,-5.2595,-43.9771
337.0000,0.1514,-0.5618,-1.0010,-250.1374,-8.8092,-44.6031
348.0000,0.1553,-0.5076,-1.0303,-249.3130,-10.3206,-44.2748
344.0000,0.1594,-0.4668,-1.0525,-248.9924,-8.9084,-43.4351
327.0000,0.1567,-0.4441,-1.0769,-250.1374,-8.5725,-42.5725
340.0000,0.1465,-0.4458,-1.0986,-250.1374,-7.3817,-39.7328
338.0000,0.1514,-0.2988,-1.1147,-250.1374,-6.5344,-38.0076
345.0000,0.1794,-0.3464,-1.1567,-250.1374,-8.8321,-39.1450
336.0000,0.1052,-0.0034,-0.8657,-147.8702,-36.4122,-44.3435
353.0000,0.2590,-0.5635,-1.1133,-51.6412,-24.2290,-51.7328
404.0000,0.0696,-0.6401,-1.2585,-125.6260,-25.4427,-46.5954
355.0000,0.0859,-0.5520,-1.0955,-90.8931,-45.2137,-49.0000
350.0000,0.0159,-0.6829,-1.1841,-64.1908,-71.6336,-45.5573
367.0000,0.2444,-0.6704,-1.2388,-111.0076,-9.6489,-24.6718
281.0000,0.1218,-0.6440,-1.0767,-49.6794,-17.8855,-27.2595
334.0000,0.0762,-0.5615,-1.1707,-57.7634,-33.2748,-23.9237
420.0000,0.1257,-0.4778,-1.2317,-58.2519,-25.0992,-17.1450
316.0000,0.0962,-0.3765,-1.2285,-54.5191,-11.4504,-13.3053
351.0000,0.1018,-0.3652,-1.2544,-44.8855,-10.7099,-12.6489
330.0000,0.1543,-0.3044,-1.2109,-44.6336,-1.0153,-9.6336
376.0000,0.1311,-0.3054,-1.2502,-45.5878,-0.2519,-7.1221
308.0000,0.1448,-0.3303,-1.1907,-40.0382,6.7099,-7.8015
392.0000,0.0837,-0.3628,-1.2104,-38.4962,-9.3817,-9.4733
418.0000,0.1694,-0.3652,-1.1311,-39.9084,10.0076,-8.8550
393.0000,0.1553,-0.3860,-1.1260,-38.6412,7.4962,-7.9160
336.0000,0.1833,-0.3499,-1.1399,-34.3282,7.5573,-9.3893
370.0000,0.1748,-0.3191,-1.1479,-28.5191,5.8397,-10.9237
405.0000,0.1758,-0.2773,-1.1807,-22.7557,5.7863,-14.6794
345.0000,0.1484,-0.2444,-1.1943,-24.5802,9.1221,-14.0305
413.0000,0.1694,-0.2644,-1.1802,-22.3588,8.8168,-14.6794
358.0000,0.1704,-0.2280,-1.1829,-20.9008,11.4885,-13.7557
317.0000,0.1567,-0.2551,-1.1829,-18.2977,13.8702,-13.9084
388.0000,0.1660,-0.3003,-1.1582,-15.9771,14.3053,-12.5725
388.0000,0.1707,-0.2808,-1.1565,-13.1908,14.4122,-11.0763
379.0000,0.1770,-0.2927,-1.1399,-10.8626,13.9313,-9.8015
401.0000,0.1812,-0.2485,-1.1160,-11.9084,13.7252,-7.0992
325.0000,0.1936,-0.2283,-1.1045,-10.6336,10.9084,-6.4809
367.0000,0.1545,-0.2144,-1.1062,-16.2290,-1.1221,-5.4198
415.0000,0.2253,-0.1753,-1.0994,-11.2290,13.6489,-4.0840
408.0000,0.1753,-0.2334,-1.1240,-9.9771,11.4504,-4.8397
302.0000,0.1516,-0.2329,-1.1514,-13.8321,1.9160,-5.4351
395.0000,0.1870,-0.2505,-1.1394,-5.8779,11.5573,-6.7176
414.0000,0.1589,-0.2571,-1.1921,-6.3206,4.4351,-4.6260
404.0000,0.1550,-0.2595,-1.1284,-8.0840,11.4427,-9.5573