raw_emg,raw_ax,raw_ay,raw_az,raw_gx,raw_gy,raw_gz
147.0000,-0.0471,-0.3164,0.8328,-3.8931,1.0534,-0.2748
154.0000,-0.0466,-0.3093,0.8291,-3.5802,1.0992,-0.0458
180.0000,-0.0479,-0.3127,0.8247,-3.1221,1.1527,-0.1908
172.0000,-0.0486,-0.3120,0.8398,-2.3664,0.5191,-0.3588
169.0000,-0.0474,-0.3027,0.8313,-2.5878,0.1450,-0.3969
188.0000,-0.0444,-0.3035,0.8232,-3.2672,-0.3664,-0.6107
175.0000,-0.0422,-0.3123,0.8350,-4.0305,-0.3588,-0.5802
177.0000,-0.0437,-0.3137,0.8325,-5.1145,0.4885,-0.5496
184.0000,-0.0518,-0.3213,0.8286,-5.5878,1.0229,-0.1985
184.0000,-0.0457,-0.3176,0.8201,-5.3206,1.4122,-0.1527
181.0000,-0.0442,-0.3220,0.8271,-4.4504,1.2672,-0.0305
183.0000,-0.0476,-0.3125,0.8284,-3.2519,1.0229,-0.2214
190.0000,-0.0420,-0.3081,0.8271,-2.3206,0.3664,-0.7099
192.0000,-0.0491,-0.3108,0.8333,-2.3664,-0.2137,-0.9084
190.0000,-0.0452,-0.3145,0.8259,-2.5267,-0.0916,-0.9924
203.0000,-0.0466,-0.3164,0.8386,-3.5802,0.2901,-0.9618
188.0000,-0.0510,-0.3110,0.8379,-4.4275,1.2366,-0.7557
203.0000,-0.0488,-0.3140,0.8296,-5.3130,1.3817,-0.5267
206.0000,-0.0461,-0.3149,0.8313,-5.3130,1.3206,-0.5115
210.0000,-0.0510,-0.3130,0.8335,-4.5115,0.7863,-0.6641
207.0000,-0.0537,-0.3250,0.8440,-3.6489,0.2977,-0.7786
213.0000,-0.0496,-0.3203,0.8472,-2.5115,-0.1069,-0.8092
221.0000,-0.0532,-0.3198,0.8437,-1.6107,-0.1832,-0.5344
215.0000,-0.0498,-0.3174,0.8391,-1.1603,0.3359,-0.5420
212.0000,-0.0569,-0.3059,0.8391,-1.0458,0.2672,-0.6489
227.0000,-0.0439,-0.3037,0.8342,-1.4733,0.1221,-0.4275
215.0000,-0.0498,-0.3032,0.8313,-1.8931,0.3893,-0.4504
228.0000,-0.0498,-0.3005,0.8425,-2.5344,0.1298,-0.2977
235.0000,-0.0591,-0.3040,0.8325,-3.4046,0.1908,-0.2519
218.0000,-0.0415,-0.3088,0.8274,-3.7099,-0.0840,-0.6565
226.0000,-0.0403,-0.3069,0.8198,-3.7328,0.1298,-0.3969
223.0000,-0.0378,-0.3132,0.8203,-3.5038,-0.2519,-0.5038
222.0000,-0.0376,-0.3147,0.8286,-3.0534,0.0076,-0.2977
226.0000,-0.0466,-0.3118,0.8372,-2.6489,0.0000,-0.6107
232.0000,-0.0491,-0.3123,0.8364,-2.6183,0.3206,-0.6718
230.0000,-0.0444,-0.3052,0.8208,-2.0916,0.4885,-0.6412
225.0000,-0.0417,-0.3108,0.8352,-2.2290,0.5267,-1.1374
238.0000,-0.0386,-0.3066,0.8284,-2.0229,0.6336,-1.0382
237.0000,-0.0486,-0.3120,0.8250,-2.2061,0.8702,-1.4504
227.0000,-0.0518,-0.3101,0.8149,-2.8779,1.2519,-1.5420
241.0000,-0.0488,-0.3086,0.8311,-3.1298,1.6947,-1.5878
247.0000,-0.0439,-0.3130,0.8223,-3.2595,1.8397,-1.1908
232.0000,-0.0515,-0.3052,0.8271,-2.9008,1.6947,-1.2061
249.0000,-0.0503,-0.3054,0.8298,-2.7939,1.4962,-0.8473
256.0000,-0.0552,-0.3054,0.8198,-2.8397,1.0687,-1.2595
237.0000,-0.0535,-0.3066,0.8311,-2.8779,0.7405,-1.2824
254.0000,-0.0530,-0.3110,0.8306,-3.1527,0.7557,-0.9466
262.0000,-0.0535,-0.3096,0.8318,-4.0153,0.7786,-1.1069
252.0000,-0.0520,-0.3025,0.8311,-4.4427,0.9618,-0.8015
259.0000,-0.0515,-0.3079,0.8359,-4.3817,0.9389,-0.7786
270.0000,-0.0515,-0.3186,0.8406,-4.0916,0.6565,-0.8626
254.0000,-0.0500,-0.3142,0.8335,-4.1069,0.5725,-0.7405
271.0000,-0.0476,-0.3159,0.8335,-3.8550,0.5725,-0.7252
271.0000,-0.0520,-0.3137,0.8293,-3.9313,0.3130,-0.9084
258.0000,-0.0518,-0.3113,0.8264,-4.3969,-0.0229,-0.9695
271.0000,-0.0574,-0.3110,0.8318,-5.0611,-0.1679,-1.0229
286.0000,-0.0442,-0.3169,0.8357,-5.4885,0.0076,-1.1298
259.0000,-0.0447,-0.3091,0.8250,-6.3359,0.5038,-0.9771
263.0000,-0.0425,-0.3086,0.8364,-6.3740,0.5573,-1.2519
271.0000,-0.0466,-0.3157,0.8271,-6.5191,0.6641,-1.3053
263.0000,-0.0437,-0.3103,0.8354,-6.6794,0.3053,-1.3893
282.0000,-0.0493,-0.3008,0.8342,-7.3740,0.1450,-1.7023
271.0000,-0.0452,-0.2957,0.8337,-8.6260,-0.0458,-1.9008
255.0000,-0.0474,-0.2837,0.8315,-10.4656,-0.5649,-2.6183
271.0000,-0.0520,-0.2859,0.8428,-14.2214,-1.1908,-2.9466
274.0000,-0.0520,-0.2764,0.8208,-18.7634,-2.1069,-3.3053
280.0000,-0.0542,-0.2808,0.8386,-23.3893,-2.8855,-3.4962
263.0000,-0.0552,-0.2786,0.8459,-28.9542,-3.5191,-3.7786
254.0000,-0.0581,-0.2839,0.8472,-33.8244,-3.3435,-4.3511
287.0000,-0.0608,-0.2971,0.8469,-38.0916,-3.9924,-5.0763
289.0000,-0.0520,-0.2974,0.8384,-42.2290,-5.6947,-5.7328
268.0000,-0.0576,-0.2896,0.8335,-47.7405,-8.1450,-6.5191
291.0000,-0.0532,-0.3022,0.8347,-52.9237,-10.2824,-7.4580
275.0000,-0.0505,-0.2947,0.8418,-59.1985,-11.6489,-8.3893
314.0000,-0.0383,-0.2961,0.8408,-67.5878,-11.7939,-9.4656
278.0000,-0.0374,-0.2874,0.8196,-76.9695,-12.5267,-10.9084
301.0000,-0.0364,-0.2842,0.8206,-88.0763,-13.3130,-12.4046
249.0000,-0.0315,-0.2954,0.7966,-100.6870,-14.5420,-14.3359
337.0000,-0.0342,-0.2881,0.7708,-113.3206,-16.5191,-16.3359
246.0000,-0.0225,-0.2830,0.7424,-130.4351,-18.9618,-18.5725
343.0000,-0.0083,-0.2871,0.7336,-148.8931,-21.7939,-21.3130
261.0000,-0.0078,-0.2900,0.7222,-169.2366,-24.8855,-23.6718
308.0000,-0.0044,-0.3032,0.7019,-191.0305,-26.8779,-26.4962
281.0000,0.0088,-0.3518,0.6904,-214.5496,-27.2443,-28.8702
314.0000,0.0105,-0.4041,0.6731,-235.0076,-26.4809,-30.4962
287.0000,0.0215,-0.4414,0.6660,-250.1374,-24.3588,-31.6947
278.0000,0.0212,-0.4822,0.6536,-250.1374,-23.0534,-33.4504
337.0000,0.0225,-0.5022,0.6331,-250.1374,-24.9771,-35.7557
361.0000,0.0156,-0.5349,0.6143,-250.1374,-27.5954,-38.7405
263.0000,0.0210,-0.5894,0.6021,-250.1374,-30.3359,-41.0763
331.0000,0.0330,-0.6025,0.5962,-250.1374,-32.7710,-42.3511
298.0000,0.0159,-0.6062,0.5601,-250.1374,-32.9084,-44.2214
351.0000,0.0396,-0.6689,0.5410,-250.1374,-29.0916,-45.7328
299.0000,0.0381,-0.6731,0.4727,-250.1374,-30.5267,-46.8321
311.0000,0.0469,-0.6479,0.4333,-250.1374,-34.3130,-49.2443
333.0000,0.0571,-0.6641,0.3850,-250.1374,-35.9160,-52.0840
249.0000,0.0684,-0.7244,0.3250,-250.1374,-37.4427,-55.0763
284.0000,0.0842,-0.8037,0.2786,-250.1374,-36.8168,-56.8397
339.0000,0.0884,-0.8333,0.2341,-250.1374,-36.0534,-57.5496
348.0000,0.1094,-0.8794,0.1946,-250.1374,-32.8626,-59.4580
305.0000,0.1184,-0.9253,0.1541,-250.1374,-30.2748,-62.0534
353.0000,0.1104,-0.9604,0.1018,-250.1374,-30.5191,-63.8550
316.0000,0.1104,-1.0432,0.0737,-250.1374,-26.8931,-65.2748
338.0000,0.1245,-1.1023,0.0066,-250.1374,-30.3206,-66.4351
331.0000,0.1414,-1.0964,-0.0332,-250.1374,-30.6183,-66.9008
352.0000,0.1660,-1.1138,-0.0859,-250.1374,-26.0840,-67.6947
287.0000,0.1636,-1.1187,-0.1416,-250.1374,-24.8779,-68.2519
330.0000,0.1741,-1.1162,-0.1912,-250.1374,-29.2824,-68.9695
329.0000,0.1758,-1.1399,-0.2139,-250.1374,-35.7252,-69.1679
308.0000,0.1831,-1.1270,-0.2288,-250.1374,-34.8931,-66.8779
339.0000,0.1995,-1.0715,-0.2854,-250.1374,-27.8550,-66.7786
337.0000,0.2112,-1.0247,-0.3403,-250.1374,-24.0611,-67.2901
328.0000,0.2214,-1.0288,-0.3911,-250.1374,-22.4046,-68.2214
348.0000,0.2158,-1.0071,-0.4377,-250.1374,-22.8244,-68.5954
354.0000,0.2424,-0.9814,-0.4902,-250.1374,-21.3206,-69.5725
302.0000,0.2505,-0.9636,-0.5437,-250.1374,-21.9847,-70.1832
346.0000,0.2485,-0.9678,-0.6206,-250.1374,-22.9695,-69.4275
345.0000,0.2742,-0.9351,-0.6343,-250.1374,-20.3588,-69.4580
320.0000,0.2754,-0.8394,-0.6313,-250.1374,-21.8473,-70.0305
348.0000,0.2942,-0.6785,-0.7095,-250.1374,-20.9237,-72.4962
370.0000,0.3079,-0.5774,-0.7744,-250.1374,-18.3817,-77.0992
328.0000,0.2986,-0.4988,-0.8218,-250.1374,-13.5573,-80.9084
347.0000,0.3120,-0.4065,-0.9639,-250.1374,-8.3206,-85.6183
364.0000,0.3279,-0.4604,-1.0691,-250.1374,-8.6641,-90.7481
341.0000,0.3528,-0.4917,-1.0991,-250.1374,-9.4351,-93.3817
365.0000,0.3545,-0.5352,-1.1641,-250.1374,-12.3893,-96.1374
359.0000,0.3369,-0.6809,-1.2454,-250.1374,-8.6718,-98.9313
331.0000,0.3962,-0.8228,-1.1194,-250.1374,-13.9847,-101.3359
325.0000,0.3596,-0.9255,-1.0879,-250.1374,-19.0458,-94.5115
403.0000,0.3101,-0.8828,-1.0151,-250.1374,-15.7328,-87.3588
331.0000,0.3242,-0.8870,-1.0115,-250.1374,-15.0305,-82.4809
357.0000,0.3147,-0.7607,-1.0156,-250.1374,-17.2824,-70.6794
349.0000,0.2615,-0.7410,-0.9670,-250.1374,-16.3282,-65.6031
351.0000,0.2231,-0.6680,-0.9888,-250.1374,-24.3053,-55.2901
347.0000,0.2593,-0.5686,-0.9861,-250.1374,-13.6336,-48.3206
320.0000,0.2566,-0.5908,-1.0645,-215.5649,-15.0992,-45.7023
339.0000,0.3223,-0.5322,-1.0303,-186.1450,-5.8397,-40.8244
318.0000,0.2510,-0.4951,-1.0674,-142.9924,-16.8702,-36.5954
351.0000,0.2690,-0.4917,-1.0308,-120.9542,-12.5649,-32.6947
284.0000,0.1968,-0.4646,-1.0796,-109.0382,-22.6031,-25.7634
377.0000,0.2366,-0.3904,-1.1001,-97.5573,-19.2748,-22.6336
382.0000,0.2373,-0.3140,-1.1045,-89.2672,-15.8092,-20.2748
381.0000,0.2930,-0.3208,-1.1035,-74.1908,-8.7023,-20.3435
365.0000,0.2974,-0.3193,-1.1130,-73.3359,-8.6260,-18.2901
329.0000,0.3181,-0.3206,-1.0930,-65.9008,-4.7786,-17.3435
334.0000,0.2798,-0.3354,-1.0779,-53.4046,-6.7176,-17.0382
364.0000,0.2429,-0.2900,-1.1008,-52.0763,-5.0534,-15.1756
393.0000,0.2673,-0.3008,-1.1235,-49.1603,-4.1832,-15.2366
391.0000,0.3010,-0.3311,-1.1223,-38.0153,-2.6947,-14.8779
409.0000,0.3020,-0.3291,-1.1223,-34.3130,-0.5038,-13.7863
405.0000,0.2966,-0.2227,-1.1584,-25.6336,1.5038,-10.9389
379.0000,0.2585,-0.2400,-1.2000,-34.0840,-2.8702,-10.9924
430.0000,0.2744,-0.3027,-1.1396,-30.9542,-4.0153,-11.1069
371.0000,0.3047,-0.3083,-1.1013,-25.2824,-3.6641,-9.6183
302.0000,0.3101,-0.2634,-1.1099,-20.7252,-1.3969,-7.9160
424.0000,0.3059,-0.2461,-1.0859,-16.0076,2.4656,-6.8626
407.0000,0.3062,-0.2112,-1.1060,-16.0458,0.8244,-6.2443
442.0000,0.3108,-0.2246,-1.1018,-13.0611,1.2901,-5.7252
385.0000,0.3083,-0.1787,-1.1084,-16.5038,-0.8168,-5.3588
449.0000,0.3315,-0.1667,-1.1045,-14.6947,1.6336,-5.5267
385.0000,0.3123,-0.1523,-1.1301,-14.4427,2.1603,-5.5038
374.0000,0.3240,-0.1570,-1.1199,-14.4885,0.7405,-5.9924
414.0000,0.3325,-0.1582,-1.0972,-19.7481,2.5878,-5.4809