raw_emg,raw_ax,raw_ay,raw_az,raw_gx,raw_gy,raw_gz
5.0000,0.0056,-0.2551,0.8557,0.6183,1.4962,-1.1298
6.0000,0.0076,-0.2463,0.8584,-0.1221,1.4275,-1.0611
17.0000,0.0024,-0.2361,0.8574,-1.6107,0.8092,-1.0763
42.0000,0.0083,-0.2415,0.8467,-3.6641,1.4351,-1.3130
62.0000,0.0059,-0.2358,0.8420,-5.4122,0.9924,-1.0382
78.0000,0.0022,-0.2412,0.8577,-7.0382,0.9160,-0.8931
89.0000,0.0020,-0.2522,0.8589,-7.3588,0.1908,-0.8626
105.0000,0.0034,-0.2700,0.8669,-6.2290,-0.6031,-1.0229
117.0000,0.0012,-0.2637,0.8591,-4.5267,-0.8244,-1.0076
127.0000,0.0095,-0.2585,0.8635,-3.4962,-0.6260,-0.9924
140.0000,0.0110,-0.2578,0.8655,-2.4962,-0.8244,-0.7405
144.0000,0.0151,-0.2561,0.8630,-1.7634,-0.8550,-0.8015
153.0000,0.0112,-0.2524,0.8665,-2.0763,-0.8092,-0.4656
157.0000,0.0183,-0.2480,0.8630,-3.4122,-0.3893,-0.4656
167.0000,0.0098,-0.2429,0.8508,-5.2061,-0.0687,-0.4122
172.0000,0.0093,-0.2466,0.8503,-6.9847,0.2061,-0.5038
175.0000,0.0076,-0.2439,0.8523,-8.3511,0.1985,-0.5496
179.0000,0.0181,-0.2500,0.8481,-9.3130,0.1221,-0.5954
184.0000,0.0137,-0.2576,0.8416,-9.8931,-0.1832,-0.3130
187.0000,0.0166,-0.2581,0.8428,-9.7863,-0.4198,-0.6183
192.0000,0.0154,-0.2622,0.8503,-9.2977,-0.6336,-0.9618
194.0000,0.0107,-0.2744,0.8484,-8.7939,-0.7481,-0.9847
197.0000,0.0051,-0.2722,0.8528,-8.2595,-0.6565,-1.0916
200.0000,0.0173,-0.2632,0.8599,-7.4351,-0.3130,-1.3359
205.0000,0.0188,-0.2610,0.8499,-6.8931,-0.0305,-1.5344
205.0000,0.0054,-0.2590,0.8469,-6.7939,0.1450,-1.6794
205.0000,0.0088,-0.2642,0.8384,-6.9466,0.0305,-1.8321
217.0000,0.0166,-0.2664,0.8425,-7.5725,-0.2519,-1.7023
213.0000,0.0195,-0.2629,0.8379,-8.4504,-0.1908,-1.4656
213.0000,0.0110,-0.2566,0.8301,-9.4809,-0.1832,-1.4885
220.0000,0.0071,-0.2622,0.8328,-10.3588,-0.5649,-1.3893
217.0000,0.0146,-0.2559,0.8369,-11.1145,-0.5038,-1.4580
222.0000,0.0208,-0.2671,0.8298,-10.7405,-0.4122,-1.4427
224.0000,0.0090,-0.2671,0.8323,-9.7863,-0.4809,-1.4733
226.0000,0.0085,-0.2751,0.8440,-8.4733,-0.3435,-1.6870
227.0000,0.0125,-0.2744,0.8376,-6.3817,0.3053,-1.1145
231.0000,0.0032,-0.2769,0.8506,-3.8397,0.5115,-0.8855
231.0000,0.0117,-0.2749,0.8589,-1.3206,0.6565,-0.4809
231.0000,0.0217,-0.2673,0.8499,-0.5038,0.8779,-0.3511
234.0000,0.0103,-0.2515,0.8474,-0.6641,1.0305,-0.5344
237.0000,0.0044,-0.2532,0.8398,-1.3130,1.0229,-0.5344
236.0000,0.0020,-0.2480,0.8440,-2.3511,0.9313,-0.3740
243.0000,0.0139,-0.2468,0.8552,-3.6336,1.4122,-0.3740
247.0000,0.0095,-0.2520,0.8462,-4.6947,1.5267,-0.3053
246.0000,0.0037,-0.2544,0.8508,-4.7176,1.1450,-0.2519
252.0000,0.0017,-0.2551,0.8601,-4.9847,1.0687,-0.2290
250.0000,0.0112,-0.2510,0.8464,-5.4122,0.7634,-0.0763
248.0000,0.0115,-0.2495,0.8398,-6.0229,0.7328,-0.0840
249.0000,0.0076,-0.2466,0.8411,-7.4351,0.8244,0.0534
252.0000,0.0195,-0.2512,0.8423,-9.2672,1.2366,0.1069
262.0000,0.0183,-0.2478,0.8445,-11.8015,1.5496,0.0382
246.0000,0.0132,-0.2339,0.8452,-14.8244,1.8702,-0.0534
253.0000,0.0039,-0.2305,0.8398,-18.6794,2.3817,-0.5954
265.0000,0.0120,-0.2324,0.8437,-23.3740,1.9695,-1.2290
260.0000,0.0181,-0.2266,0.8452,-28.8244,1.5267,-1.8550
265.0000,0.0139,-0.2371,0.8411,-34.8397,1.8779,-2.2214
272.0000,0.0134,-0.2419,0.8323,-40.4504,2.2748,-2.8092
266.0000,0.0161,-0.2485,0.8396,-46.1527,2.8550,-3.4580
267.0000,0.0198,-0.2568,0.8435,-51.3053,3.2061,-3.7557
269.0000,0.0139,-0.2551,0.8447,-57.2366,3.1679,-4.4885
260.0000,0.0110,-0.2498,0.8545,-63.5725,3.2519,-5.2748
281.0000,0.0085,-0.2559,0.8413,-70.2824,3.5954,-6.0840
317.0000,0.0176,-0.2532,0.8440,-78.8015,3.7863,-6.8779
275.0000,0.0063,-0.2454,0.8169,-88.7786,4.6870,-7.7328
272.0000,0.0071,-0.2578,0.8015,-99.5725,4.9924,-8.6641
274.0000,0.0032,-0.2949,0.7832,-109.1450,4.3969,-9.2214
279.0000,0.0083,-0.3101,0.7942,-119.2824,3.3817,-9.8321
279.0000,0.0076,-0.3357,0.7859,-127.2290,3.3588,-10.2595
279.0000,0.0103,-0.3584,0.7976,-133.1069,2.9084,-10.7786
295.0000,0.0146,-0.3779,0.8071,-136.4351,2.8092,-11.3435
282.0000,0.0071,-0.3984,0.8091,-139.2672,2.9237,-11.6412
296.0000,0.0166,-0.4219,0.8130,-140.9542,3.2366,-12.2061
286.0000,0.0022,-0.4470,0.8230,-141.3435,3.6260,-12.6870
283.0000,-0.0015,-0.4644,0.8032,-140.3206,4.1832,-12.6870
309.0000,-0.0044,-0.4697,0.7883,-139.7939,3.2824,-12.6565
274.0000,-0.0117,-0.4734,0.7534,-141.9542,3.0305,-12.4733
295.0000,-0.0046,-0.4612,0.7461,-145.7328,0.2977,-12.6641
288.0000,0.0042,-0.4614,0.7292,-151.5725,-1.7023,-12.7634
306.0000,0.0010,-0.4648,0.7224,-161.4733,-3.1069,-12.5420
333.0000,0.0027,-0.4744,0.7200,-173.1069,-3.9313,-12.3206
297.0000,0.0137,-0.4666,0.7100,-186.7328,-4.0992,-12.4580
295.0000,0.0173,-0.4641,0.6846,-202.1679,-3.9847,-12.5420
310.0000,0.0217,-0.4851,0.6870,-219.5725,-4.0534,-13.1527
296.0000,0.0396,-0.5046,0.6675,-235.8779,-3.6489,-13.8321
301.0000,0.0352,-0.5244,0.6636,-250.1374,-2.3435,-14.8702
312.0000,0.0425,-0.5479,0.6191,-250.1374,-0.2137,-15.9160
321.0000,0.0356,-0.5769,0.5981,-250.1374,1.2290,-17.5496
298.0000,0.0496,-0.5945,0.5544,-250.1374,3.2214,-19.0000
312.0000,0.0515,-0.6353,0.5222,-250.1374,5.6794,-20.5954
307.0000,0.0420,-0.6265,0.4849,-250.1374,7.3740,-22.9389
297.0000,0.0305,-0.6709,0.4299,-250.1374,7.5420,-25.2977
309.0000,0.0305,-0.7336,0.3943,-250.1374,6.9084,-26.7252
308.0000,0.0217,-0.7617,0.3574,-250.1374,6.1527,-27.7176
309.0000,0.0129,-0.7927,0.3311,-250.1374,5.8855,-29.2214
313.0000,0.0232,-0.8503,0.2896,-250.1374,4.1221,-30.7481
318.0000,0.0132,-0.9058,0.2542,-250.1374,2.0687,-31.5802
314.0000,0.0149,-0.9417,0.2253,-250.1374,1.7786,-32.2137
315.0000,0.0190,-0.9685,0.2100,-250.1374,1.4275,-32.3893
327.0000,0.0300,-0.9727,0.1741,-250.1374,-0.2443,-32.4122
310.0000,0.0291,-0.9817,0.1465,-250.1374,-2.0382,-32.8397
311.0000,0.0315,-1.0200,0.1113,-250.1374,-3.1527,-32.8779
316.0000,0.0305,-1.0249,0.0813,-250.1374,-5.6107,-32.5420
310.0000,0.0598,-0.9993,0.0144,-250.1374,-7.5573,-32.1069
328.0000,0.0591,-1.0076,-0.0039,-250.1374,-9.7023,-32.1145
312.0000,0.0752,-0.9990,-0.0386,-250.1374,-8.1985,-30.3435
327.0000,0.0842,-0.9919,-0.0762,-250.1374,-7.8397,-29.3206
327.0000,0.0791,-0.9558,-0.0859,-250.1374,-5.5115,-28.2901
325.0000,0.0903,-0.9749,-0.1382,-250.1374,-5.4962,-28.8473
332.0000,0.0938,-0.9731,-0.1956,-250.1374,-6.8931,-28.1374
332.0000,0.1062,-0.9417,-0.2339,-250.1374,-8.3282,-27.5267
329.0000,0.0999,-0.9111,-0.2869,-250.1374,-7.9542,-26.8702
340.0000,0.1094,-0.9336,-0.3416,-250.1374,-8.5267,-27.1374
334.0000,0.1060,-0.9612,-0.3850,-250.1374,-8.5038,-26.6183
332.0000,0.1055,-0.9644,-0.4355,-250.1374,-7.5267,-25.7176
358.0000,0.1167,-0.9573,-0.4521,-250.1374,-5.1985,-25.1527
345.0000,0.1157,-0.9390,-0.4717,-250.1374,-4.3130,-24.6870
354.0000,0.1313,-0.9226,-0.5198,-250.1374,-4.4885,-25.1450
337.0000,0.1189,-0.9246,-0.5627,-250.1374,-6.7023,-26.3435
337.0000,0.1243,-0.9224,-0.5945,-250.1374,-8.7176,-26.7939
312.0000,0.1409,-0.9414,-0.6375,-250.1374,-10.4351,-26.9771
347.0000,0.1382,-0.9141,-0.6548,-250.1374,-8.4046,-26.0992
358.0000,0.1523,-0.8916,-0.6677,-250.1374,-6.4351,-26.0229
339.0000,0.1389,-0.8437,-0.6887,-250.1374,-3.0687,-24.7710
360.0000,0.1587,-0.8184,-0.7253,-250.1374,-2.3359,-25.5954
344.0000,0.1379,-0.7629,-0.7407,-250.1374,-0.5496,-24.6641
348.0000,0.1580,-0.6484,-0.7903,-250.1374,1.7405,-25.5725
367.0000,0.1489,-0.5432,-0.7244,-250.1374,-2.1832,-28.4275
353.0000,0.1868,-0.4968,-0.8606,-250.1374,4.9466,-29.4122
347.0000,0.1521,-0.5183,-1.0256,-250.1374,8.7252,-29.9924
361.0000,0.1699,-0.5720,-1.0281,-250.1374,-0.8397,-34.5878
360.0000,0.1611,-0.5769,-1.0400,-250.1374,-2.3053,-35.5954
347.0000,0.1707,-0.5093,-1.0437,-250.1374,3.9237,-34.9237
347.0000,0.1760,-0.5300,-1.0547,-250.1374,10.6794,-36.3282
368.0000,0.1555,-0.5828,-1.0740,-250.1374,6.8321,-38.6565
358.0000,0.1091,-0.5732,-1.0891,-250.1374,-1.1145,-36.6641
371.0000,0.1179,-0.5730,-1.1035,-250.1374,-10.4580,-36.3969
325.0000,0.1213,-0.6414,-1.1348,-250.1374,-16.9237,-34.0229
348.0000,0.0869,-0.5901,-1.1160,-250.1374,-26.5038,-30.8702
336.0000,0.1155,-0.1941,-0.6074,-68.4122,-32.3130,-33.5573
399.0000,0.2358,-0.5518,-0.8936,-73.3435,-32.6489,-31.5496
262.0000,0.0864,-0.5774,-1.1663,-141.3206,-35.6565,-28.3282
383.0000,0.1797,-0.6086,-1.0815,-127.0305,-43.6718,-24.5420
422.0000,0.1001,-0.6511,-1.0984,-75.5496,-62.6565,-21.0687
350.0000,0.1404,-0.4858,-1.1897,-100.5878,-53.9847,-17.7176
453.0000,0.1057,-0.4470,-1.1301,-86.8702,-44.8321,-13.5267
308.0000,0.0227,-0.4038,-1.1638,-66.8168,-66.0382,-18.4809
334.0000,0.1123,-0.3967,-1.2031,-73.2290,-51.1069,-16.9084
305.0000,0.0720,-0.3713,-1.2478,-73.9542,-37.2290,-16.1221
334.0000,0.0554,-0.4121,-1.2717,-62.5954,-35.9160,-16.4504
365.0000,0.0771,-0.3745,-1.2671,-62.6412,-24.7786,-15.0992
421.0000,0.0745,-0.3394,-1.2634,-62.6260,-25.0763,-16.2061
347.0000,0.0825,-0.3264,-1.2334,-59.6718,-17.9542,-16.5802
435.0000,0.1133,-0.2864,-1.2361,-55.2519,-12.7023,-15.8244
378.0000,0.1255,-0.2744,-1.2048,-54.5115,-5.8168,-16.2519
301.0000,0.1326,-0.2507,-1.2327,-49.8550,-3.6794,-17.5725
527.0000,0.1245,-0.2107,-1.2444,-43.0458,-8.9160,-19.3130
341.0000,0.1387,-0.1614,-1.2097,-47.3130,-2.1527,-19.6641
424.0000,0.1392,-0.1853,-1.2061,-40.6031,-1.2137,-20.2061
365.0000,0.1345,-0.1531,-1.1865,-40.7634,-0.5267,-19.7481
338.0000,0.1282,-0.1492,-1.1658,-38.8855,-0.9771,-20.5114
362.0000,0.1301,-0.1665,-1.1477,-26.7863,0.3664,-18.9542
471.0000,0.1318,-0.1245,-1.1858,-36.4275,-0.8321,-17.3053
323.0000,0.1050,-0.1265,-1.1804,-28.1985,-1.8626,-16.0840