raw_emg,raw_ax,raw_ay,raw_az,raw_gx,raw_gy,raw_gz
89.0000,-0.0532,-0.2554,0.8337,-4.8702,-0.1908,-0.9847
174.0000,-0.0544,-0.2483,0.8486,-4.8931,0.0611,-1.0153
170.0000,-0.0652,-0.2512,0.8557,-5.2443,0.1450,-1.1908
108.0000,-0.0588,-0.2551,0.8416,-5.4198,-0.8015,-1.4046
178.0000,-0.0562,-0.2490,0.8479,-6.0611,-1.1298,-1.6794
190.0000,-0.0579,-0.2554,0.8442,-7.4656,-0.1374,-1.8015
120.0000,-0.0615,-0.2542,0.8459,-8.0305,-0.1450,-1.6794
183.0000,-0.0603,-0.2505,0.8462,-8.3817,-0.4580,-1.7252
231.0000,-0.0608,-0.2483,0.8518,-8.6489,-0.3740,-1.6565
144.0000,-0.0549,-0.2527,0.8442,-8.5344,-0.3588,-1.6794
193.0000,-0.0613,-0.2651,0.8408,-7.6870,-0.4351,-1.5573
248.0000,-0.0623,-0.2617,0.8540,-6.8168,-0.2595,-1.4962
177.0000,-0.0562,-0.2617,0.8521,-5.8473,-0.4885,-1.5420
194.0000,-0.0642,-0.2610,0.8459,-5.2214,-0.2366,-1.3130
247.0000,-0.0598,-0.2561,0.8501,-4.3282,-0.1298,-1.2672
193.0000,-0.0632,-0.2576,0.8484,-4.2137,-0.1374,-1.1985
193.0000,-0.0559,-0.2520,0.8418,-4.3435,-0.3053,-1.0534
244.0000,-0.0625,-0.2463,0.8333,-4.6870,-0.4351,-1.1756
200.0000,-0.0596,-0.2551,0.8489,-5.0382,-0.0305,-1.1374
195.0000,-0.0479,-0.2485,0.8523,-5.2366,0.0916,-1.1985
230.0000,-0.0498,-0.2571,0.8379,-5.6183,0.0992,-1.3664
205.0000,-0.0583,-0.2546,0.8384,-5.3664,-0.0916,-1.5954
198.0000,-0.0559,-0.2612,0.8452,-4.8321,-0.0916,-1.6641
224.0000,-0.0601,-0.2534,0.8450,-4.3282,-0.8855,-1.5573
215.0000,-0.0620,-0.2524,0.8354,-4.1527,-0.3206,-1.5191
206.0000,-0.0562,-0.2549,0.8403,-3.9237,-0.3435,-1.6641
218.0000,-0.0698,-0.2588,0.8413,-4.1832,-0.1298,-1.6718
221.0000,-0.0579,-0.2529,0.8501,-4.4504,-0.1298,-1.4962
209.0000,-0.0535,-0.2485,0.8479,-4.0153,-0.5573,-1.3511
228.0000,-0.0588,-0.2585,0.8442,-3.4504,-0.4198,-1.2977
226.0000,-0.0557,-0.2480,0.8386,-3.5649,0.2519,-1.2137
215.0000,-0.0591,-0.2605,0.8328,-2.8015,-0.3817,-0.8550
232.0000,-0.0486,-0.2595,0.8313,-2.3511,-0.2595,-0.6412
237.0000,-0.0576,-0.2498,0.8496,-2.2901,-0.1756,-0.7939
224.0000,-0.0510,-0.2375,0.8433,-2.1603,-0.0153,-0.7710
238.0000,-0.0486,-0.2520,0.8418,-2.0000,0.0076,-0.7405
253.0000,-0.0557,-0.2527,0.8403,-2.1221,-0.1298,-0.5802
230.0000,-0.0515,-0.2500,0.8362,-2.9313,0.2824,-0.6183
240.0000,-0.0552,-0.2461,0.8352,-3.1374,0.5191,-0.4809
256.0000,-0.0552,-0.2498,0.8347,-3.6412,0.3130,-0.5038
243.0000,-0.0579,-0.2458,0.8420,-4.0458,0.2748,-0.4427
240.0000,-0.0569,-0.2617,0.8442,-4.5038,0.6031,-0.6412
267.0000,-0.0510,-0.2515,0.8418,-4.2901,1.0992,-0.3282
243.0000,-0.0540,-0.2603,0.8398,-3.8702,1.1069,-0.1985
245.0000,-0.0579,-0.2625,0.8435,-3.4656,0.7863,-0.3359
269.0000,-0.0518,-0.2559,0.8337,-3.0611,1.2519,-0.2290
250.0000,-0.0510,-0.2527,0.8369,-3.1756,0.9237,-0.1298
250.0000,-0.0603,-0.2515,0.8391,-3.2748,1.0076,-0.0611
262.0000,-0.0601,-0.2461,0.8394,-4.0687,0.9389,-0.1985
254.0000,-0.0581,-0.2498,0.8323,-4.7634,0.9466,-0.4504
253.0000,-0.0522,-0.2515,0.8413,-5.7939,0.7099,-0.5038
257.0000,-0.0522,-0.2510,0.8420,-6.7710,0.9618,-0.4427
252.0000,-0.0581,-0.2512,0.8459,-7.5115,0.7328,-0.3664
257.0000,-0.0605,-0.2578,0.8513,-8.3435,0.9389,-0.6718
257.0000,-0.0491,-0.2627,0.8491,-8.9542,1.0840,-0.7557
264.0000,-0.0557,-0.2534,0.8452,-9.3740,0.9466,-0.9084
280.0000,-0.0566,-0.2664,0.8489,-10.0458,0.8015,-0.9466
264.0000,-0.0593,-0.2551,0.8364,-11.0382,0.6412,-1.2443
276.0000,-0.0610,-0.2407,0.8491,-13.3435,0.3511,-1.8702
260.0000,-0.0623,-0.2336,0.8733,-16.8092,-0.4809,-2.4885
268.0000,-0.0605,-0.2329,0.8511,-20.7710,-0.5725,-2.6641
297.0000,-0.0559,-0.2334,0.8437,-25.1756,-1.3664,-3.4351
261.0000,-0.0667,-0.2429,0.8474,-29.6794,-1.4656,-4.0763
274.0000,-0.0667,-0.2666,0.8516,-32.5115,-2.4122,-4.5954
294.0000,-0.0635,-0.2612,0.8691,-35.4809,-3.2290,-5.0763
289.0000,-0.0583,-0.2683,0.8682,-37.8015,-4.0916,-5.4198
265.0000,-0.0652,-0.2788,0.8677,-38.9847,-4.8092,-5.7863
307.0000,-0.0527,-0.2795,0.8618,-40.3588,-5.8321,-5.9542
293.0000,-0.0574,-0.2742,0.8728,-43.0916,-6.3206,-6.1603
279.0000,-0.0498,-0.2717,0.8638,-47.6183,-6.1374,-6.3359
299.0000,-0.0535,-0.2673,0.8594,-50.1298,-6.0382,-7.4733
313.0000,-0.0500,-0.2615,0.8533,-53.3206,-6.1908,-8.8092
254.0000,-0.0391,-0.2427,0.8242,-57.7176,-6.6718,-10.1679
337.0000,-0.0430,-0.2581,0.8113,-61.5344,-7.2443,-12.0153
300.0000,-0.0518,-0.2471,0.7886,-64.3053,-9.0916,-14.1756
288.0000,-0.0308,-0.2524,0.7725,-68.8473,-11.0611,-16.3511
292.0000,-0.0193,-0.3042,0.7849,-73.7328,-12.7939,-18.3206
309.0000,-0.0144,-0.3469,0.7661,-77.8168,-13.6107,-19.5038
294.0000,-0.0005,-0.3589,0.7600,-83.7786,-15.4656,-19.4885
293.0000,0.0034,-0.3962,0.7776,-89.9084,-14.0763,-20.4122
306.0000,0.0017,-0.4209,0.7856,-91.0916,-15.9313,-20.3206
271.0000,0.0193,-0.4160,0.7939,-93.2137,-11.9771,-20.1679
289.0000,0.0190,-0.4197,0.7917,-93.1832,-10.5267,-19.9160
311.0000,0.0120,-0.4421,0.7920,-90.2061,-10.4962,-20.0992
307.0000,0.0054,-0.4480,0.7915,-87.4733,-9.2137,-19.8168
303.0000,0.0059,-0.4670,0.8005,-84.6565,-7.9237,-19.1679
295.0000,0.0029,-0.4751,0.7876,-81.6031,-7.3435,-18.1374
303.0000,-0.0088,-0.4612,0.7661,-80.8550,-7.8397,-17.0000
300.0000,-0.0117,-0.4377,0.7722,-83.1450,-7.1527,-16.1298
282.0000,-0.0188,-0.4233,0.7542,-87.5038,-6.1298,-15.4656
327.0000,-0.0205,-0.4163,0.7356,-93.0153,-5.2748,-15.2519
290.0000,-0.0259,-0.4175,0.7241,-99.8550,-5.5802,-15.4504
317.0000,-0.0322,-0.4280,0.7112,-107.2061,-7.4275,-15.6794
310.0000,-0.0283,-0.4277,0.7036,-115.6031,-9.1832,-16.1527
315.0000,-0.0356,-0.4534,0.7197,-122.4733,-10.5954,-17.0840
319.0000,-0.0391,-0.4971,0.7434,-129.1450,-11.5649,-17.6641
310.0000,-0.0308,-0.5288,0.7688,-133.9847,-11.3817,-18.0229
319.0000,-0.0313,-0.5752,0.7747,-136.2137,-9.4504,-18.0000
317.0000,-0.0417,-0.6101,0.7715,-136.4046,-7.6183,-17.9847
302.0000,-0.0469,-0.6162,0.7490,-134.5802,-7.4427,-17.9160
318.0000,-0.0366,-0.6406,0.7214,-130.4351,-8.2214,-18.5420
296.0000,-0.0366,-0.6292,0.7043,-127.4351,-10.2901,-18.6412
322.0000,-0.0364,-0.5969,0.6870,-128.0840,-12.1679,-19.4809
326.0000,-0.0195,-0.5630,0.6633,-134.3206,-14.2672,-20.4046
323.0000,-0.0083,-0.5398,0.6436,-146.4198,-14.8855,-21.3588
329.0000,-0.0071,-0.5261,0.6277,-162.4427,-14.4733,-22.7328
306.0000,0.0076,-0.5405,0.6001,-180.2214,-12.7557,-24.2290
344.0000,0.0166,-0.5681,0.5857,-196.3282,-12.0305,-25.2290
340.0000,0.0176,-0.6392,0.5784,-206.9847,-12.2366,-26.4580
320.0000,0.0166,-0.6985,0.5879,-212.0534,-11.9924,-27.3130
313.0000,0.0078,-0.7825,0.5632,-212.0000,-13.4504,-27.5267
321.0000,0.0266,-0.8018,0.5742,-207.9466,-10.9847,-27.3206
318.0000,0.0332,-0.7957,0.5471,-203.4275,-6.7481,-28.0382
359.0000,0.0205,-0.7869,0.5371,-201.6565,-5.1221,-28.3206
344.0000,0.0027,-0.7556,0.4792,-203.2290,-8.4198,-28.8626
279.0000,0.0081,-0.7280,0.4500,-210.6641,-15.3206,-30.6565
342.0000,0.0154,-0.6975,0.4243,-225.1985,-20.5420,-31.8779
345.0000,0.0247,-0.6641,0.3984,-249.2672,-22.0763,-33.1832
301.0000,0.0286,-0.6365,0.3350,-250.1374,-19.5420,-36.5344
321.0000,0.0356,-0.6785,0.2810,-250.1374,-20.4962,-39.6412
376.0000,0.0325,-0.7090,0.2488,-250.1374,-19.2443,-42.4809
336.0000,0.0447,-0.7200,0.2241,-250.1374,-21.5878,-46.3817
350.0000,0.0652,-0.7971,0.1829,-250.1374,-23.5344,-50.4885
358.0000,0.0720,-0.8879,0.1416,-250.1374,-28.0458,-53.3130
336.0000,0.0920,-0.9111,0.1060,-250.1374,-27.4885,-55.2290
343.0000,0.1108,-0.9199,0.0688,-250.1374,-25.1221,-58.8397
327.0000,0.1270,-1.0251,0.0112,-250.1374,-24.6641,-60.4275
338.0000,0.1362,-1.0479,-0.0410,-250.1374,-24.3053,-59.9466
354.0000,0.1492,-1.0627,-0.0520,-250.1374,-22.4046,-61.5649
368.0000,0.1663,-1.0569,-0.1091,-250.1374,-17.8702,-62.0916
348.0000,0.1765,-1.0486,-0.1616,-250.1374,-14.7328,-62.8779
340.0000,0.1821,-1.0417,-0.2190,-250.1374,-14.5038,-63.7252
376.0000,0.1841,-1.0249,-0.2966,-250.1374,-16.0458,-65.3893
362.0000,0.2007,-1.0117,-0.3667,-250.1374,-15.7939,-66.4046
357.0000,0.1929,-1.0144,-0.4431,-250.1374,-17.2748,-67.0763
375.0000,0.2141,-1.0486,-0.4644,-250.1374,-17.3511,-66.7786
325.0000,0.2363,-1.0171,-0.4905,-250.1374,-11.8626,-66.3970
367.0000,0.2446,-1.0132,-0.4912,-250.1374,-9.3435,-67.0763
365.0000,0.2534,-0.9407,-0.5061,-250.1374,-9.5038,-67.7710
332.0000,0.2480,-0.8906,-0.5259,-250.1374,-10.5420,-70.2824
363.0000,0.2585,-0.8250,-0.5850,-250.1374,-9.5038,-71.5267
368.0000,0.2734,-0.8379,-0.6858,-250.1374,-4.1832,-73.0916
355.0000,0.3052,-0.9182,-0.7612,-250.1374,-4.9618,-72.6718
350.0000,0.3064,-0.9414,-0.7927,-250.1374,-5.7863,-70.2748
373.0000,0.2996,-0.8350,-0.7673,-250.1374,-3.2672,-67.8168
383.0000,0.3179,-0.7261,-0.8293,-250.1374,4.0305,-68.6641
365.0000,0.3076,-0.7883,-0.8401,-250.1374,8.5802,-70.0992
384.0000,0.3125,-0.7275,-0.9016,-250.1374,8.2137,-68.5420
511.0000,0.3018,-0.6758,-0.9390,-250.1374,2.9160,-68.6641
375.0000,0.3389,-0.4971,-0.9246,-250.1374,13.2748,-74.4046
313.0000,0.2969,-0.3884,-1.0549,-250.1374,2.3053,-75.7252
376.0000,0.3176,-0.5313,-1.1165,-250.1374,-1.7176,-78.4046
361.0000,0.3352,-0.5159,-1.1016,-250.1374,-0.2366,-76.2443
382.0000,0.3728,-0.4136,-1.1082,-250.1374,-9.2901,-80.1756
360.0000,0.3445,-0.6511,-1.1055,-250.1374,-23.9924,-78.9389
372.0000,0.3403,-0.7041,-1.0718,-250.1374,-41.9237,-71.2672
476.0000,0.3130,-0.7212,-0.9905,-250.1374,-29.9924,-69.2901
352.0000,0.3889,-0.9536,-0.9204,-159.4504,-0.5878,-69.0076
379.0000,0.1924,-0.7769,-1.0261,-143.6412,0.3893,-60.7786
324.0000,0.2808,-0.7996,-0.9473,-90.2519,-3.2290,-52.8092
388.0000,0.1799,-0.6553,-1.0183,-64.9771,-24.7939,-42.4580
336.0000,0.2571,-0.4929,-0.9949,-63.5573,-18.7099,-34.2901
408.0000,0.2554,-0.3770,-1.0405,-55.9924,-9.2366,-30.7786
339.0000,0.2468,-0.2939,-1.0691,-55.1832,-14.4198,-27.8244
368.0000,0.2844,-0.2607,-1.0784,-53.0229,-12.1679,-25.1221
377.0000,0.2761,-0.2380,-1.0708,-52.5573,-12.3588,-22.0687
354.0000,0.2759,-0.2102,-1.1069,-53.8931,-12.1450,-20.0458
456.0000,0.2837,-0.2659,-1.0928,-46.7786,-15.8015,-20.2748
351.0000,0.2717,-0.2725,-1.0693,-43.4504,-16.5802,-18.6870
507.0000,0.2822,-0.2888,-1.0596,-40.6565,-16.4656,-17.8779
347.0000,0.2732,-0.3162,-1.0625,-37.0000,-14.1374,-16.7023
387.0000,0.2781,-0.3127,-1.0750,-32.2061,-12.3053,-14.6565
409.0000,0.2722,-0.2913,-1.0994,-27.8931,-11.6107,-12.9466
354.0000,0.2815,-0.2344,-1.1514,-26.8473,-10.1756,-11.1298
348.0000,0.2849,-0.2363,-1.1621,-23.4504,-10.1145,-10.6107
391.0000,0.2893,-0.2324,-1.1523,-20.0916,-9.1374,-8.7634
390.0000,0.2930,-0.2156,-1.1440,-16.3664,-10.1145,-7.6412
353.0000,0.2896,-0.2173,-1.1221,-15.8321,-9.0840,-6.3130
357.0000,0.2742,-0.1936,-1.1174,-14.6031,-9.9771,-5.2366
431.0000,0.2813,-0.1978,-1.1218,-15.5038,-6.6718,-3.6183
429.0000,0.2834,-0.2278,-1.1062,-11.3969,-7.1298,-2.2977
408.0000,0.3816,-0.2385,-1.0454,3.2672,13.6107,0.1450
422.0000,0.2241,-0.1797,-1.1108,-1.2595,-2.3817,0.7786
334.0000,0.3032,-0.1750,-1.1023,-5.2672,-5.4733,0.2443
384.0000,0.2644,-0.1738,-1.1182,-4.6870,-9.2977,1.2748
434.0000,0.3118,-0.2144,-1.1101,2.1832,2.7176,2.2672
341.0000,0.2490,-0.1794,-1.1672,-1.7786,-6.3511,1.0534
373.0000,0.2771,-0.2014,-1.1628,-3.0763,-4.8702,0.5038
367.0000,0.2766,-0.2139,-1.1648,-4.0153,-5.2748,0.6641
385.0000,0.2786,-0.2478,-1.1372,-2.8473,-5.0076,0.8855
391.0000,0.2881,-0.2463,-1.1221,-1.4504,-4.6031,1.4504
401.0000,0.2805,-0.2568,-1.1077,0.6718,-4.1908,1.6031
356.0000,0.2756,-0.2490,-1.0952,1.5267,-3.6718,2.3282
393.0000,0.2683,-0.2617,-1.0989,2.0229,-3.0229,2.5267
377.0000,0.2629,-0.2507,-1.1135,2.3664,-3.0382,2.8168
427.0000,0.2720,-0.2466,-1.1340,2.0916,-1.8168,2.3435
390.0000,0.2751,-0.2361,-1.1421,1.1527,0.1908,2.0153
402.0000,0.2705,-0.2212,-1.1289,-0.4962,0.0534,2.4580
410.0000,0.2847,-0.2522,-1.1223,-0.7786,2.1756,2.3359
393.0000,0.2793,-0.2600,-1.1130,-0.1756,2.3206,2.6489
394.0000,0.2717,-0.2742,-1.1067,1.5038,2.6183,3.1069
392.0000,0.2781,-0.2727,-1.1089,2.1527,3.2748,3.3664
460.0000,0.2769,-0.2600,-1.1216,2.5115,4.3511,3.5802
381.0000,0.2805,-0.2617,-1.1160,3.4122,4.2366,3.6183
438.0000,0.2847,-0.2517,-1.1133,3.4733,3.8855,3.5115
433.0000,0.2798,-0.2314,-1.1084,2.4962,4.4962,3.1145
450.0000,0.2861,-0.2390,-1.1050,2.4885,4.4351,2.4809
442.0000,0.2854,-0.2585,-1.0889,2.5496,3.9160,2.2214
436.0000,0.2864,-0.2478,-1.0823,0.9389,3.9008,2.3511
424.0000,0.2820,-0.2607,-1.0784,0.8702,3.6336,1.6489
388.0000,0.2832,-0.2810,-1.0803,1.3511,3.3511,1.8015