raw_emg,raw_ax,raw_ay,raw_az,raw_gx,raw_gy,raw_gz
191.0000,-0.0015,-0.1775,0.8564,-3.2672,1.1069,-0.3588
171.0000,0.0066,-0.1726,0.8547,-3.6260,1.5115,-0.2824
169.0000,-0.0032,-0.1799,0.8577,-3.7939,0.9466,-0.0916
159.0000,-0.0083,-0.1726,0.8545,-4.0458,0.7557,-0.0763
156.0000,-0.0049,-0.1689,0.8584,-4.1832,0.3893,-0.0382
150.0000,-0.0056,-0.1765,0.8679,-4.1603,0.4427,0.0076
150.0000,-0.0078,-0.1719,0.8735,-4.3740,0.7023,-0.0840
147.0000,-0.0051,-0.1765,0.8677,-4.4885,0.9695,0.0153
152.0000,-0.0005,-0.1750,0.8628,-4.3893,1.1374,-0.0687
151.0000,-0.0154,-0.1814,0.8638,-4.0611,1.2519,0.0153
148.0000,-0.0159,-0.1738,0.8657,-3.7863,1.0382,-0.1603
155.0000,-0.0059,-0.1738,0.8706,-3.3435,0.6260,-0.0229
147.0000,-0.0117,-0.1758,0.8621,-3.0763,0.2977,0.0611
148.0000,-0.0095,-0.1782,0.8557,-2.7099,0.2137,0.2290
158.0000,-0.0098,-0.1731,0.8540,-2.7023,0.1756,-0.1679
168.0000,-0.0061,-0.1768,0.8596,-2.9008,0.2290,-0.0458
165.0000,-0.0066,-0.1716,0.8623,-3.7099,0.2519,-0.1145
171.0000,-0.0071,-0.1694,0.8528,-4.1756,0.5420,-0.5649
173.0000,-0.0066,-0.1709,0.8623,-4.6031,0.8931,-0.6031
172.0000,-0.0090,-0.1843,0.8530,-4.5725,1.1679,-0.4122
177.0000,-0.0125,-0.1838,0.8569,-4.3359,1.1527,-0.2748
178.0000,-0.0215,-0.1929,0.8579,-3.6260,1.6183,-0.2137
182.0000,-0.0154,-0.1907,0.8591,-2.6336,1.4198,-0.0611
184.0000,-0.0063,-0.1843,0.8511,-1.6794,0.5954,-0.1221
187.0000,-0.0144,-0.1812,0.8394,-0.9695,-0.0687,0.1450
187.0000,-0.0107,-0.1680,0.8579,-1.3740,-0.4351,0.0763
191.0000,-0.0059,-0.1655,0.8667,-2.7481,-0.5420,0.2748
195.0000,-0.0073,-0.1694,0.8611,-4.3740,0.2748,-0.1527
193.0000,-0.0083,-0.1814,0.8540,-5.6183,1.1221,-0.1603
194.0000,-0.0107,-0.1782,0.8474,-6.3053,1.8244,0.0076
201.0000,-0.0059,-0.1873,0.8547,-5.6260,2.2595,-0.3740
207.0000,-0.0144,-0.1877,0.8384,-4.0763,1.7557,-0.3282
204.0000,-0.0098,-0.1919,0.8579,-2.2595,0.9695,-0.3282
210.0000,-0.0024,-0.1809,0.8579,-1.1756,0.4504,-0.3588
210.0000,0.0005,-0.1702,0.8655,-0.8321,0.3053,-0.3817
212.0000,-0.0095,-0.1667,0.8630,-1.5725,0.7863,-0.5115
215.0000,-0.0134,-0.1719,0.8660,-2.8244,1.1985,-0.5038
218.0000,-0.0066,-0.1707,0.8733,-3.9771,1.9008,-0.5725
217.0000,-0.0093,-0.1733,0.8687,-4.8779,1.9389,-0.4198
219.0000,-0.0144,-0.1726,0.8640,-4.8321,1.6718,-0.3664
223.0000,-0.0142,-0.1680,0.8623,-4.4198,1.0382,-0.1908
224.0000,-0.0090,-0.1697,0.8760,-4.0000,0.0534,-0.2748
233.0000,-0.0149,-0.1760,0.8621,-3.7099,-0.5725,-0.2672
225.0000,-0.0010,-0.1704,0.8733,-3.3893,-0.6260,-0.2748
232.0000,-0.0032,-0.1714,0.8669,-3.8473,-0.0611,-0.4504
233.0000,0.0012,-0.1689,0.8748,-3.9542,0.4885,-0.6947
239.0000,-0.0034,-0.1724,0.8708,-4.2061,0.6718,-0.6489
240.0000,-0.0020,-0.1672,0.8586,-4.6031,0.9542,-0.6641
237.0000,-0.0042,-0.1685,0.8601,-5.4122,0.7557,-0.8855
240.0000,0.0051,-0.1729,0.8640,-6.0305,0.4580,-1.0076
240.0000,-0.0046,-0.1750,0.8743,-6.4198,0.5420,-1.2137
246.0000,0.0007,-0.1814,0.8643,-6.6489,0.8855,-1.1908
249.0000,0.0037,-0.1782,0.8665,-6.6412,1.3359,-1.2443
249.0000,-0.0027,-0.1719,0.8689,-7.1908,1.2443,-1.3893
246.0000,-0.0046,-0.1655,0.8735,-8.4351,1.3053,-1.7176
273.0000,-0.0005,-0.1619,0.8782,-10.7023,1.0992,-2.2519
256.0000,-0.0081,-0.1501,0.8933,-14.0458,1.2290,-2.4962
256.0000,-0.0107,-0.1443,0.8977,-18.7176,1.8015,-2.8931
254.0000,-0.0171,-0.1365,0.9031,-24.4046,2.3435,-3.1985
255.0000,-0.0173,-0.1375,0.8945,-31.0916,2.0229,-3.3511
265.0000,-0.0159,-0.1565,0.8977,-36.9924,1.7023,-3.9313
263.0000,-0.0190,-0.1528,0.8955,-42.8626,1.4885,-5.1450
270.0000,-0.0183,-0.1680,0.8950,-47.7328,0.7557,-5.4198
304.0000,-0.0227,-0.1536,0.8804,-54.5573,-0.1374,-6.9237
282.0000,-0.0078,-0.1536,0.8909,-62.5649,-1.3893,-9.6947
252.0000,-0.0254,-0.1636,0.8770,-69.1985,-3.1679,-11.5344
218.0000,-0.0122,-0.1711,0.8779,-78.4428,-5.3053,-13.0458
295.0000,0.0085,-0.1685,0.8772,-88.2214,-5.6412,-15.3893
304.0000,-0.0022,-0.1472,0.8853,-98.5649,-4.1756,-18.7099
263.0000,0.0093,-0.1074,0.8909,-112.0763,-3.7710,-22.3053
237.0000,0.0232,-0.0911,0.8906,-130.6260,-6.2595,-28.2290
291.0000,0.0347,-0.0837,0.8804,-152.7481,-5.6412,-32.1679
285.0000,0.0347,-0.1062,0.8401,-175.0153,-1.6641,-35.1450
269.0000,0.0295,-0.1301,0.7830,-199.1527,-1.2595,-38.2824
281.0000,0.0225,-0.2039,0.7485,-223.2061,-1.7863,-41.5038
313.0000,0.0100,-0.2908,0.7373,-243.4809,-2.9847,-43.3130
289.0000,-0.0024,-0.3796,0.7512,-250.1374,-3.3817,-44.8550
265.0000,-0.0027,-0.4875,0.7971,-250.1374,-3.7939,-46.5725
300.0000,-0.0193,-0.6235,0.8298,-250.1374,-4.7328,-47.6794
292.0000,-0.0322,-0.7097,0.8503,-236.0458,-6.7252,-46.8855
288.0000,-0.0708,-0.8103,0.8152,-210.4504,-16.3740,-44.9237
260.0000,-0.0254,-0.7832,0.8401,-190.6947,-15.8244,-42.2901
296.0000,0.0032,-0.7339,0.8301,-171.5191,-17.3206,-39.2824
295.0000,-0.0032,-0.7141,0.8130,-154.2595,-19.9847,-36.8092
299.0000,0.0022,-0.6672,0.7917,-142.3817,-26.4580,-33.5115
294.0000,0.0146,-0.6177,0.7661,-138.7633,-31.5420,-30.8168
307.0000,0.0400,-0.5696,0.7295,-142.1221,-33.5802,-29.0000
307.0000,0.0703,-0.5313,0.7041,-149.7786,-32.0458,-28.3511
281.0000,0.0806,-0.5149,0.6846,-161.2977,-30.1527,-28.0382
301.0000,0.0938,-0.5146,0.6602,-174.2061,-29.3588,-27.8092
309.0000,0.1008,-0.5068,0.6201,-187.0000,-29.2061,-27.6870
301.0000,0.1194,-0.5088,0.6101,-200.4656,-28.5496,-27.6489
311.0000,0.1272,-0.5063,0.5625,-216.0000,-26.5420,-27.7405
331.0000,0.1216,-0.5293,0.5229,-231.9618,-24.2290,-27.9084
269.0000,0.1221,-0.5916,0.4832,-246.4733,-21.9618,-27.8473
276.0000,0.1182,-0.6514,0.4807,-250.1374,-19.3511,-27.5878
353.0000,0.1135,-0.7224,0.4431,-250.1374,-15.0916,-26.9618
286.0000,0.1125,-0.7544,0.4363,-250.1374,-12.3282,-27.0840
308.0000,0.1025,-0.7712,0.4309,-250.1374,-9.6031,-27.3206
322.0000,0.0803,-0.7773,0.4314,-250.1374,-10.4733,-27.1298
283.0000,0.0752,-0.7766,0.3909,-250.1374,-12.5725,-27.8244
353.0000,0.0691,-0.7639,0.3557,-250.1374,-15.5191,-27.8397
328.0000,0.0850,-0.7273,0.3479,-250.1374,-16.4656,-28.6183
331.0000,0.0742,-0.7307,0.3059,-250.1374,-15.0305,-29.7328
317.0000,0.0835,-0.7346,0.2639,-250.1374,-14.0153,-31.3206
342.0000,0.0815,-0.7578,0.2349,-250.1374,-12.4504,-33.1298
322.0000,0.0925,-0.7749,0.1921,-250.1374,-10.6183,-35.2748
316.0000,0.0981,-0.8167,0.1360,-250.1374,-10.2595,-37.0611
356.0000,0.0952,-0.8804,0.1406,-250.1374,-11.5038,-38.0763
363.0000,0.1028,-0.9097,0.0737,-250.1374,-13.9160,-37.5038
343.0000,0.1123,-0.9341,0.0461,-250.1374,-13.8168,-36.1832
313.0000,0.1121,-0.9753,-0.0081,-250.1374,-13.5420,-34.9466
329.0000,0.1108,-0.9880,-0.0339,-250.1374,-13.8473,-33.2748
300.0000,0.1316,-0.9746,-0.0562,-250.1374,-13.9924,-30.8550
307.0000,0.1550,-0.9497,-0.0754,-250.1374,-12.1374,-29.2443
330.0000,0.1602,-0.9805,-0.1414,-250.1374,-10.2748,-28.7176
320.0000,0.1411,-0.9946,-0.1824,-250.1374,-10.7405,-27.5802
361.0000,0.1453,-1.0044,-0.2249,-250.1374,-11.5954,-26.3435
327.0000,0.1626,-1.0042,-0.2588,-250.1374,-11.3740,-25.9542
353.0000,0.1653,-0.9934,-0.3005,-250.1374,-10.3588,-26.1756
351.0000,0.1699,-0.9351,-0.3188,-250.1374,-7.8626,-24.7634
360.0000,0.1943,-0.8889,-0.3579,-250.1374,-6.4656,-24.8855
356.0000,0.1785,-0.8308,-0.4143,-250.1374,-6.8855,-25.7405
337.0000,0.1865,-0.7722,-0.4690,-250.1374,-6.8092,-26.3969
360.0000,0.1904,-0.7065,-0.5232,-250.1374,-4.9771,-27.0611
341.0000,0.1963,-0.7283,-0.5708,-250.1374,-1.8397,-28.2214
325.0000,0.2036,-0.6902,-0.6038,-250.1374,1.1374,-28.7023
339.0000,0.2185,-0.7224,-0.6753,-250.1374,2.4885,-30.8779
344.0000,0.2109,-0.7661,-0.7214,-250.1374,2.8702,-31.5038
349.0000,0.2036,-0.7727,-0.7583,-250.1374,2.7786,-31.8702
302.0000,0.2087,-0.8186,-0.7891,-250.1374,2.8168,-32.4962
332.0000,0.1953,-0.8376,-0.8352,-250.1374,0.6565,-32.0305
381.0000,0.2236,-0.7532,-0.8574,-250.1374,-0.5725,-31.1374
350.0000,0.2219,-0.7307,-0.8821,-250.1374,-2.2137,-31.8321
347.0000,0.2258,-0.6506,-0.9248,-250.1374,-1.6794,-31.1450
352.0000,0.2288,-0.6189,-0.9446,-250.1374,-0.3359,-31.9618
386.0000,0.2302,-0.5400,-0.9880,-250.1374,0.7481,-32.8626
399.0000,0.2261,-0.4836,-1.0325,-250.1374,2.6183,-34.5038
399.0000,0.2522,-0.3960,-1.0894,-250.1374,3.4656,-36.2214
368.0000,0.2495,-0.4951,-1.1350,-250.1374,1.7939,-39.6031
358.0000,0.2341,-0.5203,-1.1497,-250.1374,-2.7634,-41.7710
382.0000,0.1985,-0.6223,-1.1550,-250.1374,-11.5344,-44.0611
313.0000,0.2148,-0.7441,-1.1489,-250.1374,-17.3282,-44.7634
316.0000,0.2017,-0.8708,-1.1389,-250.1374,-19.4809,-43.5725
357.0000,0.1602,-0.8677,-1.1018,-250.1374,-19.8626,-39.6565
425.0000,0.1565,-0.7788,-1.0818,-179.7557,-22.0992,-36.0916
376.0000,0.1614,-0.6304,-1.0579,-116.4122,-25.4733,-32.3817
380.0000,0.2029,-0.5046,-1.0415,-64.0076,-30.3206,-29.8931
426.0000,0.2065,-0.3469,-1.0542,-26.3130,-31.9618,-27.8550
358.0000,0.2141,-0.1841,-1.1050,-7.3664,-31.5649,-27.5496
370.0000,0.2747,-0.1243,-1.1462,-16.9924,-21.2824,-26.6870
418.0000,0.2134,-0.1021,-1.1733,-23.7023,-23.8244,-26.0458
410.0000,0.2029,-0.1150,-1.2197,-44.2366,-18.4198,-22.1679
341.0000,0.2085,-0.1438,-1.2136,-66.8321,-15.6870,-19.4733
415.0000,0.2034,-0.2029,-1.2004,-74.1450,-13.2290,-16.4046
342.0000,0.1946,-0.2124,-1.1870,-66.0840,-13.2214,-14.0840
340.0000,0.2136,-0.2617,-1.1855,-49.0000,-13.9466,-11.2214
405.0000,0.2024,-0.2612,-1.1738,-32.1374,-16.5649,-8.9542
483.0000,0.2036,-0.2266,-1.1672,-20.1145,-23.7176,-7.4427
373.0000,0.2673,-0.2168,-1.1440,-10.2290,-7.2061,-5.5191