raw_emg,raw_ax,raw_ay,raw_az,raw_gx,raw_gy,raw_gz
114.0000,-0.0447,-0.3176,0.8315,-2.6412,0.4504,-0.3969
159.0000,-0.0408,-0.3105,0.8389,-2.6641,0.5115,-0.4656
188.0000,-0.0420,-0.3132,0.8416,-2.4733,-0.1679,-0.2443
169.0000,-0.0439,-0.3118,0.8381,-2.5191,-0.4351,-0.1832
168.0000,-0.0393,-0.3054,0.8376,-2.9847,-0.1374,-0.0611
200.0000,-0.0359,-0.3083,0.8425,-3.7023,-0.6794,-0.0763
172.0000,-0.0388,-0.3059,0.8318,-4.1450,-0.6412,-0.3435
172.0000,-0.0405,-0.3032,0.8345,-5.2824,0.0382,-0.1450
200.0000,-0.0334,-0.3147,0.8398,-5.2061,0.4122,-0.1603
183.0000,-0.0327,-0.3164,0.8354,-4.4046,0.4122,-0.1908
181.0000,-0.0383,-0.3213,0.8379,-3.8092,0.4809,-0.2443
194.0000,-0.0369,-0.3093,0.8271,-3.0076,0.1527,-0.2214
191.0000,-0.0339,-0.3120,0.8262,-2.2137,-0.3969,-0.4809
190.0000,-0.0366,-0.3066,0.8296,-2.5115,-0.5725,-0.7557
192.0000,-0.0437,-0.3066,0.8335,-2.7710,-0.1221,-0.9389
193.0000,-0.0413,-0.3071,0.8389,-3.4046,0.3893,-0.6336
196.0000,-0.0354,-0.3020,0.8293,-4.1756,0.8550,-0.5344
187.0000,-0.0359,-0.3035,0.8293,-4.4580,1.0229,-0.6489
201.0000,-0.0388,-0.3083,0.8335,-4.2366,0.6489,-0.4504
201.0000,-0.0405,-0.3035,0.8198,-3.6718,0.0076,-0.5267
210.0000,-0.0415,-0.3062,0.8323,-3.4809,-0.2519,-0.6870
211.0000,-0.0374,-0.3079,0.8350,-3.6489,-0.6260,-0.4504
212.0000,-0.0361,-0.3052,0.8301,-3.7939,-0.5420,-0.3359
212.0000,-0.0374,-0.3032,0.8313,-4.0992,-0.1298,-0.2443
217.0000,-0.0369,-0.3066,0.8381,-4.4656,0.7176,-0.1603
219.0000,-0.0405,-0.3040,0.8381,-4.7710,0.8779,-0.1908
215.0000,-0.0405,-0.3057,0.8352,-4.7176,0.9695,-0.2672
223.0000,-0.0452,-0.3015,0.8374,-4.7481,0.8931,-0.2137
229.0000,-0.0383,-0.3149,0.8281,-4.9008,0.8779,-0.3359
218.0000,-0.0425,-0.3123,0.8296,-5.4809,0.8779,-0.2061
234.0000,-0.0500,-0.3164,0.8206,-5.9160,0.9008,-0.5802
238.0000,-0.0398,-0.3140,0.8228,-5.9542,1.4198,-0.3435
220.0000,-0.0344,-0.3181,0.8269,-5.6794,1.6641,-0.4504
236.0000,-0.0413,-0.3142,0.8193,-5.1679,1.5725,-0.3435
229.0000,-0.0432,-0.3210,0.8245,-4.5496,1.2977,-0.5878
227.0000,-0.0479,-0.3191,0.8274,-4.1374,1.1145,-0.4580
236.0000,-0.0330,-0.3164,0.8184,-3.6870,1.2901,-0.4275
235.0000,-0.0383,-0.3108,0.8315,-4.0611,1.0916,-0.3206
234.0000,-0.0466,-0.3220,0.8201,-4.5191,0.8855,-0.2824
233.0000,-0.0366,-0.3157,0.8196,-4.7405,0.9924,-0.3969
240.0000,-0.0405,-0.3088,0.8196,-5.1679,0.9847,-0.2214
240.0000,-0.0315,-0.3130,0.8230,-5.9008,1.2977,-0.1450
232.0000,-0.0347,-0.3159,0.8220,-6.5649,1.5191,-0.3206
247.0000,-0.0364,-0.3140,0.8257,-6.8397,1.0229,-0.0763
248.0000,-0.0295,-0.3167,0.8396,-7.6412,1.2290,-0.4122
232.0000,-0.0283,-0.3088,0.8230,-8.6718,1.4809,-0.4733
250.0000,-0.0444,-0.3137,0.8208,-9.2061,1.3282,-0.7099
258.0000,-0.0378,-0.3167,0.8188,-9.9084,1.5191,-0.8931
243.0000,-0.0432,-0.3142,0.8315,-10.6794,1.6031,-0.9466
283.0000,-0.0337,-0.3159,0.8213,-12.0153,1.3588,-1.0916
252.0000,-0.0461,-0.2937,0.8318,-14.6870,0.7863,-1.7710
244.0000,-0.0452,-0.3137,0.8350,-18.4427,-0.0992,-2.4656
277.0000,-0.0464,-0.2810,0.8435,-23.2290,-1.1908,-3.8397
269.0000,-0.0520,-0.2642,0.8328,-29.5038,-2.1069,-5.1145
262.0000,-0.0608,-0.2786,0.8298,-37.2595,-3.4427,-6.2595
252.0000,-0.0491,-0.2871,0.8184,-44.6565,-4.5038,-7.2977
268.0000,-0.0493,-0.2939,0.8130,-51.9466,-5.2061,-7.7099
270.0000,-0.0486,-0.3250,0.8301,-57.9313,-6.1603,-8.0229
297.0000,-0.0544,-0.3235,0.8372,-62.3130,-7.9313,-8.2519
284.0000,-0.0557,-0.3203,0.8455,-67.5725,-10.5802,-9.2290
256.0000,-0.0415,-0.3167,0.8418,-72.5191,-13.0000,-10.4656
305.0000,-0.0339,-0.3315,0.8142,-78.9466,-15.2672,-11.6107
263.0000,-0.0291,-0.3228,0.8010,-87.6183,-16.7710,-13.1985
298.0000,-0.0286,-0.3193,0.8032,-99.4657,-17.3206,-14.4580
283.0000,-0.0281,-0.3250,0.7830,-110.8321,-17.2672,-16.1908
308.0000,-0.0198,-0.3477,0.7703,-127.9313,-18.6565,-18.6565
270.0000,-0.0222,-0.3521,0.7600,-144.3740,-20.9618,-20.4122
311.0000,-0.0105,-0.3477,0.7578,-162.8397,-23.0916,-22.6870
235.0000,-0.0088,-0.3564,0.7473,-181.4275,-25.5573,-24.8626
266.0000,-0.0017,-0.3662,0.7493,-201.9847,-27.5725,-27.3511
297.0000,-0.0002,-0.3760,0.7219,-225.0076,-29.9389,-29.5267
299.0000,0.0029,-0.3875,0.6982,-249.9313,-29.3206,-32.1450
262.0000,0.0027,-0.4199,0.6580,-250.1374,-29.6947,-34.7939
314.0000,0.0127,-0.4363,0.6243,-250.1374,-30.7710,-37.1069
314.0000,0.0144,-0.4626,0.5872,-250.1374,-33.3359,-41.3282
317.0000,0.0354,-0.5007,0.5662,-250.1374,-32.8931,-45.1832
280.0000,0.0137,-0.5347,0.5193,-250.1374,-34.0687,-49.7176
295.0000,0.0227,-0.5415,0.4653,-250.1374,-39.7939,-54.1450
304.0000,0.0361,-0.5813,0.4053,-250.1374,-43.5191,-58.4962
310.0000,0.0361,-0.6851,0.3806,-250.1374,-43.9924,-61.3740
324.0000,0.0503,-0.8096,0.3506,-250.1374,-42.3740,-62.9618
324.0000,0.0552,-0.9482,0.3074,-250.1374,-40.3893,-63.2748
289.0000,0.0686,-1.0439,0.3193,-250.1374,-34.0992,-62.3511
347.0000,0.0706,-1.1494,0.2729,-250.1374,-31.6718,-61.6031
259.0000,0.0806,-1.2087,0.2458,-250.1374,-32.7481,-61.7634
289.0000,0.1042,-1.1580,0.2122,-250.1374,-38.8702,-60.5038
314.0000,0.1169,-1.1318,0.1597,-250.1374,-46.0229,-60.7786
295.0000,0.1365,-1.0991,0.1445,-250.1374,-37.9771,-58.5420
273.0000,0.1387,-1.0012,0.0413,-250.1374,-34.8092,-59.5115
339.0000,0.1602,-1.0000,0.0088,-250.1374,-36.3282,-60.6794
321.0000,0.1702,-0.9399,-0.0510,-250.1374,-32.3588,-61.1908
309.0000,0.1758,-0.9319,-0.1135,-250.1374,-33.0763,-64.8779
316.0000,0.1895,-0.9570,-0.1689,-250.1374,-34.3664,-66.1145
313.0000,0.2056,-0.8933,-0.2114,-250.1374,-36.5802,-66.8473
345.0000,0.2158,-0.8977,-0.2893,-250.1374,-34.4198,-70.2595
351.0000,0.2244,-0.9441,-0.3782,-250.1374,-32.4122,-72.5420
294.0000,0.2249,-0.9548,-0.4548,-250.1374,-32.7099,-72.8092
310.0000,0.2463,-1.0298,-0.4971,-250.1374,-31.0763,-74.3817
341.0000,0.2441,-1.0696,-0.5112,-250.1374,-31.3206,-73.2137
288.0000,0.2568,-1.0295,-0.5249,-250.1374,-30.6641,-71.0916
323.0000,0.2563,-1.0605,-0.5515,-250.1374,-29.9313,-69.6412
342.0000,0.2620,-1.0823,-0.5671,-250.1374,-33.8702,-67.1527
340.0000,0.2605,-1.0361,-0.5593,-250.1374,-34.4275,-63.6489
319.0000,0.2642,-1.0100,-0.5430,-250.1374,-29.3435,-61.6489
329.0000,0.2788,-0.8999,-0.5471,-250.1374,-22.2748,-59.2137
353.0000,0.2629,-0.7529,-0.5925,-250.1374,-19.2061,-60.9618
314.0000,0.2615,-0.5735,-0.7068,-250.1374,-19.2748,-65.7481
367.0000,0.2529,-0.4719,-0.7817,-250.1374,-20.6870,-68.4657
393.0000,0.2688,-0.4138,-0.8699,-250.1374,-21.3435,-74.4428
375.0000,0.2891,-0.4060,-0.9409,-250.1374,-15.7863,-77.7405
425.0000,0.2981,-0.4780,-0.9968,-250.1374,-12.7863,-80.4198
261.0000,0.3271,-0.4680,-1.0547,-250.1374,-3.5802,-83.1527
336.0000,0.3171,-0.5769,-1.1138,-250.1374,-4.9084,-86.4275
390.0000,0.3315,-0.6746,-1.1411,-250.1374,-7.2672,-85.1145
340.0000,0.3792,-0.9084,-1.1731,-250.1374,-13.5115,-87.0611
337.0000,0.3462,-0.8188,-1.0513,-250.1374,-21.4351,-86.8626
311.0000,0.2207,-0.7200,-1.1072,-250.1374,-33.9847,-75.9695
269.0000,0.3840,-0.9514,-0.9597,-250.1374,-19.3588,-72.7405
315.0000,0.3113,-0.8127,-0.9526,-250.1374,-12.1603,-58.3130
352.0000,0.2444,-0.5139,-0.9612,-224.7252,-13.2137,-50.2977
400.0000,0.2185,-0.3655,-1.0571,-196.2519,-21.3817,-50.2290
291.0000,0.2920,-0.3777,-1.0378,-165.2290,-13.9618,-46.6794
419.0000,0.2573,-0.2881,-1.0735,-153.6717,-12.9695,-42.3893
263.0000,0.2683,-0.2861,-1.1021,-135.1527,-11.7099,-42.3282