raw_emg,raw_ax,raw_ay,raw_az,raw_gx,raw_gy,raw_gz
5.0000,0.3884,0.0986,-1.1179,5.5496,11.7786,-55.5344
5.0000,0.3896,0.0955,-1.1201,2.0153,4.5191,-5.0763
5.0000,0.3933,0.0923,-1.1123,1.4733,4.7939,-5.9160
5.0000,0.3826,0.0789,-1.0959,0.0076,5.5115,-6.1298
11.0000,0.3860,0.0728,-1.0898,-1.6260,5.6641,-5.9771
26.0000,0.3909,0.0693,-1.0835,-2.0763,5.8855,-5.3359
46.0000,0.3892,0.0769,-1.0857,-1.5802,5.5191,-4.7023
72.0000,0.3860,0.0750,-1.0874,-0.4275,5.1679,-3.6565
83.0000,0.3843,0.0767,-1.0740,1.0229,5.1527,-3.4656
86.0000,0.3838,0.0662,-1.0754,1.8702,5.1374,-3.0992
107.0000,0.3762,0.0881,-1.0937,1.5344,4.4504,-2.7099
114.0000,0.3665,0.0774,-1.0845,1.2443,3.3588,-2.1908
130.0000,0.3853,0.0879,-1.0884,0.8473,3.5649,-2.1527
141.0000,0.3828,0.0889,-1.0776,0.0763,3.6031,-2.1298
146.0000,0.3767,0.0791,-1.0886,0.1603,3.6183,-2.2824
156.0000,0.3706,0.0713,-1.0803,0.0000,2.6489,-2.2290
150.0000,0.3813,0.0725,-1.0815,0.5878,2.4275,-2.1832
164.0000,0.3892,0.0803,-1.0842,0.7176,2.4122,-1.8702
170.0000,0.3860,0.0850,-1.0896,-0.3893,1.7939,-1.6947
167.0000,0.3833,0.0828,-1.0916,-2.4198,1.4809,-1.5878
177.0000,0.3728,0.0928,-1.0881,-3.7481,1.3053,-1.3664
185.0000,0.3748,0.0903,-1.0867,-4.0000,1.3206,-1.2824
185.0000,0.3843,0.0791,-1.0767,-4.4580,1.0305,-0.9924
181.0000,0.3804,0.0732,-1.0750,-3.9847,1.2748,-0.7176
180.0000,0.3796,0.0635,-1.0847,-3.0916,0.8397,-0.6489
195.0000,0.3845,0.0654,-1.0840,-2.8626,0.8321,-0.4809
199.0000,0.3867,0.0671,-1.0835,-2.0076,0.6718,-0.1069
199.0000,0.3843,0.0771,-1.0815,-1.0382,0.5954,0.2366
201.0000,0.3887,0.0732,-1.0820,-1.0992,0.5267,0.7405
201.0000,0.3936,0.0823,-1.0784,-1.0763,0.6107,0.6870
210.0000,0.3843,0.0786,-1.0840,-1.7176,0.5954,0.6489
207.0000,0.3901,0.0779,-1.0803,-2.5267,0.5420,0.2443
210.0000,0.3909,0.0752,-1.0754,-2.5496,0.3130,0.6031
225.0000,0.3867,0.0625,-1.0762,-3.0305,0.3435,0.7863
222.0000,0.3889,0.0654,-1.0747,-3.3817,0.8931,0.9924
220.0000,0.3909,0.0574,-1.0803,-3.2137,1.2290,0.8397
224.0000,0.3823,0.0579,-1.0803,-2.6718,1.1603,0.8092
226.0000,0.3899,0.0554,-1.0898,-1.7863,0.8779,0.7863
232.0000,0.3870,0.0520,-1.0728,-1.3053,0.9389,0.2443
230.0000,0.3987,0.0469,-1.0728,-0.6260,0.9466,-0.0153
224.0000,0.3989,0.0488,-1.0649,-0.4733,1.3740,-0.3053
247.0000,0.4016,0.0469,-1.0667,0.2519,1.5115,-0.6794
231.0000,0.4075,0.0410,-1.0735,0.3664,1.6870,-0.8397
238.0000,0.4041,0.0420,-1.0654,0.3282,1.5344,-0.9695
234.0000,0.4072,0.0461,-1.0657,0.1756,1.2061,-0.8931
240.0000,0.4041,0.0439,-1.0625,0.2137,0.8931,-0.5878
241.0000,0.3997,0.0559,-1.0627,0.5420,1.0305,-0.5725
244.0000,0.4067,0.0547,-1.0681,1.0916,1.1679,-0.8931
247.0000,0.4146,0.0618,-1.0850,1.1603,1.3664,-1.5115
241.0000,0.4026,0.0684,-1.0771,1.0229,1.2519,-2.4198
250.0000,0.3977,0.0735,-1.0713,-0.2137,0.3282,-2.7176
251.0000,0.4014,0.0659,-1.0801,-1.3435,-0.2061,-2.8015
252.0000,0.4116,0.0737,-1.0784,-1.3282,0.8855,-2.9466
256.0000,0.4153,0.0740,-1.0852,-1.5038,1.3969,-3.2595
253.0000,0.4041,0.0667,-1.0779,-2.2672,1.1985,-3.4809
256.0000,0.3989,0.0684,-1.0801,-2.6489,2.4351,-2.7252
257.0000,0.3979,0.0647,-1.0833,-2.7939,2.0611,-2.4427
252.0000,0.4033,0.0667,-1.0818,-2.8473,0.7634,-2.0916
267.0000,0.4080,0.0815,-1.0962,-2.6183,0.7863,-1.9847
264.0000,0.3960,0.0828,-1.0955,-2.0153,-0.0534,-1.6870
260.0000,0.3950,0.0950,-1.0979,-1.6260,-0.4122,-1.6565
261.0000,0.3928,0.0986,-1.1047,-2.4275,-0.4122,-1.7634
267.0000,0.3955,0.0833,-1.1011,-3.5649,-0.5038,-2.0992
267.0000,0.3848,0.0886,-1.0977,-6.1985,-1.0763,-2.2901
269.0000,0.3826,0.1001,-1.1013,-6.5496,-1.8931,-1.7557
279.0000,0.3882,0.1006,-1.1123,-6.6031,-1.6183,-0.6641
284.0000,0.3838,0.1011,-1.1228,-6.8397,-1.6794,0.2977
278.0000,0.3743,0.1123,-1.1194,-8.1756,-2.1145,1.2366
308.0000,0.3755,0.1299,-1.1240,-8.8855,-3.0458,2.6870
273.0000,0.3689,0.1506,-1.1099,-9.9847,-3.0840,4.5115
276.0000,0.3728,0.1790,-1.1196,-10.1679,-2.6947,6.9084
293.0000,0.3730,0.1990,-1.1196,-9.2137,-2.4351,9.9237
293.0000,0.3745,0.2092,-1.1257,-7.3664,-2.2290,13.0458
286.0000,0.3679,0.2244,-1.1257,-5.6641,-2.3740,16.4580
309.0000,0.3486,0.2446,-1.1299,-5.2977,-3.2901,20.7710
300.0000,0.3459,0.2634,-1.1243,-5.6336,-3.4351,25.6031
287.0000,0.3406,0.2864,-1.1318,-5.2290,-3.1756,30.9771
296.0000,0.3147,0.3062,-1.1243,-2.6183,-3.7252,37.4351
276.0000,0.2996,0.3247,-1.1455,2.4351,-4.5878,44.7405
317.0000,0.2864,0.3503,-1.1494,8.1527,-6.7405,52.4198
274.0000,0.2593,0.3848,-1.1636,11.6870,-9.0687,59.5344
299.0000,0.2446,0.4199,-1.1807,13.3130,-10.6183,66.3053
286.0000,0.2395,0.4333,-1.1943,13.0076,-12.2061,71.9771
320.0000,0.2244,0.4517,-1.2065,6.8397,-13.8855,76.7634
272.0000,0.2292,0.4575,-1.2114,-2.0076,-14.7939,80.7176
331.0000,0.2183,0.4534,-1.2017,-13.6260,-16.4656,84.9924
306.0000,0.2185,0.4275,-1.1741,-25.4427,-16.8321,90.3435
304.0000,0.2124,0.4060,-1.1538,-32.1756,-19.3435,96.6718
325.0000,0.2153,0.3613,-1.1548,-36.5802,-18.6947,103.1679
329.0000,0.2166,0.3230,-1.1206,-38.2519,-17.5802,110.8092
322.0000,0.2036,0.2937,-1.1096,-34.7328,-15.3893,118.1985
323.0000,0.2083,0.2727,-1.1138,-31.5649,-16.3664,125.4198
295.0000,0.2146,0.2742,-1.1382,-28.2290,-18.4962,132.2595
328.0000,0.2502,0.2715,-1.1431,-26.3359,-15.6260,138.9237
306.0000,0.2412,0.2625,-1.1467,-24.9237,-16.3053,144.4504
317.0000,0.2507,0.2297,-1.1636,-25.3130,-13.0992,148.8244
342.0000,0.2332,0.2061,-1.1655,-25.0382,-14.0763,152.6717
339.0000,0.2236,0.2029,-1.1536,-25.7481,-15.5191,156.6260
335.0000,0.2283,0.1929,-1.1338,-27.0992,-15.6489,160.7176
320.0000,0.2373,0.1631,-1.1245,-26.6107,-14.2672,164.0153
318.0000,0.2378,0.1309,-1.1123,-27.7863,-12.3359,166.9924
347.0000,0.2007,0.0840,-1.1008,-30.4427,-11.2061,169.3893
326.0000,0.1948,0.0474,-1.0886,-30.7328,-7.9313,171.6183
344.0000,0.1882,0.0117,-1.1074,-27.9008,-9.0763,173.2977
299.0000,0.1895,0.0081,-1.1125,-27.6260,-6.7023,174.4275
321.0000,0.1777,-0.0015,-1.0964,-27.2443,-7.9695,175.2290
325.0000,0.1711,-0.0464,-1.0911,-27.2901,-7.0763,176.5878
359.0000,0.1792,-0.0898,-1.0552,-26.6107,-6.1298,177.7633
303.0000,0.1653,-0.1265,-1.0667,-28.1756,-6.0687,177.9695
338.0000,0.1655,-0.1213,-1.0588,-28.9542,-4.0000,178.5420
331.0000,0.1826,-0.1328,-1.0625,-28.3588,2.6336,179.7557
340.0000,0.1809,-0.1211,-1.0894,-33.8550,4.3588,178.0153
330.0000,0.1511,-0.1282,-1.0203,-24.0534,-4.3740,178.2672
327.0000,0.1514,-0.1685,-1.0432,-11.8855,-8.3740,177.7939
352.0000,0.1809,-0.1704,-1.0647,1.2214,-8.3435,177.1679
313.0000,0.1709,-0.1863,-1.1152,0.0840,-7.8015,176.2290
363.0000,0.1765,-0.1711,-1.1169,-9.1298,-4.3511,173.8626
368.0000,0.1758,-0.1509,-1.1284,-26.3817,-0.9466,171.0229
312.0000,0.1980,-0.1516,-1.1189,-36.0534,2.0458,167.2366
337.0000,0.2046,-0.1909,-1.1326,-41.4733,1.6260,163.7023
352.0000,0.1960,-0.1868,-1.1116,-39.0534,-2.1450,161.8550
345.0000,0.2244,-0.1741,-1.1011,-38.1527,-2.4275,162.6031
355.0000,0.2339,-0.1843,-1.0942,-29.8855,0.2061,164.2443
345.0000,0.2290,-0.2224,-1.0925,-18.6718,3.6412,164.0534
319.0000,0.2227,-0.2346,-1.1021,-10.2214,4.6489,163.0305
398.0000,0.2207,-0.2676,-1.1091,-4.3359,4.5496,162.2901
352.0000,0.2236,-0.2751,-1.1230,-2.5496,5.7786,162.4122
354.0000,0.2397,-0.2620,-1.1367,-2.7939,6.5802,162.8779
294.0000,0.2476,-0.2424,-1.1404,-6.8855,8.1298,163.1603
427.0000,0.2437,-0.2310,-1.1453,-11.3053,11.5420,162.8015
355.0000,0.2603,-0.2297,-1.1716,-11.7099,13.7176,162.1908
361.0000,0.2732,-0.2295,-1.1990,-10.6641,11.7252,160.9771
335.0000,0.2727,-0.2456,-1.1870,-11.4198,10.3893,160.1527
369.0000,0.2632,-0.2690,-1.1602,-13.5802,10.9695,157.2137
370.0000,0.2622,-0.2817,-1.1426,-19.3130,10.8702,153.9542
315.0000,0.2734,-0.2336,-1.1226,-29.1221,8.9313,152.6260
402.0000,0.2725,-0.1594,-1.0898,-36.4733,5.6260,154.4122
363.0000,0.2739,-0.1033,-1.0935,-34.4351,5.6794,160.4809
349.0000,0.2810,-0.0957,-1.1226,-19.3740,4.8244,163.3435
383.0000,0.2856,-0.1433,-1.1416,-7.7252,6.6260,160.3969
390.0000,0.2607,-0.2358,-1.1221,-6.7863,9.3588,153.2901
373.0000,0.2317,-0.3049,-1.1340,-17.5420,10.7405,146.3817
336.0000,0.2153,-0.3452,-1.1499,-38.8397,13.6565,140.2595
365.0000,0.1936,-0.3757,-1.1707,-59.1908,15.6031,136.6336
404.0000,0.1804,-0.3855,-1.1978,-78.1603,15.6336,134.7633
322.0000,0.1868,-0.3650,-1.1907,-90.8626,14.3969,134.1756
462.0000,0.1990,-0.3630,-1.1646,-94.4275,15.1603,133.7405
418.0000,0.2070,-0.3467,-1.1277,-85.5038,14.6794,133.5191
332.0000,0.2368,-0.3394,-1.0957,-66.2824,12.1908,135.4733
375.0000,0.2627,-0.3394,-1.0791,-46.2366,8.9466,138.3511
177.0000,0.2610,-0.3188,-1.0671,-24.4733,6.6031,143.0305
287.0000,0.2495,-0.2925,-1.0813,-4.2672,6.0000,147.4886
384.0000,0.2351,-0.2654,-1.1123,11.4656,4.1985,150.4656
367.0000,0.2104,-0.2205,-1.1406,15.3282,1.6183,150.1069
198.0000,0.1670,-0.1775,-1.1707,8.4580,3.3817,146.7710
361.0000,0.1299,-0.1467,-1.1858,-5.1527,3.3130,139.8550
408.0000,0.1211,-0.1123,-1.1836,-22.1221,3.2824,131.5267
394.0000,0.1331,-0.1033,-1.1638,-38.9160,4.3130,122.3588
383.0000,0.1252,-0.1401,-1.1536,-49.3282,4.1527,113.3130
366.0000,0.1235,-0.2041,-1.1260,-57.8015,3.7557,105.0458
400.0000,0.1077,-0.2859,-1.1260,-68.7328,-0.0916,96.9618
391.0000,0.1133,-0.3547,-1.1670,-79.8550,-2.5115,90.8473
391.0000,0.1416,-0.4036,-1.1899,-80.6183,-3.8855,84.3664
405.0000,0.1741,-0.4087,-1.1694,-68.8550,-3.3130,76.7176
444.0000,0.2053,-0.3704,-1.1482,-49.2214,-2.1145,64.9542
384.0000,0.2256,-0.3354,-1.1201,-26.6794,-2.9008,52.0916
387.0000,0.2427,-0.3018,-1.1106,-11.8550,-2.8015,38.0534
395.0000,0.2637,-0.2866,-1.1184,-5.2672,1.6107,24.0153
456.0000,0.2502,-0.2842,-1.1287,-3.3817,3.1374,11.6794
381.0000,0.2488,-0.2993,-1.1382,-11.7710,5.1527,0.5420
395.0000,0.2522,-0.3325,-1.1689,-19.3206,8.2901,-9.5725
388.0000,0.2542,-0.3596,-1.1685,-19.6260,10.5344,-20.4656
376.0000,0.2253,-0.3716,-1.1379,-9.1679,7.4733,-32.1985
389.0000,0.2090,-0.3452,-1.1416,2.6489,5.4809,-43.8702
371.0000,0.1973,-0.3145,-1.1382,11.4504,4.7634,-55.2137
391.0000,0.1963,-0.2844,-1.1228,12.1679,2.9160,-66.8702
379.0000,0.1975,-0.2659,-1.1182,5.0611,3.3740,-77.2824
442.0000,0.1709,-0.2856,-1.1125,-3.0687,2.3969,-86.7557
390.0000,0.1545,-0.2988,-1.1155,-7.6183,3.2977,-95.6718
397.0000,0.1580,-0.2781,-1.0989,-6.8550,4.8931,-102.9313
398.0000,0.1604,-0.2808,-1.0852,-2.1679,4.8473,-107.8855
394.0000,0.1636,-0.2808,-1.0408,4.5191,6.5115,-111.2672
403.0000,0.1724,-0.3008,-1.0129,12.0076,10.3893,-113.5573
400.0000,0.1958,-0.3269,-1.0496,16.1527,12.6489,-115.0229
406.0000,0.2043,-0.3223,-1.1248,16.7328,12.3817,-115.1450
397.0000,0.1965,-0.2717,-1.1731,18.8626,10.6183,-116.0305
399.0000,0.1741,-0.2095,-1.1858,21.5802,8.1603,-118.3664
407.0000,0.1741,-0.1692,-1.1604,23.6565,6.4198,-122.4504
412.0000,0.1736,-0.1670,-1.1311,22.6336,6.8550,-128.1985
380.0000,0.1621,-0.1965,-1.1096,19.3893,9.1985,-134.8626
372.0000,0.1528,-0.2209,-1.1323,14.1221,11.1756,-141.5267
405.0000,0.1411,-0.2156,-1.1721,8.1603,11.8092,-146.6717
405.0000,0.1565,-0.2009,-1.2100,0.9847,11.8397,-150.9160
403.0000,0.1587,-0.2007,-1.2168,-5.0229,12.8473,-154.4198
408.0000,0.1699,-0.2332,-1.2061,-6.8168,15.4962,-157.8015
397.0000,0.1389,-0.2600,-1.1807,-0.5725,13.3359,-160.9160
407.0000,0.1868,-0.2808,-1.1643,0.6183,22.8168,-162.6183
400.0000,0.1963,-0.3032,-1.1316,13.2824,26.4427,-163.3893
404.0000,0.1841,-0.2915,-1.1416,22.5802,29.0000,-163.4733
401.0000,0.1782,-0.2805,-1.1404,33.6183,30.6794,-162.2443
413.0000,0.1948,-0.2646,-1.1428,45.4733,34.8092,-161.5191
407.0000,0.2046,-0.2271,-1.1311,54.4122,37.0229,-163.0534
401.0000,0.2070,-0.1770,-1.1250,58.4962,36.3588,-164.1374
416.0000,0.2239,-0.1099,-1.1492,58.9008,34.8779,-164.8397
418.0000,0.2529,-0.0681,-1.1677,55.5954,29.9924,-165.9771
408.0000,0.2935,-0.0667,-1.1829,45.7099,26.3435,-169.1298
427.0000,0.2993,-0.0759,-1.1465,36.1450,23.2824,-172.7023
408.0000,0.3035,-0.1003,-1.0906,23.4122,21.2366,-176.2519
426.0000,0.2983,-0.1191,-1.0701,13.4122,20.0763,-178.7405
413.0000,0.3032,-0.1594,-1.0842,5.7252,19.4809,-179.6488
392.0000,0.3159,-0.1721,-1.0886,-1.8321,22.4504,-179.4580
423.0000,0.3018,-0.1726,-1.0715,-0.3817,22.7176,-178.0000
417.0000,0.3047,-0.1467,-1.0525,2.0305,21.5267,-175.7176
400.0000,0.3301,-0.0706,-1.0615,7.5038,19.2137,-172.3511
400.0000,0.3650,-0.0273,-1.0684,17.8168,16.3893,-169.1603
414.0000,0.3813,-0.0012,-1.0522,24.6260,14.4656,-167.0916
424.0000,0.3806,0.0420,-1.0083,29.3511,13.0687,-166.2977
428.0000,0.3840,0.0859,-0.9939,33.2901,10.9084,-165.7023
412.0000,0.3884,0.1006,-1.0259,35.6260,9.4122,-165.3053
409.0000,0.3833,0.0979,-1.0696,35.2977,7.4504,-165.7786
387.0000,0.3843,0.0789,-1.0916,28.7863,4.2443,-166.5802
431.0000,0.3794,0.0979,-1.0867,19.2672,1.3664,-166.6794
408.0000,0.3782,0.1118,-1.0720,8.3053,-1.3740,-164.9466
429.0000,0.3926,0.1467,-1.0713,-0.5115,-0.4427,-161.3664
410.0000,0.3999,0.1606,-1.0591,-5.4198,-0.1985,-157.7405
402.0000,0.3984,0.1780,-1.0239,-9.0153,1.2748,-154.2901
439.0000,0.4060,0.1926,-0.9771,-8.1603,4.9924,-151.2595
427.0000,0.3799,0.1714,-0.9487,-1.7481,6.8779,-148.4656
425.0000,0.3833,0.1597,-0.9707,8.1374,9.3206,-145.1527
419.0000,0.3884,0.1526,-1.0088,20.2901,12.0916,-142.2748
424.0000,0.3684,0.1367,-1.0586,26.5038,10.8092,-139.9313
432.0000,0.3508,0.1428,-1.0627,23.8244,8.4275,-137.6641
404.0000,0.3489,0.1758,-1.0698,24.3511,5.2977,-134.6947
431.0000,0.3645,0.2197,-1.0791,25.7863,4.6031,-132.2824
435.0000,0.3674,0.2324,-1.0444,22.8244,3.9847,-130.3588
421.0000,0.3667,0.2297,-1.0447,17.7099,3.8397,-128.7176
421.0000,0.3672,0.2229,-1.0491,13.9389,3.6336,-126.6718
441.0000,0.3728,0.2017,-1.0564,12.5420,3.4275,-125.1603
427.0000,0.3638,0.1982,-1.0605,10.0611,2.5496,-122.8626
420.0000,0.3574,0.2175,-1.0320,8.8015,2.3588,-119.4198
430.0000,0.3569,0.2266,-1.0293,8.7863,2.0534,-116.6031
409.0000,0.3784,0.2764,-0.9995,10.8702,3.2519,-113.2137
428.0000,0.3855,0.2925,-0.9771,16.4275,5.1679,-109.1679
419.0000,0.3816,0.3000,-0.9678,25.4580,6.8015,-104.9771
444.0000,0.3699,0.2705,-0.9893,35.2137,8.3588,-102.0611
435.0000,0.3508,0.2410,-1.0144,40.8092,9.8092,-100.0000
414.0000,0.3455,0.2031,-1.0427,40.6947,9.7481,-97.8473
431.0000,0.3462,0.2039,-1.0750,38.5344,8.3435,-94.5115
427.0000,0.3440,0.2024,-1.0735,34.7252,6.9542,-91.0840
426.0000,0.3286,0.2261,-1.0691,32.6870,6.5954,-87.2519
434.0000,0.3311,0.2329,-1.0686,32.0076,6.5191,-84.0076
428.0000,0.3330,0.2351,-1.0742,31.0076,5.3740,-81.9618
428.0000,0.3486,0.2480,-1.0725,28.7405,4.2290,-80.5267
433.0000,0.3450,0.2786,-1.0381,24.8626,3.1603,-78.8244
438.0000,0.3342,0.2893,-1.0215,22.2290,3.3969,-76.6260
431.0000,0.3306,0.2810,-1.0359,21.9084,4.7710,-75.0534
434.0000,0.3389,0.2534,-1.0635,20.7328,6.1527,-74.5420
434.0000,0.3428,0.2295,-1.0693,17.8092,5.3893,-73.8779
425.0000,0.3320,0.1953,-1.0735,14.6183,4.0076,-72.3970
442.0000,0.3330,0.1790,-1.0752,12.9466,3.1298,-70.3130
432.0000,0.3430,0.1692,-1.0735,13.3893,3.4122,-68.6260
422.0000,0.3401,0.1660,-1.0747,13.9389,3.7481,-66.2824
433.0000,0.3435,0.1711,-1.0806,13.8702,3.6336,-63.7939
438.0000,0.3423,0.1848,-1.0806,13.9313,3.4122,-61.0992
433.0000,0.3364,0.2007,-1.0696,15.0534,3.6718,-58.0534
431.0000,0.3464,0.1826,-1.0901,17.7099,4.4122,-56.3817
436.0000,0.3308,0.1521,-1.1035,19.3740,4.9313,-55.7634
439.0000,0.3335,0.1331,-1.0925,17.9313,4.9237,-55.0382
442.0000,0.3281,0.1399,-1.0896,16.7405,3.6336,-53.6947
434.0000,0.3284,0.1458,-1.1003,17.7939,2.4198,-51.6031
439.0000,0.3347,0.1577,-1.1233,17.4198,2.1908,-49.8779
439.0000,0.3347,0.1714,-1.1265,15.9008,1.0840,-49.2061
433.0000,0.3318,0.1819,-1.1357,13.6947,-0.0076,-48.7252
438.0000,0.3359,0.1860,-1.1270,10.8550,-0.6031,-47.6947
444.0000,0.3398,0.1616,-1.1362,8.0687,-0.5573,-46.9542
439.0000,0.3513,0.1501,-1.1260,5.9618,-0.4885,-45.7023
434.0000,0.3501,0.1418,-1.1147,6.3817,-0.5725,-43.0840
441.0000,0.3464,0.1392,-1.1025,8.6107,-0.9389,-40.4198
430.0000,0.3406,0.1313,-1.0996,11.5649,-0.8626,-37.7786
436.0000,0.3494,0.1638,-1.0859,16.7863,-0.0763,-35.5420
446.0000,0.3452,0.1631,-1.0835,20.1985,0.9695,-32.7176
445.0000,0.3423,0.1824,-1.0959,23.5496,1.4656,-29.9771
431.0000,0.3337,0.1809,-1.1145,27.7405,1.6260,-27.9847
445.0000,0.3281,0.1816,-1.1143,29.5114,1.4198,-26.5802
448.0000,0.3303,0.1772,-1.1226,26.9237,0.1450,-25.4656
443.0000,0.3298,0.1782,-1.1204,22.3817,-1.0763,-23.9466
445.0000,0.3420,0.1743,-1.1255,16.2672,-0.9389,-22.8168
441.0000,0.3384,0.1619,-1.1226,9.7786,-0.6412,-21.3053
441.0000,0.3391,0.1638,-1.1248,5.5115,-1.0458,-20.2366
454.0000,0.3362,0.1650,-1.1165,4.1985,-1.3435,-19.7557
439.0000,0.3376,0.1545,-1.0942,3.2977,-2.2824,-18.9695
445.0000,0.3384,0.1423,-1.0886,1.4122,-2.6718,-18.4351
456.0000,0.3438,0.1443,-1.0803,-0.7405,-2.5344,-17.3588
444.0000,0.3396,0.1443,-1.0811,-2.6489,-2.3130,-15.4580
455.0000,0.3384,0.1394,-1.0825,-3.0992,-2.3893,-13.4809
449.0000,0.3396,0.1467,-1.0837,-3.3282,-1.9160,-11.2519
465.0000,0.3391,0.1533,-1.0818,-3.6031,-3.1069,-9.1603
442.0000,0.3335,0.1687,-1.0820,-4.5344,-4.7328,-6.7939
447.0000,0.3250,0.1843,-1.0723,-4.9313,-5.0687,-4.2519
436.0000,0.3291,0.2092,-1.0762,-4.7023,-4.3893,-0.8473
470.0000,0.3232,0.2356,-1.0686,-4.8931,-3.4427,1.9084
441.0000,0.3264,0.2629,-1.0627,-5.0076,-3.2977,4.9618
469.0000,0.3284,0.2817,-1.0723,-4.2824,-2.0229,9.6183
440.0000,0.3325,0.2935,-1.0835,-3.2748,-0.6107,13.5573
453.0000,0.3186,0.2878,-1.0837,-1.6947,0.9618,17.9542
459.0000,0.3188,0.2942,-1.0833,0.2214,2.1832,23.0534
451.0000,0.3237,0.3101,-1.0994,1.1374,1.8015,29.2061
461.0000,0.3186,0.3206,-1.1006,2.4885,2.1450,35.0076
429.0000,0.3118,0.3513,-1.1118,5.0153,2.4351,41.4046
467.0000,0.3110,0.3523,-1.0718,6.9160,-4.4275,47.4351
456.0000,0.3147,0.3711,-1.1284,6.0992,-4.7634,56.0305
425.0000,0.3386,0.3669,-1.1201,10.0840,2.8626,61.9924
453.0000,0.3081,0.3752,-1.1128,13.0305,0.8015,66.6260
463.0000,0.2651,0.3943,-1.1292,8.3969,-4.8855,72.3283
449.0000,0.2876,0.4265,-1.1340,3.3130,-3.3588,78.8855
466.0000,0.2944,0.4465,-1.1296,-2.0916,-0.5344,85.0687
396.0000,0.2764,0.4480,-1.1138,-8.2137,-0.8855,89.8321
464.0000,0.2637,0.4414,-1.1316,-10.0840,0.0458,94.5802
464.0000,0.2664,0.4197,-1.1252,-8.6641,0.9847,99.9084
481.0000,0.2463,0.3936,-1.1226,-9.8626,0.8321,105.3359
475.0000,0.2341,0.3750,-1.1179,-12.9771,-1.1221,112.1069
447.0000,0.2280,0.3545,-1.1167,-11.9466,-2.2595,119.4657
447.0000,0.2344,0.3435,-1.1396,-9.7939,-2.2519,127.0382
482.0000,0.2244,0.3140,-1.1365,-7.1756,-2.4504,133.9008
466.0000,0.2253,0.3340,-1.1650,-3.6031,-3.0840,139.5802
455.0000,0.2214,0.3521,-1.1992,-2.8015,-3.5191,144.7786
437.0000,0.1990,0.3303,-1.1951,-9.0840,-4.9542,148.9924
433.0000,0.2073,0.2893,-1.1816,-24.8931,-5.2595,151.0382
445.0000,0.2131,0.2874,-1.1741,-37.9313,-5.6947,153.1145
464.0000,0.2207,0.2385,-1.1577,-42.9542,-4.9542,156.0153
485.0000,0.2229,0.1887,-1.1355,-40.7252,-1.8626,158.4351
434.0000,0.2178,0.1047,-1.1123,-24.9160,-1.1908,159.6870
485.0000,0.2163,0.0161,-1.1221,-12.9542,-1.4427,161.1374
467.0000,0.2200,-0.0010,-1.1199,-7.1908,-1.9466,162.9924
450.0000,0.2415,-0.0278,-1.1357,-8.4733,-3.3435,167.2290
465.0000,0.2532,-0.0144,-1.1326,-19.1450,-0.3740,171.2061
468.0000,0.2754,-0.0132,-1.1318,-25.3588,6.0916,173.4733
473.0000,0.2795,-0.0251,-1.1443,-26.3359,11.8321,173.5343
476.0000,0.2715,-0.0188,-1.1257,-23.3282,12.0763,172.7557
461.0000,0.2559,-0.0215,-1.1096,-20.6718,12.9771,172.6488
462.0000,0.2556,-0.0420,-1.1140,-14.1374,12.5420,173.3588
465.0000,0.2522,-0.0991,-1.1013,-7.7481,13.4427,173.4046
499.0000,0.2556,-0.1318,-1.0752,-6.2748,15.9160,173.7786
426.0000,0.2610,-0.1572,-1.0764,-4.9924,18.3893,175.3282
427.0000,0.2695,-0.1672,-1.0786,-3.8015,22.2061,176.8702
460.0000,0.2722,-0.1736,-1.0732,2.1908,24.3740,178.9771
489.0000,0.2642,-0.1824,-1.0984,8.2137,25.2061,179.9389
500.0000,0.2585,-0.1707,-1.1177,12.3893,25.5573,178.8702
449.0000,0.2791,-0.1167,-1.1394,15.2290,24.6565,177.1527
461.0000,0.2700,-0.0776,-1.1724,8.5802,21.7634,176.9847
386.0000,0.2793,-0.0664,-1.1541,-8.6870,23.5725,176.1450
476.0000,0.2668,-0.0737,-1.0730,-26.8321,27.1603,173.9237
454.0000,0.2502,-0.0823,-1.0369,-36.7863,26.9237,173.7099
454.0000,0.2385,-0.0884,-1.0220,-39.7939,23.9313,175.7710
363.0000,0.2285,-0.0962,-0.9802,-34.7939,20.4580,177.7176
463.0000,0.2314,-0.0928,-0.9946,-28.4504,18.8550,180.2595
506.0000,0.2283,-0.0923,-1.0513,-17.5802,13.9084,182.8626
494.0000,0.2224,-0.1248,-1.0967,-10.7023,11.3664,183.6336
457.0000,0.1938,-0.1558,-1.0952,-11.8244,9.8855,181.8321
463.0000,0.1687,-0.1829,-1.1003,-16.5954,7.0763,180.4580
427.0000,0.1594,-0.2354,-1.0903,-27.7786,5.5725,177.5649
460.0000,0.1626,-0.3318,-1.0811,-42.4275,7.8092,173.5420
473.0000,0.1780,-0.3809,-1.1082,-47.7939,7.6260,170.8321
389.0000,0.1912,-0.3860,-1.1650,-44.5038,4.3969,170.3817
531.0000,0.1814,-0.3855,-1.1682,-41.2290,2.1679,170.0458
482.0000,0.1841,-0.3447,-1.1230,-37.1908,0.7557,168.4122
490.0000,0.1826,-0.3230,-1.0874,-33.2443,-3.9313,166.5343
381.0000,0.1853,-0.3237,-1.0596,-35.0458,-2.9771,165.9847
474.0000,0.1770,-0.3176,-1.0002,-36.8626,0.3511,165.7557
513.0000,0.1675,-0.2920,-0.9714,-35.0000,-1.1756,167.0611
495.0000,0.1670,-0.2498,-0.9941,-27.0916,-2.9695,167.8702
467.0000,0.1624,-0.2461,-1.0581,-14.9389,-0.9466,167.2519
475.0000,0.1643,-0.2744,-1.1094,-5.9924,-0.6107,163.3893
523.0000,0.1482,-0.3044,-1.1328,-5.6794,-2.5573,156.3740
464.0000,0.1384,-0.3364,-1.1294,-12.7710,0.7023,149.6412
474.0000,0.1304,-0.3674,-1.1155,-23.9771,3.1908,144.3206
510.0000,0.1453,-0.3611,-1.1306,-37.7328,3.2977,140.2366
475.0000,0.1624,-0.3713,-1.1296,-46.1298,5.0458,137.5878
385.0000,0.1521,-0.3804,-1.1204,-46.4275,7.5954,135.6260
474.0000,0.1367,-0.3928,-1.0928,-41.2443,6.6336,132.7863
492.0000,0.1409,-0.3723,-1.1167,-36.1985,6.1450,130.5114
439.0000,0.1606,-0.3469,-1.1223,-30.2443,4.4504,129.5572
488.0000,0.1909,-0.3000,-1.1152,-24.2214,3.1450,128.5267
470.0000,0.2014,-0.2588,-1.0859,-17.9084,5.7863,127.5496
513.0000,0.1951,-0.2507,-1.0630,-11.3588,7.1374,125.2672
464.0000,0.2051,-0.2683,-1.0830,-8.3893,7.9313,122.1603
317.0000,0.1895,-0.3147,-1.0920,-10.3588,10.1374,118.3511
453.0000,0.1772,-0.3430,-1.1091,-15.4046,10.3969,114.0000
648.0000,0.1772,-0.3257,-1.1475,-20.6260,9.7023,110.6183
513.0000,0.1858,-0.2986,-1.1528,-22.4351,9.8321,107.8092
494.0000,0.1951,-0.2813,-1.1506,-21.8702,10.5573,104.1145
464.0000,0.2085,-0.2693,-1.1196,-19.1450,10.1756,102.0611
442.0000,0.2170,-0.2820,-1.0984,-19.0229,11.7786,100.1679
477.0000,0.2051,-0.2991,-1.0635,-19.8626,11.2443,98.4809
505.0000,0.1912,-0.3159,-1.0671,-20.5191,9.5038,97.0382
472.0000,0.1992,-0.3206,-1.0977,-16.0763,9.8550,94.9008
459.0000,0.1885,-0.3308,-1.1116,-11.1603,8.5496,91.3359
484.0000,0.1914,-0.3242,-1.1301,-12.2519,7.7023,84.9924
480.0000,0.1907,-0.3210,-1.1255,-12.5878,8.4504,77.7786
465.0000,0.1777,-0.3157,-1.1162,-15.7939,4.1908,68.6641
428.0000,0.1807,-0.3135,-1.1130,-24.1069,2.2519,59.9389
558.0000,0.1936,-0.3342,-1.1047,-29.8626,3.0534,51.1756
391.0000,0.1912,-0.3330,-1.0937,-31.7481,0.5649,42.6641
466.0000,0.2090,-0.3396,-1.1028,-35.3511,1.1069,34.2977
471.0000,0.2214,-0.3606,-1.1157,-33.1374,0.5725,26.8626
469.0000,0.2163,-0.3977,-1.1184,-27.2977,-0.7710,20.8244
464.0000,0.2175,-0.4204,-1.1079,-18.4962,-2.3588,14.9313
483.0000,0.2141,-0.4390,-1.1023,-8.6718,-3.5649,8.0305
468.0000,0.2268,-0.4358,-1.1199,-1.3664,-4.5496,0.4580
481.0000,0.2214,-0.4175,-1.1355,3.9313,-4.7710,-7.0534
469.0000,0.2124,-0.3936,-1.1350,7.8092,-4.2137,-15.7481
484.0000,0.1975,-0.3850,-1.1313,11.6641,-6.5954,-25.2901
521.0000,0.1982,-0.3696,-1.1245,9.8702,-4.7863,-35.9466
465.0000,0.1963,-0.3699,-1.1377,9.9847,-4.4351,-47.6260
471.0000,0.1919,-0.3772,-1.1750,7.0000,-7.4962,-59.2366
472.0000,0.1697,-0.3823,-1.1990,2.3359,-11.8931,-70.7252
508.0000,0.1531,-0.3855,-1.2314,-1.7023,-14.8779,-80.9084
492.0000,0.1250,-0.3809,-1.1980,-5.3511,-16.0534,-90.4122
473.0000,0.1138,-0.4001,-1.1790,-7.7023,-15.8397,-98.9389
473.0000,0.1108,-0.4309,-1.1562,-6.9618,-14.0229,-106.3970
480.0000,0.1204,-0.4551,-1.1404,-2.0992,-11.1221,-112.6412
474.0000,0.1191,-0.4685,-1.1277,6.8168,-6.8397,-117.3588
483.0000,0.1111,-0.4692,-1.1055,18.8702,-2.0153,-120.4275
473.0000,0.1211,-0.4612,-1.0928,32.7023,2.7328,-123.0687
482.0000,0.1445,-0.4456,-1.1201,47.6107,6.6794,-125.2137
468.0000,0.1602,-0.4124,-1.1609,58.5344,7.9084,-127.7023
479.0000,0.1646,-0.3621,-1.1956,61.2824,7.0076,-130.9924
415.0000,0.1487,-0.3303,-1.1990,56.7557,5.2824,-134.5267
474.0000,0.1428,-0.3010,-1.1804,48.5496,4.4885,-137.6947
473.0000,0.1360,-0.3103,-1.1770,40.9695,2.4885,-140.9008
475.0000,0.1599,-0.3105,-1.1697,30.1298,5.8855,-143.7633
482.0000,0.1482,-0.3149,-1.1602,23.1298,5.4046,-146.1527
466.0000,0.1492,-0.3184,-1.1589,17.0000,4.1603,-148.6947
477.0000,0.1553,-0.3076,-1.1538,13.2748,4.3359,-150.4886
485.0000,0.1860,-0.3110,-1.0967,14.6336,6.8321,-151.7863
482.0000,0.2056,-0.3188,-1.0642,17.8092,7.6947,-153.2824
478.0000,0.2051,-0.3186,-1.0703,20.0153,5.7939,-153.8015
477.0000,0.2231,-0.2874,-1.1350,27.2901,4.6718,-153.7176
486.0000,0.2444,-0.2656,-1.1653,31.0763,3.9542,-155.1298
483.0000,0.2542,-0.2678,-1.1638,28.3206,1.4885,-157.2443
487.0000,0.2532,-0.2683,-1.1377,22.1908,-1.0382,-158.9313
499.0000,0.2649,-0.2478,-1.0891,14.9389,-2.2977,-159.3969
475.0000,0.2722,-0.2461,-1.1030,10.4504,-1.2290,-158.0153
480.0000,0.2839,-0.2417,-1.1160,8.6947,0.0305,-155.5878
457.0000,0.2874,-0.2341,-1.1392,8.9695,0.8397,-154.4351
448.0000,0.2991,-0.2207,-1.1489,8.9237,0.8168,-153.9160
480.0000,0.3069,-0.2173,-1.1436,6.0534,1.0534,-153.9695
475.0000,0.3408,-0.2002,-1.1121,1.4046,3.0382,-154.3130
464.0000,0.3691,-0.1873,-1.0654,-1.0992,6.7252,-154.3893
484.0000,0.3884,-0.1865,-1.0576,-0.0076,10.1908,-153.7633
488.0000,0.3867,-0.1660,-1.0625,4.4275,11.2290,-152.5802
482.0000,0.3862,-0.1338,-1.0879,10.2443,9.7710,-151.4580
483.0000,0.3882,-0.1155,-1.1116,12.6718,7.5802,-150.5954
479.0000,0.4021,-0.0874,-1.1392,12.8321,6.5344,-150.0611
445.0000,0.4082,-0.0654,-1.1331,7.3588,6.1221,-149.5572
463.0000,0.4053,-0.0566,-1.1340,-1.9237,6.7939,-148.0763
458.0000,0.4150,-0.0544,-1.1216,-10.2290,7.7481,-145.6260
480.0000,0.4299,-0.0532,-1.0806,-16.8550,9.6794,-143.5038
478.0000,0.4324,-0.0583,-1.0291,-18.3435,10.5115,-139.5802
481.0000,0.4326,-0.0481,-0.9976,-10.2748,11.9847,-135.4580
484.0000,0.4487,-0.0508,-0.9966,4.5267,14.5267,-131.5038
457.0000,0.4360,-0.0618,-1.0063,17.4809,16.6565,-129.0000
488.0000,0.4111,-0.0474,-1.0291,24.2061,15.4046,-127.1298
478.0000,0.4036,-0.0137,-1.0415,26.7786,14.5573,-125.7939
470.0000,0.3938,0.0190,-1.0537,24.9160,13.0687,-124.5496
477.0000,0.4026,0.0295,-1.0859,20.5191,13.5344,-125.0687
487.0000,0.3774,0.0110,-1.1216,18.4275,9.1374,-126.1450
475.0000,0.3787,-0.0056,-1.1201,9.6412,6.7786,-127.6107
482.0000,0.3823,-0.0217,-1.0879,-2.0076,3.7634,-128.4809
475.0000,0.3838,-0.0059,-1.0698,-15.1832,2.0000,-128.4886
488.0000,0.3945,-0.0066,-1.0698,-25.0687,0.2977,-127.8244
489.0000,0.4099,-0.0332,-1.0520,-29.3130,2.2137,-127.5954
468.0000,0.4189,-0.0596,-1.0149,-27.2061,4.6870,-126.6489
490.0000,0.4158,-0.0476,-0.9766,-20.7939,6.0840,-125.4046
486.0000,0.4138,-0.0386,-0.9846,-11.4809,6.2061,-123.3053
487.0000,0.4180,-0.0215,-0.9983,-1.1756,7.1374,-121.0916
464.0000,0.4258,-0.0063,-1.0132,7.3969,7.6718,-119.1298
471.0000,0.4153,0.0171,-1.0366,12.2595,7.5191,-118.3359
477.0000,0.4021,0.0325,-1.0779,11.5725,7.1603,-117.7557
476.0000,0.3992,0.0281,-1.0811,7.1603,6.6336,-116.9924
486.0000,0.4189,0.0444,-1.0571,1.9084,6.9389,-115.8015
483.0000,0.4099,0.0591,-1.0464,1.6794,4.0305,-114.8397
488.0000,0.4219,0.0796,-1.0195,-0.6412,4.8092,-113.8244
471.0000,0.4336,0.1003,-1.0227,-1.0992,6.3893,-112.7710
490.0000,0.4331,0.1042,-1.0286,1.0229,8.1374,-112.2137
474.0000,0.4111,0.1008,-1.0105,3.1069,8.4733,-112.1527
477.0000,0.4097,0.0815,-1.0178,5.0916,8.2061,-112.0534
471.0000,0.4194,0.0764,-1.0439,7.2137,8.3969,-111.8779
499.0000,0.4229,0.0657,-1.0579,6.5725,8.6718,-112.1603
485.0000,0.4014,0.0459,-1.0559,5.7557,7.3130,-111.7023
487.0000,0.3936,0.0378,-1.0498,3.7099,6.4275,-109.8779
485.0000,0.3992,0.0491,-1.0559,3.8473,5.3282,-107.9084
487.0000,0.4321,0.0569,-1.0437,8.3359,0.7405,-106.5420
488.0000,0.4146,0.0378,-1.0505,11.4580,2.9618,-105.0382
476.0000,0.4124,0.0962,-1.0435,12.0916,4.8550,-103.7176
488.0000,0.3894,0.1304,-1.0276,16.8244,1.5496,-102.2214
490.0000,0.3970,0.1533,-1.0220,18.2901,2.3664,-100.9008
470.0000,0.4055,0.1721,-1.0383,18.3893,6.1603,-99.7405
487.0000,0.4033,0.1592,-1.0552,21.3511,6.9084,-99.0229
471.0000,0.3953,0.1433,-1.0593,19.8015,6.9924,-98.4275
480.0000,0.3953,0.1367,-1.0562,15.7405,4.8473,-96.4962
483.0000,0.3914,0.1558,-1.0688,15.6565,2.4046,-93.7557
487.0000,0.3987,0.1790,-1.0847,14.8015,1.3893,-91.2824
485.0000,0.3955,0.2065,-1.0891,9.5878,1.3511,-88.9695
487.0000,0.3928,0.2271,-1.0923,5.3969,0.7863,-87.6336
481.0000,0.3867,0.2390,-1.0823,1.6336,-0.1527,-86.2137
481.0000,0.3970,0.2300,-1.0811,-0.2901,3.4580,-83.2824
486.0000,0.3923,0.2439,-1.0522,-10.9389,7.8855,-81.9084
473.0000,0.3821,0.2241,-1.0337,-0.1603,1.3359,-79.6260
484.0000,0.3962,0.2163,-1.0330,7.5191,-2.0153,-76.3588
484.0000,0.3994,0.2275,-1.0259,16.0000,-1.9389,-72.1527
466.0000,0.3931,0.2412,-1.0369,17.0076,-1.8702,-68.6489
482.0000,0.3909,0.2634,-1.0549,13.0458,-0.5267,-64.7023
479.0000,0.3889,0.2795,-1.0659,9.4504,-0.2748,-61.6870
476.0000,0.3850,0.2808,-1.0527,8.7252,-0.8626,-58.4122
487.0000,0.3804,0.2749,-1.0591,7.8397,-1.9466,-55.1374
489.0000,0.3833,0.2715,-1.0510,10.3511,-2.9084,-52.0458
453.0000,0.3728,0.2581,-1.0520,11.9389,-5.4351,-48.5725
482.0000,0.3679,0.2698,-1.0620,11.0687,-6.7939,-44.8168
486.0000,0.3677,0.2773,-1.0586,8.0916,-5.7939,-41.2443
484.0000,0.3701,0.2888,-1.0437,5.0534,-6.0534,-37.9924
484.0000,0.3733,0.2983,-1.0486,4.3359,-7.0687,-34.4198
485.0000,0.3728,0.2869,-1.0444,4.0687,-8.0611,-30.9924
486.0000,0.3723,0.2864,-1.0308,5.1450,-9.5802,-27.6641
485.0000,0.3669,0.3076,-1.0146,6.3053,-10.5954,-24.1221
481.0000,0.3811,0.3179,-1.0083,7.4427,-9.5725,-20.9771
485.0000,0.3845,0.3062,-1.0212,6.8244,-7.7405,-19.2595
488.0000,0.3894,0.2800,-1.0251,6.9313,-5.7176,-17.6565
487.0000,0.3823,0.2478,-1.0461,7.2595,-5.4733,-14.9237
486.0000,0.3818,0.2139,-1.0608,5.9008,-7.0992,-11.2595
485.0000,0.3716,0.2109,-1.0532,4.0153,-9.4198,-7.2061
487.0000,0.3752,0.2063,-1.0598,3.5649,-10.2748,-2.6031
503.0000,0.3755,0.2217,-1.0530,4.1908,-10.0153,1.5725
480.0000,0.3708,0.2327,-1.0503,6.0382,-9.9084,5.1450
484.0000,0.3662,0.2478,-1.0579,8.6336,-9.6489,8.6412
475.0000,0.3708,0.2512,-1.0581,10.3664,-8.9618,11.3435
487.0000,0.3755,0.2542,-1.0605,10.5802,-8.2595,14.0153
492.0000,0.3850,0.2517,-1.0610,9.5420,-7.7939,16.7481
470.0000,0.3801,0.2500,-1.0566,9.7557,-6.7710,20.1832
490.0000,0.3948,0.2610,-1.0491,10.4351,-5.9313,23.3817
489.0000,0.4041,0.2605,-1.0635,9.6565,-5.4809,26.5649
499.0000,0.4099,0.2844,-1.0837,6.3282,-5.6183,29.0763
501.0000,0.4097,0.3237,-1.1042,1.7252,-5.3511,31.4198
511.0000,0.4038,0.3855,-1.1621,-8.0687,-4.7863,33.3740
500.0000,0.3809,0.4353,-1.1963,-29.5802,-5.3206,35.8855
513.0000,0.3896,0.4736,-1.1899,-54.0382,-4.3664,37.5802
469.0000,0.3604,0.4509,-1.1648,-75.8550,-7.5496,40.1679
493.0000,0.3413,0.4155,-1.1279,-94.5420,-6.7557,44.8473
477.0000,0.3293,0.3691,-1.0647,-96.8321,-9.3817,51.2595
510.0000,0.3267,0.3242,-1.0327,-84.4504,-8.3511,58.8779
442.0000,0.3394,0.3042,-1.0183,-60.2748,-9.7405,66.8702
494.0000,0.3040,0.3059,-1.0410,-37.9542,-19.1527,75.0534
484.0000,0.3359,0.2949,-1.0571,2.0000,-24.1908,85.4733
503.0000,0.3540,0.3240,-1.0935,23.6641,-19.7023,96.7023
514.0000,0.3489,0.3706,-1.0918,35.4046,-17.0305,104.4580
477.0000,0.3289,0.3896,-1.1057,45.1985,-18.5725,111.0382
484.0000,0.3413,0.4133,-1.1328,35.7786,-14.0382,115.3359
444.0000,0.3503,0.4277,-1.1477,23.3893,-11.4275,118.3130
495.0000,0.3325,0.3943,-1.1672,12.9695,-11.8626,120.5802
482.0000,0.3228,0.3372,-1.1748,0.1298,-13.6870,122.1679
494.0000,0.3311,0.3037,-1.1838,-12.4046,-12.1221,124.1298
465.0000,0.3262,0.2646,-1.1904,-19.3282,-9.5802,126.5267
498.0000,0.3250,0.2217,-1.1763,-22.6565,-8.4046,128.3282
462.0000,0.3208,0.2168,-1.1582,-26.7099,-9.4198,130.0687
491.0000,0.3142,0.2234,-1.1423,-29.8244,-11.8779,133.5114
492.0000,0.2913,0.2520,-1.1331,-29.9313,-15.7405,138.4275
464.0000,0.3000,0.2615,-1.1150,-30.1221,-12.9542,142.6031
479.0000,0.2910,0.2358,-1.0999,-21.5802,-13.4504,145.0076
497.0000,0.2766,0.1909,-1.1021,-12.6641,-12.6947,146.3893
505.0000,0.2590,0.1523,-1.1086,-9.1603,-12.4351,147.3969
453.0000,0.2544,0.1082,-1.1130,-9.2595,-10.1908,149.1374
434.0000,0.2573,0.0767,-1.1240,-11.2824,-9.3893,151.1985
490.0000,0.2632,0.0745,-1.1494,-14.7405,-6.9237,153.3206
475.0000,0.2554,0.0542,-1.1504,-18.6565,-3.9084,155.0611
505.0000,0.2478,0.0217,-1.1472,-21.5649,-1.7405,156.2519
364.0000,0.2429,-0.0029,-1.1438,-21.2137,0.0305,157.6488
504.0000,0.2412,-0.0264,-1.1382,-18.9847,1.0076,158.1908
491.0000,0.2356,-0.0413,-1.1487,-15.7023,0.6336,159.7710
452.0000,0.2314,-0.0339,-1.1592,-14.2519,-1.1527,162.1374
509.0000,0.2363,-0.0007,-1.1243,-17.5267,1.4427,163.5343
492.0000,0.2336,0.0410,-1.0884,-20.8626,2.5649,164.8855
490.0000,0.2297,0.0984,-1.0664,-23.2977,1.6794,167.4733
443.0000,0.2190,0.1296,-1.0701,-22.5954,3.0916,169.4275
494.0000,0.2012,0.0840,-1.0898,-18.6641,6.5267,168.3511
488.0000,0.1836,-0.0044,-1.1282,-17.0916,8.1298,164.2290
522.0000,0.1558,-0.0808,-1.1533,-21.9084,6.2824,160.4427
468.0000,0.1472,-0.1216,-1.1709,-32.0382,5.6183,158.3817
511.0000,0.1687,-0.1328,-1.1499,-38.0382,4.2137,158.2748
526.0000,0.1758,-0.1245,-1.1443,-40.4885,2.1374,158.9695
428.0000,0.1819,-0.1226,-1.1333,-41.5878,3.6031,159.2519
484.0000,0.1921,-0.1431,-1.1350,-40.6718,4.1603,158.4275
538.0000,0.2031,-0.1431,-1.1355,-41.5115,2.6336,157.6641
483.0000,0.1975,-0.1509,-1.1304,-41.6412,1.4275,157.6794
437.0000,0.1897,-0.1565,-1.1211,-41.4275,1.3664,158.2748
482.0000,0.1941,-0.1284,-1.0991,-42.8626,1.2824,158.6336
530.0000,0.2109,-0.0820,-1.0754,-45.7099,-0.7176,159.4656
376.0000,0.2061,-0.0518,-1.0559,-45.0687,-0.1298,161.8168
527.0000,0.2112,-0.0432,-1.0652,-36.8779,2.7863,163.1374
490.0000,0.2207,-0.0322,-1.1082,-27.8473,2.1374,164.6107
516.0000,0.2207,-0.0303,-1.1538,-23.0611,-1.5573,165.8931
509.0000,0.2126,-0.0674,-1.1536,-23.2748,-0.0992,165.6183
498.0000,0.1975,-0.1372,-1.1047,-24.1679,3.2672,164.1985
503.0000,0.1890,-0.1763,-1.1016,-26.5267,3.5496,162.9924
500.0000,0.1838,-0.1880,-1.1174,-29.8550,5.4580,162.7405
516.0000,0.1714,-0.2175,-1.1445,-29.6947,7.1374,163.8855
463.0000,0.1670,-0.2417,-1.1567,-27.6031,5.6107,164.4886
523.0000,0.1638,-0.2512,-1.1560,-25.4046,5.1679,164.2672
547.0000,0.1775,-0.2537,-1.1274,-21.6489,5.9695,164.2519
468.0000,0.1870,-0.1907,-1.0913,-20.7099,3.8244,164.2214
433.0000,0.1980,-0.0925,-1.0266,-22.8015,4.2214,165.5954
483.0000,0.2080,-0.0442,-0.9993,-15.5115,7.2366,168.2824
475.0000,0.2056,-0.0618,-1.0215,-1.8931,7.8321,171.8092
506.0000,0.2180,-0.0867,-1.0322,7.0076,11.0229,172.5191
538.0000,0.2065,-0.1121,-1.0549,14.5649,12.7710,170.5725
491.0000,0.1960,-0.1487,-1.0771,15.6107,13.5573,167.1527
559.0000,0.1731,-0.1550,-1.1099,6.7557,12.1756,163.3053
548.0000,0.1653,-0.1577,-1.1597,-4.8931,9.8779,160.2901
476.0000,0.1597,-0.1689,-1.1663,-19.9466,10.1679,157.2748
514.0000,0.1633,-0.1970,-1.1445,-30.7710,12.0076,154.5114
482.0000,0.1499,-0.2288,-1.1306,-40.2061,13.0763,151.7099
513.0000,0.1580,-0.2666,-1.1084,-42.9008,11.9466,150.1908
488.0000,0.1562,-0.3101,-1.1035,-40.1298,8.5191,149.4733
564.0000,0.1660,-0.3303,-1.0962,-34.4580,8.2290,149.1298
502.0000,0.1738,-0.3340,-1.0789,-24.6718,6.7023,148.0611
473.0000,0.1709,-0.3096,-1.0823,-16.2977,6.3130,146.8473
466.0000,0.1787,-0.2903,-1.0903,-9.2901,7.3053,144.2290
448.0000,0.1685,-0.2747,-1.1077,-5.0458,8.2977,139.8473
414.0000,0.1606,-0.2810,-1.1011,-2.1527,6.9466,133.1756
487.0000,0.1506,-0.3032,-1.0986,-5.6183,5.1908,126.2748
464.0000,0.1550,-0.3113,-1.0784,-8.8550,7.0153,119.8321
481.0000,0.1589,-0.3450,-1.1057,-9.9466,9.4962,112.7557
492.0000,0.1724,-0.3701,-1.0994,-11.0763,7.5344,103.4504
493.0000,0.2012,-0.3716,-1.0959,-12.5573,5.3893,94.9008
492.0000,0.2139,-0.3625,-1.0825,-10.4656,4.8015,85.3740
509.0000,0.2278,-0.3594,-1.0862,-10.3511,2.9542,76.0687
511.0000,0.2214,-0.3591,-1.0933,-11.6870,-1.1298,65.8397
503.0000,0.2200,-0.3613,-1.1123,-16.6031,-4.6260,56.1985
470.0000,0.2412,-0.3577,-1.1008,-25.1069,-1.1069,46.9695
489.0000,0.2463,-0.3867,-1.0808,-22.5267,-0.6183,38.5725
492.0000,0.2559,-0.4399,-1.0786,-12.0000,-4.0611,29.8626
496.0000,0.2625,-0.4675,-1.0679,-0.3664,-4.1908,19.8244
490.0000,0.2612,-0.4644,-1.0784,8.1298,-3.6107,9.8244
499.0000,0.2632,-0.4478,-1.0894,10.4046,-5.1450,-0.6031
489.0000,0.2590,-0.4231,-1.1165,7.7481,-5.1679,-10.6412
492.0000,0.2600,-0.3936,-1.1262,3.7328,-3.1756,-21.4275
493.0000,0.2383,-0.3926,-1.1582,6.3206,-7.8855,-33.4275
491.0000,0.2356,-0.3723,-1.1782,2.9008,-8.8702,-45.5115
462.0000,0.2300,-0.4019,-1.1536,3.7710,-7.7099,-56.5573
484.0000,0.2065,-0.4290,-1.1355,4.4809,-9.2519,-66.2061
498.0000,0.2156,-0.4448,-1.1311,5.0840,-8.2672,-74.4580
497.0000,0.2146,-0.4695,-1.1321,10.5191,-4.0382,-81.3511
489.0000,0.2097,-0.4924,-1.1243,19.9313,0.0229,-87.3970
489.0000,0.2000,-0.4973,-1.1108,31.9695,2.5496,-92.1450
495.0000,0.1980,-0.5029,-1.1040,45.8244,4.2595,-96.4122
490.0000,0.2036,-0.4812,-1.1135,57.9466,6.1832,-100.0382
494.0000,0.2061,-0.4470,-1.1348,66.6336,8.1908,-103.5802
486.0000,0.1982,-0.4211,-1.1448,70.3053,9.2672,-107.3588
495.0000,0.2034,-0.3862,-1.1621,70.2595,9.3740,-112.2595
491.0000,0.1985,-0.3721,-1.1780,65.4809,7.2595,-118.6641
490.0000,0.2024,-0.3572,-1.1890,56.5496,5.3969,-124.1527
491.0000,0.2043,-0.3501,-1.1841,44.9618,4.0763,-128.8168
499.0000,0.2100,-0.3354,-1.1433,31.7939,3.9618,-132.5572
492.0000,0.2148,-0.3350,-1.1331,22.9084,4.3664,-136.8626
502.0000,0.2422,-0.3499,-1.1482,20.0458,4.2824,-140.8092
496.0000,0.2419,-0.3655,-1.1509,20.0763,3.1985,-143.9389
504.0000,0.2419,-0.3660,-1.1453,20.0000,1.6412,-145.6717
495.0000,0.2554,-0.3594,-1.1387,20.5267,-0.4046,-146.7786
483.0000,0.2598,-0.3560,-1.1392,17.9160,-1.6336,-148.2672
497.0000,0.2852,-0.3582,-1.1174,14.9618,1.2748,-149.5954
491.0000,0.2805,-0.3423,-1.1128,12.2901,2.0076,-150.4580
489.0000,0.2722,-0.3403,-1.1147,10.3817,2.4504,-150.9084
491.0000,0.3484,-0.2827,-1.0574,11.5420,8.7786,-151.3969
495.0000,0.3623,-0.2891,-1.0925,13.0153,9.7557,-152.0611
497.0000,0.2742,-0.3049,-1.1001,25.9160,-8.6870,-153.3053
513.0000,0.3313,-0.2522,-1.0955,20.4809,-2.6489,-153.1679
491.0000,0.3254,-0.2239,-1.1428,29.4046,-9.2443,-154.3511
499.0000,0.3271,-0.2021,-1.1543,16.1527,-6.7786,-155.0611
491.0000,0.3037,-0.2131,-1.1460,12.1679,-12.1145,-155.6488
487.0000,0.3123,-0.2305,-1.1301,0.7405,-10.0916,-155.9771
495.0000,0.3364,-0.2390,-1.0767,-10.9313,-6.9313,-156.8473
485.0000,0.3367,-0.2544,-1.0891,-12.9084,-6.6260,-157.5114
497.0000,0.3386,-0.2302,-1.0735,-13.2443,-11.4198,-156.1985
494.0000,0.3711,-0.2144,-1.0571,-6.5725,-7.7405,-154.3740
494.0000,0.3245,-0.1936,-1.0955,-3.3664,-10.0000,-151.8168
490.0000,0.3745,-0.1670,-1.0859,-2.4580,-2.1374,-151.1450
495.0000,0.3843,-0.1382,-1.0771,-7.7328,-2.9160,-151.3359
502.0000,0.3994,-0.1252,-1.0374,-6.3893,0.9237,-151.2672
487.0000,0.3767,-0.1177,-1.0398,-3.8931,-0.5115,-149.9695
481.0000,0.3987,-0.1011,-1.0476,5.2061,2.7634,-148.8931
474.0000,0.4304,-0.0979,-1.0701,9.5038,9.2748,-148.4427
471.0000,0.4238,-0.1235,-1.0815,18.3053,4.9847,-148.8092
496.0000,0.3945,-0.1399,-1.0757,21.1069,-1.9160,-148.2061
491.0000,0.3862,-0.1160,-1.0676,19.7786,-4.4122,-146.1450
496.0000,0.3916,-0.0664,-1.0447,13.3206,-5.1603,-144.1756
494.0000,0.4126,-0.0593,-1.0522,1.0076,0.4809,-142.1679
505.0000,0.4143,-0.0173,-1.0271,-6.7634,4.2977,-141.1145
495.0000,0.4248,0.0034,-0.9885,-11.6336,8.5954,-140.9389
494.0000,0.4229,0.0198,-0.9768,-8.9084,8.0000,-139.8931
482.0000,0.4153,-0.0093,-0.9990,-2.3893,7.2137,-138.2824
485.0000,0.4448,-0.0105,-1.0312,3.3435,9.3740,-137.5649
490.0000,0.4558,0.0183,-1.0393,8.7023,11.2290,-136.3511
495.0000,0.4436,0.0391,-1.0498,11.1298,10.0305,-134.9618
496.0000,0.4397,0.0442,-1.0525,11.2443,7.8397,-134.0763
501.0000,0.4453,0.0420,-1.0691,11.3588,6.1832,-133.1756
493.0000,0.4387,0.0337,-1.0591,10.1832,5.6794,-131.9924
485.0000,0.4275,0.0366,-1.0288,5.9313,5.8473,-130.8626
503.0000,0.4243,0.0654,-0.9890,2.0153,5.7634,-128.6947
480.0000,0.4106,0.0750,-0.9749,0.7863,6.3969,-127.0534
490.0000,0.4270,0.0720,-0.9861,1.7863,9.0076,-126.1832
496.0000,0.4382,0.0559,-0.9968,4.2443,10.6107,-127.0229
499.0000,0.4375,0.0522,-1.0005,2.9389,11.2672,-127.4962
486.0000,0.4404,0.0352,-1.0212,2.2137,11.7710,-126.4504
515.0000,0.4438,0.0139,-1.0415,1.5115,11.4046,-125.2748
482.0000,0.4465,0.0029,-1.0618,0.3893,9.9466,-123.7710
494.0000,0.4434,0.0210,-1.0657,1.6641,8.7252,-121.8321
491.0000,0.4399,0.0557,-1.0422,7.3130,7.2977,-119.5344
489.0000,0.4290,0.0735,-1.0010,13.0840,6.0382,-117.4962
484.0000,0.4387,0.0908,-0.9880,17.8702,6.1679,-116.5115
490.0000,0.4355,0.1013,-0.9783,21.0534,7.8473,-115.3588
481.0000,0.4351,0.1179,-0.9905,22.4580,10.2595,-114.5802
498.0000,0.4385,0.1257,-1.0134,22.8168,12.6183,-113.2824
473.0000,0.4219,0.1289,-1.0498,16.2672,11.9847,-113.4733
498.0000,0.4446,0.1313,-1.0190,22.1679,7.1374,-112.4657
488.0000,0.4343,0.1187,-1.0359,21.7863,10.4351,-111.6718
492.0000,0.4451,0.1057,-1.0657,20.3817,12.0611,-111.2672
488.0000,0.4214,0.0823,-1.0620,23.2977,10.7863,-111.1527
491.0000,0.4216,0.0767,-1.0608,21.4198,11.2672,-110.4351
497.0000,0.4038,0.0833,-1.0579,19.8550,7.5496,-107.7939
489.0000,0.4155,0.1201,-1.0693,14.9466,9.3359,-104.9466
494.0000,0.4314,0.1785,-1.0410,3.2214,12.9466,-103.6336
487.0000,0.4385,0.1938,-1.0437,11.9237,8.1527,-101.9695
500.0000,0.4448,0.1948,-1.0564,15.3053,7.9008,-101.6565
495.0000,0.4375,0.1941,-1.0554,23.8855,6.4122,-100.1679
497.0000,0.4341,0.1958,-1.0662,22.9313,6.8168,-98.6031
483.0000,0.4385,0.2124,-1.0703,18.8015,8.3740,-96.9542
496.0000,0.4321,0.2310,-1.0647,14.7023,9.0000,-94.9084
494.0000,0.4353,0.2468,-1.0605,15.8626,8.7405,-92.2824
487.0000,0.4202,0.2285,-1.0647,21.5267,6.8931,-90.1527
496.0000,0.4087,0.2148,-1.0742,27.3359,4.2672,-87.8931
487.0000,0.4067,0.2024,-1.0852,29.9160,2.2748,-85.5496
497.0000,0.4058,0.2126,-1.0803,27.7405,0.5038,-82.9084
496.0000,0.4045,0.2300,-1.0608,24.3817,-0.6031,-80.0763
502.0000,0.4175,0.2346,-1.0540,23.6183,0.1298,-77.5954
487.0000,0.4270,0.2209,-1.0571,23.4656,0.7481,-76.2519
496.0000,0.4226,0.2205,-1.0747,19.6794,0.5649,-74.7252
493.0000,0.4331,0.2197,-1.0791,15.8779,0.2137,-73.1221
494.0000,0.4270,0.2314,-1.0620,12.9008,0.2214,-71.1908
485.0000,0.4143,0.2307,-1.0691,11.2901,-0.8550,-69.9008
494.0000,0.4172,0.2185,-1.0820,11.2061,-1.4580,-68.7481
494.0000,0.4111,0.1838,-1.0725,13.4046,-1.3511,-66.9542
497.0000,0.4116,0.1819,-1.0605,16.4809,-2.5267,-64.5038
498.0000,0.3960,0.1960,-1.0562,18.7099,-4.3130,-61.4962
486.0000,0.3921,0.2048,-1.0564,19.5420,-6.0305,-58.4046
496.0000,0.3909,0.2141,-1.0469,18.5573,-7.0534,-55.3359
492.0000,0.3767,0.2266,-1.0552,15.8244,-6.6641,-52.4733
495.0000,0.3831,0.2332,-1.0574,12.5649,-5.8702,-50.1374
513.0000,0.3867,0.2358,-1.0515,10.5725,-5.1908,-48.1603
494.0000,0.3865,0.2358,-1.0483,10.2214,-4.2901,-46.1527
488.0000,0.3923,0.2285,-1.0437,10.4427,-4.4656,-44.5191
493.0000,0.3979,0.2251,-1.0454,10.4733,-5.4656,-42.6183
493.0000,0.4004,0.2512,-1.0461,10.1069,-5.1221,-40.0687
496.0000,0.4023,0.2549,-1.0444,9.7863,-4.3588,-37.6107
482.0000,0.4009,0.2646,-1.0574,8.2061,-4.2443,-35.0458
502.0000,0.4067,0.2559,-1.0542,7.4504,-3.7863,-32.4885
482.0000,0.4009,0.2395,-1.0574,7.7252,-3.6260,-29.4962
490.0000,0.3994,0.2175,-1.0452,8.1985,-4.5344,-26.0229
501.0000,0.4004,0.2244,-1.0376,9.1298,-5.6183,-22.4885
487.0000,0.3943,0.2383,-1.0334,10.7481,-5.7252,-18.4275
494.0000,0.4106,0.2524,-1.0400,12.8321,-4.6718,-15.1450
491.0000,0.4189,0.2712,-1.0459,12.9847,-3.6565,-12.5267
476.0000,0.4170,0.2834,-1.0530,12.6794,-3.0611,-9.8702
489.0000,0.4167,0.2991,-1.0496,10.2137,-2.3130,-7.1450
500.0000,0.4233,0.2981,-1.0415,7.2137,-1.3206,-4.3740
492.0000,0.4221,0.3000,-1.0554,4.6718,-0.4580,-1.4504
497.0000,0.4224,0.3020,-1.0601,2.9313,1.0229,1.5649
489.0000,0.4209,0.3103,-1.0505,1.8702,2.3130,5.9313
497.0000,0.4192,0.3252,-1.0422,3.0611,2.9084,11.6947
480.0000,0.4360,0.3501,-1.0657,5.4351,3.1450,17.3740
496.0000,0.4329,0.3806,-1.0852,7.4427,2.6107,23.4580
524.0000,0.4292,0.4329,-1.1133,6.1756,0.6183,28.9389
496.0000,0.4126,0.4717,-1.1411,1.6183,-2.3359,34.8626
482.0000,0.4075,0.4888,-1.1667,0.0229,-3.5649,41.2443
454.0000,0.4016,0.4856,-1.1309,2.2901,-3.5191,47.6412
503.0000,0.3782,0.4736,-1.1040,3.3740,-6.3969,52.5344
514.0000,0.3625,0.4692,-1.0747,-1.2672,-9.5420,57.5038
479.0000,0.4832,0.4878,-1.0430,-3.5802,2.3282,62.2366
520.0000,0.4319,0.4651,-1.0935,-2.1908,-5.2061,68.8321
420.0000,0.4072,0.4207,-1.1216,1.1756,-7.7939,75.3970
498.0000,0.3889,0.4055,-1.1418,0.2290,-7.8855,83.6794
499.0000,0.3806,0.3999,-1.1274,-0.9466,-9.5878,90.3053
482.0000,0.3762,0.3975,-1.1372,-8.2748,-7.3817,96.3817
509.0000,0.3726,0.4214,-1.1453,-16.5038,-5.4427,102.5344
477.0000,0.3589,0.4309,-1.1331,-21.7786,-6.4580,107.3130
480.0000,0.3669,0.4319,-1.1514,-24.4275,-7.0916,114.3588
490.0000,0.3611,0.4202,-1.1638,-25.5954,-10.1679,120.2824
502.0000,0.3364,0.4172,-1.1416,-28.3359,-14.0916,126.9771
485.0000,0.3159,0.3889,-1.1270,-25.1985,-14.8931,133.5191
442.0000,0.3030,0.3442,-1.0977,-19.4504,-15.0305,137.2061
508.0000,0.2781,0.2949,-1.0945,-19.7786,-15.8092,138.8931
510.0000,0.2839,0.2405,-1.0991,-23.5496,-14.4580,141.7557
444.0000,0.2751,0.1711,-1.1140,-25.7099,-13.7328,145.7939
516.0000,0.2754,0.1150,-1.1172,-29.5878,-14.3511,149.1298
496.0000,0.2795,0.0828,-1.1174,-33.8931,-14.0153,152.1450
492.0000,0.2842,0.0627,-1.1431,-35.4427,-13.9084,156.6794
491.0000,0.3101,0.0679,-1.1587,-39.2137,-13.1527,160.0687
499.0000,0.2974,0.0674,-1.1521,-40.7557,-15.4885,162.5038
472.0000,0.2805,0.0676,-1.1580,-44.2977,-15.4504,164.6031
512.0000,0.2571,0.1042,-1.1108,-40.9771,-20.5725,166.0840
483.0000,0.2493,0.1672,-1.0703,-43.3511,-21.6336,167.9695
500.0000,0.2178,0.1946,-1.0664,-43.7023,-21.8855,170.6260
493.0000,0.2024,0.1577,-1.0476,-37.0840,-20.2214,171.3359
550.0000,0.1841,0.0918,-1.0422,-29.8702,-18.2290,170.3740
534.0000,0.1707,0.0005,-1.0459,-24.1527,-16.5649,168.3893
466.0000,0.1589,-0.0801,-1.0549,-23.3206,-13.6718,167.2672
514.0000,0.1699,-0.1199,-1.0732,-27.0687,-10.6183,166.7786
497.0000,0.1987,-0.1279,-1.1318,-34.5649,-7.2748,166.9618
522.0000,0.2104,-0.1519,-1.1780,-45.2519,-6.2214,168.2748
494.0000,0.2087,-0.1384,-1.2017,-53.2214,-5.8321,170.2061
503.0000,0.2061,-0.1047,-1.2014,-52.1832,-4.0992,171.0153
524.0000,0.1782,-0.0745,-1.1689,-49.3817,-6.5191,170.0916
527.0000,0.1624,-0.0486,-1.1311,-46.3206,-10.0382,170.0534
453.0000,0.1533,0.0024,-1.0996,-41.7099,-12.3664,170.9695
493.0000,0.1460,0.0381,-1.0754,-36.5573,-13.6489,173.8321
473.0000,0.1465,0.0459,-1.0464,-28.2748,-12.0687,177.7710
473.0000,0.1497,0.0608,-1.0105,-17.3282,-7.6794,180.1069
485.0000,0.1538,0.0244,-1.0337,-3.7252,-2.5496,180.7023
538.0000,0.1433,-0.0569,-1.0623,1.3435,-1.9542,179.1908
446.0000,0.1260,-0.1272,-1.0886,-7.1221,-2.8779,175.7405
524.0000,0.1277,-0.1306,-1.1565,-18.7099,-2.6031,172.4122
495.0000,0.1228,-0.0969,-1.2158,-32.3053,-2.3359,171.6794
509.0000,0.1108,-0.0649,-1.1931,-47.7252,-4.9084,171.7481
498.0000,0.1226,-0.0698,-1.1506,-57.9084,-4.7634,170.5191
525.0000,0.1274,-0.1096,-1.1179,-59.8092,-5.3053,168.0000
501.0000,0.1233,-0.1494,-1.1367,-58.6031,-6.9466,167.0000
598.0000,0.1409,-0.1804,-1.1541,-55.1374,-7.5954,168.7328
498.0000,0.1333,-0.1492,-1.1235,-51.7099,-8.5191,171.3359
540.0000,0.1421,-0.1030,-1.0994,-45.3969,-10.0229,174.4809
506.0000,0.1438,-0.0718,-1.0876,-36.4885,-8.1374,176.9084
517.0000,0.1575,-0.0847,-1.0920,-26.4580,-3.0382,178.4275
478.0000,0.1472,-0.1150,-1.1057,-19.3435,-1.2214,177.7405
481.0000,0.1421,-0.1409,-1.1377,-19.0305,1.1985,175.8397
510.0000,0.1404,-0.1497,-1.1609,-17.6870,3.3817,174.1985
497.0000,0.1536,-0.1677,-1.1553,-20.1603,6.2901,173.6794
538.0000,0.1555,-0.1865,-1.1482,-22.5878,9.4885,172.5420
614.0000,0.1597,-0.2014,-1.1348,-24.0153,14.2290,170.6107
527.0000,0.1350,-0.2180,-1.1406,-23.9695,17.0382,168.3282
160.0000,0.1350,-0.2275,-1.1780,-23.5267,16.5267,168.0840
502.0000,0.1489,-0.2319,-1.1714,-22.7557,16.5573,169.0305
458.0000,0.1606,-0.2263,-1.1409,-19.7176,16.9389,170.8626
495.0000,0.1821,-0.2168,-1.1172,-15.4885,20.5344,173.1069
459.0000,0.1853,-0.2229,-1.0503,-0.9313,17.9389,174.0000
462.0000,0.1963,-0.2356,-1.0227,5.1298,19.2977,174.5572
467.0000,0.1875,-0.2441,-1.0588,10.1679,21.5649,174.0763
461.0000,0.1733,-0.2390,-1.1069,11.1832,23.1985,172.6488
456.0000,0.1494,-0.2546,-1.1309,10.9847,21.8855,169.5343
476.0000,0.1274,-0.2512,-1.1401,6.9847,20.9160,164.1985
460.0000,0.1294,-0.2400,-1.1316,1.0763,22.3893,157.4046
479.0000,0.1414,-0.2664,-1.1318,-0.2137,20.9771,150.9847
515.0000,0.1621,-0.3022,-1.1362,-2.3435,19.2366,145.1221
511.0000,0.1780,-0.3479,-1.0972,-1.2672,18.8855,139.8855
528.0000,0.1689,-0.3933,-1.0728,2.6641,17.1908,134.6641
519.0000,0.1873,-0.4019,-1.0964,6.3053,14.0840,130.1908
494.0000,0.2141,-0.3989,-1.1274,7.7023,12.6031,126.2519
510.0000,0.2109,-0.3875,-1.1318,10.8931,11.1603,121.7252
464.0000,0.2048,-0.3823,-1.0928,14.7786,10.0000,116.8321
517.0000,0.2187,-0.3704,-1.0747,14.1069,11.9771,110.6870
497.0000,0.2551,-0.3630,-1.0830,11.6718,13.7481,103.7176
498.0000,0.2744,-0.3655,-1.1265,8.5115,12.7023,96.1145
565.0000,0.2622,-0.3691,-1.1270,4.3893,11.5649,88.4046
490.0000,0.2434,-0.3650,-1.1379,-0.9542,8.5038,80.5725
486.0000,0.2368,-0.3706,-1.1191,-5.5115,6.8473,72.2443
490.0000,0.2588,-0.3921,-1.1008,-8.5802,9.4046,63.3130
496.0000,0.2749,-0.4214,-1.0981,-6.7786,12.0534,54.2595
490.0000,0.2690,-0.4573,-1.0898,0.4275,9.6718,45.3435
499.0000,0.2856,-0.4880,-1.0828,10.5038,7.7252,37.3206
497.0000,0.2891,-0.4934,-1.0847,20.1603,6.4351,29.4275
486.0000,0.2791,-0.4702,-1.1062,25.4962,4.2977,20.5038
492.0000,0.2654,-0.4431,-1.1294,23.2595,1.6794,9.8473
484.0000,0.2556,-0.4124,-1.1426,12.4198,-2.1603,-2.5878
497.0000,0.2539,-0.4023,-1.1558,-0.3817,-4.7634,-15.3893
497.0000,0.2661,-0.4023,-1.1592,-10.3206,-6.1756,-28.2061
494.0000,0.2717,-0.4075,-1.1404,-16.3282,-5.5649,-40.1145
492.0000,0.2571,-0.4446,-1.1243,-17.1298,-4.5649,-51.0000
498.0000,0.2522,-0.4783,-1.1035,-13.7099,-4.0687,-60.1832
507.0000,0.2463,-0.5103,-1.0937,-6.6794,-3.0840,-67.7405
479.0000,0.2388,-0.5107,-1.0859,4.4046,0.1221,-73.9237
498.0000,0.2280,-0.5073,-1.0747,17.7786,3.7099,-79.1450
482.0000,0.2183,-0.4905,-1.0803,31.0763,5.8473,-85.2824
492.0000,0.2251,-0.4810,-1.1055,42.7023,7.4351,-91.8702
502.0000,0.2119,-0.4648,-1.1272,49.6718,8.1221,-98.1985
492.0000,0.1934,-0.4434,-1.1433,52.4885,8.3511,-104.3130
496.0000,0.1753,-0.4265,-1.1289,53.4580,7.3893,-109.8244
495.0000,0.1702,-0.4241,-1.1228,53.1374,6.3359,-115.0611
496.0000,0.1621,-0.4309,-1.1309,52.6794,4.1679,-121.1069
494.0000,0.1687,-0.4351,-1.1602,50.6336,0.3359,-127.3283
491.0000,0.1511,-0.4150,-1.1736,46.9924,-3.8626,-133.3053
493.0000,0.1348,-0.3679,-1.1670,40.4962,-7.7481,-138.7405
490.0000,0.1355,-0.3250,-1.1648,31.6947,-9.6489,-144.1908
495.0000,0.1584,-0.2942,-1.1479,22.0687,-9.1221,-149.2519
484.0000,0.1797,-0.2822,-1.1370,12.6947,-6.4962,-153.7710
429.0000,0.1931,-0.3181,-1.1160,6.2366,-5.0992,-157.0229
497.0000,0.2058,-0.3411,-1.1135,1.1527,-4.1298,-158.6870
498.0000,0.2466,-0.3811,-1.0962,1.3588,-1.4046,-159.6488
501.0000,0.2627,-0.4106,-1.1089,9.7099,-2.9466,-159.1069
504.0000,0.2551,-0.4321,-1.1245,17.4122,-4.0000,-157.9618
498.0000,0.2852,-0.4221,-1.1248,30.9237,-4.7863,-155.5878
497.0000,0.2737,-0.3923,-1.1030,41.9160,-14.6489,-154.8244
496.0000,0.2949,-0.3708,-1.1226,48.0992,-7.8550,-153.8244
492.0000,0.2527,-0.3188,-1.1345,41.1603,-13.7786,-153.2137
500.0000,0.2622,-0.2732,-1.1240,30.4733,-10.9237,-152.4656
492.0000,0.3347,-0.2244,-1.1196,18.1603,2.8244,-151.8397
500.0000,0.3926,-0.1899,-1.0898,6.3588,9.9466,-152.7557
493.0000,0.3198,-0.1921,-1.0874,1.0763,-6.1985,-155.5649
501.0000,0.3489,-0.2322,-1.0813,11.7710,-10.7710,-155.5954
494.0000,0.3643,-0.2234,-1.0764,13.5649,-9.6794,-154.8092
511.0000,0.3572,-0.2119,-1.0596,16.6031,-9.6870,-153.2137
496.0000,0.3582,-0.1741,-1.0625,9.5191,-7.8092,-153.1756
495.0000,0.3760,-0.1672,-1.0962,3.6183,-8.4885,-153.5649
503.0000,0.3958,-0.1838,-1.1130,-1.3893,-8.4733,-154.1832
520.0000,0.3967,-0.1941,-1.1099,-3.5496,-9.8702,-154.0000
485.0000,0.3867,-0.2002,-1.0906,-1.7176,-11.5802,-151.9008
490.0000,0.3938,-0.1685,-1.0835,-0.5802,-13.0458,-148.2595
498.0000,0.4094,-0.1338,-1.0759,-0.6718,-14.9237,-145.5267
489.0000,0.4329,-0.1128,-1.0454,-6.5344,-11.0153,-144.3588
498.0000,0.4531,-0.0786,-0.9983,-12.0687,-6.7557,-143.2443
490.0000,0.4580,-0.0566,-0.9866,-12.5115,-4.8168,-140.7252
486.0000,0.4836,-0.0500,-0.9983,-8.2290,-2.1679,-137.2748
503.0000,0.4922,-0.0454,-1.0010,0.1221,0.1450,-134.7176
497.0000,0.4707,-0.0313,-0.9993,6.5115,0.0763,-133.7023
494.0000,0.4446,-0.0315,-1.0176,9.2595,-2.0458,-132.8244
495.0000,0.4468,-0.0422,-1.0608,15.9008,0.5573,-132.6641
500.0000,0.4565,-0.0840,-1.0854,18.7557,2.2290,-134.0534
480.0000,0.4307,-0.1101,-1.0874,13.7176,-0.7557,-134.8931
489.0000,0.4155,-0.1001,-1.0803,4.8168,-4.2748,-133.6488
507.0000,0.4282,-0.0784,-1.0610,-4.2901,-5.6947,-130.3206
498.0000,0.4514,-0.0127,-1.0459,-9.3206,-6.6107,-125.9924
489.0000,0.4629,0.0457,-1.0273,-11.2672,-7.4427,-122.3359
501.0000,0.4729,0.0786,-1.0178,-9.7863,-6.7328,-120.3206
496.0000,0.4714,0.0728,-1.0154,-6.0992,-5.5038,-120.3817
485.0000,0.4636,0.0376,-0.9995,-1.2443,-4.5038,-121.6183
501.0000,0.4614,0.0210,-0.9875,-0.5267,-4.0840,-121.6870
498.0000,0.4612,0.0110,-0.9741,-2.0611,-3.9313,-121.4733
497.0000,0.4634,0.0173,-1.0259,-3.4885,-3.5420,-119.7710
493.0000,0.4773,0.0171,-1.0764,-2.9084,-2.7634,-117.8855
501.0000,0.4629,0.0127,-1.0986,-1.9618,-3.1756,-116.6336
497.0000,0.4536,0.0422,-1.0725,0.5038,-3.7634,-116.6260
493.0000,0.4375,0.0554,-1.0396,0.8855,-6.4427,-116.5038
506.0000,0.4375,0.0505,-1.0400,-1.9542,-9.8626,-115.7176
494.0000,0.4517,0.0525,-1.0259,-5.4733,-8.6641,-115.5038
500.0000,0.4470,0.0305,-0.9990,-7.1527,-7.8321,-115.3817
500.0000,0.4387,0.0366,-0.9929,-9.7023,-5.5573,-115.5802
509.0000,0.4399,0.0303,-0.9893,-10.4962,-3.2672,-115.3664
496.0000,0.4495,0.0195,-1.0122,-6.7481,-1.7481,-115.3130
511.0000,0.4475,0.0098,-1.0278,-6.2061,-5.5878,-115.5878
477.0000,0.4592,-0.0198,-1.0308,4.9313,-2.2443,-113.3664
496.0000,0.4331,-0.0132,-1.0229,6.6260,-3.5191,-112.5496
495.0000,0.4429,0.0015,-1.0120,9.2137,-1.7405,-110.9618
492.0000,0.4385,0.0261,-1.0210,15.0916,-2.7328,-110.1145
492.0000,0.4417,0.0569,-1.0320,13.4962,0.0840,-109.0611
495.0000,0.4294,0.0842,-1.0249,11.4962,-0.2061,-108.5191
488.0000,0.4287,0.1101,-1.0239,10.4351,1.2977,-108.4122
495.0000,0.4319,0.1216,-1.0054,9.5344,2.7023,-109.1985
498.0000,0.4180,0.1091,-0.9963,9.4427,3.8931,-109.6947
488.0000,0.4133,0.0918,-0.9861,11.9618,6.6794,-110.7328
487.0000,0.4250,0.0417,-0.9680,16.6412,8.7405,-111.7786
496.0000,0.4243,0.0181,-1.0149,17.5802,9.0763,-111.2443
499.0000,0.4204,0.0344,-1.0364,17.5344,7.4885,-109.0916
495.0000,0.4153,0.0613,-1.0474,17.3817,5.7863,-106.0687
498.0000,0.4065,0.0923,-1.0537,17.5878,4.9847,-104.3893
497.0000,0.4011,0.1165,-1.0488,16.8550,4.4427,-103.9771
501.0000,0.4058,0.1528,-1.0437,14.2137,4.3740,-104.1069
491.0000,0.3960,0.1692,-1.0366,14.7328,4.3588,-103.7252
494.0000,0.4048,0.1824,-1.0339,14.0687,6.9313,-103.2824
494.0000,0.4045,0.1909,-1.0125,16.0382,9.3664,-102.3893
495.0000,0.4004,0.2012,-1.0022,17.9924,10.1450,-100.9847
490.0000,0.3999,0.2014,-1.0173,19.5802,10.5649,-99.0534
492.0000,0.3938,0.1863,-1.0242,22.5191,10.5725,-97.0840
487.0000,0.3962,0.1650,-1.0371,24.0229,10.1374,-95.8931
498.0000,0.3948,0.1738,-1.0566,24.3893,8.8321,-94.3817
491.0000,0.3994,0.2080,-1.0623,25.0840,7.1679,-91.7176
493.0000,0.3926,0.2195,-1.0574,25.4275,5.8168,-89.0916
497.0000,0.3835,0.2229,-1.0781,27.2290,4.0611,-86.9008
493.0000,0.3796,0.2163,-1.0786,26.1221,1.8015,-85.6565
495.0000,0.3833,0.2202,-1.0669,22.0382,0.6718,-84.1603
496.0000,0.3826,0.2261,-1.0469,17.7863,-0.4656,-82.3283
500.0000,0.3765,0.2463,-1.0229,14.7405,0.1832,-79.5878
476.0000,0.3792,0.2451,-1.0261,16.7023,0.6412,-77.4046
499.0000,0.3904,0.2258,-1.0359,17.6870,0.8015,-76.4580
486.0000,0.3982,0.2156,-1.0593,17.0763,0.1756,-75.5649
497.0000,0.3921,0.2185,-1.0664,18.8015,-1.1527,-73.7863
494.0000,0.3894,0.2112,-1.0681,20.1069,-3.7176,-71.4198
495.0000,0.3845,0.2034,-1.0708,19.9847,-6.2519,-68.5725
495.0000,0.3857,0.2087,-1.0688,20.1756,-6.7786,-66.1450
507.0000,0.3796,0.2041,-1.0920,21.7252,-8.4885,-63.5802
493.0000,0.3721,0.2148,-1.0759,21.2366,-10.3435,-61.3588
497.0000,0.3872,0.2239,-1.0964,20.2061,-11.2137,-58.8321
501.0000,0.3809,0.2283,-1.0779,19.9542,-11.9237,-56.2290
485.0000,0.3738,0.2354,-1.0667,17.8092,-12.2901,-53.5649
495.0000,0.3699,0.2434,-1.0623,17.9847,-11.3817,-50.9466
501.0000,0.3772,0.2349,-1.0569,19.4427,-9.8321,-49.0534
472.0000,0.3801,0.2234,-1.0491,21.0840,-8.4122,-47.2137
493.0000,0.3875,0.2056,-1.0408,22.1298,-7.6794,-45.8931
498.0000,0.3911,0.1929,-1.0234,23.7786,-6.9160,-44.1756
490.0000,0.3992,0.1924,-1.0215,27.1221,-5.3206,-41.8321
502.0000,0.3992,0.1848,-1.0276,27.6183,-5.2824,-39.0763
487.0000,0.3997,0.1975,-1.0588,26.0763,-6.4122,-35.6641
508.0000,0.3955,0.2271,-1.0757,24.9771,-7.2137,-32.3588
498.0000,0.3840,0.2632,-1.0825,22.6947,-7.7710,-28.9771
497.0000,0.3772,0.2905,-1.0981,23.2214,-9.6336,-26.5725
470.0000,0.3762,0.2932,-1.1187,22.6260,-8.5573,-25.3664
487.0000,0.3809,0.2949,-1.1030,20.7557,-7.7710,-24.9389
496.0000,0.3672,0.2751,-1.1052,16.1374,-8.6412,-23.9237
503.0000,0.3779,0.2759,-1.1038,10.2748,-8.0305,-21.9313
503.0000,0.3845,0.2844,-1.1125,5.5496,-6.4122,-18.6718
491.0000,0.3831,0.2847,-1.1108,2.1145,-5.5191,-15.3206
498.0000,0.3757,0.2947,-1.1101,0.9237,-5.2519,-11.0763
514.0000,0.3696,0.3149,-1.0952,-1.2519,-5.4809,-6.7710
477.0000,0.3638,0.3394,-1.0952,-3.8779,-6.1450,-1.5191
488.0000,0.3623,0.3672,-1.1182,-3.4198,-5.6412,4.4809
477.0000,0.3525,0.3887,-1.1177,-3.0763,-5.0916,9.6641
505.0000,0.3564,0.4097,-1.1211,-3.7786,-4.0763,14.8931
505.0000,0.3499,0.4243,-1.1309,-2.4351,-2.8244,20.5267
527.0000,0.3464,0.4248,-1.1340,-1.0305,-3.0687,26.4351
496.0000,0.3379,0.4387,-1.1416,-1.1908,-3.1450,31.7710
504.0000,0.3286,0.4595,-1.1614,-2.2901,-3.8168,37.9084
457.0000,0.3247,0.4597,-1.1782,-6.0687,-4.2672,44.4580
492.0000,0.3162,0.4529,-1.1860,-9.2519,-4.3130,51.3893
499.0000,0.3167,0.4458,-1.1841,-10.0458,-4.3130,58.2824
491.0000,0.3159,0.4277,-1.1660,-10.3435,-5.5115,65.1985
493.0000,0.3120,0.4065,-1.1575,-9.8550,-6.5802,72.1450
496.0000,0.3088,0.3972,-1.1450,-9.9618,-7.9160,79.1069
510.0000,0.3003,0.3909,-1.1401,-12.6718,-8.6107,85.7710
484.0000,0.3000,0.4080,-1.1355,-18.0611,-7.5573,92.0534
499.0000,0.2949,0.4177,-1.1370,-21.4580,-7.3740,98.0229
504.0000,0.2847,0.4072,-1.1499,-23.1527,-7.0458,103.4275
452.0000,0.2798,0.3774,-1.1318,-23.1069,-6.0687,109.6336
494.0000,0.2715,0.3364,-1.1135,-19.7023,-6.0687,113.5725
499.0000,0.2695,0.2959,-1.1196,-17.7405,-7.6183,117.6107
511.0000,0.2808,0.2878,-1.1345,-19.2366,-7.5191,121.9084
488.0000,0.2747,0.2813,-1.1460,-22.0687,-6.8702,126.8321
494.0000,0.2751,0.2644,-1.1697,-27.9389,-5.6641,130.8779
515.0000,0.2798,0.2566,-1.1846,-32.2137,-4.9313,134.7863
508.0000,0.2776,0.2278,-1.1831,-33.8321,-5.2672,138.8168
473.0000,0.2717,0.1880,-1.1743,-35.5573,-6.0305,142.6031
501.0000,0.2688,0.1548,-1.1736,-35.7557,-6.5115,146.5114
497.0000,0.2615,0.1575,-1.1050,-34.7405,-8.2137,150.5954
504.0000,0.2634,0.1904,-1.0386,-31.8779,-9.2214,155.3969
459.0000,0.2664,0.2280,-1.0161,-21.8550,-8.1298,162.2366
525.0000,0.2725,0.2305,-1.0679,-11.1145,-4.9237,167.4351
500.0000,0.2629,0.1890,-1.0928,-4.1374,-1.2214,169.0840
475.0000,0.2356,0.1433,-1.0945,-1.9924,-1.2214,169.8626
514.0000,0.2087,0.0981,-1.0781,-5.4275,-3.0916,171.0000
536.0000,0.2104,0.1045,-1.1001,-14.8015,-3.2214,173.4198
513.0000,0.2156,0.0938,-1.1213,-26.3588,-3.8473,175.2519
519.0000,0.2268,0.0415,-1.1301,-36.9237,-3.5115,176.2290
493.0000,0.2275,0.0059,-1.1160,-41.4580,-4.5267,176.7328
532.0000,0.2273,-0.0464,-1.1072,-43.0153,-4.5725,177.8931
483.0000,0.2273,-0.0527,-1.1282,-42.2137,-5.8321,179.2901
520.0000,0.2153,-0.0476,-1.1472,-38.6870,-8.8015,180.1450
453.0000,0.2300,-0.0261,-1.1633,-37.8092,-10.5420,179.9847
506.0000,0.2366,0.0374,-1.1628,-38.2977,-12.2137,179.5114
522.0000,0.2446,0.0959,-1.1536,-41.7099,-12.5267,179.0611
484.0000,0.2388,0.1116,-1.1582,-45.0305,-13.2519,178.5878
446.0000,0.2344,0.1101,-1.1458,-50.6718,-14.5038,178.5649
508.0000,0.2117,0.1282,-1.0840,-58.3817,-17.6718,178.4504
479.0000,0.1960,0.1272,-1.0437,-60.8092,-18.0763,181.0382
488.0000,0.1736,0.0828,-1.0684,-56.2595,-16.8855,184.6260
505.0000,0.1765,0.0273,-1.1125,-52.3740,-14.1374,185.0763
511.0000,0.1602,-0.0208,-1.1399,-51.2595,-15.2748,184.0000
520.0000,0.1418,-0.0703,-1.1797,-53.7176,-19.1908,182.8779
501.0000,0.1221,-0.1001,-1.1997,-59.8779,-20.4122,182.1832
471.0000,0.1277,-0.1086,-1.2009,-65.1221,-20.0000,182.2061
548.0000,0.1284,-0.1055,-1.2107,-70.9084,-20.9466,182.7710
501.0000,0.1184,-0.0984,-1.2144,-75.5649,-22.3359,183.6336
504.0000,0.1221,-0.0916,-1.2146,-78.4886,-23.8702,184.2977
470.0000,0.1052,-0.1023,-1.1824,-76.7023,-25.7557,184.7405
479.0000,0.0808,-0.1138,-1.1523,-73.9084,-26.8702,185.1450
546.0000,0.0754,-0.0938,-1.0959,-71.0763,-27.8244,186.8855
553.0000,0.0750,-0.0356,-1.0549,-62.5878,-28.6412,189.5572
493.0000,0.0647,0.0217,-1.0803,-49.5802,-25.9847,192.6717
483.0000,0.0635,0.0403,-1.1255,-37.9542,-20.8092,193.3130
484.0000,0.0610,0.0027,-1.1765,-32.5496,-16.1679,189.3435
520.0000,0.0339,-0.0598,-1.2078,-37.3893,-9.6183,182.4122
443.0000,0.0117,-0.1248,-1.2380,-49.4351,-6.8550,176.1832
410.0000,0.0017,-0.1870,-1.2295,-62.3435,-4.5038,171.8015
386.0000,0.0215,-0.2275,-1.2212,-67.5267,-0.5344,169.2824
539.0000,0.0347,-0.2449,-1.2083,-65.4504,2.8092,167.8473
479.0000,0.0610,-0.2395,-1.1892,-57.7481,4.1450,166.8473
539.0000,0.0759,-0.2300,-1.1663,-45.3206,6.6336,166.2366
564.0000,0.0813,-0.2156,-1.1421,-30.8855,10.9695,165.3511
535.0000,0.0930,-0.2058,-1.1042,-20.3511,14.9542,164.5420
509.0000,0.1321,-0.1792,-1.1106,-14.7405,17.7863,165.2519
458.0000,0.1699,-0.1223,-1.1223,-10.4809,23.0992,166.7633
503.0000,0.1553,-0.1003,-1.1052,2.8702,21.5573,167.8931
506.0000,0.1628,-0.0950,-1.1113,13.3893,23.1527,168.7786
338.0000,0.1570,-0.0876,-1.1125,22.8168,23.4046,167.9542
505.0000,0.1516,-0.0974,-1.1169,24.3359,24.7023,163.4198
466.0000,0.1482,-0.0991,-1.1245,17.5649,23.9160,158.7939
562.0000,0.1477,-0.1238,-1.1387,8.8702,22.7099,154.8168
494.0000,0.1414,-0.1392,-1.1270,1.1603,24.6565,151.4046
533.0000,0.1406,-0.1711,-1.0994,-4.7939,26.4885,147.7023
520.0000,0.1399,-0.2026,-1.0923,-10.7328,25.4962,143.9695
556.0000,0.1587,-0.2244,-1.1074,-16.1374,23.1221,140.8321
421.0000,0.1670,-0.2344,-1.1221,-17.2214,19.2519,139.2443
470.0000,0.1716,-0.2339,-1.1008,-12.3969,18.3282,137.4351
512.0000,0.1689,-0.2546,-1.0847,-6.7481,17.8550,133.9160
433.0000,0.1877,-0.2649,-1.1135,-3.7176,16.7099,128.9618
504.0000,0.1995,-0.2661,-1.1216,0.1985,14.5802,123.1985
564.0000,0.1965,-0.2871,-1.1277,0.8855,14.2672,116.3893
553.0000,0.1975,-0.2925,-1.1218,2.8702,13.0763,110.0076
433.0000,0.2146,-0.2954,-1.1226,6.7481,12.2672,102.9313
491.0000,0.2390,-0.2795,-1.0889,9.0534,14.7252,96.1069
545.0000,0.2595,-0.2866,-1.0730,13.5115,16.1298,88.9160
503.0000,0.2620,-0.2983,-1.0708,15.7710,15.9313,81.2748
490.0000,0.2661,-0.3149,-1.0730,16.5573,15.4580,73.5038
487.0000,0.2654,-0.3259,-1.0876,14.0916,13.2137,66.2214
497.0000,0.2664,-0.2983,-1.1155,7.2290,12.2214,58.3740
494.0000,0.2805,-0.2817,-1.1248,1.1374,12.5038,50.4885
496.0000,0.2776,-0.2798,-1.1118,-2.5573,10.2061,41.6794
466.0000,0.2830,-0.3210,-1.0955,-1.6947,6.6489,31.9771
493.0000,0.2966,-0.3604,-1.0864,3.8015,4.0992,21.6718
490.0000,0.3103,-0.3853,-1.0969,10.5878,2.2290,11.7939
485.0000,0.3149,-0.3860,-1.1301,13.3893,-1.2977,1.0458
499.0000,0.2910,-0.3860,-1.1321,11.5038,-4.9237,-10.4580
487.0000,0.2756,-0.3616,-1.1404,5.9771,-7.4656,-21.9771
499.0000,0.2498,-0.3643,-1.1326,-0.6565,-9.5954,-34.1603
507.0000,0.2327,-0.3777,-1.1511,-6.8397,-11.5878,-47.2519
508.0000,0.2278,-0.3975,-1.1592,-7.9618,-12.8931,-60.3511
484.0000,0.2317,-0.4167,-1.1484,-3.6031,-13.7328,-72.0458
498.0000,0.2222,-0.4307,-1.1255,4.2214,-13.6412,-82.6107
507.0000,0.2107,-0.4431,-1.1128,14.4733,-11.8931,-92.2214
488.0000,0.2029,-0.4619,-1.1189,25.1908,-8.0229,-101.2595
504.0000,0.1853,-0.4636,-1.1128,35.7328,-2.1221,-108.4428
484.0000,0.1638,-0.4668,-1.1042,50.1985,1.8779,-114.1069
493.0000,0.1521,-0.4634,-1.0881,62.5344,5.0763,-119.5115
487.0000,0.1436,-0.4658,-1.0923,71.9924,6.2672,-124.4351
496.0000,0.1560,-0.4199,-1.1196,77.2672,5.1527,-128.3435
483.0000,0.1765,-0.3821,-1.1421,81.2595,3.4733,-132.9771
501.0000,0.1746,-0.3477,-1.1758,76.1756,-1.6565,-138.4198
503.0000,0.1584,-0.3008,-1.2156,65.4198,-7.8473,-144.3969
499.0000,0.1501,-0.2798,-1.2097,52.2366,-11.1450,-150.4962
502.0000,0.1465,-0.2817,-1.1824,37.0611,-12.9237,-157.1069
496.0000,0.1389,-0.3098,-1.1616,22.4656,-12.0305,-162.6107
503.0000,0.1453,-0.3430,-1.1460,11.9008,-10.5649,-167.0229
478.0000,0.1599,-0.3533,-1.1318,6.5420,-9.5878,-168.7481
498.0000,0.1599,-0.3640,-1.1292,9.9695,-8.6183,-168.9008
499.0000,0.1685,-0.3308,-1.1260,16.9924,-5.5038,-168.3435
480.0000,0.2043,-0.3264,-1.1145,31.2061,-5.0382,-168.4122
503.0000,0.2261,-0.3103,-1.1223,44.9695,-6.4122,-168.9542
483.0000,0.2307,-0.3242,-1.1084,57.3511,-7.4275,-170.2672
495.0000,0.2319,-0.3171,-1.0923,61.0382,-10.1985,-172.1603
493.0000,0.2288,-0.3008,-1.0889,54.0000,-13.0305,-173.7939
498.0000,0.2463,-0.2717,-1.1130,43.4046,-12.4351,-175.6260
498.0000,0.2546,-0.2424,-1.1582,29.5344,-11.3359,-177.6107
487.0000,0.2769,-0.2112,-1.1975,16.9771,-11.3969,-178.4351
493.0000,0.2893,-0.1965,-1.2144,5.6718,-12.2366,-178.5191
483.0000,0.2886,-0.1797,-1.1807,-2.5649,-14.0992,-178.7557
498.0000,0.2847,-0.1570,-1.1392,-3.3053,-15.6031,-177.9542
481.0000,0.3113,-0.1533,-1.0671,2.7863,-14.9771,-177.1832
497.0000,0.3118,-0.2214,-1.0847,8.4809,0.8702,-176.3511
498.0000,0.2920,-0.2180,-1.0449,13.9542,-4.9847,-176.1756
509.0000,0.3201,-0.1946,-1.0383,14.9771,-3.4962,-174.4962
485.0000,0.3635,-0.1519,-1.0364,23.5802,-2.5038,-171.8397
501.0000,0.3813,-0.1211,-1.0798,30.3206,-1.9160,-169.5572
496.0000,0.4121,-0.0720,-1.1162,31.1679,-0.6870,-170.0840
490.0000,0.4060,-0.0596,-1.1467,25.0687,-5.0458,-170.5878
496.0000,0.4229,-0.0317,-1.1443,13.3359,-5.6260,-170.0763
484.0000,0.4253,-0.0256,-1.1467,5.5649,-3.4122,-169.8244
495.0000,0.4114,-0.0186,-1.1416,-2.2061,-5.8321,-170.1069
503.0000,0.4053,-0.0227,-1.1006,-9.8702,-7.9084,-170.4962
498.0000,0.4077,-0.0076,-1.0623,-15.9466,-6.9771,-168.7863
499.0000,0.4250,0.0022,-1.0449,-16.9924,-1.9313,-166.3817
493.0000,0.4207,0.0007,-1.0391,-12.9618,1.9771,-164.6870
476.0000,0.4233,-0.0061,-1.0242,-7.1298,4.4504,-163.1527
504.0000,0.4250,-0.0039,-1.0100,2.0687,5.1069,-160.4504
493.0000,0.4099,0.0068,-1.0093,8.9466,3.7252,-156.6412
498.0000,0.4072,0.0391,-1.0432,14.7634,2.3969,-152.6870
496.0000,0.4180,0.0496,-1.0796,19.1832,3.1221,-149.6031
507.0000,0.4141,0.0637,-1.0908,18.9313,1.6336,-147.8321
508.0000,0.4023,0.0857,-1.0562,15.0076,-1.1832,-146.8321
503.0000,0.3943,0.1067,-1.0520,8.2748,-3.2061,-145.7176
495.0000,0.4063,0.1306,-1.0784,6.7328,-4.2824,-144.8779
505.0000,0.4316,0.1057,-1.1096,7.0153,-3.3282,-145.1603
496.0000,0.4241,0.1035,-1.0928,5.9084,-3.6565,-144.1069
485.0000,0.4109,0.1140,-1.0574,1.9160,-6.8015,-141.7252
497.0000,0.4131,0.1382,-1.0391,-3.2977,-8.1832,-137.4198
489.0000,0.4185,0.1975,-1.0117,-5.1450,-5.3053,-132.8244
494.0000,0.4346,0.2332,-0.9944,-3.9847,-2.7252,-127.9389
502.0000,0.4260,0.2456,-1.0002,1.9160,0.0916,-124.3970
492.0000,0.4204,0.2334,-1.0198,9.7252,3.1221,-122.7634
499.0000,0.4128,0.2043,-1.0410,14.1069,3.5267,-121.6718
489.0000,0.4028,0.2236,-1.0356,12.0229,0.6107,-119.6183
502.0000,0.3884,0.2300,-1.0593,7.5802,-2.2519,-116.6489
497.0000,0.3879,0.2278,-1.0989,7.8855,-1.3359,-115.0534
501.0000,0.3921,0.2009,-1.1282,9.4656,0.8779,-114.9160
480.0000,0.3813,0.1694,-1.1138,6.5344,-0.0153,-114.0687
514.0000,0.3669,0.1575,-1.0815,-0.1603,-5.3053,-112.1069
494.0000,0.3811,0.1428,-1.0745,-8.2748,-6.7405,-108.3206
495.0000,0.3909,0.1843,-1.0464,-10.5038,-6.8779,-104.4428
485.0000,0.4092,0.2112,-1.0295,-8.5802,-2.6412,-101.0000
493.0000,0.4099,0.2224,-1.0002,-4.9924,0.9618,-97.9008
491.0000,0.4014,0.2402,-0.9800,-1.4580,4.3130,-95.5420
502.0000,0.3904,0.2556,-0.9834,3.9160,7.7786,-92.8779
498.0000,0.3823,0.2517,-1.0098,9.3359,8.1679,-90.1832
499.0000,0.3743,0.2371,-1.0471,12.7634,8.6489,-87.2748
498.0000,0.3630,0.2285,-1.0815,15.7481,9.8550,-84.0382
494.0000,0.3481,0.2275,-1.0776,17.2061,9.4046,-81.7481
503.0000,0.3467,0.2356,-1.0706,16.5114,8.0382,-80.4275
487.0000,0.3521,0.2246,-1.0723,17.5649,8.0153,-78.8397
491.0000,0.3608,0.2012,-1.0754,19.7557,8.7786,-77.3664
499.0000,0.3584,0.1689,-1.0808,17.0992,8.6947,-76.4504
484.0000,0.3579,0.1746,-1.0596,11.5420,8.2901,-75.4351
491.0000,0.3596,0.1819,-1.0474,8.1756,6.9618,-73.9542
495.0000,0.3652,0.1848,-1.0576,4.2748,8.5191,-72.0153
499.0000,0.3577,0.1968,-1.0334,1.3282,9.9008,-70.6260
495.0000,0.3464,0.1909,-1.0312,0.9237,10.2748,-69.6107
497.0000,0.3384,0.1672,-1.0430,2.6260,9.8092,-68.5038
502.0000,0.3352,0.1487,-1.0427,7.1985,9.1069,-67.1832
497.0000,0.3240,0.1182,-1.0588,12.4046,7.3130,-65.8779
490.0000,0.3333,0.1028,-1.0542,17.0687,6.2672,-64.5573
490.0000,0.3325,0.1177,-1.0559,20.5420,5.5725,-63.4046
499.0000,0.3352,0.1384,-1.0681,21.0153,4.4122,-61.9160
491.0000,0.3394,0.1453,-1.0581,18.5038,3.8702,-60.2290
491.0000,0.3389,0.1531,-1.0515,16.6031,3.3664,-58.3206
492.0000,0.3396,0.1521,-1.0454,15.4656,3.0305,-56.7023
496.0000,0.3396,0.1692,-1.0574,14.9542,2.8931,-55.3435
501.0000,0.3489,0.1797,-1.0422,15.4580,2.0763,-53.6031
492.0000,0.3381,0.1982,-1.0474,16.4962,0.6565,-51.5802
499.0000,0.3413,0.2090,-1.0518,16.6641,0.2290,-50.1298
487.0000,0.3398,0.2197,-1.0520,15.0687,0.4275,-48.9084
507.0000,0.3467,0.2239,-1.0530,12.2519,0.7863,-47.9084
514.0000,0.3447,0.2390,-1.0405,9.4504,0.3817,-46.5496
499.0000,0.3467,0.2495,-1.0488,7.5649,-1.6412,-44.3130
511.0000,0.3496,0.2573,-1.0598,8.4504,-0.8321,-41.4351
492.0000,0.3508,0.2620,-1.0747,10.7328,-0.6947,-38.8550
479.0000,0.3447,0.2698,-1.0981,12.3969,-2.0611,-36.0763
466.0000,0.3345,0.2664,-1.1064,11.8092,-3.1908,-32.3664
492.0000,0.3406,0.2856,-1.1074,8.4046,-3.9008,-28.4046
475.0000,0.3433,0.3113,-1.1064,7.2672,-4.7252,-24.1756
523.0000,0.3425,0.3394,-1.1069,5.9695,-4.5573,-19.2061
441.0000,0.3430,0.3560,-1.1111,5.5496,-3.3893,-13.9924
503.0000,0.3459,0.3875,-1.1243,6.5802,-2.9389,-9.1985
492.0000,0.3406,0.4087,-1.1338,7.1069,-4.6031,-4.9084
488.0000,0.3350,0.4165,-1.1453,6.3435,-5.1679,0.1069
497.0000,0.3257,0.4211,-1.1357,5.8855,-4.5420,5.3511
508.0000,0.3403,0.4280,-1.1194,5.2595,-3.8015,10.2137
499.0000,0.3464,0.4177,-1.1150,3.8092,-3.0458,16.0382
507.0000,0.3555,0.4111,-1.1392,2.7863,-2.8626,21.4580
444.0000,0.3540,0.4045,-1.1423,1.0840,-2.9008,26.6794
514.0000,0.3542,0.4045,-1.1746,-1.1603,-3.7023,32.2824
518.0000,0.3579,0.3899,-1.1658,-3.0229,-3.7252,37.9237
477.0000,0.3513,0.3728,-1.1438,-4.5191,-3.7176,43.9466
515.0000,0.3374,0.3701,-1.1277,-5.6641,-4.0153,49.8626
504.0000,0.3340,0.3875,-1.1140,-5.4504,-3.5038,56.1374
509.0000,0.3335,0.3906,-1.1047,-4.3817,-2.7252,61.7405
498.0000,0.3276,0.3818,-1.1042,-3.9618,-0.3053,66.9313
512.0000,0.3206,0.3948,-1.1030,-0.8702,0.3969,72.9313
484.0000,0.3289,0.4033,-1.1182,1.7252,1.5802,78.8473
497.0000,0.3386,0.3987,-1.1201,4.8092,2.5344,85.2901
429.0000,0.3389,0.3955,-1.1177,9.5115,2.9771,91.2214
485.0000,0.3293,0.3684,-1.1262,9.7634,2.8779,97.1832
499.0000,0.3369,0.3542,-1.1331,6.7328,4.0153,102.8779
500.0000,0.3210,0.3108,-1.1360,3.6565,5.4656,107.7786
411.0000,0.3184,0.2769,-1.1348,0.9466,5.4504,113.0458
507.0000,0.3181,0.2559,-1.1467,1.1985,7.9084,119.1679
497.0000,0.3064,0.2400,-1.1294,5.6794,8.2977,125.0076
525.0000,0.2991,0.2227,-1.1023,10.3588,7.4351,129.8397
446.0000,0.2883,0.2319,-1.0776,12.3893,7.4504,133.7939
519.0000,0.2827,0.2346,-1.0896,13.2901,6.4733,137.9618
481.0000,0.2549,0.2434,-1.1252,11.3206,-0.9542,142.4122
498.0000,0.2971,0.2017,-1.1238,15.7023,6.7328,147.5343
531.0000,0.3171,0.1621,-1.1223,21.5649,15.5267,151.0153
491.0000,0.2808,0.1306,-1.1401,21.2824,15.3664,151.0611
472.0000,0.2756,0.1245,-1.1624,13.1221,14.5725,152.3053
526.0000,0.2703,0.1233,-1.1902,-4.4885,12.1908,153.6412
460.0000,0.2708,0.1108,-1.1780,-20.6183,10.1679,153.9847
513.0000,0.2654,0.0874,-1.1467,-25.5878,10.4504,154.1679
490.0000,0.2676,0.0908,-1.1318,-29.9924,13.2824,154.0229
540.0000,0.2593,0.0737,-1.1421,-35.3588,12.3588,154.2366
400.0000,0.2424,0.0754,-1.1228,-44.0534,8.1145,154.9313
551.0000,0.2393,0.0959,-1.0857,-53.5038,4.2824,157.3817
477.0000,0.2563,0.1111,-1.0574,-54.8779,2.0305,162.3206
507.0000,0.2686,0.1047,-1.0327,-46.4809,0.2443,167.9160
497.0000,0.2747,0.0764,-1.0354,-33.0076,1.1527,171.3817
509.0000,0.2605,0.0300,-1.0774,-21.2443,1.9160,173.1527
492.0000,0.2576,0.0076,-1.1047,-14.6031,1.3359,173.4504
509.0000,0.2615,-0.0186,-1.1350,-15.3893,0.9389,173.3740
507.0000,0.2639,-0.0391,-1.1484,-23.4504,1.8550,172.6641
440.0000,0.2546,-0.0667,-1.1475,-37.6031,2.9924,172.9847
507.0000,0.2559,-0.0762,-1.1638,-45.2901,3.7939,173.9847
478.0000,0.2581,-0.0979,-1.1836,-49.3588,5.2061,175.3206
510.0000,0.2346,-0.1326,-1.1958,-52.8473,6.8168,176.7176
535.0000,0.2209,-0.1487,-1.1770,-56.0076,6.0458,177.7481
538.0000,0.2141,-0.1143,-1.1221,-58.2137,0.8931,178.2366
489.0000,0.2161,-0.0254,-1.0317,-59.6870,-2.7328,179.1221
500.0000,0.2166,0.0239,-0.9990,-54.5725,-4.5725,183.1374
574.0000,0.2075,0.0339,-0.9941,-39.1069,-4.9237,189.7176
456.0000,0.2122,0.0283,-1.0134,-22.0611,-4.1985,193.0687
504.0000,0.2139,0.0288,-1.0212,-10.6641,-3.2443,192.8855
415.0000,0.1807,0.0293,-1.0691,-8.9771,-4.6641,191.4351
526.0000,0.1516,-0.0112,-1.1013,-19.2595,-3.5191,189.6947
437.0000,0.1477,-0.0630,-1.1304,-37.0076,-1.2366,187.1450
522.0000,0.1208,-0.1416,-1.1584,-60.6260,-0.4046,184.3969
478.0000,0.1101,-0.1951,-1.1877,-80.7634,0.9695,182.4427
554.0000,0.0962,-0.2307,-1.1909,-93.4428,2.6489,180.7405
458.0000,0.0979,-0.2429,-1.1812,-95.8855,0.7710,180.0000
506.0000,0.1150,-0.2522,-1.1685,-89.8244,-2.2748,178.7099
551.0000,0.1270,-0.2571,-1.1118,-79.4733,-4.5802,176.3588
530.0000,0.1157,-0.2402,-1.0479,-73.2901,-5.8779,174.3053
488.0000,0.1040,-0.1873,-0.9949,-72.4428,-8.0534,174.8397
507.0000,0.1140,-0.1299,-1.0342,-62.3435,-9.0534,179.8779
517.0000,0.1238,-0.1074,-1.0994,-47.6260,-3.6412,185.0916
446.0000,0.1257,-0.0911,-1.0979,-35.0763,1.8931,183.7176
568.0000,0.1050,-0.1094,-1.1145,-28.8855,0.9847,177.1908
487.0000,0.0991,-0.1348,-1.1548,-38.3893,4.9160,170.4580
543.0000,0.1108,-0.1689,-1.1484,-46.3740,9.5573,164.1221
395.0000,0.1096,-0.2263,-1.1536,-56.0534,14.6870,157.5343
503.0000,0.1240,-0.2332,-1.1543,-66.4046,20.3282,153.2366
569.0000,0.1340,-0.2764,-1.1829,-70.8626,23.4046,150.6336
595.0000,0.1475,-0.2793,-1.2029,-68.5115,26.3053,149.0916
673.0000,0.1499,-0.2876,-1.1829,-60.2290,28.1985,147.2748
513.0000,0.1467,-0.2766,-1.1921,-52.7328,27.0000,145.9771
537.0000,0.1677,-0.2532,-1.1582,-44.5573,26.1527,145.7557
521.0000,0.1826,-0.2349,-1.1125,-32.0687,26.7481,146.9847
514.0000,0.1875,-0.2324,-1.0662,-16.1527,30.2061,149.1527
462.0000,0.1848,-0.2656,-1.0710,4.2672,32.7252,150.3206
505.0000,0.2021,-0.2656,-1.1206,16.6641,34.5038,149.0076
412.0000,0.1946,-0.2798,-1.1411,27.5802,32.1832,145.4656
576.0000,0.2058,-0.2520,-1.1604,25.6565,35.3588,139.2824
436.0000,0.2146,-0.2158,-1.1562,19.9466,36.2748,132.6412
452.0000,0.2073,-0.1997,-1.1497,14.5344,34.9466,126.2137
523.0000,0.2224,-0.1936,-1.1135,6.6107,37.9160,120.1908
507.0000,0.2136,-0.2290,-1.1040,2.3817,35.0916,114.9847
494.0000,0.2261,-0.2693,-1.1113,-6.6260,31.0840,110.3283
489.0000,0.2422,-0.3162,-1.1042,-4.2443,28.8931,105.2137
522.0000,0.2253,-0.3604,-1.0911,2.5344,23.2824,100.2672
469.0000,0.2344,-0.3760,-1.0696,10.0611,16.4198,94.9466
505.0000,0.2710,-0.3723,-1.1001,11.3359,14.6412,88.5649
488.0000,0.2893,-0.3384,-1.0916,11.4656,11.8550,81.1603
509.0000,0.2712,-0.3250,-1.0950,5.7176,8.2214,72.8092
488.0000,0.2883,-0.3062,-1.0835,-7.0229,8.4962,63.9542
491.0000,0.3118,-0.3081,-1.0845,-13.9084,6.9695,54.8015
504.0000,0.3240,-0.3123,-1.0945,-20.2443,7.5649,45.0534
501.0000,0.3335,-0.3188,-1.1052,-17.3206,5.9160,34.9389
488.0000,0.3228,-0.3484,-1.1040,-10.2137,2.0840,24.3206
499.0000,0.2986,-0.3928,-1.0937,-6.9008,-1.5038,12.9313
479.0000,0.2927,-0.4229,-1.1028,-8.3511,-3.8015,1.6031
495.0000,0.3030,-0.4546,-1.1143,-13.2824,-5.0916,-9.8321
504.0000,0.3149,-0.4648,-1.0981,-16.1679,-6.0000,-20.8244
513.0000,0.2974,-0.4634,-1.1094,-14.1298,-8.1450,-32.4733
493.0000,0.2939,-0.4580,-1.1174,-8.0000,-10.6870,-43.9160
500.0000,0.2866,-0.4548,-1.1084,-0.5954,-11.9313,-53.8855
501.0000,0.2681,-0.4465,-1.0937,7.4275,-11.6489,-63.3817
486.0000,0.2695,-0.4485,-1.0950,13.8321,-11.2137,-72.0229
497.0000,0.2583,-0.4619,-1.1064,17.1374,-11.3664,-81.2290
493.0000,0.2368,-0.4663,-1.1169,20.2519,-10.1450,-89.3435
487.0000,0.2329,-0.4683,-1.1084,24.4962,-7.9618,-96.4198
492.0000,0.2349,-0.4836,-1.1096,32.2137,-5.4809,-103.2214
497.0000,0.2271,-0.4907,-1.0754,41.7710,-2.5649,-108.4809
498.0000,0.2219,-0.4631,-1.0476,54.1221,-0.3435,-112.5191
501.0000,0.2288,-0.4292,-1.0491,66.8855,0.4351,-116.0687
540.0000,0.2341,-0.4023,-1.0781,74.6260,-1.6641,-121.3511
505.0000,0.2476,-0.3677,-1.1304,73.2214,-5.9771,-127.5267
497.0000,0.2427,-0.3062,-1.1499,63.7099,-10.9160,-134.5267
503.0000,0.2314,-0.2903,-1.1514,46.8550,-15.0076,-141.5191
500.0000,0.2319,-0.2781,-1.1292,27.5114,-17.8550,-148.0763
490.0000,0.2351,-0.3069,-1.1111,10.0382,-18.4122,-153.3893
499.0000,0.2383,-0.3389,-1.0906,-2.9847,-18.3206,-157.3130
495.0000,0.2407,-0.3750,-1.0708,-9.3282,-17.7405,-159.6336
501.0000,0.2336,-0.3828,-1.0635,-7.3282,-17.0611,-160.8550
501.0000,0.2297,-0.3767,-1.0364,0.0763,-17.3817,-160.7481
488.0000,0.2246,-0.3499,-1.0254,12.1908,-16.0382,-161.1908
437.0000,0.2156,-0.3381,-1.0398,28.5114,-16.7557,-161.9160
497.0000,0.2063,-0.2976,-1.0688,37.5267,-20.3817,-163.3817
485.0000,0.2085,-0.2939,-1.0996,45.0153,-25.1374,-165.1069
457.0000,0.2288,-0.2708,-1.1255,43.1679,-27.7939,-167.4733
492.0000,0.2319,-0.2529,-1.1221,36.5038,-29.6489,-170.7405
504.0000,0.2354,-0.2366,-1.1392,25.7634,-30.7481,-173.3130
490.0000,0.2410,-0.2173,-1.1343,13.5573,-33.2137,-174.9237
473.0000,0.2549,-0.2061,-1.1309,3.4427,-33.6947,-175.4962
486.0000,0.2839,-0.2014,-1.1104,-4.0153,-32.6336,-176.7405
507.0000,0.2764,-0.1753,-1.1018,-9.6870,-31.0458,-177.6336
478.0000,0.2810,-0.1729,-1.0981,-9.5496,-27.6107,-178.0611
479.0000,0.2810,-0.1892,-1.1050,-7.7710,-24.6641,-177.4809
501.0000,0.2751,-0.2217,-1.1003,-2.8321,-21.6718,-176.6183
494.0000,0.2717,-0.2187,-1.0928,6.5496,-18.4275,-174.8779
486.0000,0.2803,-0.2002,-1.0884,17.4122,-17.7710,-173.3359
516.0000,0.2947,-0.1772,-1.0879,28.1221,-18.1908,-172.6260
504.0000,0.2859,-0.1548,-1.0930,34.4504,-19.1832,-171.6641
487.0000,0.2966,-0.1084,-1.1018,37.2672,-19.2672,-170.2443
501.0000,0.3127,-0.0569,-1.1309,36.4046,-17.6870,-168.8397
498.0000,0.3369,-0.0476,-1.1584,31.1069,-15.6107,-169.9008
504.0000,0.3364,-0.0505,-1.1406,23.0534,-16.0000,-171.8168
506.0000,0.3411,-0.0393,-1.1033,12.5191,-16.8550,-172.5267
500.0000,0.3464,-0.0115,-1.0808,5.5878,-16.2137,-170.8550
508.0000,0.3674,0.0168,-1.0750,5.3664,-12.5725,-168.0992
474.0000,0.3672,0.0151,-1.0676,8.3359,-10.8244,-166.4122
499.0000,0.3630,0.0173,-1.0471,10.4122,-10.2061,-165.6336
495.0000,0.3474,0.0081,-1.0552,14.1908,-9.4962,-164.6488
494.0000,0.3442,0.0020,-1.0593,17.6260,-8.5649,-162.0534
501.0000,0.3533,0.0193,-1.0840,18.9008,-9.2901,-160.6641
492.0000,0.3486,0.0215,-1.0923,17.3740,-9.0992,-158.9695
498.0000,0.3325,0.0332,-1.0996,16.5954,-8.9847,-156.6412
492.0000,0.3376,0.0701,-1.1006,16.9237,-9.5115,-153.9084
498.0000,0.3435,0.0845,-1.1045,17.2748,-10.6489,-152.0382
496.0000,0.3508,0.0925,-1.1062,17.0458,-10.9542,-150.6641
494.0000,0.3359,0.0891,-1.0923,16.8015,-10.8168,-150.1069
504.0000,0.3218,0.0940,-1.0500,14.6412,-11.4275,-148.8168
508.0000,0.3330,0.0979,-1.0417,12.1756,-11.5802,-146.5420
494.0000,0.3538,0.1057,-1.0540,10.0458,-10.5725,-144.6947
504.0000,0.3606,0.1077,-1.0813,8.0458,-8.3740,-142.7633
490.0000,0.3484,0.1292,-1.0596,5.9313,-7.8702,-140.7099
495.0000,0.3423,0.1348,-1.0645,6.0840,-8.0534,-137.9389
495.0000,0.3354,0.1431,-1.0686,7.1374,-8.5115,-134.2595
489.0000,0.3408,0.1477,-1.0859,8.5496,-8.9542,-131.4351
480.0000,0.3438,0.1404,-1.1050,10.0687,-7.8855,-130.3664
492.0000,0.3352,0.1316,-1.0991,11.0458,-6.2061,-129.2901
507.0000,0.3323,0.1301,-1.0820,12.4580,-5.3282,-127.9847
488.0000,0.3293,0.1230,-1.0869,14.2672,-5.1374,-124.9924
496.0000,0.3347,0.1333,-1.0857,15.8931,-4.5954,-121.1527
497.0000,0.3335,0.1533,-1.0781,19.2290,-3.9924,-117.1298
500.0000,0.3372,0.1846,-1.0808,22.9084,-3.5649,-112.4122
501.0000,0.3376,0.2107,-1.0830,25.8855,-3.8779,-108.8855
489.0000,0.3452,0.2205,-1.1038,27.8626,-2.7557,-105.7863
491.0000,0.3384,0.2288,-1.1099,26.9771,-0.6489,-104.0229
485.0000,0.3301,0.2187,-1.1101,22.5649,0.9771,-103.4351
492.0000,0.3330,0.2080,-1.1023,18.0382,2.4351,-102.5954
498.0000,0.3323,0.2012,-1.1265,13.9771,4.0992,-101.0763
498.0000,0.3262,0.1816,-1.1350,11.4198,4.8397,-99.0305
477.0000,0.3186,0.1760,-1.1274,11.9466,3.7557,-96.5496
495.0000,0.3157,0.1689,-1.1130,12.6794,3.6565,-93.4122
496.0000,0.3098,0.1775,-1.1167,13.7023,3.1450,-90.2672
500.0000,0.3096,0.1675,-1.1135,14.9466,3.1069,-87.6870
498.0000,0.3118,0.1643,-1.1191,13.9924,3.3588,-85.7557
494.0000,0.3176,0.1660,-1.1238,11.6641,3.6718,-84.1603
495.0000,0.3140,0.1621,-1.1233,9.2519,4.2443,-82.3283
495.0000,0.3164,0.1514,-1.1199,7.3130,4.6718,-80.3511
496.0000,0.3162,0.1438,-1.1233,7.2672,4.9466,-78.0534
500.0000,0.3164,0.1470,-1.1211,9.1374,3.8092,-75.3359
497.0000,0.3286,0.1592,-1.1165,12.7634,3.1908,-72.1832
487.0000,0.3269,0.1599,-1.1189,17.1832,2.0305,-69.0153
498.0000,0.3267,0.1750,-1.1348,19.8092,0.6183,-66.5802
492.0000,0.3237,0.1797,-1.1208,21.0382,-0.5420,-64.6947
501.0000,0.3181,0.1909,-1.1301,21.2672,-0.4656,-62.3893
490.0000,0.3223,0.1956,-1.1206,20.5420,0.1145,-60.5267
495.0000,0.3286,0.1897,-1.1179,19.9847,-0.1069,-59.4198
492.0000,0.3235,0.1829,-1.1147,18.1221,-0.4198,-57.0611
498.0000,0.3220,0.1853,-1.1184,15.7405,-1.0916,-54.1527
496.0000,0.3269,0.1919,-1.1140,13.6947,-1.0763,-50.7786
496.0000,0.3220,0.2051,-1.1182,11.1832,-1.2214,-47.5038
507.0000,0.3254,0.2239,-1.1052,8.5573,-1.4962,-44.7176
501.0000,0.3250,0.2415,-1.1033,6.6489,-0.8473,-41.3130
501.0000,0.3328,0.2683,-1.1033,4.4198,-0.5420,-37.8626
512.0000,0.3223,0.2900,-1.0952,1.6718,-1.4046,-34.4427
482.0000,0.3149,0.3086,-1.0869,1.2366,-1.1069,-30.3893
503.0000,0.3167,0.3142,-1.0874,4.7634,0.0382,-25.6947
473.0000,0.3235,0.3086,-1.1016,10.5420,0.6260,-20.9466
505.0000,0.3201,0.2952,-1.0994,14.0458,1.0305,-17.1221
524.0000,0.3142,0.2957,-1.1165,13.3435,1.0992,-13.3664
485.0000,0.3235,0.3018,-1.1353,9.0076,0.3969,-8.6947
516.0000,0.3196,0.3186,-1.1482,1.8244,1.1832,-3.3359
505.0000,0.3164,0.3433,-1.1604,-4.9771,3.4427,2.4122
490.0000,0.3184,0.3628,-1.1499,-9.3053,5.3740,8.3969
503.0000,0.3223,0.3684,-1.1355,-9.8015,6.4351,13.8855
501.0000,0.3164,0.3706,-1.1272,-7.4733,7.2137,19.3893
483.0000,0.3093,0.3584,-1.1340,-5.3740,7.1298,24.6489
475.0000,0.3132,0.3516,-1.1353,-4.7328,6.3893,30.3893
504.0000,0.3086,0.3525,-1.1533,-4.5344,6.7405,37.3969
485.0000,0.3103,0.3616,-1.1680,-4.0229,7.0382,44.5573
514.0000,0.3010,0.3584,-1.1667,-2.7176,6.8015,51.2137
524.0000,0.2959,0.3550,-1.1648,-1.6870,5.8779,56.5496
504.0000,0.3030,0.3564,-1.1477,-2.3282,5.4275,60.9924
523.0000,0.2981,0.3843,-1.1565,-5.4427,4.3740,66.3053
393.0000,0.2930,0.3955,-1.1677,-11.4885,3.7328,71.8015
474.0000,0.2883,0.3894,-1.1812,-18.9313,4.4275,76.0687
507.0000,0.2939,0.3931,-1.1704,-28.0992,6.0382,78.8321
523.0000,0.2952,0.4104,-1.2043,-38.1221,6.8321,81.7634
525.0000,0.2817,0.3992,-1.2209,-49.2901,5.6183,85.2901
531.0000,0.2656,0.3767,-1.2009,-60.0458,4.1527,89.5038
480.0000,0.2495,0.3359,-1.1702,-68.3588,3.7863,93.8092
521.0000,0.2595,0.2998,-1.1431,-71.0916,4.0534,98.8321
493.0000,0.2500,0.2710,-1.1335,-67.2443,2.8321,105.9160
499.0000,0.2532,0.2375,-1.1401,-57.6718,0.8473,112.0840
497.0000,0.2463,0.2224,-1.1299,-45.8550,-1.7939,119.1450
521.0000,0.2542,0.2341,-1.1094,-35.6107,-4.8855,126.2290
542.0000,0.2517,0.2695,-1.0850,-27.9618,-7.5496,133.1679
459.0000,0.2571,0.3018,-1.0852,-22.6565,-6.5420,140.5496
442.0000,0.2598,0.3184,-1.1016,-19.8550,-4.0305,146.4809
535.0000,0.2444,0.3110,-1.1177,-21.5649,-2.2137,149.7252
413.0000,0.2207,0.2944,-1.1365,-28.1756,-2.1908,151.0229
496.0000,0.2046,0.2668,-1.1604,-37.2748,-3.1985,152.0000
515.0000,0.2034,0.2222,-1.1597,-44.9542,-2.8550,153.9313
487.0000,0.2095,0.1746,-1.1594,-50.0534,-1.4427,155.8397
505.0000,0.2080,0.1250,-1.1533,-53.5573,-0.8244,157.9237
506.0000,0.1980,0.0955,-1.1526,-55.0382,-2.1985,161.2366
505.0000,0.2017,0.0759,-1.1562,-53.3588,-4.0458,164.7176
483.0000,0.2036,0.0615,-1.1182,-51.5802,-5.2214,168.4046
515.0000,0.2229,0.0676,-1.0801,-48.2137,-5.8779,171.7939
513.0000,0.2207,0.0979,-1.0566,-41.7176,-5.1985,177.0076
497.0000,0.2183,0.1230,-1.0708,-33.9313,-4.5420,182.3206
468.0000,0.2156,0.1177,-1.0769,-26.9160,-4.0229,185.2366
485.0000,0.2014,0.0989,-1.0693,-20.1298,-3.6183,187.2595
495.0000,0.1907,0.0886,-1.0654,-15.3435,-3.7252,189.1679
466.0000,0.1809,0.0828,-1.0706,-11.6947,-3.2519,191.1145
429.0000,0.1631,0.0623,-1.0940,-12.6107,-1.0992,191.9771
476.0000,0.1758,0.0593,-1.1274,-18.4580,0.2137,191.3053
479.0000,0.1697,0.0583,-1.1724,-27.3588,0.3206,191.0687
365.0000,0.1699,0.0452,-1.1775,-34.6565,0.0382,190.8168
542.0000,0.1660,0.0098,-1.1689,-38.8321,1.0382,190.6260
489.0000,0.1560,-0.0203,-1.1165,-41.9389,-0.4504,190.8779
502.0000,0.1545,-0.0220,-1.0615,-41.8092,-3.0763,191.7633
499.0000,0.1479,-0.0322,-1.0374,-36.4733,-2.6947,194.7786
512.0000,0.1438,-0.0178,-1.0459,-28.3359,-0.7786,198.8015
467.0000,0.1504,-0.0205,-1.0759,-19.6870,0.2443,200.7481
507.0000,0.1526,-0.0171,-1.1060,-12.0382,1.8092,201.0840
483.0000,0.1382,-0.0315,-1.1187,-7.6718,4.1298,200.5725
508.0000,0.1279,-0.0613,-1.1172,-10.0916,5.2137,198.9389
522.0000,0.1104,-0.0950,-1.1479,-16.1298,7.0076,196.1908
479.0000,0.0989,-0.1196,-1.1445,-23.0992,9.4580,193.2977
518.0000,0.0938,-0.1304,-1.1763,-30.9695,8.3435,191.6412
538.0000,0.1025,-0.1477,-1.1929,-38.2748,7.7786,189.7176
506.0000,0.0908,-0.1733,-1.1829,-40.2137,8.1985,187.6336
492.0000,0.1006,-0.1912,-1.1672,-38.7557,7.4504,185.7863
456.0000,0.1011,-0.1941,-1.1548,-35.5802,5.6794,183.8779
541.0000,0.0999,-0.2187,-1.1536,-31.9771,6.9313,181.6107
514.0000,0.0950,-0.2322,-1.1360,-27.9466,8.7176,179.8779
421.0000,0.0996,-0.2332,-1.1318,-24.1374,9.3130,178.7328
568.0000,0.1143,-0.2256,-1.1335,-18.7634,10.4809,177.2595
501.0000,0.1262,-0.2290,-1.1138,-11.7405,15.5191,175.0611
475.0000,0.1353,-0.2400,-1.0979,-4.9160,17.3359,172.8931
450.0000,0.1506,-0.2554,-1.1226,-0.5115,17.8702,170.5572
536.0000,0.1606,-0.2712,-1.1279,4.1756,21.4198,167.7176
498.0000,0.1514,-0.2800,-1.1208,6.2519,23.4351,164.6336
524.0000,0.1538,-0.2844,-1.1221,3.0000,24.3969,161.4198
569.0000,0.1616,-0.2612,-1.1304,-1.6336,25.7939,158.0840
529.0000,0.1931,-0.2485,-1.1160,-5.9924,29.7710,155.7481
435.0000,0.1921,-0.2478,-1.1282,-3.0611,24.9924,153.5802
497.0000,0.2158,-0.2349,-1.1299,-3.8321,26.2061,151.8702
554.0000,0.2183,-0.2222,-1.1016,-2.1985,27.4427,149.7557
434.0000,0.1992,-0.2383,-1.1018,0.1298,26.1374,147.7176
455.0000,0.1904,-0.2314,-1.1167,-2.5649,24.1374,145.5878
530.0000,0.2070,-0.2209,-1.1187,-5.4351,21.5038,144.1985
396.0000,0.2190,-0.2058,-1.1160,-6.1374,19.9313,142.2214
507.0000,0.2107,-0.2173,-1.1223,-3.2824,20.4122,138.9389
535.0000,0.2073,-0.2500,-1.0923,-6.0305,19.9924,134.0534
533.0000,0.2161,-0.2708,-1.0916,-13.0763,17.2214,129.6794
505.0000,0.2224,-0.2837,-1.0874,-23.4351,18.2366,126.1756
499.0000,0.2136,-0.3074,-1.0759,-28.7557,18.5267,122.7786
500.0000,0.2063,-0.3325,-1.0950,-29.4122,16.1908,118.9771
535.0000,0.2085,-0.3438,-1.0911,-25.5344,14.5649,115.8321
459.0000,0.2253,-0.3601,-1.0845,-18.5725,12.4275,110.8015
472.0000,0.2400,-0.3635,-1.0837,-13.5267,10.6565,105.5191
492.0000,0.2415,-0.3562,-1.0923,-7.8321,8.4885,99.7481
496.0000,0.2451,-0.3738,-1.1006,-1.1450,8.3130,94.2214
510.0000,0.2463,-0.4014,-1.0566,4.2595,10.1908,87.6565
444.0000,0.2583,-0.4185,-1.0356,6.5420,11.5878,79.8931
497.0000,0.2668,-0.4331,-1.0413,4.6870,10.9313,70.9695
493.0000,0.2869,-0.4407,-1.0676,4.5191,9.3282,61.8244
503.0000,0.2917,-0.4265,-1.0732,7.5038,7.2595,53.0840
494.0000,0.2856,-0.4084,-1.0798,9.8168,4.9542,43.4962
496.0000,0.2905,-0.3838,-1.0720,11.3588,2.7099,33.0000
491.0000,0.2888,-0.3872,-1.0774,10.7786,1.0382,21.3435
499.0000,0.2869,-0.4072,-1.0796,6.5725,-1.1145,8.8015
500.0000,0.2888,-0.4385,-1.0833,0.6641,-4.2595,-2.9542
502.0000,0.2810,-0.4529,-1.0818,-5.9008,-7.4275,-15.7405
500.0000,0.2693,-0.4485,-1.1077,-10.6107,-10.9466,-28.5038
502.0000,0.2563,-0.4199,-1.1003,-14.3740,-14.3740,-41.6183
503.0000,0.2581,-0.4099,-1.1013,-17.8931,-17.1374,-54.2595
496.0000,0.2585,-0.4246,-1.1025,-21.1450,-19.8321,-66.8779
497.0000,0.2539,-0.4448,-1.0957,-21.8931,-22.0382,-78.6641
498.0000,0.2412,-0.4702,-1.0874,-21.4580,-23.6565,-89.0840
491.0000,0.2246,-0.4775,-1.0588,-19.1679,-24.6336,-97.6870
490.0000,0.2068,-0.4800,-1.0442,-13.3969,-23.9542,-105.5420
497.0000,0.1885,-0.4907,-1.0466,-4.2824,-22.1450,-112.1069
504.0000,0.1685,-0.5039,-1.0376,6.8244,-19.8321,-117.7252
500.0000,0.1577,-0.5115,-1.0364,18.6565,-18.3053,-123.0000
492.0000,0.1316,-0.5054,-1.0474,28.7481,-17.0992,-128.9542
499.0000,0.1184,-0.4797,-1.0271,36.7786,-16.1374,-134.1298
492.0000,0.1040,-0.4409,-1.0515,43.5420,-16.2061,-138.5878
501.0000,0.1116,-0.3989,-1.0620,47.0687,-17.9160,-144.0305
478.0000,0.1372,-0.3438,-1.1191,45.4427,-21.6565,-150.1985
515.0000,0.1616,-0.2944,-1.1750,39.2443,-23.9160,-157.0153
511.0000,0.1597,-0.2544,-1.1904,27.7099,-24.9618,-163.4809
500.0000,0.1606,-0.2520,-1.1702,12.6412,-24.7557,-169.4656
489.0000,0.1597,-0.2737,-1.1396,-2.7939,-24.0382,-174.1450
461.0000,0.1758,-0.3130,-1.1340,-15.5267,-20.9924,-177.8779
467.0000,0.1855,-0.3591,-1.1208,-22.6336,-17.7710,-180.0687
492.0000,0.1836,-0.3752,-1.1082,-23.1221,-15.2214,-180.9924
491.0000,0.2000,-0.3738,-1.0911,-14.7023,-14.9466,-179.6107
499.0000,0.2158,-0.3479,-1.1082,-6.0153,-11.4504,-176.8931
502.0000,0.2463,-0.2961,-1.1045,8.8321,-8.2443,-174.0305
486.0000,0.2573,-0.2673,-1.1284,23.2061,-8.1679,-171.9237
500.0000,0.2585,-0.2324,-1.1479,30.9618,-8.5725,-170.3206
500.0000,0.2610,-0.2195,-1.1333,33.3969,-5.9847,-169.0916
500.0000,0.2671,-0.2002,-1.1262,32.0534,-2.6870,-167.5343
506.0000,0.2798,-0.2021,-1.1296,30.3206,1.5725,-165.6031
504.0000,0.2932,-0.2061,-1.1348,27.9160,2.6183,-164.3359
494.0000,0.1143,-0.2119,-1.1555,23.0611,-34.8931,-167.2595
457.0000,0.4165,-0.1296,-1.0842,40.2748,11.0305,-160.2672
507.0000,0.3625,-0.1807,-1.1338,53.5573,18.5344,-157.0229
499.0000,0.2527,-0.0938,-1.1753,21.3664,3.8855,-158.7481
503.0000,0.2986,-0.1165,-1.1252,35.3817,0.0687,-158.1527
497.0000,0.3469,-0.1099,-1.1431,25.5878,4.6412,-159.1221
493.0000,0.3564,-0.0850,-1.1450,22.6031,-1.5038,-159.3359
495.0000,0.3655,-0.0813,-1.1665,17.2366,-1.3130,-159.1145
502.0000,0.3716,-0.0493,-1.1675,13.3053,0.3588,-158.0000
483.0000,0.3647,-0.0361,-1.1580,12.5954,-0.1298,-157.7405
505.0000,0.3550,-0.0503,-1.1331,8.1832,-2.1374,-157.9847
497.0000,0.3638,-0.0720,-1.1150,6.5115,-0.4504,-157.0534
501.0000,0.3721,-0.0786,-1.1038,5.4351,3.5038,-155.6336
493.0000,0.3608,-0.0874,-1.1042,4.2137,4.1832,-154.1221
498.0000,0.3853,-0.0947,-1.0937,3.8092,9.5115,-152.8626
486.0000,0.3792,-0.1028,-1.0823,10.7023,11.5038,-151.2824
497.0000,0.3711,-0.1008,-1.0859,17.2366,10.6794,-148.8473
479.0000,0.3738,-0.0835,-1.0789,21.8855,10.4427,-146.5572
500.0000,0.3796,-0.0400,-1.1057,23.9618,11.4504,-144.7939
504.0000,0.3997,0.0010,-1.1304,23.8397,11.2443,-143.9008
498.0000,0.4126,0.0364,-1.1538,21.4046,9.0153,-143.5191
504.0000,0.4128,0.0610,-1.1562,16.2595,6.5191,-143.2443
497.0000,0.4026,0.0537,-1.1436,10.5802,6.2672,-143.9084
492.0000,0.4087,0.0378,-1.1177,5.7557,6.0153,-144.7863
507.0000,0.4028,0.0232,-1.0811,2.4198,6.7786,-145.5038
489.0000,0.3975,0.0110,-1.0532,0.4427,7.0076,-145.2061
489.0000,0.3928,0.0195,-1.0334,0.3130,6.6565,-143.4809
495.0000,0.3779,0.0276,-1.0420,0.9313,7.1374,-141.1832
481.0000,0.3779,0.0427,-1.0547,1.8473,7.6489,-138.3206
498.0000,0.3760,0.0496,-1.0544,3.8397,7.9313,-136.6641
487.0000,0.3757,0.0581,-1.0781,6.7481,8.3740,-135.3206
496.0000,0.3684,0.0396,-1.0930,9.8321,7.2672,-134.6947
497.0000,0.3662,0.0383,-1.0718,11.9924,4.7023,-134.6412
501.0000,0.3606,0.0320,-1.0562,12.6947,3.3282,-133.1374
476.0000,0.3542,0.0515,-1.0530,13.4046,1.9466,-131.4351
499.0000,0.3577,0.0730,-1.0715,11.2366,0.2443,-130.4427
503.0000,0.3716,0.0898,-1.0598,8.2137,-0.8931,-130.2214
498.0000,0.3533,0.1155,-1.0491,6.2443,-4.4046,-128.1985
492.0000,0.3845,0.1484,-1.0764,5.0840,-1.6183,-126.9313
482.0000,0.3728,0.1309,-1.0916,1.0611,-1.8015,-128.5267
472.0000,0.3733,0.1218,-1.0789,-3.2137,-1.6412,-129.2061
504.0000,0.3645,0.1128,-1.0383,-6.0992,-2.1603,-127.9542
491.0000,0.3552,0.1077,-1.0264,-7.0305,-1.2061,-125.3130
500.0000,0.3665,0.1167,-1.0273,-4.9389,1.4427,-122.5725
504.0000,0.3730,0.1228,-1.0234,-1.6260,3.5038,-120.6489
494.0000,0.3623,0.1262,-1.0420,1.7252,3.6260,-118.1985
494.0000,0.3579,0.1438,-1.0715,4.2214,2.6489,-115.5573
499.0000,0.3655,0.1567,-1.0818,5.9466,1.5496,-112.7786
500.0000,0.3699,0.1824,-1.0759,6.0000,0.6489,-110.5725
492.0000,0.3828,0.2166,-1.0559,5.2290,-0.2366,-108.0076
500.0000,0.3745,0.2458,-1.0496,3.8931,-0.0611,-105.2901
497.0000,0.3787,0.2703,-1.0481,2.9084,2.6718,-102.3970
498.0000,0.3875,0.2813,-1.0583,2.2061,4.7099,-100.1145
492.0000,0.3784,0.2754,-1.0681,1.0229,5.3130,-97.5115
500.0000,0.3740,0.2737,-1.0625,2.2137,5.3893,-94.2443
487.0000,0.3652,0.2786,-1.0476,4.3664,5.3817,-90.6489
489.0000,0.3643,0.2859,-1.0283,7.6489,5.3740,-86.7481
501.0000,0.3586,0.2979,-1.0022,13.1221,6.9924,-82.0153
496.0000,0.3501,0.3105,-0.9961,18.6107,9.1450,-76.7863
491.0000,0.3462,0.3171,-1.0164,22.4275,11.1679,-73.0000
488.0000,0.3333,0.2983,-1.0544,22.8855,11.8702,-70.7557
496.0000,0.3328,0.2783,-1.0720,19.0458,10.9924,-68.3893
495.0000,0.3325,0.2622,-1.0732,13.8550,10.1985,-65.8550
494.0000,0.3325,0.2612,-1.0742,10.2672,9.2977,-62.3817
499.0000,0.3477,0.2534,-1.0686,7.9160,9.2214,-58.6947
496.0000,0.3479,0.2598,-1.0537,7.1985,8.8702,-55.1603
504.0000,0.3467,0.2546,-1.0430,9.1069,8.7557,-52.2901
498.0000,0.3455,0.2485,-1.0293,11.7176,8.2824,-48.8168