raw_emg,raw_ax,raw_ay,raw_az,raw_gx,raw_gy,raw_gz
105.0000,0.3726,0.0771,-1.0862,-4.3893,-0.7023,0.8779
136.0000,0.3704,0.0737,-1.0945,-4.1145,-0.4275,0.8626
162.0000,0.3701,0.0693,-1.0984,-3.3893,-0.4733,1.1145
166.0000,0.3672,0.0669,-1.0959,-2.8779,-0.4122,1.6031
181.0000,0.3647,0.0698,-1.0950,-2.8626,-0.2824,1.3740
194.0000,0.3645,0.0676,-1.1038,-2.9160,-0.2901,1.4656
195.0000,0.3684,0.0820,-1.1035,-2.9466,-0.5954,1.1527
202.0000,0.3625,0.0884,-1.0957,-2.8550,-0.3969,1.0534
209.0000,0.3660,0.0867,-1.0920,-3.1145,-0.6183,1.0534
216.0000,0.3784,0.0928,-1.0916,-3.5115,-0.5420,0.7557
210.0000,0.3652,0.0847,-1.0876,-3.7939,-0.0458,0.1374
229.0000,0.3691,0.0757,-1.0879,-3.7023,0.3053,-0.1832
238.0000,0.3660,0.0603,-1.0942,-2.9466,0.9313,0.0916
230.0000,0.3701,0.0588,-1.0894,-2.5267,0.5802,0.6794
247.0000,0.3667,0.0618,-1.0889,-3.9542,-0.0611,0.2366
247.0000,0.3647,0.0652,-1.1055,-4.6565,-0.0611,-0.1756
244.0000,0.3682,0.0767,-1.1045,-5.8244,0.2672,0.0229
256.0000,0.3618,0.0854,-1.1123,-6.9924,0.0229,-0.2748
260.0000,0.3562,0.0913,-1.1111,-7.9847,-0.0687,-0.5038
257.0000,0.3572,0.0979,-1.1047,-8.2977,-0.3588,-0.9313
268.0000,0.3660,0.0952,-1.1006,-8.0763,-0.2137,-1.0687
270.0000,0.3606,0.0977,-1.1064,-7.3893,0.2214,-0.7405
267.0000,0.3628,0.0940,-1.1096,-7.0687,0.4046,-0.2366
284.0000,0.3569,0.0911,-1.1082,-7.7481,0.2366,-0.4809
278.0000,0.3601,0.1001,-1.1069,-8.1832,0.2290,-0.4046
272.0000,0.3518,0.1060,-1.1072,-9.1145,0.1756,0.0763
279.0000,0.3601,0.1140,-1.1028,-10.6641,0.4809,0.5344
290.0000,0.3584,0.1223,-1.1130,-12.3282,0.4809,1.1832
296.0000,0.3611,0.1382,-1.1047,-13.1221,1.1298,2.0000
299.0000,0.3618,0.1492,-1.1167,-13.5038,1.5191,3.2290
292.0000,0.3608,0.1648,-1.1094,-14.1908,1.7939,4.5802
309.0000,0.3564,0.1831,-1.1172,-13.6641,3.2595,6.5191
292.0000,0.3516,0.1909,-1.1245,-12.5496,5.4580,8.7023
301.0000,0.3535,0.1836,-1.1323,-11.1450,5.7176,10.9542
300.0000,0.3401,0.1655,-1.1274,-9.2901,6.0611,14.1374
309.0000,0.3367,0.1609,-1.1201,-4.6565,6.9771,17.8550
336.0000,0.3352,0.1685,-1.1282,1.3282,7.0840,22.4809
302.0000,0.3335,0.1992,-1.1445,3.9695,6.9389,26.9466
311.0000,0.3391,0.2427,-1.1453,4.7252,6.9237,32.0687
309.0000,0.3481,0.2625,-1.1333,5.1298,8.7481,37.2519
312.0000,0.3386,0.2690,-1.1377,7.2824,8.5344,42.1603
316.0000,0.3535,0.2771,-1.1182,7.6794,12.7328,47.6641
313.0000,0.3577,0.2959,-1.1318,9.7786,12.3664,53.1221
289.0000,0.3552,0.3101,-1.1294,15.0611,11.9313,58.9924
323.0000,0.3569,0.3167,-1.1431,18.0000,10.6565,64.0992
325.0000,0.3503,0.3284,-1.1438,19.5496,10.2977,68.9237
278.0000,0.3359,0.3442,-1.1536,16.4733,9.0305,73.5191
322.0000,0.3357,0.3579,-1.1565,9.3206,7.8092,77.2748
321.0000,0.3289,0.3796,-1.1560,1.2748,7.3588,80.8397
337.0000,0.3362,0.3757,-1.1572,-5.9160,6.5344,84.4962
347.0000,0.3289,0.3655,-1.1326,-13.1298,5.9924,87.9084
334.0000,0.3325,0.3623,-1.1064,-17.6718,6.5878,91.2748
318.0000,0.3232,0.3335,-1.0916,-22.4733,7.1450,93.3359
332.0000,0.3147,0.3196,-1.0920,-30.7405,7.3206,95.6947
327.0000,0.3096,0.3066,-1.1091,-40.7634,7.1756,97.4657
350.0000,0.3176,0.3030,-1.1023,-50.0458,6.7634,100.0763
333.0000,0.3086,0.2681,-1.1167,-58.8779,5.6489,104.2214
331.0000,0.3154,0.2358,-1.0967,-63.5573,4.5802,107.9618
338.0000,0.3142,0.2014,-1.0735,-59.9389,3.1221,112.6107
342.0000,0.3162,0.1741,-1.0493,-52.0382,2.2672,118.4046
346.0000,0.3188,0.1421,-1.0486,-41.3130,1.2443,123.5115
340.0000,0.3372,0.1221,-1.0627,-29.7023,0.1221,128.5572
363.0000,0.3406,0.1038,-1.0896,-23.3053,-1.7710,132.7710
345.0000,0.3447,0.1138,-1.1001,-19.7481,-4.5267,136.8092
337.0000,0.3438,0.1406,-1.0823,-19.3893,-5.0534,140.8473
353.0000,0.3328,0.1726,-1.0830,-20.9771,-4.6718,144.6336
336.0000,0.3352,0.1826,-1.0835,-24.1908,-4.1374,146.3206
347.0000,0.3296,0.1614,-1.0752,-25.9160,-4.2824,146.3664
359.0000,0.3149,0.1248,-1.0681,-28.0000,-4.7176,146.5267
362.0000,0.3186,0.1008,-1.0630,-30.5878,-2.9618,146.9389
355.0000,0.3118,0.0681,-1.0703,-30.3511,-2.5496,147.4198
360.0000,0.3052,0.0605,-1.0542,-32.4198,-2.8702,147.7557
366.0000,0.3115,0.0420,-1.0828,-34.6489,-1.3740,148.1679
350.0000,0.3069,0.0352,-1.1111,-35.8626,-1.5267,149.5343
351.0000,0.3125,0.0154,-1.1035,-37.8092,-3.2137,150.5802
368.0000,0.3105,0.0117,-1.1050,-40.6183,-3.2595,151.0611
370.0000,0.3010,-0.0044,-1.0828,-42.3817,-3.1145,151.2672
330.0000,0.3083,-0.0291,-1.0784,-42.9847,-4.0763,151.5114
372.0000,0.3103,-0.0403,-1.0757,-43.1145,-4.0534,151.9160
371.0000,0.3140,-0.0608,-1.0850,-40.0382,-3.3511,153.1679
383.0000,0.3130,-0.0686,-1.0752,-32.4275,-3.6489,155.6488
339.0000,0.3088,-0.0608,-1.0676,-26.4046,-2.8015,157.9847
368.0000,0.3206,-0.0464,-1.0520,-21.0992,-0.7786,160.5572
381.0000,0.3171,-0.0315,-1.0862,-16.7328,-1.6412,163.8702
352.0000,0.3218,-0.0212,-1.1260,-14.0534,-2.9466,166.1679
385.0000,0.3184,-0.0261,-1.1394,-12.4809,-2.4656,166.5496
380.0000,0.3076,-0.0198,-1.1311,-12.5038,-2.3969,166.1832
393.0000,0.3064,-0.0229,-1.1135,-15.1985,-3.7939,164.6717
381.0000,0.3035,-0.0347,-1.1064,-17.9618,-3.2748,163.0305
389.0000,0.2932,-0.0540,-1.1033,-20.7099,-3.5573,161.7405
383.0000,0.2871,-0.0830,-1.1006,-23.0000,-5.1069,161.3664
382.0000,0.2776,-0.1099,-1.0867,-25.2061,-6.4198,160.9084
399.0000,0.2654,-0.1333,-1.0781,-25.1603,-6.9847,160.5802
342.0000,0.2632,-0.1362,-1.0813,-26.2061,-7.6412,159.3588
381.0000,0.2566,-0.1509,-1.1072,-31.1603,-9.2443,157.3282
369.0000,0.2617,-0.1467,-1.1135,-38.4351,-11.7863,156.1069
340.0000,0.2654,-0.1602,-1.1123,-46.6870,-12.7557,155.9237
381.0000,0.2788,-0.1555,-1.0815,-51.3740,-10.7634,155.8702
422.0000,0.2915,-0.1460,-1.0740,-49.8626,-10.0611,157.5191
382.0000,0.3113,-0.1487,-1.0762,-45.7863,-9.8779,160.3435
385.0000,0.3230,-0.1633,-1.0771,-37.8626,-6.4962,162.5496
401.0000,0.3098,-0.1797,-1.0754,-28.2595,-4.2595,163.7252
388.0000,0.3088,-0.1924,-1.0842,-22.9924,-3.4885,164.5802
398.0000,0.2966,-0.1890,-1.1255,-23.3435,-4.3740,165.4886
333.0000,0.2849,-0.1970,-1.1499,-21.8092,-3.6489,165.8244
396.0000,0.2556,-0.1890,-1.1475,-22.1679,-2.4046,165.4198
388.0000,0.2380,-0.1792,-1.1526,-22.5954,-2.2061,164.2595
325.0000,0.1890,-0.2119,-1.1426,-25.1908,-7.1985,162.3359
443.0000,0.1689,-0.2351,-1.1267,-29.6412,-6.3511,159.7099
396.0000,0.1418,-0.2502,-1.1365,-34.0534,-4.3435,157.0763
394.0000,0.1379,-0.2522,-1.1497,-38.9160,-4.4122,154.0687
392.0000,0.1599,-0.2495,-1.1550,-39.5191,-6.4733,152.2443
397.0000,0.1606,-0.2617,-1.1553,-33.1908,-3.2137,149.5114
347.0000,0.1570,-0.2654,-1.1111,-24.7405,2.0305,146.0458
402.0000,0.1396,-0.2917,-1.1145,-18.3893,6.2748,141.1145
400.0000,0.1157,-0.3013,-1.1458,-15.2672,8.7405,135.1603
380.0000,0.1140,-0.2988,-1.1641,-11.6031,8.6489,129.2595
403.0000,0.1228,-0.3149,-1.1948,-10.8626,14.4046,121.4962
402.0000,0.1052,-0.3359,-1.1804,-3.1374,10.7252,112.3664
393.0000,0.1165,-0.3298,-1.1772,-9.3206,14.8473,102.2824
394.0000,0.1335,-0.3347,-1.1550,-8.0458,17.1985,94.1603
313.0000,0.1511,-0.3401,-1.1594,-5.1450,18.2672,84.9313
396.0000,0.1797,-0.3250,-1.1528,-4.1145,19.4580,75.0382
404.0000,0.2104,-0.3145,-1.1448,2.8855,21.3435,65.7557
404.0000,0.2139,-0.3242,-1.1516,9.3206,20.2061,56.7557
411.0000,0.2180,-0.3350,-1.1272,15.5878,21.1145,48.3740
398.0000,0.2151,-0.3621,-1.1138,21.7252,21.4809,38.9237
418.0000,0.2224,-0.3787,-1.1018,25.0763,20.5344,29.2290
417.0000,0.2080,-0.3899,-1.1055,26.6870,19.4198,19.6107
409.0000,0.1985,-0.4009,-1.0986,24.8168,17.5038,9.9084
411.0000,0.2007,-0.3850,-1.1021,20.6794,15.4427,-0.1908
419.0000,0.2031,-0.3606,-1.1082,17.6336,12.2901,-11.3435
401.0000,0.2168,-0.3396,-1.1145,14.8397,9.4198,-22.8168
388.0000,0.2168,-0.3330,-1.1216,10.4275,6.6489,-34.5649
410.0000,0.2075,-0.3350,-1.1218,5.1756,2.5878,-45.0382
398.0000,0.2131,-0.3298,-1.1299,-0.1298,1.0000,-54.2519
391.0000,0.2170,-0.3442,-1.1101,-4.2366,0.5191,-63.1298
393.0000,0.2183,-0.3735,-1.0828,-6.9771,1.0687,-71.9847
413.0000,0.2187,-0.3945,-1.0906,-4.5267,2.3435,-78.6107
418.0000,0.2249,-0.4290,-1.0950,3.0153,3.9084,-82.8931
414.0000,0.2485,-0.4377,-1.1074,12.9008,5.6947,-86.7252
415.0000,0.2524,-0.4189,-1.1289,23.2977,7.2443,-90.2595
418.0000,0.2427,-0.3972,-1.1323,30.2595,9.1832,-93.2290
424.0000,0.2603,-0.3628,-1.0937,34.4656,14.5573,-96.4046
413.0000,0.2769,-0.3459,-1.1074,40.7023,16.8702,-99.9008
424.0000,0.2922,-0.3264,-1.0969,43.3893,19.0611,-103.7023
427.0000,0.3008,-0.3042,-1.1128,42.6489,20.3588,-107.7557
422.0000,0.2922,-0.2932,-1.1489,39.1374,20.6183,-111.1603
427.0000,0.3008,-0.2715,-1.1606,34.2366,19.9542,-113.5878
407.0000,0.3086,-0.2461,-1.1707,27.9008,19.1069,-116.5802
423.0000,0.3254,-0.2378,-1.1543,21.4198,19.1985,-119.9695
423.0000,0.3098,-0.2437,-1.1379,16.0840,17.3511,-122.6947
427.0000,0.3289,-0.2427,-1.1101,11.5038,21.2672,-124.5267
423.0000,0.3274,-0.2629,-1.0740,16.2137,20.9542,-125.0153
426.0000,0.3518,-0.2722,-1.0496,22.5114,22.0305,-124.3893
439.0000,0.3538,-0.2830,-1.0471,33.9695,21.0916,-123.4886
434.0000,0.3572,-0.2510,-1.0603,43.4656,19.1985,-122.4580
432.0000,0.3594,-0.2214,-1.0662,47.3435,16.8092,-122.1985
415.0000,0.3667,-0.1941,-1.0896,45.6031,12.9389,-122.7176
429.0000,0.3657,-0.1812,-1.1001,38.5725,9.8015,-124.4351
423.0000,0.3706,-0.1870,-1.0830,30.3435,7.2672,-127.2443
432.0000,0.3767,-0.1992,-1.0574,21.6107,5.6565,-130.0382
430.0000,0.3831,-0.2104,-1.0623,14.2901,2.0153,-132.4351
434.0000,0.4160,-0.2046,-1.0693,6.8550,3.4198,-133.9847
433.0000,0.4333,-0.2180,-1.0706,2.2977,2.1221,-135.1603
441.0000,0.4446,-0.1851,-1.0684,-0.8168,-2.5573,-135.3282
432.0000,0.4583,-0.1548,-1.0564,-4.2519,-6.9695,-135.2977
433.0000,0.4614,-0.1270,-1.0413,-6.5954,-9.2519,-134.0458
431.0000,0.4634,-0.1270,-1.0220,-5.7710,-11.8397,-133.5114
425.0000,0.4685,-0.1189,-0.9963,-1.5573,-12.7863,-133.9924
433.0000,0.4653,-0.1125,-0.9976,1.3817,-12.0458,-134.7023
437.0000,0.4585,-0.1172,-1.0076,3.8092,-12.2595,-135.6794
432.0000,0.4583,-0.1172,-1.0308,2.4122,-13.1679,-137.2214
429.0000,0.4612,-0.1123,-1.0503,-2.4656,-15.6336,-138.4275
436.0000,0.4507,-0.1067,-1.0625,-8.5573,-17.0611,-137.7710
439.0000,0.4465,-0.0984,-1.0779,-10.4198,-17.1450,-136.7557
443.0000,0.4509,-0.0671,-1.0806,-10.3130,-17.9160,-136.3511
432.0000,0.4543,-0.0486,-1.0698,-10.6947,-19.9847,-136.2748
430.0000,0.4524,-0.0393,-1.0540,-11.0382,-22.0763,-136.1145
428.0000,0.4561,-0.0183,-1.0479,-11.4809,-22.9924,-136.3435
444.0000,0.4502,-0.0271,-1.0234,-11.3969,-23.9466,-137.5343
441.0000,0.4402,-0.0339,-0.9963,-12.2061,-22.4504,-139.5114
430.0000,0.4241,-0.0579,-0.9441,-10.9924,-20.4198,-140.2366
439.0000,0.3945,-0.0774,-0.9370,-8.2595,-18.3588,-139.5649
422.0000,0.3984,-0.0835,-0.9314,-5.5115,-14.8779,-139.4351
435.0000,0.4072,-0.0559,-0.9480,-3.1221,-12.3206,-140.0076
447.0000,0.4116,-0.0315,-0.9990,-4.8626,-12.1756,-139.3511
440.0000,0.4307,0.0066,-1.0513,-1.9084,-7.1756,-137.0916
432.0000,0.4360,0.0200,-1.1042,0.3053,-7.0458,-136.2595
435.0000,0.4316,0.0259,-1.1306,1.7099,-7.5496,-136.7099
445.0000,0.4404,0.0227,-1.1157,3.8702,-7.3130,-137.5496
453.0000,0.4607,0.0398,-1.1074,3.2977,-5.0840,-137.4886
450.0000,0.4390,0.0310,-1.1023,1.5191,-8.5649,-138.1298
448.0000,0.4333,0.0210,-1.0640,0.8092,-9.7634,-138.2595
451.0000,0.4294,0.0308,-1.0159,0.1298,-5.7405,-137.3435
459.0000,0.4175,0.0508,-0.9700,-1.0153,-2.0000,-136.8244
448.0000,0.4158,0.0652,-0.9626,-1.0458,0.8168,-136.7863
447.0000,0.4175,0.0825,-0.9739,-2.5115,3.3969,-136.5649
455.0000,0.4104,0.0962,-0.9939,0.1679,7.0000,-133.7099
423.0000,0.4031,0.1135,-1.0156,8.0916,9.3817,-130.3206
455.0000,0.4067,0.1323,-1.0173,16.9237,9.5115,-127.7176
449.0000,0.3967,0.1475,-1.0195,25.1679,8.2824,-126.2595
452.0000,0.3933,0.1541,-1.0317,30.3511,7.4809,-125.8168
447.0000,0.3904,0.1414,-1.0251,31.2290,7.9160,-125.4733
456.0000,0.3892,0.1389,-1.0251,27.4733,7.6641,-125.7023
432.0000,0.3867,0.1331,-1.0337,22.6336,8.0992,-124.9695
447.0000,0.3835,0.1406,-1.0315,17.6107,8.0000,-123.9008
454.0000,0.3765,0.1421,-1.0376,13.6336,7.1527,-122.1145
451.0000,0.3640,0.1655,-1.0364,11.7481,6.2519,-119.8855
454.0000,0.3718,0.1934,-1.0430,13.3511,5.3282,-116.8779
451.0000,0.3625,0.2231,-1.0249,16.5344,4.3435,-114.4198
449.0000,0.3550,0.2405,-1.0125,19.1298,4.2977,-112.6718
448.0000,0.3389,0.2532,-1.0024,21.2061,4.6412,-110.6183
455.0000,0.3423,0.2705,-0.9863,23.1298,6.1298,-108.3283
457.0000,0.3481,0.2737,-0.9954,25.0305,7.8702,-106.4428
451.0000,0.3518,0.2603,-1.0220,27.0840,8.3893,-105.5878
457.0000,0.3599,0.2366,-1.0508,28.2901,8.4351,-104.1450
452.0000,0.3579,0.2366,-1.0562,25.2443,8.0000,-102.5191
455.0000,0.3560,0.2314,-1.0486,21.9313,7.6336,-99.9008
457.0000,0.3542,0.2258,-1.0471,18.9542,7.1145,-97.2672
461.0000,0.3579,0.2407,-1.0476,17.0763,7.0305,-94.2748
464.0000,0.3577,0.2429,-1.0574,16.8702,6.7099,-91.3435
456.0000,0.3530,0.2483,-1.0747,17.5649,6.4122,-88.3053
457.0000,0.3428,0.2537,-1.0708,18.7634,5.2901,-86.2901
462.0000,0.3354,0.2468,-1.0718,20.2137,4.3130,-84.3740
445.0000,0.3350,0.2495,-1.0627,19.6641,4.3664,-83.3206
472.0000,0.3440,0.2456,-1.0596,18.0076,4.3588,-81.5573
459.0000,0.3352,0.2397,-1.0784,17.4351,4.1374,-79.4428
461.0000,0.3533,0.2180,-1.0874,16.8244,5.3740,-77.4886
447.0000,0.3464,0.2117,-1.0923,18.9771,6.0458,-75.5649
461.0000,0.3523,0.1982,-1.0762,22.6718,5.0305,-73.4275
466.0000,0.3416,0.2034,-1.0696,27.6641,2.9237,-70.9924
461.0000,0.3430,0.2136,-1.0850,31.4656,1.8931,-68.0916
464.0000,0.3516,0.2139,-1.1050,32.0153,2.4046,-65.3893
466.0000,0.3550,0.2256,-1.1079,30.2595,2.4580,-63.0687
456.0000,0.3533,0.2427,-1.1084,29.3740,2.8015,-61.0229
464.0000,0.3433,0.2388,-1.1057,29.5344,2.6794,-59.0840
453.0000,0.3521,0.2336,-1.0823,27.6336,3.1450,-58.5420
467.0000,0.3679,0.2258,-1.0796,27.6870,4.0153,-57.6718
465.0000,0.3704,0.2241,-1.0950,26.8092,4.4351,-55.7939
445.0000,0.3591,0.2073,-1.1106,23.8931,4.0534,-54.3435
472.0000,0.3604,0.2092,-1.1228,19.7023,3.0840,-52.5420
474.0000,0.3501,0.2236,-1.1150,17.0076,2.6641,-50.8244
463.0000,0.3401,0.2397,-1.1108,16.2214,2.3130,-48.5420
458.0000,0.3398,0.2407,-1.1008,15.9466,2.4046,-46.2824
469.0000,0.3491,0.2351,-1.0925,16.1832,2.4046,-44.4885
468.0000,0.3550,0.2346,-1.0979,16.1832,2.5573,-42.8321
468.0000,0.3542,0.2378,-1.0962,16.3817,2.1908,-40.6489
465.0000,0.3428,0.2300,-1.0884,15.8626,2.9466,-37.5038
465.0000,0.3499,0.2388,-1.0732,15.6870,3.2214,-34.9695
470.0000,0.3518,0.2500,-1.0801,16.4962,4.5191,-32.7099
472.0000,0.3601,0.2441,-1.0950,16.9695,4.4656,-30.4656
466.0000,0.3508,0.2432,-1.1108,16.1298,4.5573,-27.9466
478.0000,0.3525,0.2422,-1.1138,13.9160,4.5115,-25.2366
469.0000,0.3521,0.2495,-1.1038,10.1374,4.6489,-22.7099
467.0000,0.3489,0.2649,-1.1179,6.0916,5.0305,-19.4504
474.0000,0.3535,0.2874,-1.1204,2.9771,4.4962,-15.9237
470.0000,0.3528,0.2976,-1.1243,2.5420,4.6565,-12.1603
472.0000,0.3403,0.3042,-1.1062,2.8397,3.7328,-8.8702
473.0000,0.3442,0.3015,-1.0869,3.0000,3.7557,-5.5344
477.0000,0.3367,0.3140,-1.0815,2.3664,4.1603,-2.4351
463.0000,0.3430,0.3301,-1.0867,0.4275,5.6107,1.2901
480.0000,0.3450,0.3250,-1.1050,-2.7176,5.4351,5.0611
456.0000,0.3284,0.3279,-1.1116,-6.7557,5.5725,9.1069
458.0000,0.3438,0.3284,-1.1143,-10.2366,5.6031,13.5420
461.0000,0.3372,0.3308,-1.1235,-11.9924,5.6489,18.8855
491.0000,0.3425,0.3499,-1.1116,-15.1298,5.5573,23.7634
480.0000,0.3323,0.3652,-1.0974,-13.4580,4.9466,29.5267
459.0000,0.3269,0.3738,-1.0984,-9.8015,5.0458,36.2901
463.0000,0.3301,0.3760,-1.0940,-4.9389,5.9160,42.8550
473.0000,0.3311,0.3811,-1.0837,-1.0076,5.6947,48.8855
469.0000,0.3347,0.3804,-1.0928,-0.1679,5.9466,54.6107
474.0000,0.3308,0.3628,-1.0891,-4.3206,5.3435,59.6260
467.0000,0.3118,0.4050,-1.0720,-11.7252,4.4046,64.8092
478.0000,0.3120,0.4458,-1.0937,-20.1679,2.9084,69.5115
480.0000,0.3022,0.4536,-1.1060,-31.1679,2.0534,72.8244
481.0000,0.3008,0.4438,-1.0974,-42.8702,1.2137,74.8092
484.0000,0.3044,0.4438,-1.1023,-53.5420,1.3435,77.0687
481.0000,0.2964,0.4197,-1.0972,-63.6412,1.3282,79.8931
486.0000,0.2834,0.3787,-1.0833,-68.5038,-0.6794,84.0229
476.0000,0.2725,0.3369,-1.0623,-66.2290,-3.7710,90.7786
485.0000,0.2720,0.3069,-1.0576,-60.5725,-6.3053,98.3588
477.0000,0.2898,0.2891,-1.0461,-48.2137,-6.9389,105.0611
480.0000,0.2834,0.2822,-1.0430,-33.0000,-10.4351,112.8702
478.0000,0.2856,0.2786,-1.0410,-18.7481,-13.6947,119.9466
488.0000,0.2886,0.2786,-1.0474,-10.0534,-14.9695,126.5649
441.0000,0.3022,0.2949,-1.0518,-8.4733,-12.7481,131.8168
488.0000,0.2991,0.3110,-1.0552,-11.5725,-11.7481,135.9313
463.0000,0.2939,0.3188,-1.0769,-16.4351,-11.5649,138.8092
495.0000,0.2922,0.3027,-1.0874,-18.9389,-12.0763,141.1832
479.0000,0.2869,0.2798,-1.0947,-20.0076,-12.9008,143.5649
489.0000,0.2903,0.2573,-1.1047,-22.3130,-13.1450,145.2672
485.0000,0.3005,0.2400,-1.1262,-25.9466,-12.9084,146.8779
483.0000,0.2986,0.2185,-1.1304,-31.6489,-12.9237,148.1832
478.0000,0.2952,0.2046,-1.1387,-36.2443,-12.8015,148.8550
491.0000,0.2080,0.1870,-1.1631,-48.9237,-29.1450,146.5267
484.0000,0.3101,0.1411,-1.1255,-39.7786,-11.8626,151.4504
470.0000,0.3076,0.0901,-1.1279,-35.8931,-6.5191,154.3435
463.0000,0.2839,0.0818,-1.1157,-34.0305,-8.5802,155.2061
496.0000,0.2546,0.0898,-1.1008,-32.7557,-17.4046,156.8702
486.0000,0.2842,0.0920,-1.0911,-27.3588,-13.0763,160.7863
476.0000,0.2888,0.0769,-1.0989,-22.2137,-10.7863,164.2290
495.0000,0.2952,0.0725,-1.1143,-18.4809,-9.4733,166.2214
475.0000,0.2976,0.0771,-1.1228,-17.1221,-7.7557,167.4733
487.0000,0.2908,0.0964,-1.1211,-16.6870,-8.4656,169.1450
453.0000,0.2776,0.1138,-1.1208,-18.1527,-9.4275,170.7176
495.0000,0.2759,0.1101,-1.1143,-19.7557,-8.2137,171.3435
522.0000,0.2627,0.1199,-1.1138,-22.8779,-6.3588,171.0840
497.0000,0.2605,0.1204,-1.1140,-28.7176,-5.5878,169.6717
453.0000,0.2622,0.1062,-1.1230,-35.0153,-5.8550,168.2290
481.0000,0.2776,0.0896,-1.1367,-39.9237,-4.8779,167.0763
484.0000,0.2825,0.0491,-1.1304,-43.4733,-3.7481,166.0000
456.0000,0.2786,0.0151,-1.1338,-45.5878,-4.6107,164.6183
508.0000,0.2634,-0.0105,-1.1404,-47.1908,-4.6183,164.3053
364.0000,0.2571,-0.0520,-1.1433,-47.4656,-5.7252,164.5802
475.0000,0.2451,-0.0850,-1.1541,-47.6794,-7.8244,166.3359
488.0000,0.2461,-0.0828,-1.1479,-48.1679,-9.5191,168.2672
515.0000,0.2454,-0.0632,-1.1304,-46.9237,-11.0763,170.6260
470.0000,0.2395,-0.0369,-1.1079,-44.2519,-13.3969,172.9237
495.0000,0.2422,-0.0251,-1.1140,-42.2595,-12.5802,175.4198
529.0000,0.2385,-0.0244,-1.1282,-35.5344,-11.3359,176.6947
494.0000,0.2302,-0.0505,-1.1375,-29.3740,-11.2137,175.8321
483.0000,0.2227,-0.0742,-1.1333,-27.0992,-11.9618,174.2061
473.0000,0.2244,-0.1008,-1.1311,-26.4885,-11.1298,172.6717
498.0000,0.2168,-0.1138,-1.1274,-27.9313,-7.8779,171.3588
509.0000,0.2222,-0.1375,-1.1343,-31.4504,-5.9084,169.9008
572.0000,0.2275,-0.1262,-1.1614,-35.7786,-5.8473,169.4427
521.0000,0.2393,-0.1301,-1.1985,-40.7786,-5.1374,169.3664
509.0000,0.2271,-0.1365,-1.1809,-42.6947,-3.1679,169.6183
494.0000,0.2212,-0.1541,-1.1711,-41.3893,-2.6641,169.6947
500.0000,0.2178,-0.1455,-1.1355,-38.6107,-1.5725,168.7710
524.0000,0.2156,-0.1350,-1.1282,-35.6489,-2.1832,167.7252
424.0000,0.2090,-0.1392,-1.1221,-34.8779,-2.3664,167.8244
501.0000,0.2051,-0.1282,-1.1306,-32.2290,0.2366,168.4046
480.0000,0.2026,-0.1257,-1.1282,-27.2137,1.4809,168.5649
500.0000,0.2000,-0.1262,-1.1365,-21.2366,1.7405,168.4656
546.0000,0.2004,-0.1272,-1.1238,-16.0763,3.2901,166.2824
488.0000,0.1890,-0.1504,-1.1321,-16.4198,4.1985,162.5038
523.0000,0.1997,-0.1665,-1.1265,-17.5191,4.4580,158.1832
519.0000,0.1702,-0.1938,-1.1519,-22.1832,1.7252,154.8473
506.0000,0.1912,-0.1926,-1.1470,-31.9466,5.2901,151.9466
549.0000,0.1936,-0.1897,-1.1455,-35.1908,2.3664,150.3969
466.0000,0.2224,-0.1807,-1.1416,-39.1679,0.2443,150.4198
551.0000,0.2290,-0.1746,-1.1284,-36.8244,0.3435,149.6870
466.0000,0.2271,-0.1919,-1.1013,-30.7023,0.1756,148.0000
517.0000,0.2178,-0.1975,-1.0747,-29.2595,-3.7023,146.1069
487.0000,0.2173,-0.2058,-1.0554,-28.2137,-5.1679,144.6488
346.0000,0.1895,-0.2168,-1.0571,-26.4427,-7.5573,144.0687
502.0000,0.1931,-0.2261,-1.0498,-23.6031,-6.6794,143.3893
520.0000,0.1790,-0.2554,-1.0588,-17.4580,-7.5344,141.3130
509.0000,0.1895,-0.2671,-1.0691,-13.1832,-5.4351,137.3359
517.0000,0.2031,-0.2734,-1.0835,-11.4885,-4.3359,132.7099
539.0000,0.2227,-0.2686,-1.1167,-15.2214,-1.3740,128.2519
543.0000,0.2183,-0.2632,-1.1292,-12.4427,-5.0611,124.1069
409.0000,0.2271,-0.2634,-1.1272,-10.8855,-6.6870,120.7634
484.0000,0.2505,-0.2683,-1.1152,-7.5573,-5.1679,118.5038
376.0000,0.2292,-0.3013,-1.0967,-0.5573,-2.4122,115.8168
502.0000,0.2310,-0.3118,-1.0784,-2.2977,2.5878,111.6489
445.0000,0.2339,-0.3132,-1.0823,-3.0076,4.1527,108.3817
488.0000,0.2449,-0.2917,-1.1152,-3.4962,4.3206,104.5878
499.0000,0.2493,-0.2827,-1.1301,-0.8626,4.8244,103.3970
481.0000,0.2537,-0.2976,-1.1184,3.6031,7.4504,100.2366
500.0000,0.2439,-0.3022,-1.1062,7.8473,10.7786,95.6336
487.0000,0.2234,-0.3347,-1.0894,12.5496,11.3817,90.1374
508.0000,0.2390,-0.3542,-1.1067,9.1756,11.5344,83.3283
495.0000,0.2429,-0.3640,-1.1460,6.5496,7.7252,76.2901
484.0000,0.2673,-0.3245,-1.1553,-3.8702,10.8779,68.8626
501.0000,0.2556,-0.3044,-1.1650,-3.7481,8.3893,61.0611
487.0000,0.2556,-0.2700,-1.1567,-7.0916,7.3817,52.1679
508.0000,0.2388,-0.2649,-1.1499,-8.3893,5.6947,43.4580
490.0000,0.2366,-0.2888,-1.1338,-9.0076,5.1450,34.0992
494.0000,0.2427,-0.3301,-1.1218,-9.0153,4.9008,24.0305
498.0000,0.2314,-0.3804,-1.1047,-2.7634,3.0534,15.7557
492.0000,0.2273,-0.4109,-1.1018,2.4962,1.0458,5.7099
504.0000,0.2336,-0.4336,-1.1287,4.9542,-0.6947,-4.2061
500.0000,0.2468,-0.4282,-1.1499,5.4504,-1.0458,-15.2061
495.0000,0.2546,-0.3867,-1.1636,6.7023,-0.9847,-26.3282
500.0000,0.2292,-0.3708,-1.1799,4.4122,1.5802,-37.8473
517.0000,0.2043,-0.3569,-1.1567,10.1527,-1.2443,-49.3130
483.0000,0.2102,-0.3586,-1.1492,5.8244,2.9771,-60.7252
490.0000,0.2102,-0.3840,-1.1316,12.3359,5.0076,-70.6260
500.0000,0.2156,-0.4128,-1.1113,17.2061,7.0229,-79.7328
505.0000,0.2061,-0.4126,-1.1177,24.4809,8.8779,-87.2443
505.0000,0.1956,-0.4065,-1.1047,33.6260,13.4809,-93.5038
506.0000,0.1931,-0.3794,-1.0935,41.7099,17.7710,-98.4733
495.0000,0.1978,-0.3491,-1.0781,51.9160,19.0534,-103.3893
507.0000,0.2053,-0.3435,-1.1045,54.4504,22.7863,-109.1527
503.0000,0.2112,-0.3354,-1.1189,56.7786,25.0534,-114.7939
490.0000,0.2134,-0.3364,-1.1260,57.6183,24.9389,-119.7176
501.0000,0.2131,-0.3459,-1.1328,56.6260,22.6336,-124.2595
503.0000,0.2249,-0.3545,-1.1426,55.0763,19.9084,-127.9618
498.0000,0.2463,-0.3564,-1.1455,53.8321,17.8015,-131.2748
505.0000,0.2485,-0.3408,-1.1472,52.2519,16.6183,-134.4580
503.0000,0.2395,-0.3315,-1.1252,49.8702,16.4885,-136.8473
507.0000,0.2563,-0.3245,-1.1182,46.8550,15.9237,-139.5267
501.0000,0.2676,-0.3125,-1.1047,41.5573,14.8168,-142.5496
502.0000,0.2769,-0.3054,-1.1047,35.0000,14.3511,-144.8702
503.0000,0.2759,-0.2949,-1.1064,30.1069,15.5267,-146.6794
501.0000,0.2932,-0.2957,-1.0959,27.5649,15.4656,-148.4886
500.0000,0.3022,-0.2896,-1.0969,24.8550,13.4198,-149.8779
507.0000,0.3254,-0.2903,-1.0779,22.9618,13.2901,-151.4656
496.0000,0.3330,-0.2920,-1.0786,29.5344,11.3893,-152.9008
506.0000,0.3330,-0.3049,-1.0730,33.6718,7.8550,-154.7710
501.0000,0.3354,-0.3101,-1.0657,36.1374,6.1145,-155.6107
504.0000,0.3330,-0.3062,-1.0723,35.9695,2.0611,-156.5878
501.0000,0.3418,-0.2810,-1.0820,29.5344,-1.0458,-157.1527
486.0000,0.3406,-0.2498,-1.1016,22.4809,-2.1374,-157.7863
514.0000,0.3447,-0.2239,-1.1133,16.2443,-2.7634,-158.4275
500.0000,0.3586,-0.2100,-1.1011,10.9084,-3.0534,-159.7633
507.0000,0.3350,-0.2021,-1.1079,3.6183,-10.1908,-162.6260
519.0000,0.3857,-0.2187,-1.0881,3.9847,-6.2443,-162.8931
507.0000,0.4282,-0.2454,-1.0825,2.8702,-2.4733,-164.4046
499.0000,0.4197,-0.2544,-1.0835,1.7252,-1.9160,-165.0076
497.0000,0.4185,-0.2395,-1.0710,2.7481,-3.3282,-165.0763
502.0000,0.4478,-0.1882,-1.0603,2.8092,-1.4504,-163.7633
504.0000,0.4080,-0.1519,-1.0759,-2.8931,-11.8550,-164.0687
507.0000,0.4561,-0.1433,-1.0664,11.2748,-6.1756,-163.2137
507.0000,0.4849,-0.1577,-1.0461,15.6870,6.3664,-164.0382
516.0000,0.3855,-0.1316,-1.0669,6.7557,-10.5878,-166.8702
488.0000,0.4138,-0.1084,-1.0500,-0.8626,-11.0534,-165.7939
510.0000,0.4377,-0.0803,-1.0461,-4.0153,-4.0611,-163.8779
499.0000,0.4255,-0.0569,-1.0503,-7.5344,-5.4580,-162.6794
510.0000,0.4316,-0.0439,-1.0461,-9.8015,-5.2748,-161.8779
502.0000,0.4524,-0.0452,-1.0530,-8.7786,-1.9695,-160.5496
501.0000,0.4580,-0.0354,-1.0503,-4.9466,-1.5191,-158.9008
512.0000,0.4417,-0.0339,-1.0483,-1.7939,-1.4885,-157.9160
503.0000,0.4451,-0.0156,-1.0190,2.6641,-1.1221,-157.4427
506.0000,0.4395,0.0081,-1.0039,7.3435,-0.6183,-155.7176
501.0000,0.4475,0.0359,-0.9932,11.3664,1.2366,-154.4580
494.0000,0.4429,0.0542,-1.0110,13.5191,3.3969,-153.2901
509.0000,0.4448,0.0649,-1.0190,16.2748,3.8473,-152.4427
512.0000,0.4343,0.0759,-1.0359,13.8092,2.0000,-150.7633
502.0000,0.4387,0.0886,-1.0491,10.9237,1.8931,-148.2137
502.0000,0.4404,0.0940,-1.0525,10.2061,1.4885,-146.6488
509.0000,0.4377,0.0994,-1.0232,6.8397,0.1527,-145.2901
504.0000,0.4331,0.1104,-1.0098,4.2595,-0.1527,-142.9924
511.0000,0.4265,0.1196,-0.9949,4.5038,-0.0916,-140.3053
505.0000,0.4299,0.1450,-1.0061,6.6718,0.6107,-138.9160
509.0000,0.4299,0.1494,-0.9998,9.3511,2.5802,-137.3130
497.0000,0.4280,0.1467,-1.0212,10.7481,3.1450,-136.2824
514.0000,0.4338,0.1482,-1.0283,10.7405,3.2519,-135.0458
506.0000,0.4365,0.1531,-1.0293,10.2290,2.6412,-133.5420
511.0000,0.4368,0.1519,-1.0205,8.9771,1.9771,-131.3664
509.0000,0.4260,0.1648,-1.0178,8.0534,2.1756,-129.4580
503.0000,0.4309,0.1572,-1.0227,8.9618,2.6489,-127.9008
512.0000,0.4246,0.1536,-1.0103,9.8626,3.0305,-126.9542
508.0000,0.4177,0.1550,-1.0222,11.4962,2.1756,-125.4504
481.0000,0.4158,0.1506,-1.0237,14.5878,1.5267,-123.5649
509.0000,0.4148,0.1604,-1.0234,16.8321,0.6718,-121.6794
502.0000,0.4275,0.1694,-1.0215,16.6565,0.1603,-120.2901
488.0000,0.4275,0.1902,-1.0229,16.0687,0.8244,-118.9389
514.0000,0.4255,0.1978,-1.0464,15.3206,2.3588,-117.2901
513.0000,0.4316,0.1978,-1.0452,14.4733,3.4504,-116.4886
514.0000,0.4287,0.1938,-1.0588,13.8702,2.7786,-116.0534
505.0000,0.4224,0.1892,-1.0715,13.4275,1.6183,-114.3359
504.0000,0.4097,0.2036,-1.0481,14.1908,0.9084,-111.6260
511.0000,0.4004,0.2241,-1.0322,15.7099,0.3893,-108.5496
515.0000,0.4006,0.2463,-1.0386,18.1298,1.4504,-105.5954
508.0000,0.4080,0.2483,-1.0586,21.1908,3.9847,-104.1145
515.0000,0.4124,0.2258,-1.0693,22.8015,5.5573,-104.1679
509.0000,0.3992,0.2178,-1.0718,22.1985,5.9084,-102.8092
522.0000,0.4014,0.2095,-1.0601,18.8779,5.3282,-100.6260
510.0000,0.3943,0.2217,-1.0559,16.4122,5.8244,-97.8092
511.0000,0.3926,0.2449,-1.0544,14.6870,7.0840,-94.7405
506.0000,0.3926,0.2654,-1.0518,14.5420,7.5267,-92.0458
507.0000,0.3748,0.2712,-1.0620,17.4275,4.9695,-88.6107
508.0000,0.3767,0.2866,-1.0576,14.0076,7.7481,-86.6336
503.0000,0.3806,0.2878,-1.0540,13.9084,8.7786,-85.4046
511.0000,0.3787,0.2761,-1.0564,14.5038,10.0763,-83.6336
504.0000,0.3804,0.2585,-1.0701,11.7405,9.0916,-81.7481
503.0000,0.3779,0.2578,-1.0566,11.8397,9.3435,-78.8244
513.0000,0.3909,0.2493,-1.0652,14.5267,9.2366,-75.5878
510.0000,0.3760,0.2549,-1.0564,19.0840,8.6870,-72.4580
514.0000,0.3806,0.2642,-1.0491,22.3206,8.0840,-69.4198
512.0000,0.3840,0.2683,-1.0676,23.8092,7.0000,-66.4198
512.0000,0.3770,0.2571,-1.0767,22.7481,6.1679,-63.3969
514.0000,0.3826,0.2659,-1.0710,20.4504,6.1145,-60.6031
496.0000,0.3796,0.2795,-1.0649,18.1756,6.5573,-57.9847
511.0000,0.3696,0.2791,-1.0613,15.7099,7.1450,-55.4275
509.0000,0.3760,0.2773,-1.0632,16.2366,4.8855,-52.8779
507.0000,0.3718,0.2798,-1.0483,16.2061,4.2977,-49.8779
507.0000,0.3718,0.2898,-1.0471,15.2672,3.8015,-47.3588
514.0000,0.3840,0.3052,-1.0491,13.6870,3.2977,-44.8931
506.0000,0.3713,0.3320,-1.0491,11.2824,1.6718,-42.4809
509.0000,0.3711,0.3376,-1.0598,10.0000,1.1832,-38.9160
504.0000,0.3667,0.3330,-1.0623,10.2977,0.7710,-35.6107
508.0000,0.3718,0.3276,-1.0806,12.2748,0.3053,-33.1374
512.0000,0.3726,0.3171,-1.0693,13.4351,-0.9008,-31.2137
496.0000,0.3669,0.3042,-1.0596,13.0153,-2.1145,-29.1374
506.0000,0.3665,0.2839,-1.0676,10.8702,-2.5573,-26.2901
516.0000,0.3679,0.2764,-1.0728,8.5038,-2.2214,-22.4885
526.0000,0.3784,0.2773,-1.0764,6.4580,-2.1985,-18.3511
512.0000,0.3833,0.2935,-1.0608,5.0382,-2.0153,-14.2824
522.0000,0.3701,0.2971,-1.0725,5.2366,-2.2214,-9.6641
507.0000,0.3677,0.3154,-1.0779,5.6718,-2.9618,-5.1679
507.0000,0.3708,0.3438,-1.0596,5.5344,-3.6260,-0.2824
499.0000,0.3694,0.3616,-1.0671,6.5725,-3.8473,4.4198
504.0000,0.3647,0.3730,-1.0630,7.8550,-3.7023,9.1908
512.0000,0.3674,0.3972,-1.0845,8.8855,-3.8321,12.7786
509.0000,0.3608,0.4055,-1.0818,8.2519,-4.1832,16.2366
513.0000,0.3560,0.4053,-1.0820,6.2443,-4.8397,20.2901
512.0000,0.3630,0.4089,-1.1025,3.7405,-4.5954,24.0076
528.0000,0.3599,0.4004,-1.1033,-0.3130,-4.2061,26.9542
513.0000,0.3667,0.3818,-1.0911,-4.5191,-4.0534,30.1756
512.0000,0.3442,0.3682,-1.0859,-6.7634,-4.5344,34.2214
496.0000,0.3508,0.3650,-1.0784,-7.9847,-4.8244,39.2901
510.0000,0.3606,0.3582,-1.0671,-7.7023,-4.7786,45.2061
519.0000,0.3643,0.3564,-1.0598,-5.7176,-4.8244,51.1450
520.0000,0.3523,0.3738,-1.0674,-3.2290,-5.2748,56.8855
516.0000,0.3391,0.3813,-1.0671,-2.9466,-5.5878,62.8321
508.0000,0.3506,0.4036,-1.0608,-3.5038,-5.3893,68.0534
522.0000,0.3447,0.4111,-1.0669,-2.3817,-4.4351,73.4198
500.0000,0.3418,0.4094,-1.0732,-2.0153,-3.8168,78.5191
528.0000,0.3533,0.3811,-1.0823,-0.3740,-2.2137,82.0382
518.0000,0.3557,0.3572,-1.0806,1.5573,-0.8015,85.2824
507.0000,0.3452,0.3213,-1.0869,2.1450,-1.1374,89.5954
514.0000,0.3386,0.2996,-1.0876,3.3588,-2.2137,94.9313
498.0000,0.3374,0.2810,-1.0889,7.3664,-2.4809,101.2443
516.0000,0.3389,0.2607,-1.0996,11.9008,-2.8092,106.5420
494.0000,0.3438,0.2571,-1.0972,13.8321,-2.9237,110.8931
507.0000,0.3413,0.2563,-1.1045,12.5878,-3.4656,114.9618
517.0000,0.3381,0.2683,-1.0994,8.4046,-3.2748,119.2137
508.0000,0.3394,0.2842,-1.1260,2.7023,-2.9771,122.3588
489.0000,0.3330,0.2810,-1.1226,-3.3893,-0.7328,124.7405
508.0000,0.3262,0.2549,-1.1208,-8.1603,0.1679,126.5344
517.0000,0.3342,0.2285,-1.1030,-10.5420,0.8397,127.4504
530.0000,0.3215,0.2026,-1.1067,-13.1756,1.0382,129.3511
507.0000,0.3137,0.1848,-1.1194,-16.1450,1.6183,131.1603
524.0000,0.3245,0.1665,-1.1123,-18.3282,1.5573,132.8321
507.0000,0.3306,0.1565,-1.1077,-20.3893,1.2824,134.2443
506.0000,0.3342,0.1355,-1.1096,-22.7863,1.6794,135.3206
511.0000,0.3328,0.1208,-1.1077,-24.3893,2.2366,137.0229
519.0000,0.3254,0.1067,-1.1106,-25.8015,2.4198,138.8626
511.0000,0.3093,0.0906,-1.1023,-27.1603,1.4733,140.8168
541.0000,0.3223,0.0876,-1.0981,-29.8244,4.0458,142.4504
539.0000,0.3250,0.0688,-1.1033,-29.1527,3.0382,143.6947
521.0000,0.3210,0.0403,-1.1028,-29.1374,2.1069,144.8321
515.0000,0.3174,0.0300,-1.1086,-29.2901,1.2214,145.3664
544.0000,0.3267,0.0264,-1.1047,-27.4733,0.0763,146.2824
523.0000,0.3159,0.0281,-1.1152,-27.7252,-1.8092,147.9695
517.0000,0.3086,0.0422,-1.0798,-29.9160,-1.6107,149.4656
519.0000,0.3154,0.0608,-1.0696,-33.4656,-1.2977,151.1908
521.0000,0.3088,0.0664,-1.0701,-36.7252,-0.9924,152.4656
534.0000,0.2988,0.0562,-1.0852,-38.9008,0.7176,152.4427
503.0000,0.3003,0.0203,-1.0801,-38.4656,0.7863,152.2519
500.0000,0.2852,-0.0100,-1.0942,-37.2824,-0.7710,152.4733
555.0000,0.2742,-0.0356,-1.0791,-35.0458,-1.9313,152.9084
523.0000,0.2927,-0.0613,-1.0898,-32.9695,-2.6031,153.0000
535.0000,0.2856,-0.0757,-1.1089,-32.4656,-2.8702,152.5343
517.0000,0.2861,-0.0854,-1.1240,-35.8168,-3.2214,152.3817
528.0000,0.2803,-0.0818,-1.1367,-40.2901,-4.9160,152.5343
508.0000,0.2798,-0.0791,-1.1270,-44.2672,-5.7786,152.7481
506.0000,0.2766,-0.0767,-1.1042,-47.8092,-6.3511,152.4733
540.0000,0.2698,-0.0745,-1.0925,-49.2672,-7.3588,152.2366
511.0000,0.2756,-0.0703,-1.0762,-48.9389,-7.8931,152.6794
517.0000,0.2764,-0.0557,-1.0681,-45.7557,-9.4046,154.1069
518.0000,0.2751,-0.0498,-1.0640,-41.7328,-9.2672,154.9847
523.0000,0.2546,-0.0635,-1.0823,-36.4275,-7.4427,154.5420
536.0000,0.2461,-0.1042,-1.0920,-33.7786,-5.9924,151.6031
470.0000,0.2454,-0.1487,-1.1301,-34.4198,-5.2901,148.0382
538.0000,0.2488,-0.1897,-1.1333,-36.4580,-6.4046,146.3359
521.0000,0.2512,-0.2024,-1.1653,-38.1908,-7.1221,144.7023
486.0000,0.2603,-0.2244,-1.1648,-39.0992,-5.8550,142.8321
510.0000,0.2581,-0.2480,-1.1694,-40.2672,-5.5954,140.8244
524.0000,0.2529,-0.2512,-1.1514,-43.9237,-6.3740,139.4427
482.0000,0.2600,-0.2397,-1.1047,-48.1374,-7.7099,138.5878
503.0000,0.2727,-0.2139,-1.0898,-49.0763,-7.9389,138.7023
500.0000,0.2754,-0.1851,-1.0720,-45.8702,-6.7557,138.4886
512.0000,0.2749,-0.1604,-1.0583,-40.3740,-5.7481,137.2519
515.0000,0.2810,-0.1465,-1.0613,-33.4656,-4.1679,136.2366
498.0000,0.2878,-0.1506,-1.0894,-25.0076,-1.7634,134.6641
521.0000,0.2786,-0.1775,-1.1040,-17.1298,1.3511,131.2214
575.0000,0.2756,-0.2310,-1.1104,-11.4198,2.6565,127.5878
483.0000,0.2781,-0.2668,-1.1162,-10.7939,0.7328,125.1603
517.0000,0.3066,-0.2815,-1.1538,-10.2214,0.0916,123.7939
496.0000,0.3184,-0.2778,-1.1509,-8.5191,-0.4046,122.2137
533.0000,0.3298,-0.2783,-1.1521,-10.9771,-0.6260,120.1374
536.0000,0.3274,-0.2378,-1.1121,-15.4885,0.7481,117.7328
525.0000,0.3164,-0.2144,-1.1057,-21.2214,2.1527,115.3053
494.0000,0.3042,-0.2002,-1.1060,-28.6794,2.6031,113.4275
492.0000,0.3037,-0.2085,-1.0937,-34.4580,3.2137,111.5344
524.0000,0.3115,-0.2317,-1.0854,-36.0534,5.2901,109.7557
537.0000,0.3184,-0.2449,-1.0874,-31.4733,5.3435,108.1603
541.0000,0.3240,-0.2512,-1.0994,-26.7863,5.1908,106.9466
523.0000,0.3374,-0.2451,-1.1101,-21.2443,6.1985,105.2290
536.0000,0.3457,-0.2410,-1.1355,-14.0534,5.1221,105.2824
473.0000,0.3293,-0.2219,-1.1411,-7.5420,4.3435,104.9084
515.0000,0.3181,-0.2190,-1.1284,-3.3969,5.9695,103.3283
471.0000,0.3235,-0.2214,-1.1416,-2.8473,5.7481,100.5725
467.0000,0.3186,-0.2256,-1.1477,-4.3511,5.9847,98.7176
440.0000,0.3130,-0.2581,-1.1262,-4.7786,8.7939,97.2824
508.0000,0.3130,-0.2739,-1.1179,-5.4351,10.2595,95.5344
530.0000,0.3206,-0.2817,-1.1274,-7.5115,10.5038,94.7405
555.0000,0.3325,-0.2751,-1.1345,-7.5802,12.7176,94.5420
505.0000,0.3503,-0.2673,-1.1387,-6.2824,15.8702,93.7939
518.0000,0.3521,-0.2683,-1.1594,-4.7634,16.9313,92.4351
544.0000,0.3430,-0.2595,-1.1597,-2.8473,16.5191,91.1221
514.0000,0.3291,-0.2432,-1.1497,-0.5191,16.3282,89.4428
517.0000,0.3230,-0.2224,-1.1421,0.5725,15.3817,87.3206
504.0000,0.3037,-0.2046,-1.1326,3.0229,14.2366,84.8321
506.0000,0.2947,-0.1936,-1.1167,4.6947,11.8397,81.6947
488.0000,0.2837,-0.1868,-1.1047,6.1832,11.1450,78.6031
536.0000,0.2922,-0.2107,-1.0852,9.4427,11.7557,74.6412
511.0000,0.2832,-0.2319,-1.0728,12.2290,12.5649,69.9466
518.0000,0.2798,-0.2715,-1.0598,10.7939,15.5038,64.4504
505.0000,0.2820,-0.2976,-1.0481,7.6107,18.2366,58.7176
521.0000,0.2883,-0.3225,-1.0591,3.7176,19.5038,53.6947
517.0000,0.2976,-0.3264,-1.0752,0.9313,19.2977,49.8626
502.0000,0.2971,-0.3218,-1.0930,3.4580,19.7328,46.1145
525.0000,0.2974,-0.3113,-1.1301,7.7099,18.3588,41.1298
523.0000,0.2888,-0.3020,-1.1331,10.1450,16.4962,35.0076
506.0000,0.2686,-0.3113,-1.1238,12.6947,14.5878,27.7557
514.0000,0.2537,-0.3455,-1.1042,15.5878,13.2595,19.9389
504.0000,0.2461,-0.3826,-1.0774,17.1450,12.2443,11.6489
521.0000,0.2444,-0.4126,-1.0518,16.8550,11.0000,2.7557
525.0000,0.2512,-0.4214,-1.0569,15.3435,7.6412,-4.9313
507.0000,0.2529,-0.4277,-1.0679,16.1985,5.3969,-12.0076
509.0000,0.2590,-0.4229,-1.0681,19.5878,4.5725,-19.3588
522.0000,0.2561,-0.4070,-1.0515,23.6565,3.9389,-28.0992
519.0000,0.2446,-0.3855,-1.0459,25.5649,2.8702,-37.9313
519.0000,0.2385,-0.3882,-1.0669,24.5420,2.9695,-47.6718
520.0000,0.2417,-0.4126,-1.0852,21.6031,3.7099,-57.5420
520.0000,0.2388,-0.4280,-1.0754,17.7710,4.3893,-67.1527
529.0000,0.2278,-0.4351,-1.0618,14.2061,4.8931,-75.8092
509.0000,0.2380,-0.4500,-1.0598,12.3359,5.4885,-83.3359
520.0000,0.2305,-0.4553,-1.0588,15.0992,7.6336,-89.3283
516.0000,0.2319,-0.4565,-1.0527,20.7252,10.4656,-95.2977
517.0000,0.2275,-0.4514,-1.0662,26.4733,11.3206,-100.7634
520.0000,0.2297,-0.4404,-1.0557,31.4809,11.5344,-105.6947
521.0000,0.2346,-0.4150,-1.0442,35.0840,12.2595,-109.9771
500.0000,0.2551,-0.3875,-1.0420,37.8015,13.8092,-114.4504
522.0000,0.2739,-0.3762,-1.0642,39.3511,14.3435,-119.4428
521.0000,0.2776,-0.3662,-1.0830,39.2137,12.6718,-125.0687
522.0000,0.2803,-0.3481,-1.0876,38.0916,9.1221,-130.1756
504.0000,0.2751,-0.3374,-1.0999,35.2977,5.4046,-134.9389
515.0000,0.2773,-0.3342,-1.1067,29.0992,1.6565,-139.2901
510.0000,0.2761,-0.3354,-1.1060,22.3206,-0.6794,-142.8321
518.0000,0.2769,-0.3357,-1.0823,16.2214,-1.9618,-145.5802
507.0000,0.2859,-0.3333,-1.0571,11.9466,-2.6336,-147.6031
511.0000,0.3042,-0.3325,-1.0530,11.6641,-2.5573,-149.1603
521.0000,0.3235,-0.3308,-1.0527,13.4809,-1.1145,-149.8397
516.0000,0.3381,-0.2957,-1.0369,16.2061,0.7405,-150.4580
509.0000,0.3638,-0.2649,-1.0286,17.9771,1.1221,-150.5802
520.0000,0.3896,-0.2427,-1.0383,21.1985,2.2901,-151.1450
516.0000,0.4028,-0.2505,-1.0618,23.5038,4.1985,-151.9924
523.0000,0.4114,-0.2485,-1.0701,24.5114,4.9847,-153.1069
518.0000,0.3994,-0.2537,-1.0859,25.8015,3.6489,-153.6641
520.0000,0.3875,-0.2505,-1.1018,26.7176,-0.3740,-153.1908
516.0000,0.4187,-0.2454,-1.0884,24.3130,-0.2977,-152.5572
501.0000,0.4014,-0.2339,-1.0974,25.8702,-3.7023,-151.4046
520.0000,0.4358,-0.2573,-1.0671,32.1069,1.6031,-149.0763
518.0000,0.4294,-0.1938,-1.0503,24.7099,-3.9618,-150.6641
523.0000,0.4749,-0.2166,-1.0818,29.3740,11.1450,-146.0534
507.0000,0.4602,-0.1750,-1.0713,26.7176,6.8244,-147.2672
520.0000,0.4219,-0.1326,-1.0645,16.8473,-5.4580,-147.1450
506.0000,0.4985,-0.0984,-1.0283,22.2901,2.4962,-145.0534
515.0000,0.4983,-0.0620,-1.0315,22.8168,-0.0840,-145.6260
519.0000,0.5032,-0.0354,-1.0520,18.0000,-3.0076,-146.5649
526.0000,0.5142,-0.0459,-1.0493,15.4275,1.4885,-146.9237
517.0000,0.4880,-0.0476,-1.0442,15.4962,3.5115,-147.2824
521.0000,0.4683,-0.0789,-1.0447,16.1145,-1.0534,-146.2824
513.0000,0.4734,-0.0847,-1.0291,16.7328,-1.9618,-145.3893
524.0000,0.4778,-0.0916,-1.0261,16.8244,-2.1374,-144.2443
514.0000,0.4836,-0.0701,-1.0071,13.4809,-3.4198,-142.5802
523.0000,0.4927,-0.0415,-1.0090,9.2824,-4.2748,-141.1908
525.0000,0.4988,-0.0090,-1.0110,6.9771,-4.9160,-139.6031
522.0000,0.5122,0.0090,-1.0430,6.4580,-4.7328,-137.8321
522.0000,0.5283,0.0271,-1.0488,6.9847,-4.0840,-136.9771
512.0000,0.5391,0.0469,-1.0295,7.5267,-4.0916,-136.5267
517.0000,0.5298,0.0400,-0.9958,7.6336,-4.9084,-134.9924
522.0000,0.5095,0.0483,-0.9983,10.1908,-7.7863,-132.9313
516.0000,0.5168,0.0417,-1.0181,13.2443,-7.0687,-132.0153
522.0000,0.5259,0.0388,-1.0137,14.9008,-6.3282,-131.7863
515.0000,0.5144,0.0540,-1.0129,12.5649,-8.8702,-130.9771
514.0000,0.5029,0.0769,-1.0049,8.2214,-10.9389,-128.8168
520.0000,0.4978,0.0916,-1.0227,3.7252,-11.8779,-126.0076
522.0000,0.5142,0.1099,-1.0186,1.7710,-9.4733,-124.4198
520.0000,0.5186,0.1167,-1.0200,2.4962,-9.6489,-123.1832
504.0000,0.5063,0.1431,-1.0237,-0.0763,-12.6947,-121.7328
520.0000,0.5227,0.1343,-1.0161,1.4198,-7.7710,-119.8702
527.0000,0.5066,0.1526,-1.0063,-0.1221,-10.1298,-117.8855
501.0000,0.5005,0.1548,-0.9971,3.8473,-8.5420,-115.7481
522.0000,0.4895,0.1436,-1.0022,7.9084,-7.2519,-113.6412
522.0000,0.4851,0.1414,-1.0178,9.8015,-6.0763,-111.5649
522.0000,0.4814,0.1516,-1.0310,10.9924,-6.4198,-109.7634
520.0000,0.4751,0.1562,-1.0481,9.7786,-7.6031,-107.4122
513.0000,0.4644,0.1655,-1.0647,8.1756,-7.7863,-105.5725
520.0000,0.4607,0.1572,-1.0764,7.4351,-7.4580,-103.8779
520.0000,0.4670,0.1482,-1.0642,5.9847,-6.7786,-102.7710
522.0000,0.4712,0.1555,-1.0454,4.8931,-6.6183,-100.6947
518.0000,0.4712,0.1697,-1.0349,3.4504,-6.1985,-98.8092
522.0000,0.4602,0.1782,-1.0276,3.6718,-7.3664,-96.7557
519.0000,0.4746,0.1946,-1.0249,1.4733,-5.7557,-94.3283
505.0000,0.4736,0.2041,-1.0244,1.6031,-3.7710,-91.6031
522.0000,0.4617,0.2048,-1.0227,4.3588,-1.5420,-89.1221
524.0000,0.4475,0.1873,-1.0271,10.1374,-1.3130,-87.0382
511.0000,0.4412,0.1694,-1.0276,15.9084,-2.3588,-85.0076
524.0000,0.4292,0.1604,-1.0286,20.8473,-3.3359,-82.1298
513.0000,0.4468,0.1536,-1.0457,23.7481,-2.9237,-79.6489
527.0000,0.4424,0.1589,-1.0444,23.1450,-2.5725,-77.2214
516.0000,0.4321,0.1838,-1.0447,19.7710,-2.2901,-74.7405
524.0000,0.4236,0.1997,-1.0613,17.3740,-2.4885,-72.7328
522.0000,0.4202,0.2134,-1.0608,14.5954,-3.7328,-71.4428
523.0000,0.4219,0.2268,-1.0571,8.5725,-2.3511,-70.3817
517.0000,0.4285,0.2185,-1.0349,6.4733,-1.2061,-68.3053
524.0000,0.4182,0.2034,-1.0339,7.3053,-1.2901,-66.4733
520.0000,0.4043,0.1846,-1.0288,10.8092,-1.8779,-65.0916
521.0000,0.4036,0.1604,-1.0251,14.3817,-2.0534,-63.7481
512.0000,0.4133,0.1572,-1.0349,16.5420,-2.3969,-62.3359
518.0000,0.4150,0.1519,-1.0559,16.2443,-2.7634,-61.0229
525.0000,0.4165,0.1553,-1.0679,14.3664,-3.6947,-59.2137
505.0000,0.4241,0.1636,-1.0713,12.6794,-4.2977,-57.6565
516.0000,0.4155,0.1628,-1.0479,11.3740,-5.0000,-56.4275
518.0000,0.4109,0.1658,-1.0491,10.8015,-4.8702,-55.0916
521.0000,0.4185,0.1602,-1.0444,11.5115,-4.1832,-53.9695
516.0000,0.4150,0.1570,-1.0476,12.5115,-4.1374,-53.2214
522.0000,0.4070,0.1479,-1.0483,12.6718,-4.4198,-52.2366
522.0000,0.4143,0.1401,-1.0535,13.1832,-4.4809,-50.6336
518.0000,0.4155,0.1519,-1.0598,12.9695,-4.2977,-49.1832
523.0000,0.4224,0.1663,-1.0552,11.1679,-4.4427,-48.1527
517.0000,0.4219,0.1802,-1.0654,9.4046,-5.3893,-46.6565
516.0000,0.4246,0.1875,-1.0554,7.6794,-5.9618,-45.0382
517.0000,0.4250,0.1943,-1.0508,7.2137,-5.3511,-44.0992
517.0000,0.4189,0.2075,-1.0295,6.3359,-5.0382,-43.1221
531.0000,0.4250,0.2119,-1.0288,6.3130,-4.3053,-41.5725
522.0000,0.4312,0.2180,-1.0352,6.8931,-2.8244,-40.1069
518.0000,0.4319,0.2131,-1.0496,6.8092,-1.6870,-39.0840
525.0000,0.4241,0.2090,-1.0364,7.2443,-1.5115,-37.6718
524.0000,0.4275,0.2185,-1.0508,7.0687,-0.8244,-36.3740
506.0000,0.4160,0.2036,-1.0632,8.3435,-2.9542,-34.1069
529.0000,0.4177,0.2112,-1.0811,5.7252,-3.1145,-31.6870
523.0000,0.4141,0.2261,-1.0793,4.0382,-4.1756,-28.9542
512.0000,0.4063,0.2378,-1.0847,1.5878,-5.3588,-25.9618
520.0000,0.3953,0.2632,-1.0564,-1.9542,-6.2901,-23.3435
527.0000,0.4065,0.2886,-1.0425,-4.0992,-6.0992,-20.5191
506.0000,0.3958,0.3186,-1.0242,-4.9084,-5.9847,-17.8244
526.0000,0.4033,0.3293,-1.0237,-3.5038,-4.7557,-14.2366
511.0000,0.4021,0.3230,-1.0317,-0.6794,-3.2443,-11.3511
519.0000,0.3958,0.3135,-1.0364,2.9160,-2.7863,-8.9924
520.0000,0.3938,0.2888,-1.0449,5.1832,-3.4046,-6.1450
526.0000,0.4023,0.2903,-1.0527,5.4198,-4.9160,-2.8702
501.0000,0.4043,0.2900,-1.0657,3.4275,-5.7481,0.2977
526.0000,0.4014,0.2927,-1.0789,-0.0076,-6.0763,3.8550
517.0000,0.4104,0.3081,-1.0806,-5.1756,-4.9695,6.5115
521.0000,0.3916,0.3020,-1.0854,-7.4656,-7.8244,8.9008
531.0000,0.3904,0.3105,-1.0950,-12.6336,-8.9542,11.9389
502.0000,0.3916,0.3088,-1.0933,-16.7176,-8.7863,15.0153
532.0000,0.3850,0.3091,-1.0906,-18.8092,-8.5878,17.9924
514.0000,0.3772,0.3040,-1.0757,-19.7252,-10.4885,21.0763
522.0000,0.3777,0.3020,-1.0686,-20.2824,-12.6031,24.5573
511.0000,0.3794,0.3081,-1.0525,-20.5114,-13.8321,28.6718
503.0000,0.3892,0.3267,-1.0557,-21.4962,-13.8931,32.5878
518.0000,0.3982,0.3577,-1.0442,-24.0000,-12.9847,35.7176
521.0000,0.4038,0.3821,-1.0515,-28.3359,-12.3206,38.2061
521.0000,0.3967,0.3997,-1.0693,-35.2290,-12.5954,39.8779
537.0000,0.3909,0.4131,-1.0840,-45.1603,-10.5038,41.7176
455.0000,0.3748,0.4104,-1.0859,-53.0992,-14.2977,42.6031
531.0000,0.3804,0.3933,-1.0994,-60.8244,-14.9847,44.7634
522.0000,0.3699,0.3552,-1.0964,-67.9618,-14.8626,47.2901
529.0000,0.3708,0.3225,-1.0820,-69.8855,-15.7481,50.2214
531.0000,0.3704,0.3015,-1.0657,-68.0229,-17.0305,54.8931
526.0000,0.3630,0.2944,-1.0615,-59.4580,-19.4733,60.3588
518.0000,0.3582,0.2979,-1.0564,-51.9160,-21.6107,65.2290
536.0000,0.3613,0.3225,-1.0554,-46.2137,-23.0458,70.4351
532.0000,0.3501,0.3616,-1.0505,-44.1527,-23.7023,75.6947
513.0000,0.3093,0.3955,-1.0430,-46.4504,-33.7481,79.4504
523.0000,0.3867,0.3909,-1.0442,-29.9542,-18.0305,86.3130
501.0000,0.3606,0.3870,-1.0784,-26.3282,-14.1679,89.9084
513.0000,0.3242,0.3660,-1.0874,-25.1603,-19.5191,90.7023
530.0000,0.3188,0.3435,-1.0933,-20.6107,-20.8321,92.8855
532.0000,0.3303,0.3120,-1.1025,-19.2748,-19.4580,95.8702
475.0000,0.3281,0.2947,-1.0933,-23.0763,-20.8244,98.1756
528.0000,0.3374,0.2917,-1.1067,-29.4427,-20.2443,100.3283
513.0000,0.3367,0.2944,-1.1240,-37.4504,-18.7099,102.7634
539.0000,0.3354,0.2896,-1.1294,-44.3740,-18.8550,106.3664
525.0000,0.3245,0.2917,-1.1194,-48.1145,-17.5649,109.2137
511.0000,0.3140,0.2705,-1.1062,-45.1298,-17.8702,111.7252
529.0000,0.3086,0.2371,-1.0884,-40.2137,-18.4046,114.0229
531.0000,0.3118,0.2300,-1.0786,-38.1832,-18.0153,117.1985
519.0000,0.3113,0.2322,-1.0791,-35.9160,-17.7634,121.6107
541.0000,0.3215,0.2537,-1.0784,-30.1832,-17.4962,126.6107
535.0000,0.3206,0.2429,-1.0830,-21.1756,-16.3511,131.2824
525.0000,0.3240,0.2432,-1.0728,-10.6412,-14.6565,135.1679
516.0000,0.3174,0.2385,-1.0874,-2.9008,-14.2901,138.4809
524.0000,0.3071,0.2375,-1.1167,1.3664,-13.5344,140.6031
513.0000,0.3054,0.2187,-1.1206,2.5878,-12.6412,142.7939
498.0000,0.2937,0.1899,-1.1069,-0.5802,-12.1069,144.1450
536.0000,0.2927,0.1824,-1.1064,-5.9389,-11.1603,145.0763
514.0000,0.2891,0.1792,-1.1152,-12.3893,-11.0382,145.6870
535.0000,0.3037,0.1855,-1.1182,-19.1756,-9.7252,146.0534
565.0000,0.2964,0.1819,-1.1316,-25.5954,-9.0458,146.2824
529.0000,0.2930,0.1758,-1.1223,-33.4122,-8.2901,146.6107
527.0000,0.2917,0.1643,-1.1003,-38.3588,-8.0611,146.5038
516.0000,0.2815,0.1382,-1.1099,-40.3893,-9.3359,146.7328
516.0000,0.2688,0.1062,-1.0996,-39.8092,-12.1145,147.4733
517.0000,0.2683,0.0869,-1.0823,-39.0534,-11.8168,149.2061
498.0000,0.2705,0.0955,-1.0718,-36.9160,-11.0229,151.0000
505.0000,0.2512,0.0818,-1.0762,-30.3588,-14.5573,152.4122
505.0000,0.2598,0.0825,-1.0813,-26.7786,-14.3817,152.2672
533.0000,0.2529,0.0569,-1.0911,-22.8702,-14.0916,151.9618
531.0000,0.2544,0.0342,-1.1091,-23.1450,-13.2519,151.1221
558.0000,0.2454,0.0139,-1.0999,-25.7557,-12.6947,150.2977
519.0000,0.2522,-0.0068,-1.1074,-29.5649,-11.6489,149.1298
517.0000,0.2549,-0.0188,-1.1155,-32.8321,-11.1145,148.8550
509.0000,0.2617,-0.0405,-1.1301,-34.7328,-10.0458,148.9008
548.0000,0.2615,-0.0735,-1.1321,-33.1679,-9.2748,147.9847
540.0000,0.2671,-0.0867,-1.1516,-30.9771,-9.0763,146.6641
477.0000,0.2610,-0.0923,-1.1272,-30.6641,-9.7023,146.4886
515.0000,0.2693,-0.0562,-1.0925,-32.1985,-9.8168,146.3359
464.0000,0.2534,-0.0376,-1.0864,-29.0763,-10.7634,147.0000
511.0000,0.2468,0.0000,-1.0852,-24.9542,-10.2748,147.6794
501.0000,0.2556,0.0222,-1.0745,-21.4656,-8.8244,147.6183
525.0000,0.2668,0.0327,-1.0957,-18.1985,-6.6718,147.0992
494.0000,0.2595,0.0044,-1.1047,-15.6412,-4.3359,144.7252
528.0000,0.2634,-0.0417,-1.1050,-15.6947,-1.6412,140.9847
526.0000,0.2556,-0.0703,-1.0969,-17.1756,-1.3359,137.8550
554.0000,0.2583,-0.1184,-1.0959,-17.3817,-1.8168,135.8168
525.0000,0.2581,-0.1438,-1.0815,-17.5038,-0.1069,134.4809
543.0000,0.2688,-0.1641,-1.0837,-17.3053,1.5496,132.9313
504.0000,0.2795,-0.1680,-1.1001,-18.7176,2.6947,130.8321
532.0000,0.2820,-0.1619,-1.1243,-20.0992,3.1985,129.1374
504.0000,0.2852,-0.1479,-1.1350,-22.2824,2.4198,127.4428
538.0000,0.2761,-0.1331,-1.1311,-24.5114,1.0840,126.3130
542.0000,0.2837,-0.1252,-1.1035,-25.8702,-0.0458,125.0000
531.0000,0.3069,-0.1213,-1.0593,-23.5420,0.7328,124.0229
522.0000,0.3147,-0.1045,-1.0479,-18.3130,1.2824,123.3588
527.0000,0.3408,-0.0864,-1.0422,-12.6412,1.1603,122.8397
511.0000,0.3506,-0.0796,-1.0547,-6.4122,1.7557,122.0916
533.0000,0.3464,-0.0874,-1.0762,-1.5115,2.9771,119.6947
536.0000,0.3384,-0.1113,-1.1050,0.2748,1.8779,116.5038
387.0000,0.3335,-0.1309,-1.1235,-1.9084,1.3893,112.6565
518.0000,0.3118,-0.1387,-1.1160,-2.9313,-0.4275,109.0763
499.0000,0.3301,-0.1523,-1.1196,-7.5954,-0.7481,106.9466
535.0000,0.3359,-0.1685,-1.1084,-12.7328,-0.9847,104.4657
568.0000,0.3455,-0.1936,-1.1272,-15.7023,0.6412,103.5115
507.0000,0.3440,-0.2222,-1.1255,-15.6794,0.9771,100.8397
516.0000,0.3477,-0.2329,-1.1279,-15.0611,-0.2214,99.1450
514.0000,0.3413,-0.2268,-1.1274,-13.6107,-1.4122,98.3740
505.0000,0.3518,-0.2083,-1.1204,-11.5649,-1.4809,97.0840
523.0000,0.3516,-0.2053,-1.1057,-9.3359,-1.9313,95.0687
525.0000,0.3508,-0.1792,-1.1147,-8.9008,-2.1527,92.3511
532.0000,0.3450,-0.1611,-1.1072,-8.0229,-2.0153,89.8626
533.0000,0.3469,-0.1641,-1.1003,-4.1221,-1.9160,86.6718
513.0000,0.3474,-0.1724,-1.0950,-0.3893,-1.7252,82.9618
538.0000,0.3496,-0.1855,-1.0959,-0.5115,-0.9084,78.4428
548.0000,0.3398,-0.2053,-1.1069,-0.5649,-0.4198,74.0687
517.0000,0.3286,-0.2429,-1.1167,-1.4504,-0.2824,69.7023
523.0000,0.3298,-0.2603,-1.1101,-3.0229,0.0305,65.3740
526.0000,0.3276,-0.2632,-1.1265,-3.9618,-0.7786,60.4885
515.0000,0.3220,-0.2798,-1.1333,-7.0382,-1.6641,55.8779
515.0000,0.3228,-0.2939,-1.1099,-9.5878,-0.9618,50.7481
525.0000,0.3318,-0.3171,-1.0796,-10.0534,-1.0687,45.2137
517.0000,0.3333,-0.3203,-1.0874,-10.0458,-0.8168,39.2443
513.0000,0.3379,-0.3181,-1.0737,-7.4275,-0.7939,33.2366
513.0000,0.3372,-0.3020,-1.0901,-4.0305,-2.6107,27.1756
523.0000,0.3350,-0.2727,-1.0940,-1.9924,-3.0153,21.6260
525.0000,0.3345,-0.2532,-1.0957,0.7557,-2.1756,15.3359
526.0000,0.3411,-0.2480,-1.0740,4.7710,-1.6718,8.7481
516.0000,0.3352,-0.2686,-1.0784,3.5802,-1.2977,2.1450
523.0000,0.3425,-0.2751,-1.0806,0.3511,1.5878,-4.6565
520.0000,0.3652,-0.2976,-1.0862,0.5649,3.4962,-11.1450
524.0000,0.3616,-0.3237,-1.1008,2.4962,3.9160,-17.8473
527.0000,0.3518,-0.3513,-1.1138,6.2366,4.9160,-23.7634
518.0000,0.3367,-0.3774,-1.1060,10.0992,5.2901,-29.7557
523.0000,0.3230,-0.3748,-1.1072,10.9924,5.3740,-35.5954
524.0000,0.3313,-0.3669,-1.0920,9.9389,5.6565,-41.3130
517.0000,0.3362,-0.3533,-1.1208,8.0076,6.0000,-47.1145
523.0000,0.3335,-0.3252,-1.1321,6.3359,5.9847,-52.3359
520.0000,0.3289,-0.3003,-1.1362,5.9466,5.6718,-57.9847
525.0000,0.3169,-0.2773,-1.1240,7.0229,6.4427,-63.7405
522.0000,0.3184,-0.2678,-1.1023,9.5420,7.3969,-70.3053
512.0000,0.3289,-0.2744,-1.0908,11.5649,8.1450,-76.7863
518.0000,0.3230,-0.2778,-1.1033,12.4427,8.4885,-83.0076
526.0000,0.3174,-0.2793,-1.1194,11.7557,8.6794,-89.0305
511.0000,0.3083,-0.2820,-1.1362,9.1985,7.9237,-94.4580
526.0000,0.3132,-0.2803,-1.1338,7.0763,7.3206,-99.1832
522.0000,0.3118,-0.2756,-1.1333,6.1221,7.2595,-103.7252
519.0000,0.3176,-0.2688,-1.1272,7.3969,6.1985,-107.7710
521.0000,0.3130,-0.2739,-1.1301,9.0687,5.2977,-111.3130
518.0000,0.3083,-0.2632,-1.1343,9.3511,6.0305,-114.3893
540.0000,0.3035,-0.2493,-1.1267,10.7328,5.4733,-117.5573
546.0000,0.3081,-0.2266,-1.1284,10.2214,4.4275,-119.6565
521.0000,0.3267,-0.2051,-1.1250,10.0916,5.2519,-121.5038
519.0000,0.3540,-0.1897,-1.1150,12.8168,6.5725,-123.1756
521.0000,0.3540,-0.1799,-1.1018,15.0382,6.4656,-124.6336
528.0000,0.3489,-0.1677,-1.0906,15.1603,7.5573,-125.8626
528.0000,0.3538,-0.1665,-1.0952,16.8779,8.6870,-127.0687
520.0000,0.3582,-0.1667,-1.1062,17.5420,9.3511,-129.2824
502.0000,0.3567,-0.1709,-1.1147,18.0458,10.3206,-130.6412
522.0000,0.3596,-0.1570,-1.1348,16.6031,11.3359,-130.9618
524.0000,0.3657,-0.1438,-1.1494,15.2137,10.9313,-130.6260
529.0000,0.3594,-0.1294,-1.1394,14.8092,11.3893,-130.6031
509.0000,0.3674,-0.1257,-1.1265,15.2366,12.9618,-130.6183
522.0000,0.3762,-0.1072,-1.1079,16.3664,14.0840,-130.5496
530.0000,0.3767,-0.1147,-1.0918,19.9771,13.3282,-130.8473
522.0000,0.3872,-0.0962,-1.0828,24.2061,8.9847,-130.6336
511.0000,0.4019,-0.0940,-1.0872,33.7939,10.1298,-130.1221
516.0000,0.3960,-0.0720,-1.0774,34.2443,9.6794,-129.9695
521.0000,0.3855,-0.0486,-1.0710,32.7099,9.1450,-129.5954
520.0000,0.3757,-0.0205,-1.0623,30.1527,8.0763,-129.3359
519.0000,0.3857,0.0032,-1.0757,27.2672,6.6489,-130.0611
522.0000,0.3875,-0.0107,-1.0762,24.6870,5.1985,-131.6717
523.0000,0.3816,-0.0200,-1.0725,20.0076,4.5649,-133.6260
538.0000,0.3821,-0.0413,-1.0762,17.0916,5.0000,-134.8244
526.0000,0.3916,-0.0466,-1.0703,13.6947,6.0611,-135.1679
522.0000,0.3523,-0.0410,-1.0845,0.5954,-0.6336,-135.9771
521.0000,0.4111,-0.0322,-1.0457,14.1908,3.0763,-133.2290
526.0000,0.4353,-0.0259,-1.0535,7.6794,17.9008,-131.5954
517.0000,0.3704,-0.0032,-1.0603,4.2366,7.6336,-131.9084
523.0000,0.3884,0.0042,-1.0725,4.5725,5.5878,-131.7176
511.0000,0.4231,0.0281,-1.0723,6.0916,9.0076,-132.2672
524.0000,0.4241,0.0178,-1.0710,12.4427,6.5267,-133.4809
523.0000,0.4006,0.0103,-1.1001,14.7023,1.1145,-134.3588
520.0000,0.4019,0.0156,-1.1064,11.9084,0.5725,-134.3817
525.0000,0.4207,0.0322,-1.1091,8.2443,1.4885,-133.8702
520.0000,0.4067,0.0422,-1.0686,4.6565,0.4962,-133.3740
522.0000,0.3967,0.0449,-1.0415,4.5115,0.3969,-132.7328
514.0000,0.3904,0.0288,-1.0320,6.6641,0.9237,-131.9160
522.0000,0.3948,0.0313,-1.0291,9.4580,2.5725,-131.0305
495.0000,0.3977,0.0366,-1.0229,13.2214,4.5344,-130.1145
525.0000,0.3767,0.0393,-1.0469,15.0153,4.3740,-129.0611
516.0000,0.3872,0.0510,-1.0549,15.0916,5.2595,-127.3893
526.0000,0.4021,0.0610,-1.0579,15.9847,6.3359,-126.7786
501.0000,0.3943,0.0803,-1.0405,15.9389,7.6183,-126.2595
518.0000,0.3884,0.0911,-1.0427,17.3053,7.5420,-125.9160
525.0000,0.3882,0.0786,-1.0349,18.1908,8.9389,-125.3206
522.0000,0.3975,0.0640,-1.0476,21.4504,9.6565,-125.8321
529.0000,0.4033,0.0535,-1.0579,22.5954,8.6183,-126.3970
521.0000,0.3943,0.0457,-1.0498,22.9466,6.5191,-125.9695
517.0000,0.3838,0.0564,-1.0405,23.9466,5.8626,-124.9237
526.0000,0.3811,0.0564,-1.0283,25.7328,6.1756,-124.2901
512.0000,0.3887,0.0527,-1.0391,26.6641,7.7099,-124.1221
522.0000,0.3940,0.0603,-1.0476,25.3511,7.1908,-123.8473
517.0000,0.3904,0.0679,-1.0662,23.7939,5.7939,-123.6565
519.0000,0.3945,0.0764,-1.0571,22.9695,4.9924,-122.7328
515.0000,0.3936,0.1060,-1.0537,21.7863,4.9924,-121.9771
516.0000,0.3999,0.1257,-1.0339,21.3969,5.2366,-121.9160
521.0000,0.3938,0.1580,-1.0281,22.2290,5.0840,-121.4962
499.0000,0.4087,0.1926,-1.0359,21.0840,6.8931,-120.9237
509.0000,0.4133,0.2046,-1.0264,23.6183,8.2366,-120.5496
521.0000,0.4131,0.2061,-1.0374,24.6412,9.4580,-120.3130
523.0000,0.4045,0.2019,-1.0330,25.5114,10.4046,-120.3053
510.0000,0.4072,0.1929,-1.0408,27.6718,11.2901,-119.6107
520.0000,0.3965,0.1775,-1.0479,29.3817,11.2061,-118.4122
519.0000,0.3938,0.1882,-1.0417,30.0458,11.3664,-116.8397
521.0000,0.3887,0.1951,-1.0522,30.0458,11.6107,-115.0458
528.0000,0.3777,0.2126,-1.0615,30.6260,11.9924,-113.1145
520.0000,0.3789,0.2229,-1.0498,30.2977,11.4504,-111.2824
524.0000,0.3784,0.2217,-1.0513,29.7252,10.9084,-109.6336
525.0000,0.3774,0.2429,-1.0420,28.0611,10.9618,-108.0458
510.0000,0.3823,0.2605,-1.0298,27.6260,10.7099,-106.1450
524.0000,0.3792,0.2683,-1.0476,27.1832,10.3511,-104.0000
520.0000,0.3862,0.2947,-1.0471,26.3359,10.0382,-102.3283
526.0000,0.3750,0.3037,-1.0371,25.2748,9.5878,-100.7557
512.0000,0.3743,0.2917,-1.0454,25.2137,8.6412,-98.8168
526.0000,0.3699,0.2764,-1.0425,26.3206,8.0076,-96.6718
515.0000,0.3621,0.2690,-1.0425,27.9313,7.8168,-94.3511
518.0000,0.3594,0.2671,-1.0483,29.9160,6.3053,-91.7634
512.0000,0.3691,0.2751,-1.0601,30.5496,3.3969,-89.2672
517.0000,0.3667,0.2854,-1.0657,29.9771,1.2214,-86.3588
522.0000,0.3601,0.3074,-1.0593,29.9084,-0.5725,-83.3206
524.0000,0.3601,0.3247,-1.0491,30.8092,-1.4885,-79.7786
524.0000,0.3572,0.3406,-1.0420,30.0763,-0.9008,-76.8626
515.0000,0.3623,0.3440,-1.0366,29.8397,-0.7023,-74.5038
519.0000,0.3721,0.3376,-1.0388,29.1908,-0.6641,-72.0992
514.0000,0.3665,0.3479,-1.0547,28.5954,-1.1298,-69.5954
524.0000,0.3704,0.3394,-1.0635,28.1985,-1.9160,-66.8168
521.0000,0.3684,0.3430,-1.0625,27.7710,-2.4962,-63.5954
532.0000,0.3704,0.3315,-1.0637,27.1145,-2.6260,-60.2366
518.0000,0.3625,0.3325,-1.0786,25.6794,-2.4580,-57.5420
521.0000,0.3611,0.3311,-1.0613,23.0992,-2.9237,-55.2443
512.0000,0.3601,0.3315,-1.0659,20.8092,-2.6947,-52.5496
521.0000,0.3669,0.3135,-1.0713,18.8321,-3.1603,-49.3435
525.0000,0.3604,0.3108,-1.0769,18.3435,-3.5115,-45.7481
523.0000,0.3550,0.3105,-1.0720,17.8168,-3.8702,-42.0382
524.0000,0.3650,0.3271,-1.0825,17.0534,-5.4962,-37.7939
518.0000,0.3560,0.3420,-1.0955,18.1679,-6.0229,-33.9084
525.0000,0.3530,0.3562,-1.0645,19.7786,-5.8779,-29.8168
504.0000,0.3481,0.3586,-1.0784,21.1985,-6.1221,-26.5573
519.0000,0.3455,0.3560,-1.0774,20.8779,-6.1374,-24.2366
520.0000,0.3494,0.3472,-1.0776,19.4198,-5.1069,-22.5573
519.0000,0.3462,0.3228,-1.0935,18.1374,-4.7405,-20.2901
525.0000,0.3503,0.3049,-1.0952,15.3282,-5.2366,-17.6718
523.0000,0.3477,0.2908,-1.1042,12.4733,-5.7099,-14.8855
516.0000,0.3401,0.2942,-1.0974,9.6260,-6.6718,-11.7634
519.0000,0.3406,0.2900,-1.0972,7.2061,-6.7939,-8.6031
516.0000,0.3525,0.2783,-1.1028,5.5725,-6.6183,-5.6260
509.0000,0.3535,0.2791,-1.1025,2.9160,-7.5954,-2.8855
521.0000,0.3604,0.2866,-1.0903,0.8702,-6.7863,0.7252
519.0000,0.3540,0.2900,-1.0979,0.4962,-7.1221,4.9313
517.0000,0.3604,0.3076,-1.0830,0.2366,-6.9008,8.7710
523.0000,0.3630,0.3237,-1.0725,1.6031,-6.5802,12.1527
522.0000,0.3586,0.3174,-1.0745,3.2214,-5.5573,15.0000
506.0000,0.3621,0.3262,-1.0742,3.5496,-4.2977,17.8092
519.0000,0.3640,0.3137,-1.0801,3.5649,-3.1069,19.8855
527.0000,0.3667,0.3059,-1.0886,3.0305,-1.1832,21.8168
518.0000,0.3579,0.2861,-1.1169,0.6947,-0.4733,24.0534
517.0000,0.3652,0.2773,-1.1331,-4.3053,-0.8168,26.0916
520.0000,0.3630,0.2751,-1.1392,-7.4962,-1.3206,28.6718
515.0000,0.3523,0.2639,-1.1458,-9.2137,-1.6183,31.7557
523.0000,0.3442,0.2646,-1.1404,-9.4046,-2.0229,35.2595
516.0000,0.3550,0.2673,-1.1235,-9.5115,-2.8168,38.6183
525.0000,0.3513,0.2708,-1.1179,-10.0000,-2.9466,42.1450
531.0000,0.3455,0.2834,-1.1108,-10.8397,-2.1527,46.1832
505.0000,0.3430,0.3005,-1.1138,-12.1985,-1.6641,50.0458
519.0000,0.3457,0.3188,-1.1265,-13.4122,-1.2519,54.3588
524.0000,0.3401,0.3374,-1.1157,-13.4885,-1.6183,58.6794
525.0000,0.3384,0.3582,-1.0996,-13.0916,-1.3435,63.4962
518.0000,0.3274,0.3772,-1.1028,-11.5115,-1.5802,68.4351
535.0000,0.3191,0.3806,-1.1252,-8.8473,-1.6031,72.9160
523.0000,0.3152,0.3843,-1.1289,-6.6336,-1.1908,76.7252
496.0000,0.3079,0.3799,-1.1367,-5.3893,-1.0687,80.6260
513.0000,0.2937,0.3489,-1.1274,-7.6031,-2.0763,83.7634
512.0000,0.3030,0.3330,-1.1226,-10.5420,-2.1069,86.9313
521.0000,0.2974,0.3093,-1.1240,-15.7328,-3.1603,89.9847
517.0000,0.2920,0.2939,-1.1414,-20.6947,-3.6870,93.2290
515.0000,0.2834,0.2783,-1.1404,-24.3588,-4.4580,96.8550
507.0000,0.2786,0.2615,-1.1309,-27.5649,-4.8855,100.7634
515.0000,0.2808,0.2578,-1.1250,-30.5802,-6.0840,104.9389
524.0000,0.2434,0.2576,-1.1343,-39.9237,-16.7405,106.5344
518.0000,0.3005,0.2625,-1.1106,-36.0687,-6.6947,112.7634
512.0000,0.2852,0.2598,-1.0994,-35.2824,-5.1221,116.6641
542.0000,0.2666,0.2600,-1.0891,-33.7634,-5.4198,119.8931
508.0000,0.2512,0.2720,-1.0813,-38.4275,-9.0305,122.7099
530.0000,0.2485,0.2859,-1.0894,-38.5649,-12.7710,126.2748
500.0000,0.2488,0.2747,-1.0894,-35.7252,-12.1145,130.0000
523.0000,0.2441,0.2512,-1.0950,-32.8931,-12.0840,132.1298
524.0000,0.2395,0.2349,-1.1064,-33.0763,-12.8550,133.0153
513.0000,0.2322,0.2244,-1.0928,-35.6412,-13.7176,134.3282
521.0000,0.2305,0.2068,-1.1077,-41.7099,-14.0992,135.3053
515.0000,0.2332,0.1812,-1.1125,-49.4962,-14.1069,135.5343
521.0000,0.2263,0.1494,-1.1265,-56.3969,-14.8779,136.2061
513.0000,0.2183,0.1299,-1.1221,-60.3664,-15.4656,138.0229
528.0000,0.2292,0.1138,-1.1150,-60.1374,-16.3359,140.2214
515.0000,0.2288,0.0862,-1.1147,-57.2366,-17.3817,142.0534
532.0000,0.2283,0.0774,-1.1125,-53.2901,-17.3893,144.0153
506.0000,0.2266,0.0759,-1.0984,-49.6336,-17.4733,145.6260
521.0000,0.2249,0.0767,-1.0952,-45.4198,-18.3206,147.5343
537.0000,0.2310,0.0806,-1.1003,-42.6718,-18.1298,149.6412
508.0000,0.2402,0.0896,-1.1018,-40.3053,-17.5573,152.0611
507.0000,0.2332,0.1028,-1.0981,-37.8015,-16.6412,153.7863
534.0000,0.2295,0.1084,-1.0933,-34.2519,-16.2290,154.7710
512.0000,0.2236,0.0901,-1.1082,-31.8321,-16.5878,155.1374
529.0000,0.2251,0.0862,-1.1223,-30.8397,-16.2595,154.6641
510.0000,0.2227,0.0669,-1.1316,-31.6107,-15.0382,153.5725
526.0000,0.2275,0.0405,-1.1367,-34.4885,-14.1527,152.1450
517.0000,0.2249,0.0068,-1.1335,-37.6870,-13.6336,150.5954
548.0000,0.2190,-0.0076,-1.1311,-38.9008,-13.0153,150.7939
449.0000,0.2222,-0.0388,-1.1489,-38.1985,-12.9389,150.7176
544.0000,0.2310,-0.0508,-1.1550,-38.2824,-12.9466,150.9237
496.0000,0.2358,-0.0420,-1.1650,-40.0611,-14.6794,151.8015
506.0000,0.2373,-0.0181,-1.1775,-43.9771,-15.8702,152.9008
521.0000,0.2417,0.0095,-1.1616,-48.1221,-17.3206,153.9542
546.0000,0.2493,0.0347,-1.1455,-50.4122,-18.4275,155.8626
502.0000,0.2625,0.0564,-1.1040,-49.5344,-18.5725,157.3817
516.0000,0.2764,0.0684,-1.1074,-45.5802,-17.8473,158.1985
582.0000,0.2915,0.0608,-1.1021,-41.3130,-16.6412,157.9618
546.0000,0.2915,0.0295,-1.0989,-35.3893,-15.6947,157.7252
517.0000,0.2803,0.0059,-1.1069,-31.8015,-15.2977,157.7099
535.0000,0.2710,-0.0093,-1.1174,-29.3664,-15.2137,158.5420
533.0000,0.2715,-0.0264,-1.1279,-26.6260,-15.3435,159.4198
500.0000,0.2424,-0.0549,-1.1370,-24.5649,-14.2519,160.6336
525.0000,0.2249,-0.0669,-1.1333,-24.7252,-12.3893,161.0305
541.0000,0.2156,-0.0925,-1.1267,-27.3740,-11.5267,160.9008
500.0000,0.2192,-0.1018,-1.1267,-28.9313,-10.9695,161.2290
509.0000,0.2275,-0.1016,-1.1084,-28.9695,-10.8702,162.2214
529.0000,0.2349,-0.0703,-1.0720,-25.2977,-10.5420,163.7099
546.0000,0.2295,-0.0442,-1.0618,-18.9771,-9.9389,165.2824
550.0000,0.2117,-0.0330,-1.0615,-12.4122,-8.7863,166.8092
546.0000,0.2156,-0.0259,-1.0684,-4.9924,-7.6565,166.1145
546.0000,0.2078,-0.0281,-1.0740,0.7099,-6.1603,163.6412
540.0000,0.2039,-0.0361,-1.0867,0.7252,-4.8244,159.9695
514.0000,0.1992,-0.0525,-1.1206,-2.6260,-3.4427,155.3359
459.0000,0.1917,-0.0908,-1.1355,-9.0611,-1.5573,149.5572
509.0000,0.1863,-0.1465,-1.1450,-17.0229,-0.2137,144.6565
507.0000,0.1812,-0.1978,-1.1492,-24.0076,-0.4198,140.5038
546.0000,0.1985,-0.2319,-1.1497,-29.2214,0.7634,136.9618
541.0000,0.1924,-0.2568,-1.1460,-31.7939,2.0382,134.3206
512.0000,0.1951,-0.2800,-1.1538,-31.7939,1.7023,132.3817
547.0000,0.2078,-0.2864,-1.1580,-28.3893,0.4427,130.5878
534.0000,0.2222,-0.2559,-1.1492,-25.1527,-0.8931,128.7863
495.0000,0.2327,-0.2166,-1.1265,-17.9237,-1.8397,127.5725
504.0000,0.2427,-0.1990,-1.0986,-9.8092,0.2595,126.1069
500.0000,0.2488,-0.1934,-1.0925,-0.4885,2.9313,124.1908
514.0000,0.2568,-0.1890,-1.0920,7.5496,2.9389,121.0840
505.0000,0.2688,-0.1921,-1.0996,11.8168,3.2977,118.0916
563.0000,0.2644,-0.1975,-1.1152,14.7023,3.3817,116.2672
539.0000,0.2615,-0.2002,-1.1184,14.9237,6.7939,113.2137
525.0000,0.2510,-0.1985,-1.1260,12.2977,7.1832,107.7557
476.0000,0.2637,-0.1968,-1.1501,5.1298,7.2748,102.7023
517.0000,0.2666,-0.2000,-1.1772,-1.7863,7.6031,97.4504
522.0000,0.2656,-0.2178,-1.1792,-7.7710,7.2595,92.5496
488.0000,0.2749,-0.2415,-1.1606,-10.8702,6.3817,87.5267
493.0000,0.2715,-0.2603,-1.1389,-11.5115,5.9695,82.7405
520.0000,0.2747,-0.2742,-1.1360,-9.6183,6.6183,78.4962
512.0000,0.2925,-0.2842,-1.1152,-7.2824,6.8779,74.7405
514.0000,0.2876,-0.2908,-1.1223,-4.5191,6.8855,71.0305
503.0000,0.2859,-0.2708,-1.1284,-1.2061,6.9313,67.1756
525.0000,0.2747,-0.2666,-1.1453,1.2366,7.2137,62.8626
523.0000,0.2727,-0.2515,-1.1609,3.4122,7.3588,57.6412
525.0000,0.2783,-0.2490,-1.1643,5.3206,7.9160,52.1679
523.0000,0.2837,-0.2607,-1.1494,7.3359,9.0229,46.2137
515.0000,0.2837,-0.2839,-1.1150,10.9618,10.1450,39.4046
524.0000,0.2878,-0.2991,-1.1038,15.7557,11.0076,32.5725
527.0000,0.2935,-0.3176,-1.0981,20.4962,10.9466,25.7023
493.0000,0.2888,-0.3206,-1.1145,21.9389,9.9084,18.6260
508.0000,0.2712,-0.3206,-1.1479,18.9084,8.2214,11.3130
521.0000,0.2656,-0.3171,-1.1567,14.4122,7.4733,4.0000
524.0000,0.2585,-0.3130,-1.1533,11.8321,6.4962,-3.2443
520.0000,0.2666,-0.3264,-1.1157,12.5267,6.0840,-10.7328
526.0000,0.2678,-0.3376,-1.0972,15.6641,5.7710,-17.5573
523.0000,0.2668,-0.3384,-1.0801,20.3588,6.5420,-23.8855
527.0000,0.2734,-0.3372,-1.0884,26.6641,7.7786,-29.4504
513.0000,0.2695,-0.3501,-1.0789,31.5725,10.4351,-35.1985
523.0000,0.2686,-0.3479,-1.0610,37.1756,12.5802,-41.2519
516.0000,0.2771,-0.3550,-1.0642,44.0153,14.2137,-47.6336
522.0000,0.2717,-0.3669,-1.0737,50.8244,14.8855,-53.6641
513.0000,0.2705,-0.3628,-1.0918,55.0840,15.1985,-59.6260
523.0000,0.2593,-0.3521,-1.1040,57.0534,14.9847,-64.7099
498.0000,0.2512,-0.3428,-1.1011,57.5878,14.7863,-70.1527
523.0000,0.2534,-0.3474,-1.0864,56.9847,14.5420,-76.4504
508.0000,0.2490,-0.3547,-1.0830,55.0763,13.4198,-82.6336
517.0000,0.2344,-0.3452,-1.0881,51.7786,12.4351,-88.4046
529.0000,0.2368,-0.3376,-1.0867,47.8931,10.0305,-92.9924
513.0000,0.2632,-0.3140,-1.0781,43.4351,9.9313,-97.5496
529.0000,0.2778,-0.3127,-1.1069,43.1221,7.6031,-102.0992
508.0000,0.2981,-0.3032,-1.0913,41.6794,5.4580,-107.1069
537.0000,0.2920,-0.3015,-1.1062,42.3664,1.6870,-111.2824
533.0000,0.3071,-0.2942,-1.1028,40.6565,-1.1527,-115.1756
518.0000,0.3201,-0.2937,-1.0923,36.0458,-2.9237,-118.3283
517.0000,0.3396,-0.2952,-1.0637,28.9237,-3.3359,-121.6794
526.0000,0.3540,-0.3083,-1.0513,22.4733,-3.5954,-124.3435
522.0000,0.3735,-0.3174,-1.0593,17.3969,-5.9160,-126.6489
514.0000,0.3938,-0.3064,-1.0762,11.4733,-3.3969,-127.7557
525.0000,0.3826,-0.2998,-1.0767,12.2443,-1.2824,-127.5573
521.0000,0.3535,-0.3030,-1.0503,15.6489,-2.2290,-127.2748
523.0000,0.3508,-0.2935,-1.0566,18.8244,-1.7405,-128.0305
524.0000,0.3550,-0.3000,-1.0754,25.0305,-2.6489,-129.2061
512.0000,0.3496,-0.3018,-1.0781,30.3359,-3.0687,-130.9084
526.0000,0.3464,-0.3149,-1.1028,34.3359,-3.0992,-132.5725
517.0000,0.3398,-0.3076,-1.1082,36.2137,-3.0458,-134.0763
509.0000,0.3438,-0.2974,-1.1199,35.1908,-4.8168,-135.6870
528.0000,0.3538,-0.2769,-1.1074,33.0229,-6.1832,-137.6565
525.0000,0.3574,-0.2664,-1.0999,29.3969,-5.4733,-139.7099
521.0000,0.3701,-0.2527,-1.0737,25.1679,-5.0992,-141.6641
524.0000,0.3867,-0.2490,-1.0620,22.4427,-4.8321,-144.1832
534.0000,0.3877,-0.2439,-1.0527,21.7481,-4.1450,-145.6947
499.0000,0.4089,-0.2542,-1.0588,21.5878,-3.3206,-147.9542
526.0000,0.3977,-0.2437,-1.0779,19.2061,-3.5725,-149.1374
509.0000,0.4023,-0.2283,-1.0730,12.6336,-4.2137,-149.6717
510.0000,0.3569,-0.1646,-1.0945,-1.1145,-17.4351,-150.7863
525.0000,0.4661,-0.1860,-1.0308,11.2595,2.7939,-146.5496
506.0000,0.4006,-0.1638,-1.0615,4.0611,-0.0458,-149.3511
523.0000,0.3967,-0.1458,-1.0674,-3.7099,-4.0992,-150.2214
521.0000,0.4070,-0.1790,-1.0796,6.9313,1.7863,-149.5725
508.0000,0.4116,-0.1919,-1.0713,10.4580,3.0305,-149.1832
526.0000,0.4021,-0.2007,-1.0571,18.4809,-0.8168,-149.3969
525.0000,0.4077,-0.2095,-1.0420,23.2061,-0.3588,-149.2901
530.0000,0.4150,-0.1853,-1.0339,30.2214,0.4198,-147.9389
517.0000,0.4124,-0.1504,-1.0430,32.1679,0.6107,-146.6412
526.0000,0.4231,-0.1055,-1.0791,28.3588,1.1832,-145.5878
513.0000,0.4453,-0.0664,-1.0696,25.3511,3.1603,-145.5572
514.0000,0.4470,-0.0383,-1.0667,23.6336,3.8321,-146.1985
521.0000,0.4517,-0.0220,-1.0679,20.1985,3.3817,-147.8550
520.0000,0.4609,-0.0242,-1.0706,14.9237,2.7481,-148.8244
518.0000,0.4478,-0.0222,-1.0791,9.1221,1.7939,-149.3664
515.0000,0.4446,-0.0107,-1.0918,5.9237,0.7252,-149.7939
523.0000,0.4431,0.0037,-1.0759,5.0534,0.2137,-149.8244
528.0000,0.4316,0.0073,-1.0564,5.1145,-0.3893,-149.3206
528.0000,0.4429,0.0173,-1.0400,4.0763,-0.3969,-148.7481
531.0000,0.4502,0.0261,-1.0308,4.6641,-0.1679,-147.7633
522.0000,0.4600,0.0254,-1.0364,5.6336,0.5267,-146.4656
514.0000,0.4526,0.0381,-1.0383,8.5649,0.7863,-144.4580
521.0000,0.4419,0.0515,-1.0339,11.0763,1.7252,-142.0382
517.0000,0.4438,0.0630,-1.0386,13.2824,2.3206,-140.3282
519.0000,0.4421,0.0642,-1.0559,14.7710,1.8931,-138.7252
526.0000,0.4387,0.0764,-1.0667,15.3511,1.2824,-137.5114
517.0000,0.4280,0.0801,-1.0559,14.6183,1.1603,-135.7863
517.0000,0.4272,0.0938,-1.0576,14.4427,1.2366,-134.2290
517.0000,0.4326,0.1077,-1.0625,14.3130,0.4580,-133.7023
523.0000,0.4265,0.1099,-1.0598,12.2748,-0.5344,-133.4962
522.0000,0.4299,0.1128,-1.0425,10.5878,-1.3588,-132.7023
521.0000,0.4277,0.1345,-1.0149,10.0076,-1.4275,-131.7481
516.0000,0.4253,0.1458,-1.0190,10.0992,-1.4656,-130.1756
531.0000,0.4204,0.1436,-1.0298,9.3817,-1.2824,-128.0458
522.0000,0.4141,0.1497,-1.0540,8.8092,-1.4580,-126.4580
519.0000,0.4099,0.1389,-1.0691,8.1679,-2.9008,-124.5115
507.0000,0.4072,0.1423,-1.0500,8.4198,-4.4427,-122.4428
520.0000,0.3933,0.1543,-1.0371,10.8931,-5.6260,-119.6489
518.0000,0.3979,0.1665,-1.0317,14.1450,-5.6641,-116.6336
519.0000,0.4038,0.1833,-1.0322,16.7328,-5.3053,-115.0840
525.0000,0.4187,0.1953,-1.0215,17.1985,-1.8244,-113.3359
519.0000,0.3936,0.1870,-1.0283,22.5573,-5.5038,-111.2824
525.0000,0.3835,0.1904,-1.0417,22.8321,-6.9847,-109.0382
524.0000,0.3967,0.2043,-1.0322,22.1756,-4.9618,-106.6641
512.0000,0.3972,0.2019,-1.0327,24.2214,-4.1832,-103.8702
523.0000,0.3848,0.2092,-1.0471,24.1069,-5.7634,-101.1985
521.0000,0.3687,0.2112,-1.0518,23.0763,-7.5802,-98.9695
509.0000,0.3687,0.2300,-1.0603,21.0687,-8.4427,-96.6794
523.0000,0.3706,0.2412,-1.0520,19.3282,-10.0840,-94.8626
511.0000,0.3716,0.2520,-1.0518,16.7710,-11.0382,-92.5725
516.0000,0.3623,0.2534,-1.0500,12.8473,-11.1145,-90.0458
523.0000,0.3640,0.2524,-1.0410,11.8244,-9.1221,-88.0153
507.0000,0.3530,0.2429,-1.0483,12.6718,-8.3511,-86.0305
525.0000,0.3604,0.2305,-1.0574,13.2748,-9.1756,-84.8397
514.0000,0.3569,0.2129,-1.0659,13.1679,-10.8702,-83.0076
514.0000,0.3523,0.2014,-1.0747,14.1145,-11.0916,-80.3817
525.0000,0.3584,0.1968,-1.0627,16.0992,-10.9160,-77.2977
524.0000,0.3655,0.1931,-1.0662,18.5420,-11.0840,-74.0229
520.0000,0.3586,0.1929,-1.0732,21.8626,-11.4885,-70.5496
523.0000,0.3542,0.1931,-1.0906,24.6336,-12.2137,-67.6947
524.0000,0.3572,0.1851,-1.0850,25.1069,-12.9542,-64.9160
516.0000,0.3472,0.2002,-1.0913,23.6260,-13.7786,-62.0382
520.0000,0.3586,0.2195,-1.0835,21.6718,-13.8244,-59.3206
524.0000,0.3486,0.2388,-1.0857,21.4962,-14.4656,-57.4885
518.0000,0.3391,0.2427,-1.0789,19.6794,-14.4198,-55.3206
520.0000,0.3408,0.2581,-1.0793,13.6794,-12.2366,-53.7023
523.0000,0.3445,0.2588,-1.0764,12.0382,-10.5191,-52.0382
515.0000,0.3479,0.2524,-1.0803,11.8626,-9.8779,-50.1527
527.0000,0.3472,0.2397,-1.0852,13.8855,-9.9771,-48.3359
522.0000,0.3381,0.2268,-1.0952,14.3664,-10.6183,-46.6718
524.0000,0.3401,0.2229,-1.0928,13.7252,-11.1221,-44.2977
508.0000,0.3501,0.2175,-1.1125,11.1145,-10.9771,-42.0611
525.0000,0.3462,0.2126,-1.1082,7.6870,-10.7405,-39.9313
520.0000,0.3508,0.2234,-1.0913,5.3664,-10.3206,-37.3282
521.0000,0.3379,0.2339,-1.0925,3.0458,-10.2519,-34.3359
518.0000,0.3406,0.2327,-1.0964,1.7099,-9.6794,-31.3817
527.0000,0.3455,0.2480,-1.0869,1.5267,-9.2595,-28.2061
507.0000,0.3384,0.2544,-1.0798,2.5649,-9.3359,-24.9160
522.0000,0.3384,0.2576,-1.0701,4.5954,-8.5038,-21.8321
523.0000,0.3530,0.2595,-1.0637,6.9237,-7.6260,-19.4046
510.0000,0.3479,0.2505,-1.0708,8.9542,-6.3893,-16.9771
519.0000,0.3464,0.2439,-1.0654,9.7557,-5.3359,-14.3053
519.0000,0.3455,0.2444,-1.0793,9.0840,-4.3282,-11.9542
525.0000,0.3396,0.2441,-1.0981,6.5496,-3.8626,-9.6107
492.0000,0.3384,0.2361,-1.1047,2.3588,-3.7939,-6.8397
520.0000,0.3391,0.2512,-1.1260,-1.7863,-4.1450,-4.5344
517.0000,0.3401,0.2537,-1.1277,-4.7557,-5.0687,-1.4504
531.0000,0.3345,0.2502,-1.1223,-6.4275,-5.5649,1.7939
512.0000,0.3301,0.2483,-1.1045,-7.0458,-6.1985,4.3511
518.0000,0.3323,0.2573,-1.1035,-7.8931,-6.4580,7.2595
526.0000,0.3367,0.2639,-1.1025,-8.6489,-5.7405,10.3435
517.0000,0.3345,0.2649,-1.0894,-9.7328,-4.6489,13.8015
533.0000,0.3228,0.2634,-1.0825,-10.1985,-2.4198,16.9237
529.0000,0.3281,0.2771,-1.0869,-11.5573,-1.1069,20.2519
512.0000,0.3401,0.3005,-1.0986,-12.5496,-0.3664,24.7710
518.0000,0.3359,0.3203,-1.1265,-13.4504,0.5267,29.3588
518.0000,0.3315,0.3438,-1.1470,-13.7176,0.2443,34.3053
531.0000,0.3198,0.3472,-1.1536,-13.8473,-0.3969,39.1527
487.0000,0.3164,0.3601,-1.1365,-13.9847,-2.0153,44.1374
517.0000,0.3022,0.3589,-1.1260,-13.2672,-2.6947,48.4885
532.0000,0.3003,0.3552,-1.1104,-12.9237,-2.6412,53.0076
534.0000,0.3066,0.3428,-1.0859,-13.1069,-2.3969,57.5878
524.0000,0.3040,0.3367,-1.0845,-13.6183,-1.2901,62.1374
540.0000,0.3169,0.3499,-1.0833,-14.1374,0.6794,67.3435
473.0000,0.3159,0.3464,-1.1160,-13.3282,0.6336,73.2824
478.0000,0.3264,0.3564,-1.1350,-14.4046,1.4809,78.4886
523.0000,0.3237,0.3616,-1.1531,-15.4580,0.5573,84.0611
501.0000,0.3147,0.3711,-1.1675,-19.0763,-0.5878,89.4275
516.0000,0.3035,0.3748,-1.1558,-20.1374,-2.6412,95.2672
504.0000,0.2822,0.3635,-1.1431,-20.6718,-5.9008,100.5038
507.0000,0.2810,0.3474,-1.1294,-19.7328,-6.1679,105.8931
521.0000,0.2805,0.3481,-1.1033,-19.8779,-5.9542,109.6412
531.0000,0.2805,0.3518,-1.1094,-18.1908,-7.0382,113.0992
520.0000,0.2673,0.3467,-1.1216,-19.1527,-8.7176,117.0458
500.0000,0.2537,0.3562,-1.1375,-22.5420,-9.1603,121.3740
519.0000,0.2393,0.3835,-1.1335,-27.1908,-10.1603,125.8168
515.0000,0.2102,0.4233,-1.1235,-32.7099,-15.4122,130.5267
507.0000,0.2273,0.4031,-1.0979,-32.0840,-5.4809,133.4886
524.0000,0.2114,0.3499,-1.0896,-29.1908,-4.5038,135.2366
521.0000,0.2063,0.3066,-1.1091,-36.2672,-6.0763,134.6870
527.0000,0.2361,0.2483,-1.1226,-37.2214,-4.3130,134.1985
517.0000,0.2480,0.1748,-1.1692,-41.8779,-2.7099,135.7405
524.0000,0.2605,0.1282,-1.1758,-49.0916,-1.3282,137.5802
525.0000,0.2468,0.0815,-1.1887,-50.2519,-3.0076,140.1985
524.0000,0.2437,0.0747,-1.1582,-50.1832,-5.3130,143.2443
524.0000,0.2546,0.0737,-1.1472,-49.0687,-6.9618,146.3511
522.0000,0.2742,0.0779,-1.1323,-46.9466,-8.2901,148.8855
529.0000,0.2695,0.0659,-1.1372,-45.8092,-9.6565,150.8855
456.0000,0.2646,0.0759,-1.1313,-45.3359,-11.4809,152.4351
530.0000,0.2666,0.1023,-1.1348,-45.6489,-10.5344,154.4351
504.0000,0.2622,0.1206,-1.1157,-46.9008,-11.2137,156.7786
523.0000,0.2495,0.1360,-1.1006,-47.2137,-13.2443,159.8779
488.0000,0.2388,0.1526,-1.0845,-44.8550,-13.5878,163.5649
564.0000,0.2332,0.1577,-1.0679,-38.9695,-12.0687,166.6031
494.0000,0.2151,0.1614,-1.0696,-31.9618,-10.4427,167.3359
534.0000,0.2202,0.1523,-1.0840,-29.3817,-9.2672,165.8321
514.0000,0.2256,0.1311,-1.0867,-31.7557,-7.8931,164.1603
526.0000,0.2244,0.1082,-1.1006,-36.7786,-5.3053,163.5343
516.0000,0.2244,0.0767,-1.0854,-40.7023,-1.6870,163.5649
512.0000,0.2349,0.0315,-1.0964,-42.8092,0.9466,163.1221
525.0000,0.2375,-0.0181,-1.1223,-45.2901,1.5878,162.8244
527.0000,0.2268,-0.0535,-1.1636,-48.0534,-0.0840,163.6031
544.0000,0.2231,-0.0544,-1.1907,-52.1908,-1.3740,164.1374
560.0000,0.2085,-0.0684,-1.2075,-53.8855,-3.6718,164.6183
504.0000,0.1990,-0.0762,-1.1841,-54.2977,-7.6412,164.2214
524.0000,0.1948,-0.0647,-1.1543,-53.4962,-10.5420,163.7405
554.0000,0.2026,-0.0625,-1.1350,-52.7939,-12.2443,164.0916
473.0000,0.2043,-0.0427,-1.0991,-54.1145,-13.4351,165.0916
534.0000,0.2080,-0.0205,-1.0596,-52.6641,-12.0534,167.0840
516.0000,0.2161,-0.0081,-1.0618,-44.9542,-9.1374,169.8931
498.0000,0.2187,0.0017,-1.0691,-33.1679,-7.1374,172.0611
524.0000,0.2307,-0.0020,-1.0916,-20.6412,-6.4427,172.6031
506.0000,0.2273,-0.0127,-1.1177,-11.7405,-4.1069,172.0687
484.0000,0.2258,-0.0371,-1.1399,-10.4580,-0.5649,169.3511
525.0000,0.2090,-0.0720,-1.1501,-15.3969,0.0305,165.8321
566.0000,0.2153,-0.0835,-1.1433,-22.4885,-0.1221,163.1985
539.0000,0.2034,-0.0894,-1.1519,-28.9695,0.5115,161.6641
534.0000,0.2222,-0.1057,-1.1587,-35.5878,3.1450,159.5954
522.0000,0.2231,-0.1091,-1.1609,-37.6794,2.5420,157.8855
527.0000,0.2195,-0.1284,-1.1589,-39.2443,0.8702,155.9542
506.0000,0.2305,-0.1367,-1.1592,-38.5954,-0.2977,154.7939
525.0000,0.2205,-0.1301,-1.1375,-37.3664,-1.8473,153.3817
532.0000,0.2207,-0.1328,-1.1331,-35.4656,-2.8015,152.4886
536.0000,0.2256,-0.1321,-1.1099,-30.2672,-2.4046,152.3893
575.0000,0.2195,-0.1357,-1.1123,-24.3359,-1.6489,152.1679
517.0000,0.2271,-0.1306,-1.1121,-17.8015,-1.3282,151.3359
578.0000,0.2397,-0.1343,-1.1113,-10.1679,-1.5496,149.9924
537.0000,0.2339,-0.1418,-1.1389,-5.3053,-0.3053,147.9695
544.0000,0.2339,-0.1570,-1.1240,-3.5725,3.6870,144.3664
516.0000,0.2141,-0.1772,-1.1279,-2.1374,0.6183,140.1145
515.0000,0.2241,-0.1970,-1.1377,-6.4962,-1.0153,136.5267
521.0000,0.2202,-0.1995,-1.1243,-11.5725,2.4046,133.9160
504.0000,0.2302,-0.2063,-1.0937,-14.4198,6.1756,130.5496
476.0000,0.2449,-0.2107,-1.1008,-14.6260,5.2366,126.7634
520.0000,0.2527,-0.2014,-1.1003,-15.1756,4.3282,123.9237
523.0000,0.2644,-0.1902,-1.1069,-14.0000,5.9084,121.7634
606.0000,0.2815,-0.1946,-1.1086,-11.3359,6.4122,119.4275
572.0000,0.2717,-0.2004,-1.1062,-8.8702,4.9771,114.6718
516.0000,0.2820,-0.1956,-1.0942,-11.0611,4.2672,110.2061
543.0000,0.2905,-0.2017,-1.0989,-12.4733,2.3817,107.6947
532.0000,0.2981,-0.1987,-1.0908,-11.0076,4.8321,106.0534
514.0000,0.2839,-0.2329,-1.0903,-7.8321,5.5191,103.9771
522.0000,0.2876,-0.2522,-1.0740,-6.3359,6.3282,100.6565
507.0000,0.2869,-0.2722,-1.0774,-2.7023,6.2290,96.3053
540.0000,0.2832,-0.2832,-1.0981,-0.7557,4.7176,92.3588
522.0000,0.2866,-0.2925,-1.1169,-1.8321,2.5725,88.4580
526.0000,0.2795,-0.2886,-1.1331,-3.6718,2.3817,84.0153
522.0000,0.2803,-0.2849,-1.1116,-3.7710,3.0076,78.3588
511.0000,0.2705,-0.2974,-1.1138,-0.1985,0.0000,71.9771
516.0000,0.2639,-0.3035,-1.1060,-1.7863,-0.8244,65.5344
525.0000,0.2847,-0.3013,-1.0811,-3.2290,1.1374,59.2214
525.0000,0.3020,-0.3127,-1.0725,-2.4122,2.6947,53.5267
510.0000,0.2983,-0.3220,-1.0820,-2.2214,1.5573,47.7023
511.0000,0.2954,-0.3220,-1.0750,0.0763,2.5420,41.4504
519.0000,0.2930,-0.3433,-1.0791,4.5725,3.1832,34.8168
527.0000,0.2874,-0.3477,-1.0881,7.5878,2.5725,27.2595
523.0000,0.2893,-0.3613,-1.1101,8.4351,2.1374,19.2748
518.0000,0.2881,-0.3689,-1.1174,8.0076,2.6565,11.5878
523.0000,0.2798,-0.3711,-1.1077,7.7939,3.3130,3.7099
518.0000,0.2771,-0.3677,-1.0920,9.3969,3.8702,-3.7863
521.0000,0.2849,-0.3730,-1.0662,13.2977,5.6336,-10.7099
513.0000,0.3018,-0.3757,-1.0605,19.2061,7.3664,-17.6489
522.0000,0.3147,-0.3845,-1.0493,24.8855,8.8473,-24.8702
526.0000,0.3069,-0.3877,-1.0486,29.2214,9.1527,-31.7786
520.0000,0.2910,-0.3879,-1.0591,30.3893,9.4733,-38.3969
521.0000,0.2908,-0.3882,-1.0771,29.9313,8.9237,-45.4198
519.0000,0.2866,-0.3867,-1.0840,29.0763,8.3893,-52.0229
526.0000,0.2776,-0.3726,-1.1045,27.9618,7.0992,-58.9008
529.0000,0.2756,-0.3662,-1.1135,27.7481,5.7863,-65.3206
509.0000,0.2693,-0.3772,-1.1157,27.4809,4.4504,-71.9847
527.0000,0.2703,-0.3711,-1.1008,27.2824,3.9466,-78.7176
521.0000,0.2710,-0.3738,-1.0801,27.6565,4.3664,-85.1527
518.0000,0.2717,-0.3650,-1.0657,28.2595,5.2214,-91.0076
519.0000,0.2778,-0.3613,-1.0708,29.1450,5.4427,-96.1221
516.0000,0.2783,-0.3445,-1.0972,29.9847,5.4885,-101.3740
528.0000,0.2712,-0.3420,-1.1062,30.0992,5.5878,-106.6870
529.0000,0.2683,-0.3276,-1.1072,30.1527,5.7328,-111.8626
510.0000,0.2739,-0.3398,-1.1055,29.6336,5.4656,-117.3588
521.0000,0.2771,-0.3518,-1.1057,27.4275,4.7786,-122.2901
516.0000,0.2832,-0.3591,-1.1155,25.5573,4.1374,-125.8550
514.0000,0.2854,-0.3564,-1.1047,25.0076,4.4275,-128.4504
536.0000,0.2786,-0.3516,-1.1052,26.3588,4.8550,-130.8092
518.0000,0.2798,-0.3464,-1.1011,28.0992,4.6412,-133.0153
521.0000,0.2729,-0.3201,-1.0859,29.6565,4.5878,-135.0763
517.0000,0.2944,-0.2910,-1.0850,29.7557,5.5649,-137.1679
521.0000,0.3030,-0.2737,-1.0806,29.4046,7.0534,-138.8321
524.0000,0.3398,-0.2539,-1.0801,28.6412,8.4962,-141.0076
524.0000,0.3472,-0.2500,-1.0864,29.5802,8.2366,-142.1756
507.0000,0.3325,-0.2490,-1.1184,30.1298,5.7328,-142.8168
525.0000,0.3601,-0.2183,-1.1025,29.9695,8.2595,-143.9008
523.0000,0.3577,-0.2190,-1.1116,35.3664,6.4504,-145.7252
511.0000,0.3442,-0.2134,-1.1233,34.5649,2.8855,-146.5496
513.0000,0.3433,-0.1987,-1.1018,31.8931,1.3740,-146.9466
505.0000,0.3540,-0.1875,-1.0903,28.1527,2.1985,-146.9313
521.0000,0.3589,-0.1621,-1.0745,23.7176,3.6412,-146.8931
522.0000,0.3794,-0.1531,-1.0471,22.2901,5.3817,-146.5572
516.0000,0.3726,-0.1555,-1.0498,24.2595,2.6794,-145.3588
517.0000,0.3977,-0.1335,-1.0654,24.2290,6.3053,-144.4351
517.0000,0.3940,-0.1243,-1.0576,28.5114,5.6031,-144.1832
516.0000,0.3989,-0.1162,-1.0701,31.2443,2.6565,-143.5725
520.0000,0.3992,-0.0872,-1.0859,28.9618,-7.7634,-143.0534
507.0000,0.4106,-0.0562,-1.0684,22.3053,-14.8397,-144.9542
528.0000,0.4878,-0.0774,-1.0596,25.3664,14.3282,-142.7633
524.0000,0.4128,-0.0806,-1.0688,14.4275,6.1221,-146.4886
517.0000,0.3789,-0.0571,-1.0725,0.3359,-8.6870,-146.4962
517.0000,0.4458,-0.0515,-1.0583,5.7939,3.6870,-143.7023
519.0000,0.4258,-0.0371,-1.0623,10.7710,2.6947,-142.0382
524.0000,0.4150,-0.0303,-1.0679,11.1298,-0.2443,-140.4580
519.0000,0.4233,-0.0193,-1.0537,11.4733,0.1298,-139.4809
508.0000,0.4348,-0.0256,-1.0574,14.9771,3.6260,-138.4275
521.0000,0.4336,-0.0137,-1.0530,15.7176,3.3740,-138.0382
521.0000,0.4277,-0.0186,-1.0645,15.7710,3.7023,-138.0076
517.0000,0.4397,-0.0244,-1.0857,16.2901,2.7176,-137.3359
517.0000,0.4409,-0.0217,-1.0735,18.5344,1.5420,-136.9084
520.0000,0.4343,-0.0232,-1.0520,21.0763,0.7176,-136.0687
526.0000,0.4121,-0.0002,-1.0530,23.4122,-0.1374,-134.5343
519.0000,0.4094,0.0032,-1.0500,24.4351,-1.0382,-133.7023
514.0000,0.4185,-0.0034,-1.0764,22.3969,-1.9084,-133.0458
521.0000,0.4226,-0.0115,-1.0784,17.8550,-2.2748,-132.5802
534.0000,0.4216,-0.0042,-1.0791,13.7863,-1.9847,-132.5267
524.0000,0.4131,0.0171,-1.0571,11.0229,-1.0229,-132.0458
525.0000,0.4072,0.0229,-1.0435,9.7328,-1.3435,-130.8397
521.0000,0.4136,0.0366,-1.0325,9.8397,-1.2824,-129.0229
520.0000,0.4158,0.0637,-1.0291,12.9771,-0.8015,-127.2061
517.0000,0.4124,0.0847,-1.0295,16.6870,-0.5038,-125.3740
524.0000,0.4146,0.0859,-1.0310,19.7481,-0.8321,-124.5954
523.0000,0.4180,0.0874,-1.0540,24.5267,0.2977,-124.8397
508.0000,0.4187,0.0662,-1.0618,27.9924,-0.5344,-125.5191
513.0000,0.4075,0.0513,-1.0750,27.0076,-1.9466,-125.7557
516.0000,0.4177,0.0410,-1.0730,25.4962,-2.3206,-125.8168
523.0000,0.4153,0.0271,-1.0798,22.0458,-3.9542,-125.6107
519.0000,0.4067,0.0374,-1.0759,17.6412,-5.1069,-124.6031
513.0000,0.4163,0.0586,-1.0615,15.7863,-5.8855,-123.1298
525.0000,0.4109,0.0752,-1.0466,14.3817,-6.8931,-121.8092
510.0000,0.4143,0.1040,-1.0396,12.6565,-7.7023,-120.4657
515.0000,0.4182,0.1150,-1.0356,13.8244,-7.0840,-120.1450
526.0000,0.4138,0.1265,-1.0281,16.3893,-6.8550,-120.1069
513.0000,0.4131,0.1233,-1.0205,18.5649,-6.5802,-119.6336
524.0000,0.4106,0.1243,-1.0229,21.7481,-6.9237,-118.8015
503.0000,0.4099,0.1125,-1.0364,23.8092,-7.0153,-118.1527
525.0000,0.4058,0.1123,-1.0315,23.9466,-7.7481,-117.5573
519.0000,0.4004,0.1135,-1.0391,24.3664,-8.6336,-116.5191
518.0000,0.3992,0.1172,-1.0745,23.4198,-9.2366,-114.8244
520.0000,0.4128,0.1135,-1.1082,22.4275,-10.1298,-114.2137
509.0000,0.4021,0.1201,-1.1052,20.8092,-12.3740,-113.5573
524.0000,0.3896,0.1345,-1.0840,20.2519,-14.5802,-112.0916
531.0000,0.3967,0.1443,-1.0676,20.3969,-15.7557,-110.6489
520.0000,0.4006,0.1506,-1.0579,20.6183,-13.9924,-109.7405
521.0000,0.3855,0.1633,-1.0437,25.0076,-16.0229,-108.7328
519.0000,0.3679,0.1694,-1.0381,23.8397,-15.5038,-106.7023
522.0000,0.3752,0.1912,-1.0410,24.2519,-14.1069,-105.0076
527.0000,0.3865,0.1873,-1.0601,24.8626,-12.4733,-103.8321
527.0000,0.3916,0.1812,-1.0657,25.1985,-12.8473,-102.6107
526.0000,0.3828,0.1931,-1.0835,24.4122,-14.1069,-101.1298
516.0000,0.3699,0.2061,-1.0911,23.6641,-15.4885,-98.8626
518.0000,0.3599,0.2097,-1.0986,25.1298,-16.1756,-96.2977
522.0000,0.3560,0.2056,-1.0986,27.5573,-15.8015,-94.3283
521.0000,0.3638,0.2017,-1.1162,27.5649,-15.2977,-92.3740
522.0000,0.3538,0.2126,-1.1199,25.8397,-14.7176,-91.1985
524.0000,0.3438,0.2131,-1.1221,23.4198,-15.0534,-89.2137
512.0000,0.3381,0.2112,-1.1138,21.5802,-15.2137,-87.1221
516.0000,0.3389,0.2166,-1.0991,21.1908,-14.6336,-83.9237
516.0000,0.3323,0.2249,-1.0969,22.4580,-13.0916,-81.0687
528.0000,0.3389,0.2375,-1.0881,24.4427,-11.6641,-78.1145
501.0000,0.3376,0.2437,-1.0959,26.7405,-11.1069,-74.9466
522.0000,0.3455,0.2405,-1.0906,28.6031,-10.4275,-71.8092
519.0000,0.3479,0.2375,-1.1042,29.7786,-9.4580,-68.9160
515.0000,0.3264,0.2354,-1.1067,29.8473,-10.4351,-65.9924
522.0000,0.3284,0.2510,-1.1174,27.7481,-12.0153,-63.0153
523.0000,0.3284,0.2534,-1.1228,26.5191,-11.5115,-60.4809
520.0000,0.3308,0.2412,-1.1248,26.1756,-11.5802,-58.1985
524.0000,0.3176,0.2417,-1.1243,23.8473,-12.1985,-55.8931
528.0000,0.3171,0.2527,-1.1143,21.0382,-12.0305,-53.3740
529.0000,0.3259,0.2522,-1.0964,19.1832,-11.6412,-51.1985
515.0000,0.3125,0.2542,-1.0935,17.6336,-12.6412,-48.7023
519.0000,0.3154,0.2583,-1.0872,15.5496,-13.0611,-45.5191
525.0000,0.3174,0.2556,-1.0864,14.0534,-12.2443,-42.0000
507.0000,0.3052,0.2581,-1.0811,13.2595,-11.9313,-38.1985
520.0000,0.3127,0.2678,-1.0715,13.0916,-11.5649,-35.1145
512.0000,0.3159,0.2634,-1.0740,14.0534,-11.3359,-31.9847
521.0000,0.3162,0.2537,-1.0920,14.4580,-11.4427,-28.6412
523.0000,0.3157,0.2461,-1.1067,13.9160,-11.5649,-26.1069
517.0000,0.3022,0.2429,-1.1099,12.0076,-11.2137,-23.5954
515.0000,0.3054,0.2417,-1.1160,9.0000,-10.7405,-21.2214
514.0000,0.3101,0.2429,-1.1284,5.7863,-11.0916,-19.4046
524.0000,0.3198,0.2534,-1.1362,3.0153,-11.1374,-16.9542
514.0000,0.3220,0.2529,-1.1321,0.2443,-11.3511,-13.6641
523.0000,0.3213,0.2576,-1.1187,-2.7786,-11.2748,-10.1908
484.0000,0.3213,0.2678,-1.1235,-5.5573,-10.4580,-6.9542
520.0000,0.3254,0.2791,-1.1396,-9.1832,-10.2824,-3.3511
518.0000,0.3235,0.3079,-1.1365,-11.9618,-9.1069,1.4275
522.0000,0.3130,0.3267,-1.1316,-12.7176,-8.0076,6.2824
518.0000,0.3049,0.3459,-1.1213,-12.4504,-7.3588,10.7099
509.0000,0.3181,0.3608,-1.1143,-9.6870,-4.9313,15.1145
519.0000,0.3193,0.3596,-1.1355,-7.1221,-3.8779,19.0458
512.0000,0.3127,0.3508,-1.1414,-6.8626,-3.7099,23.5191
525.0000,0.3062,0.3406,-1.1687,-8.0229,-2.9008,28.0992
545.0000,0.3181,0.3442,-1.1638,-11.0458,-2.1450,31.8626
544.0000,0.3088,0.3625,-1.1604,-15.3588,-1.9618,35.4275
496.0000,0.2996,0.3782,-1.1785,-23.5802,-3.0763,39.2443
519.0000,0.2969,0.3911,-1.1543,-35.3130,-2.8321,43.1756
520.0000,0.3000,0.4336,-1.1348,-47.2061,-1.6107,46.2901
530.0000,0.2881,0.4521,-1.1414,-58.9237,0.6794,49.2977
524.0000,0.2813,0.4495,-1.1279,-70.3283,2.5649,51.4198
520.0000,0.2729,0.4094,-1.1267,-78.5802,3.0534,55.3130
534.0000,0.2725,0.3784,-1.1147,-80.5038,4.8702,60.5191
493.0000,0.2617,0.3369,-1.1079,-72.1145,4.0382,67.3283
540.0000,0.2468,0.3066,-1.0974,-60.0534,1.1985,75.5573
485.0000,0.2578,0.3105,-1.0728,-46.2901,2.8321,84.1985
516.0000,0.2561,0.3171,-1.0840,-30.3130,0.2901,92.7557
508.0000,0.2483,0.3362,-1.0891,-16.6412,-3.3664,101.4428
520.0000,0.2537,0.3762,-1.0920,-8.3282,-2.4504,110.5496
527.0000,0.2734,0.4099,-1.0933,-1.7939,2.6947,117.3970
521.0000,0.2727,0.4224,-1.0937,1.5191,5.6794,122.8168
509.0000,0.2695,0.4207,-1.1050,-0.1603,6.0305,125.8397
526.0000,0.2588,0.4036,-1.1187,-3.4275,6.4580,128.3817
492.0000,0.2478,0.3579,-1.1270,-7.9695,6.3664,131.2977
506.0000,0.2422,0.3354,-1.1318,-14.1679,5.8168,134.5343
519.0000,0.2390,0.2856,-1.1238,-20.9695,5.0382,137.1832
526.0000,0.2336,0.2661,-1.1309,-26.4733,2.9924,140.0229
504.0000,0.2314,0.2502,-1.1443,-31.9084,-0.1756,143.4809
504.0000,0.2366,0.2642,-1.1387,-37.2901,-3.3053,147.1145
524.0000,0.2258,0.2817,-1.1250,-43.3053,-5.8168,150.6412
445.0000,0.2205,0.2991,-1.1084,-45.9771,-7.8168,154.0229
504.0000,0.2161,0.3091,-1.0774,-44.7786,-8.1450,157.7939
540.0000,0.2083,0.2847,-1.0645,-37.3511,-9.5878,161.0000
513.0000,0.1958,0.2473,-1.0701,-30.0687,-8.5344,163.8092
523.0000,0.2053,0.2153,-1.0720,-23.4885,-5.7863,164.9771
483.0000,0.2112,0.1882,-1.0708,-19.9389,-3.9847,164.7939
524.0000,0.2085,0.1682,-1.1028,-20.3817,-3.8626,165.8626
488.0000,0.2090,0.1389,-1.1335,-26.0153,-4.3817,167.6336
536.0000,0.2085,0.1030,-1.1587,-33.6260,-3.8931,168.3282
514.0000,0.2161,0.0701,-1.1619,-39.9847,-4.0534,168.5954
551.0000,0.1953,0.0310,-1.1643,-43.0229,-7.9160,169.0992
509.0000,0.1941,0.0181,-1.1580,-47.6260,-7.3817,170.4122
517.0000,0.2007,-0.0012,-1.1414,-46.8702,-6.8473,171.2443
526.0000,0.1924,-0.0237,-1.1348,-42.8855,-8.6260,172.2137
525.0000,0.2034,-0.0227,-1.1340,-40.5954,-8.5191,173.4580
517.0000,0.2107,-0.0149,-1.1135,-36.6183,-8.7023,175.6260
525.0000,0.2178,0.0059,-1.1030,-33.0153,-7.8702,178.2366
500.0000,0.2192,0.0337,-1.0933,-27.7863,-5.7023,180.1679
551.0000,0.2078,0.0476,-1.0952,-22.9924,-5.4046,181.4122
376.0000,0.1899,0.0601,-1.0933,-19.8473,-5.6489,182.7710
549.0000,0.1841,0.0649,-1.1067,-18.6794,-4.8702,182.9160
512.0000,0.1777,0.0488,-1.1111,-19.1527,-1.9389,181.2748
531.0000,0.1746,0.0073,-1.1145,-21.3206,-0.0534,178.5191
546.0000,0.1719,-0.0229,-1.1277,-24.3435,2.1145,175.0458
527.0000,0.1672,-0.0469,-1.1306,-27.8550,3.1069,171.9313
478.0000,0.1660,-0.0813,-1.1614,-33.4351,2.6718,169.3359
528.0000,0.1582,-0.1104,-1.1890,-40.5496,2.5954,167.6031
546.0000,0.1606,-0.1311,-1.1926,-45.7786,3.6489,165.2595
539.0000,0.1592,-0.1733,-1.1885,-48.4351,2.9389,163.2672
480.0000,0.1670,-0.1858,-1.1821,-48.6565,0.8931,161.6717
467.0000,0.1702,-0.1914,-1.1812,-48.4427,1.0687,161.0458
535.0000,0.1841,-0.1851,-1.1611,-45.5649,0.3588,160.6870
508.0000,0.1912,-0.1553,-1.1316,-44.7863,-0.8626,160.8855
527.0000,0.1919,-0.1086,-1.0999,-40.5878,-1.0840,163.2748
521.0000,0.1995,-0.0562,-1.0842,-32.4427,2.6947,166.5954
530.0000,0.2114,-0.0349,-1.1038,-21.2748,5.4351,167.8015
528.0000,0.2292,-0.0068,-1.1162,-10.9389,7.9237,166.1679
536.0000,0.2212,-0.0181,-1.1230,-3.6412,10.4962,163.1679
487.0000,0.2102,-0.0430,-1.1448,-2.3740,13.3588,159.2061
539.0000,0.2039,-0.0986,-1.1501,-6.9313,16.3435,153.7863
551.0000,0.2058,-0.1438,-1.1638,-14.9160,17.1374,147.7252
543.0000,0.2073,-0.1726,-1.1877,-22.6489,15.6794,143.5496
434.0000,0.2095,-0.1921,-1.1975,-29.3282,13.7405,140.5802
509.0000,0.2146,-0.1968,-1.1907,-34.8931,11.9924,139.3206
507.0000,0.2217,-0.2029,-1.1619,-36.9847,10.8931,138.8321
496.0000,0.2332,-0.1985,-1.1243,-34.4046,11.7023,139.0840
523.0000,0.2446,-0.2109,-1.1079,-29.1221,13.6641,138.7939
521.0000,0.2532,-0.2249,-1.1113,-25.0305,12.8168,137.7099
495.0000,0.2690,-0.2273,-1.1331,-22.4504,11.8168,137.3359
496.0000,0.2861,-0.2161,-1.1487,-19.2672,11.2901,137.1221
436.0000,0.2905,-0.1958,-1.1370,-15.7252,9.2824,136.1527
529.0000,0.2917,-0.1633,-1.1230,-13.9160,6.5954,134.9466
541.0000,0.3018,-0.1091,-1.1006,-13.2214,8.6641,134.1527
471.0000,0.2754,-0.1160,-1.1172,-7.8168,2.3893,133.5114
513.0000,0.2888,-0.1174,-1.1213,-8.7252,7.0687,131.3969
571.0000,0.2622,-0.1604,-1.0847,-2.8321,6.6336,127.5954
445.0000,0.2695,-0.1860,-1.0962,-7.2290,6.7557,123.4351
506.0000,0.2856,-0.2056,-1.0979,-13.6107,6.1908,120.3893
513.0000,0.2874,-0.2271,-1.0974,-16.9237,6.6336,119.7328
525.0000,0.2856,-0.2266,-1.0740,-16.0992,6.3511,119.6260
522.0000,0.2981,-0.2207,-1.0508,-11.1908,8.0534,119.5954
501.0000,0.3091,-0.2217,-1.0579,-6.5420,7.6107,118.7939
575.0000,0.3162,-0.2249,-1.0957,-5.0916,7.8397,116.9618
516.0000,0.3076,-0.2280,-1.1057,-7.0611,6.7634,113.4504
521.0000,0.2976,-0.2295,-1.1111,-12.1985,5.6107,109.3588
465.0000,0.2878,-0.2412,-1.1147,-12.4580,1.0534,107.0840
508.0000,0.2722,-0.2498,-1.1187,-19.8397,2.9847,104.4275
520.0000,0.2922,-0.2588,-1.0830,-21.9084,6.0305,101.5878
525.0000,0.2947,-0.2878,-1.0596,-16.8397,4.1679,98.7786
527.0000,0.2778,-0.2983,-1.0554,-10.4427,1.4656,95.6794
533.0000,0.2859,-0.3062,-1.0542,-3.2137,2.4733,92.1221
526.0000,0.2869,-0.3147,-1.0635,0.6260,1.6947,87.3206
518.0000,0.2883,-0.3120,-1.0923,-0.8168,1.0840,81.8015
523.0000,0.2947,-0.3101,-1.1077,-4.6947,1.6107,76.4886
533.0000,0.2939,-0.3069,-1.0779,-7.3588,2.7939,70.6947
509.0000,0.2798,-0.3215,-1.0508,-6.3130,2.7481,63.8473
525.0000,0.2783,-0.3501,-1.0566,-3.9160,1.7023,57.1145
525.0000,0.2788,-0.3816,-1.0588,-2.1832,0.4198,50.7939
512.0000,0.2966,-0.3882,-1.0640,-1.6489,0.6260,43.9237
524.0000,0.2949,-0.3721,-1.0488,-1.5725,-0.1221,37.1145
516.0000,0.2905,-0.3545,-1.0530,-2.1832,-0.7634,30.4885
522.0000,0.2981,-0.3467,-1.0474,-1.7405,-0.9160,22.9313
511.0000,0.2913,-0.3484,-1.0574,-0.8244,-1.0534,14.5115
519.0000,0.2905,-0.3667,-1.0637,-1.2366,-2.4046,5.0382
516.0000,0.2825,-0.3716,-1.0718,-2.0840,-3.9084,-4.1985
532.0000,0.2852,-0.3918,-1.0833,-2.1450,-5.5725,-13.1679
507.0000,0.2893,-0.4170,-1.0864,-1.4809,-7.1145,-21.7634
526.0000,0.2920,-0.4353,-1.0815,0.2290,-8.1832,-30.0611
524.0000,0.2903,-0.4265,-1.0554,4.0000,-8.8855,-37.3511
518.0000,0.2766,-0.4250,-1.0366,9.0840,-8.1450,-43.7557
518.0000,0.2598,-0.4170,-1.0239,14.6260,-6.7481,-49.9618
516.0000,0.2454,-0.4297,-1.0190,19.8015,-4.5573,-56.9695
526.0000,0.2473,-0.4290,-1.0090,24.1756,-2.8626,-63.9313
522.0000,0.2581,-0.4250,-1.0203,28.5191,-0.3435,-70.1603
513.0000,0.2788,-0.4048,-1.0161,33.5115,1.1069,-76.3283
517.0000,0.2771,-0.3943,-1.0325,37.9542,2.0916,-82.5038
524.0000,0.2715,-0.3738,-1.0735,40.5191,1.7863,-88.4198
527.0000,0.2588,-0.3618,-1.1021,39.5496,0.3282,-94.6641
530.0000,0.2468,-0.3591,-1.1016,36.3893,-1.5115,-100.0992
516.0000,0.2402,-0.3623,-1.1001,32.3359,-2.2443,-105.4733
531.0000,0.2451,-0.3635,-1.0867,29.3130,-3.4656,-110.4809
511.0000,0.2502,-0.3745,-1.1008,27.4122,-3.5420,-114.6718
520.0000,0.2380,-0.3953,-1.1055,29.0687,-4.9084,-117.9160
521.0000,0.2537,-0.3835,-1.0935,27.6260,-0.3969,-121.1603
516.0000,0.2542,-0.3672,-1.0903,32.6183,-2.5344,-124.2519
518.0000,0.2649,-0.3350,-1.0835,34.7939,-1.5344,-127.9618
531.0000,0.2710,-0.3108,-1.0867,40.0153,-1.7099,-131.2595
523.0000,0.2769,-0.3152,-1.0867,41.9160,-1.8931,-135.2443
523.0000,0.2866,-0.3113,-1.0845,42.4809,-1.0534,-139.4656
506.0000,0.2859,-0.3071,-1.0864,41.1145,0.6718,-143.3282
519.0000,0.2817,-0.3091,-1.0896,37.3588,1.8015,-145.5572
519.0000,0.2778,-0.3018,-1.0874,35.7176,2.3588,-146.7786
514.0000,0.2664,-0.3220,-1.1135,34.1679,2.2137,-147.9695
525.0000,0.2866,-0.3096,-1.1143,29.4122,4.2061,-149.6260
522.0000,0.2876,-0.3074,-1.1047,32.0687,0.5115,-151.5038
527.0000,0.3030,-0.3083,-1.0901,32.4656,-0.7634,-153.0305
498.0000,0.3127,-0.2896,-1.0811,37.2977,-1.8244,-154.2519
518.0000,0.3005,-0.2920,-1.1118,42.5954,-4.7405,-155.2748
525.0000,0.3093,-0.2505,-1.1155,44.4962,-9.1679,-155.8092
523.0000,0.2798,-0.2092,-1.1252,40.7099,-21.4962,-156.6565
525.0000,0.3372,-0.1760,-1.0818,40.8931,-13.8473,-155.8626
521.0000,0.3213,-0.1680,-1.0667,34.7786,-13.7634,-157.5572
507.0000,0.3335,-0.1716,-1.0964,27.4046,-12.6107,-160.4656
524.0000,0.3044,-0.1824,-1.1082,11.5115,-19.6489,-164.6031
524.0000,0.3901,-0.1887,-1.0657,21.9084,-11.4656,-164.3359
519.0000,0.4170,-0.2441,-1.0825,20.3130,4.4656,-163.9389
506.0000,0.3169,-0.2205,-1.0942,6.7710,-17.9008,-167.9160
524.0000,0.3950,-0.2117,-1.0728,9.8855,-12.8473,-166.6336
522.0000,0.4272,-0.1748,-1.0657,11.5954,-5.9847,-165.8397
519.0000,0.4126,-0.1165,-1.0769,8.7328,-8.9160,-165.6717
520.0000,0.3938,-0.1094,-1.1072,10.6260,-14.9084,-164.8321
520.0000,0.4160,-0.1021,-1.1404,10.5496,-14.8168,-163.6870
526.0000,0.4224,-0.0835,-1.1436,9.2519,-15.4885,-162.2672
519.0000,0.4116,-0.0684,-1.1108,5.3130,-17.8168,-161.9237
525.0000,0.3960,-0.0601,-1.0762,3.2672,-18.0153,-161.1527
514.0000,0.3789,-0.0522,-1.0449,4.3664,-16.9237,-159.1985
523.0000,0.3713,-0.0493,-1.0359,7.8092,-14.5267,-157.4046
518.0000,0.3787,-0.0457,-1.0361,10.2595,-10.7939,-156.5191
505.0000,0.3796,-0.0498,-1.0664,10.7023,-8.0000,-156.1145
530.0000,0.3909,-0.0374,-1.0901,10.1985,-6.6183,-155.3740
517.0000,0.3774,-0.0325,-1.0947,10.2672,-6.2366,-153.7328
503.0000,0.3792,-0.0313,-1.0898,12.4427,-5.4275,-151.7863
516.0000,0.3796,-0.0278,-1.0891,17.0534,-3.6565,-149.8473
529.0000,0.3804,-0.0059,-1.0786,21.7176,-3.2137,-147.2748
521.0000,0.3779,0.0117,-1.0879,23.4122,-4.6794,-144.9847
519.0000,0.3774,0.0513,-1.1125,21.7328,-6.7405,-142.8779
523.0000,0.3713,0.0867,-1.1184,16.8092,-7.7252,-139.9160
523.0000,0.3770,0.1179,-1.1069,15.4351,-5.9618,-137.7557
515.0000,0.3730,0.1235,-1.1099,16.7710,-7.2443,-136.8855
525.0000,0.3796,0.1267,-1.0940,14.7023,-6.0229,-135.6336
524.0000,0.3757,0.1208,-1.0791,15.1603,-3.2672,-134.0076
520.0000,0.3767,0.1167,-1.0725,17.6183,-1.4198,-132.2061
520.0000,0.3757,0.0996,-1.0769,21.0458,0.4885,-129.9237
519.0000,0.3677,0.0847,-1.0652,22.6947,0.7252,-127.8092
517.0000,0.3691,0.0984,-1.0625,22.8931,1.5954,-124.9924
520.0000,0.3696,0.1157,-1.0708,23.1985,2.7405,-121.7786
520.0000,0.3638,0.1316,-1.0718,22.7328,3.9313,-118.8244
523.0000,0.3562,0.1426,-1.0813,21.9237,4.6107,-116.5954
533.0000,0.3662,0.1406,-1.0784,22.8626,5.6107,-114.9695
512.0000,0.3606,0.1270,-1.0635,25.1756,6.5115,-113.4198
522.0000,0.3687,0.1128,-1.0906,25.4046,7.7328,-112.3435
518.0000,0.3801,0.1011,-1.0986,23.9389,8.1374,-111.5573
523.0000,0.3787,0.0889,-1.1040,21.1145,5.7023,-110.1679
520.0000,0.3738,0.0955,-1.0969,18.4351,3.8779,-107.8397
526.0000,0.3667,0.1001,-1.0837,19.8092,4.5191,-105.1679
536.0000,0.3660,0.0994,-1.0847,22.8168,5.5115,-103.9237
513.0000,0.3662,0.0879,-1.0679,25.3817,5.1832,-103.2672
517.0000,0.3745,0.0854,-1.0530,24.8015,4.5954,-102.2061
521.0000,0.3811,0.0891,-1.0793,22.2748,4.2748,-100.6489
521.0000,0.3872,0.0894,-1.0957,20.0840,4.3359,-98.7481
522.0000,0.3835,0.1033,-1.1182,18.0763,4.7405,-97.0687
513.0000,0.3770,0.1052,-1.1140,17.8626,2.6947,-96.1527
517.0000,0.3804,0.1125,-1.1216,16.5267,1.3282,-95.3664
522.0000,0.3860,0.1248,-1.1169,13.7023,0.9313,-94.8321
508.0000,0.3831,0.1301,-1.1047,9.2901,-1.5496,-92.9771
523.0000,0.3716,0.1562,-1.0913,6.5496,-0.3130,-91.3206
515.0000,0.3752,0.1689,-1.0823,5.2443,0.3130,-89.9313
519.0000,0.3704,0.1816,-1.1011,3.6260,-0.0458,-89.0153
521.0000,0.3779,0.1807,-1.1030,1.5267,0.4275,-87.8092
518.0000,0.3831,0.1750,-1.1138,0.7939,0.7634,-86.1679
515.0000,0.3774,0.1760,-1.1140,2.1450,0.3664,-83.5191
520.0000,0.3733,0.1814,-1.0972,5.4122,-0.3664,-80.6641
513.0000,0.3718,0.1682,-1.0723,10.7710,-0.5725,-77.6107
527.0000,0.3840,0.1799,-1.0593,14.7710,-0.3817,-73.9695
523.0000,0.3809,0.1772,-1.0688,17.5573,0.6565,-70.8855
517.0000,0.3835,0.1816,-1.0913,18.7710,1.3740,-68.4809
525.0000,0.3757,0.1865,-1.0908,18.2061,0.5878,-66.0687
520.0000,0.3750,0.1870,-1.1084,17.2748,-0.2137,-63.3511
524.0000,0.3687,0.1958,-1.1101,14.0687,-0.2748,-61.0763
519.0000,0.3752,0.2083,-1.1006,12.0840,-0.9313,-58.7786
526.0000,0.3699,0.2161,-1.1042,9.8855,-0.8855,-56.2595
513.0000,0.3611,0.2239,-1.0974,10.4427,-0.2290,-53.8473
523.0000,0.3589,0.2119,-1.0872,11.4504,-1.0382,-51.6031
519.0000,0.3596,0.2139,-1.0813,13.0229,-2.0000,-49.1527
525.0000,0.3560,0.2239,-1.0627,13.9542,-1.8626,-45.7252
524.0000,0.3579,0.2280,-1.0618,13.4351,-1.2595,-42.4656
524.0000,0.3530,0.2329,-1.0657,12.7557,-0.7786,-40.0229
520.0000,0.3579,0.2256,-1.0652,12.9771,-0.5725,-37.3206
515.0000,0.3591,0.2170,-1.0720,12.0840,0.8779,-34.8321
526.0000,0.3525,0.2009,-1.0740,12.1069,0.6870,-32.3969
516.0000,0.3491,0.1997,-1.0747,12.1298,-0.2748,-29.5649