raw_emg,raw_ax,raw_ay,raw_az,raw_gx,raw_gy,raw_gz
165.0000,0.3359,0.1235,-1.0835,-2.0000,-0.4427,2.9160
161.0000,0.3318,0.1270,-1.0845,-3.5344,0.4656,3.1603
164.0000,0.3254,0.1204,-1.0842,-2.5038,-1.0305,3.7252
231.0000,0.3315,0.1052,-1.1021,-4.1374,0.5038,4.0840
188.0000,0.3401,0.0984,-1.0925,-3.2748,2.0840,4.1908
179.0000,0.3345,0.0940,-1.1069,-1.9618,1.4885,4.4580
241.0000,0.3254,0.0879,-1.1079,-1.0611,-0.1145,5.1374
202.0000,0.3313,0.0977,-1.0996,-0.6107,-0.8168,5.6718
186.0000,0.3447,0.0933,-1.1069,-0.2595,-0.9313,6.1221
207.0000,0.3391,0.1072,-1.1121,-0.8321,0.0840,5.9466
215.0000,0.3352,0.1025,-1.0996,-1.0458,0.5573,5.5115
194.0000,0.3306,0.1084,-1.1162,-1.1450,0.1527,5.2137
223.0000,0.3364,0.1013,-1.1096,-2.0840,-0.9237,4.8550
218.0000,0.3357,0.1047,-1.1177,-2.8931,-1.2901,4.5267
184.0000,0.3433,0.0874,-1.1152,-3.2672,-0.4962,4.0305
224.0000,0.3442,0.0735,-1.1018,-3.2519,0.4656,3.7099
236.0000,0.3389,0.0708,-1.0937,-3.2595,0.5649,4.1450
180.0000,0.3445,0.0603,-1.0962,-1.9389,0.6565,4.4809
242.0000,0.3472,0.0537,-1.0986,-0.8168,0.3435,4.9160
227.0000,0.3596,0.0610,-1.1074,-0.7023,0.1908,5.2824
202.0000,0.3452,0.0750,-1.1089,-1.3359,-0.1450,5.7863
236.0000,0.3462,0.0967,-1.1077,-3.0916,-0.1374,6.4504
252.0000,0.3518,0.1123,-1.1038,-4.6489,-0.3206,7.2214
206.0000,0.3530,0.1313,-1.1111,-6.3053,-0.3817,7.5496
218.0000,0.3491,0.1443,-1.1143,-6.5115,-0.3740,8.3969
262.0000,0.3481,0.1523,-1.1223,-5.6336,0.1756,9.6641
285.0000,0.3389,0.1589,-1.1138,-4.8855,0.9847,11.1374
243.0000,0.3362,0.1672,-1.1240,-3.8397,1.7176,12.8168
276.0000,0.3350,0.1860,-1.1240,-2.1450,1.8550,15.6107
253.0000,0.3342,0.2061,-1.1138,-0.5267,2.4427,18.1298
267.0000,0.3269,0.2144,-1.1228,1.4275,3.0763,20.8855
272.0000,0.3269,0.2229,-1.1372,1.4885,3.3359,23.8855
260.0000,0.3289,0.2402,-1.1484,0.7099,3.2901,26.8244
255.0000,0.3181,0.2461,-1.1370,-0.8244,3.5344,30.1145
288.0000,0.3096,0.2581,-1.1475,-2.6031,3.4351,32.9847
259.0000,0.3125,0.2793,-1.1550,-5.7252,2.6336,35.5802
271.0000,0.3018,0.2876,-1.1545,-9.0382,2.2595,37.8397
309.0000,0.2930,0.2830,-1.1580,-12.3130,2.5344,40.0534
272.0000,0.2861,0.2764,-1.1445,-15.0763,2.8397,42.2214
243.0000,0.2957,0.2571,-1.1409,-17.5954,2.6565,44.1985
303.0000,0.2893,0.2280,-1.1304,-20.2214,2.4962,46.8702
282.0000,0.2791,0.2183,-1.1279,-21.5496,2.9237,50.1145
267.0000,0.2744,0.1958,-1.1226,-21.6489,3.8626,53.7634
298.0000,0.2876,0.1943,-1.1313,-21.8168,5.0840,57.3664
276.0000,0.2922,0.2000,-1.1162,-21.5725,5.2901,60.7710
289.0000,0.2908,0.2112,-1.1296,-22.9313,4.2290,64.6794
329.0000,0.2900,0.2180,-1.1423,-23.8550,4.0611,68.2366
289.0000,0.2871,0.2034,-1.1384,-23.6565,4.3053,70.5115
264.0000,0.2878,0.1897,-1.1284,-23.0992,2.9084,72.5954
317.0000,0.2773,0.1843,-1.1199,-26.9847,3.7176,75.0534
298.0000,0.2915,0.1624,-1.1289,-31.2443,4.3130,76.2443
275.0000,0.2827,0.1555,-1.1162,-37.1832,4.2137,77.1603
293.0000,0.2800,0.1555,-1.0986,-43.9389,2.3053,76.0840
279.0000,0.2969,0.1592,-1.0989,-52.2519,3.6641,74.5573
267.0000,0.3130,0.1531,-1.1309,-61.6183,4.1985,75.0687
296.0000,0.2993,0.2021,-1.1438,-73.2443,0.6107,77.2519
298.0000,0.2871,0.3044,-1.0811,-87.6031,-5.9695,82.0840
281.0000,0.2603,0.3481,-1.0676,-96.5420,-13.7710,88.0382
331.0000,0.2339,0.3271,-1.0469,-93.1527,-15.9542,90.5496
309.0000,0.2354,0.2817,-1.0002,-74.1145,-11.8626,88.7176
313.0000,0.2117,0.2229,-0.9717,-55.4351,-9.0305,87.8473
299.0000,0.2214,0.1694,-0.9756,-46.5649,-8.0076,89.3970
305.0000,0.2412,0.1011,-1.0356,-43.0534,-8.3130,91.6183
274.0000,0.2600,0.0652,-1.0977,-45.2672,-5.8626,94.0611
308.0000,0.2771,0.0481,-1.1143,-46.1603,-2.0611,97.8015
318.0000,0.2922,0.0417,-1.1416,-43.1221,-0.3817,102.0076
316.0000,0.2922,0.0337,-1.1555,-40.7786,-3.3511,104.8931
292.0000,0.2905,0.0718,-1.1509,-39.5191,-8.2443,108.0382
304.0000,0.3142,0.1589,-1.0957,-39.3740,-11.9466,111.7939
290.0000,0.3086,0.2271,-1.0520,-41.7328,-17.2901,118.4046
327.0000,0.3135,0.2869,-0.9961,-43.2214,-15.9160,120.6565
301.0000,0.2893,0.3464,-0.9631,-37.2748,-14.5267,122.3664
311.0000,0.2766,0.3582,-0.9644,-28.2977,-14.3740,125.0153
317.0000,0.2783,0.3164,-1.0032,-19.0992,-10.9313,124.7786
310.0000,0.2690,0.2119,-1.0161,-15.4198,-5.5878,122.2366
333.0000,0.2603,0.1428,-1.0391,-17.6489,-1.2443,120.7328
319.0000,0.2563,0.0557,-1.0850,-21.0687,-2.0687,119.9008
316.0000,0.2747,-0.0137,-1.1431,-26.6336,-4.1374,119.2901
288.0000,0.3030,-0.0618,-1.2021,-34.3435,-4.0229,120.9313
324.0000,0.3240,-0.0869,-1.2036,-37.7099,-2.4351,122.6412
316.0000,0.3152,-0.0938,-1.1736,-38.5954,-2.4275,125.4580
300.0000,0.3240,-0.0869,-1.1587,-36.1756,-1.7099,127.4733
334.0000,0.3330,-0.0654,-1.1440,-30.7634,-4.6947,129.0076
295.0000,0.3523,-0.0325,-1.1223,-24.1603,-5.4656,129.6031
345.0000,0.3689,0.0222,-1.0957,-17.8473,-5.1908,130.9847
370.0000,0.3650,0.1218,-1.0630,-14.6031,-8.8626,134.0992
335.0000,0.3430,0.2166,-1.0212,-12.1221,-14.5496,138.9237
308.0000,0.3462,0.3240,-1.0291,-6.0992,-13.0763,142.5649
367.0000,0.3269,0.3303,-1.0442,0.8168,-12.0611,141.6107
327.0000,0.3418,0.2764,-1.0461,6.2366,-3.5878,136.1374
307.0000,0.3062,0.1553,-1.0713,0.0992,-0.4809,130.0916
360.0000,0.3113,0.0676,-1.0876,-11.5878,5.0840,125.7939
340.0000,0.2959,-0.0344,-1.1221,-21.5267,3.2595,124.7176
315.0000,0.3179,-0.0896,-1.1536,-31.2366,3.3435,125.9771
312.0000,0.3477,-0.1184,-1.1741,-35.5878,5.1832,129.8015
337.0000,0.3540,-0.1299,-1.2031,-39.9160,4.8855,133.1450
270.0000,0.3723,-0.1072,-1.2078,-41.2901,7.4656,135.0687
382.0000,0.3628,-0.0837,-1.2058,-37.5191,4.4580,137.1679
342.0000,0.3655,-0.0400,-1.1926,-31.3893,0.7481,137.8321
314.0000,0.3762,0.0229,-1.1631,-24.3817,-2.3588,139.3664
357.0000,0.3694,0.0835,-1.1470,-24.4733,-8.2901,142.8855
291.0000,0.3718,0.1382,-1.0935,-24.4809,-11.8626,146.0763
330.0000,0.3647,0.1721,-1.0569,-17.8779,-7.8626,146.8550
342.0000,0.3196,0.1670,-1.0669,-7.4122,-7.8702,146.2290
346.0000,0.3208,0.1580,-1.0596,-1.9313,-5.2137,143.7023
330.0000,0.3203,0.1230,-1.0591,-2.3359,-0.9160,139.7099
365.0000,0.2942,0.0535,-1.0974,-7.1679,1.0305,135.2595
367.0000,0.2827,-0.0061,-1.1299,-16.3206,1.2137,131.5191
333.0000,0.2815,-0.0930,-1.1633,-30.0763,2.0153,128.8931
320.0000,0.2913,-0.1475,-1.1702,-43.1832,3.5496,127.0076
305.0000,0.3086,-0.1843,-1.1890,-50.6489,4.1069,126.3283
285.0000,0.3174,-0.2227,-1.1812,-49.2824,2.3359,126.1450
253.0000,0.2817,-0.2341,-1.1772,-40.4504,-3.7481,127.8702
363.0000,0.3333,-0.2009,-1.1484,-30.6031,0.0458,130.2214
280.0000,0.3430,-0.1836,-1.1399,-16.4809,-2.2901,132.4122
396.0000,0.3633,-0.1423,-1.1226,-9.6412,-0.3130,133.6717
354.0000,0.3757,-0.1189,-1.0845,-2.2290,1.0916,134.1985
315.0000,0.3704,-0.0720,-1.0671,0.2214,1.3817,135.4580
366.0000,0.3804,-0.0369,-1.0723,-0.1832,2.1527,136.9618
402.0000,0.3816,-0.0344,-1.0881,1.0611,2.9618,136.9008
381.0000,0.3662,-0.0334,-1.0820,3.6718,5.4504,134.3359
409.0000,0.3369,-0.0649,-1.0769,3.5802,6.8397,130.5420
371.0000,0.3076,-0.1125,-1.1008,-0.8244,6.0458,128.4504
392.0000,0.2954,-0.1250,-1.1064,-4.9618,3.1145,127.1679
434.0000,0.3013,-0.1411,-1.1145,-12.7481,0.1374,126.4428
360.0000,0.2996,-0.1418,-1.1052,-17.9237,-1.1985,126.1603
404.0000,0.2913,-0.1458,-1.0981,-21.2672,-3.3053,125.7481
372.0000,0.2932,-0.1257,-1.0684,-22.5038,-7.0534,125.2748
372.0000,0.3059,-0.1150,-1.0513,-23.0840,-5.1298,124.8931
291.0000,0.2969,-0.1392,-1.0283,-17.4733,-6.0763,124.2214
364.0000,0.3252,-0.1455,-1.0100,-10.5420,-3.3664,123.1145
360.0000,0.3232,-0.1536,-1.0212,1.7939,-4.3435,123.8168
400.0000,0.3184,-0.1348,-1.0352,6.8168,-5.0763,124.8855
398.0000,0.3328,-0.0962,-1.0378,8.7252,1.3282,126.2061
434.0000,0.2991,-0.0903,-1.0369,14.0076,2.0305,125.1603
370.0000,0.2808,-0.1177,-1.0481,16.3359,0.6489,122.3053
322.0000,0.3022,-0.1223,-1.0596,11.5802,4.8855,120.5344
365.0000,0.2876,-0.1636,-1.0664,12.6183,-0.4275,119.3664
335.0000,0.2771,-0.1716,-1.0642,5.8015,-4.8626,117.1298
401.0000,0.3174,-0.1357,-1.0500,1.0305,-0.6718,116.1145
414.0000,0.2764,-0.1267,-1.0586,0.3435,-3.8244,115.5420
340.0000,0.2808,-0.1284,-1.0510,-4.2061,-5.4962,113.7252
399.0000,0.2861,-0.1399,-1.0454,-5.1679,-3.3740,111.2061
418.0000,0.2605,-0.1653,-1.0610,-5.5954,-6.6794,108.4809
207.0000,0.2808,-0.1865,-1.0562,-8.8779,-3.4656,106.0458
334.0000,0.2788,-0.2102,-1.0574,-8.6107,-2.5573,105.3740
344.0000,0.2795,-0.2114,-1.0679,-7.2519,-2.9771,104.4657
377.0000,0.2881,-0.2065,-1.0674,-3.6183,-1.0840,102.5725
389.0000,0.2917,-0.2075,-1.0667,1.0687,-0.5725,102.6794
418.0000,0.2842,-0.2288,-1.0793,4.4885,0.9313,101.1756
385.0000,0.2893,-0.2532,-1.0747,5.6794,3.0916,99.4962
384.0000,0.2954,-0.2805,-1.1021,3.7405,2.4733,96.6260
428.0000,0.2844,-0.2996,-1.1375,-0.8550,0.8092,92.6031
364.0000,0.2878,-0.2905,-1.1414,-6.9160,1.7634,87.0229
379.0000,0.2844,-0.2937,-1.1335,-8.3435,-4.6794,81.3206
431.0000,0.2959,-0.2720,-1.1335,-10.6718,-4.3664,73.5954
405.0000,0.3044,-0.2729,-1.1130,-9.9847,-3.0458,65.6336
384.0000,0.3030,-0.2927,-1.1165,-9.4733,-3.8397,56.6718
434.0000,0.3062,-0.3064,-1.0923,-8.6794,-4.1450,48.2748
392.0000,0.3167,-0.3196,-1.0908,-4.4427,-2.8855,39.8779
377.0000,0.3137,-0.3447,-1.1104,-1.3740,-3.0763,32.5573
365.0000,0.3064,-0.3477,-1.1152,-0.5954,-2.6565,25.1298
395.0000,0.2974,-0.3467,-1.1028,-1.2137,-2.6794,16.2595
396.0000,0.2996,-0.3748,-1.1157,-2.4046,-3.2061,5.2290
390.0000,0.3052,-0.3931,-1.1174,-4.0687,-3.5496,-6.6947
386.0000,0.3088,-0.4285,-1.1208,-6.1679,-3.8168,-18.5267
379.0000,0.3030,-0.4219,-1.1157,-7.9466,-4.0687,-29.4809
394.0000,0.3030,-0.4119,-1.1233,-8.2748,-4.1069,-38.9771
399.0000,0.3123,-0.3965,-1.1274,-7.1145,-4.4504,-48.2901
372.0000,0.3091,-0.3940,-1.1140,-7.4275,-3.8244,-57.4351
396.0000,0.3040,-0.3713,-1.1018,-6.3969,-2.5954,-66.2061
415.0000,0.2695,-0.3687,-1.0930,-4.9237,-5.1985,-73.6412
375.0000,0.2788,-0.3787,-1.1169,-7.9084,-5.9924,-80.1832
432.0000,0.2769,-0.3835,-1.1284,-9.6489,-6.1985,-86.8779
382.0000,0.2637,-0.3877,-1.1138,-10.7023,-7.8855,-94.0229
369.0000,0.2566,-0.3845,-1.0967,-9.3359,-7.0687,-101.6031
411.0000,0.2295,-0.4050,-1.0725,-2.9924,-8.1603,-108.4198
401.0000,0.2173,-0.4468,-1.0647,4.4122,-6.6336,-114.7099
379.0000,0.2183,-0.4783,-1.0730,13.7023,-5.7710,-119.9160
406.0000,0.2056,-0.4844,-1.0571,21.3053,-4.4275,-124.0153
393.0000,0.2048,-0.4631,-1.0776,27.6260,-2.0916,-126.8550
368.0000,0.2012,-0.4241,-1.0986,31.1298,0.2290,-130.5496
401.0000,0.1990,-0.3982,-1.1003,31.8473,0.9771,-135.7099
400.0000,0.1978,-0.3704,-1.0991,29.3282,1.7863,-141.1679
339.0000,0.1736,-0.3491,-1.0872,26.0763,4.0076,-146.2137
440.0000,0.1433,-0.3374,-1.0793,22.4275,5.6794,-150.9008
393.0000,0.1375,-0.3384,-1.0830,19.5802,6.1985,-155.8321
373.0000,0.1372,-0.3298,-1.1169,18.0458,4.8931,-159.8550
406.0000,0.1487,-0.3096,-1.1428,18.6260,3.6412,-163.5038
402.0000,0.1572,-0.2886,-1.1438,19.4351,3.0534,-166.3206
363.0000,0.1838,-0.2717,-1.1255,22.3893,3.5420,-168.5802
414.0000,0.1912,-0.2642,-1.0994,27.9542,6.7710,-169.4046
404.0000,0.1794,-0.2761,-1.0715,35.9466,4.1221,-169.6336
380.0000,0.2361,-0.2744,-1.0315,41.8321,15.4198,-170.2443
411.0000,0.2505,-0.2795,-1.0408,52.7099,18.3053,-169.8092
413.0000,0.2593,-0.2720,-1.0623,58.4580,17.9313,-169.4198
373.0000,0.2686,-0.2107,-1.0586,60.1298,17.9389,-169.5267
417.0000,0.2539,-0.1899,-1.0813,55.4809,15.1145,-170.1374
415.0000,0.2451,-0.1724,-1.1184,41.8550,11.4580,-171.1603
383.0000,0.2773,-0.1501,-1.1199,26.1832,17.3282,-173.3282
409.0000,0.2852,-0.1533,-1.1448,16.8702,13.0458,-175.6031
413.0000,0.2896,-0.1704,-1.1528,9.2901,7.4122,-177.8779
382.0000,0.2864,-0.2114,-1.1365,9.7328,-0.9466,-178.6794
418.0000,0.3159,-0.2300,-1.1133,14.3588,-1.0382,-178.7328
417.0000,0.3018,-0.2581,-1.1057,25.3664,-8.9771,-178.6717
392.0000,0.3262,-0.2595,-1.0657,29.0153,-10.9008,-178.3664
409.0000,0.3235,-0.2327,-1.0527,34.3053,-12.3817,-176.3969
415.0000,0.3079,-0.2034,-1.0662,39.2519,-12.4885,-173.1450
380.0000,0.3240,-0.1799,-1.0627,43.3588,-12.1450,-171.7252
430.0000,0.3398,-0.1416,-1.0713,47.7863,-12.0458,-171.8855
417.0000,0.3550,-0.1201,-1.0769,48.6183,-10.6794,-172.4351
391.0000,0.3530,-0.1016,-1.0937,47.8092,-11.6260,-172.1298
420.0000,0.3418,-0.0933,-1.1282,45.9389,-15.5496,-171.9847
402.0000,0.3684,-0.0867,-1.1333,43.1374,-13.2519,-172.9389
394.0000,0.3674,-0.0964,-1.1538,42.5191,-18.5878,-173.9924
423.0000,0.3784,-0.0862,-1.1655,36.3282,-20.5649,-173.8168
416.0000,0.3823,-0.0757,-1.1533,32.6870,-21.6489,-174.1908
401.0000,0.3870,-0.0906,-1.1404,28.3435,-25.7099,-175.0458
425.0000,0.3811,-0.0696,-1.0937,24.6794,-25.7786,-174.4122
417.0000,0.3604,-0.0500,-1.0667,24.0153,-24.6489,-172.2137
399.0000,0.3779,-0.0334,-1.0391,24.6565,-21.6565,-170.4962
419.0000,0.3936,0.0054,-1.0552,25.3053,-16.5267,-168.8931
414.0000,0.4106,0.0400,-1.0835,26.7176,-11.9695,-167.0687
402.0000,0.4087,0.0671,-1.1135,26.7481,-9.6794,-165.6412
425.0000,0.4092,0.0667,-1.1194,27.0000,-6.5115,-164.8550
416.0000,0.4058,0.0518,-1.1208,29.4504,-3.6947,-165.6107
396.0000,0.3948,0.0393,-1.1289,29.6107,-3.0229,-166.0992
430.0000,0.3821,0.0332,-1.1335,28.1832,-2.7023,-164.6488
422.0000,0.3760,0.0608,-1.1492,27.5191,-3.9389,-161.0382
398.0000,0.3767,0.0806,-1.1741,25.8397,-6.6489,-157.5802
432.0000,0.3667,0.0906,-1.1765,24.9389,-10.2824,-155.0000
429.0000,0.3538,0.0986,-1.1721,25.7252,-13.5649,-152.0382
403.0000,0.3420,0.1006,-1.1272,27.9847,-16.8015,-148.9084
422.0000,0.3303,0.0879,-1.0801,31.8244,-17.0000,-145.8931
432.0000,0.3447,0.0930,-1.0381,34.4427,-13.4427,-144.8626
404.0000,0.3479,0.1118,-1.0208,33.5420,-10.6336,-144.5191
422.0000,0.3591,0.1406,-1.0447,33.7099,-7.5954,-143.4427
431.0000,0.3374,0.1687,-1.0767,28.8092,-5.9389,-139.2595
409.0000,0.3206,0.2068,-1.0977,25.9618,-5.5115,-133.9847
431.0000,0.3269,0.2144,-1.1033,27.7099,-4.9466,-132.2443
439.0000,0.3242,0.2034,-1.1177,25.4885,-4.0076,-131.2519
406.0000,0.3350,0.2017,-1.1147,22.0382,-2.3817,-130.4275
431.0000,0.3284,0.1758,-1.1248,17.9084,-4.1298,-129.0992
433.0000,0.3252,0.1538,-1.1436,14.5496,-7.5725,-126.5267
414.0000,0.3188,0.1360,-1.1365,13.8092,-10.7710,-123.9466
443.0000,0.3035,0.1335,-1.1125,15.9542,-12.3969,-120.3359
439.0000,0.2981,0.1353,-1.0818,19.3511,-13.1756,-116.3206
411.0000,0.3140,0.1479,-1.0618,20.7023,-12.9008,-113.9466
434.0000,0.3162,0.1533,-1.0535,19.3588,-11.9389,-111.9160
441.0000,0.3215,0.1570,-1.0742,17.2137,-9.8779,-108.7710
420.0000,0.3162,0.1780,-1.0913,15.6107,-7.9313,-104.2366
433.0000,0.3218,0.1897,-1.0994,14.2061,-6.6718,-100.0840
441.0000,0.3198,0.1907,-1.1074,14.9084,-6.3282,-96.1603
426.0000,0.3145,0.1965,-1.0925,17.0153,-6.8779,-91.6412
447.0000,0.3218,0.1985,-1.0906,19.9160,-7.6489,-87.5191
437.0000,0.3242,0.2007,-1.0793,22.7710,-7.3588,-83.7634
437.0000,0.3308,0.2092,-1.0762,25.0076,-6.8473,-80.6794
436.0000,0.3330,0.2141,-1.0857,25.3817,-6.1221,-78.5038
450.0000,0.3306,0.1956,-1.0950,25.9695,-7.8779,-76.1145
440.0000,0.3279,0.1870,-1.1040,24.1985,-8.0687,-73.6412
434.0000,0.3201,0.1804,-1.0986,21.9771,-8.3969,-71.3588
448.0000,0.3147,0.1794,-1.0889,19.1832,-8.9847,-68.7405
441.0000,0.3081,0.1838,-1.0806,15.1221,-7.8550,-66.8931
451.0000,0.3037,0.1909,-1.0740,12.1298,-6.4962,-64.5802
457.0000,0.3008,0.1938,-1.0735,9.7863,-3.8702,-61.9160
445.0000,0.3044,0.2039,-1.0813,8.8244,-0.9924,-59.5420
448.0000,0.3135,0.1887,-1.0874,9.2901,1.3740,-58.0687
440.0000,0.3201,0.1584,-1.0825,10.5267,2.5344,-56.5420
446.0000,0.3323,0.1382,-1.0837,12.5878,2.8931,-54.0458
429.0000,0.3381,0.1226,-1.0864,14.4427,3.1832,-50.7099
462.0000,0.3452,0.1123,-1.0920,15.9695,2.5420,-47.1603
447.0000,0.3435,0.1135,-1.0889,16.8855,1.4122,-43.6336
445.0000,0.3306,0.1277,-1.0930,16.3969,0.3435,-39.8244
469.0000,0.3325,0.1570,-1.1062,14.3053,-0.8550,-36.9542
447.0000,0.3420,0.1714,-1.1165,11.4504,-1.6107,-34.8397
427.0000,0.3354,0.1804,-1.1055,8.0305,-1.6718,-33.7328
461.0000,0.3530,0.1899,-1.1042,4.3511,-2.2595,-32.3435
449.0000,0.3594,0.2009,-1.1150,1.3206,-2.3740,-30.0382
448.0000,0.3516,0.2354,-1.1309,-1.6412,-2.8015,-26.8550
460.0000,0.3508,0.2568,-1.1301,-3.2137,-2.8092,-23.4427
448.0000,0.3496,0.2737,-1.1277,-4.8702,-2.9389,-20.4885
455.0000,0.3511,0.2900,-1.1245,-6.3969,-2.9313,-17.4656
472.0000,0.3574,0.2991,-1.1296,-8.3206,-3.0305,-13.8626
430.0000,0.3513,0.3113,-1.1255,-11.1985,-1.6107,-8.9542
431.0000,0.3604,0.3384,-1.1296,-11.7634,-1.8168,-2.6870
423.0000,0.3516,0.3574,-1.1243,-11.0534,-1.2061,3.7099
440.0000,0.3442,0.3757,-1.1211,-10.2748,0.1527,9.8626
506.0000,0.3396,0.3994,-1.1287,-9.7557,0.2901,16.0000
439.0000,0.3379,0.4253,-1.1472,-10.3053,-0.5649,22.4656
443.0000,0.3325,0.4368,-1.1587,-12.5344,-1.2443,29.1374
442.0000,0.3220,0.4492,-1.1614,-15.7176,-2.1145,35.6336
451.0000,0.3225,0.4573,-1.1665,-19.0763,-4.3206,42.2290
447.0000,0.3171,0.4565,-1.1807,-21.9618,-6.6565,48.3206
438.0000,0.3091,0.4446,-1.1697,-23.6183,-8.0992,53.6718
454.0000,0.2942,0.4299,-1.1599,-26.0840,-10.1832,58.5496
431.0000,0.2864,0.3977,-1.1619,-29.1298,-12.4198,63.2290
461.0000,0.2666,0.3955,-1.1694,-31.5496,-14.7023,69.4122
451.0000,0.2427,0.3936,-1.1511,-34.0534,-16.3511,76.5267
423.0000,0.2214,0.3958,-1.1201,-36.2290,-18.9008,84.6260
415.0000,0.1992,0.4050,-1.0991,-38.3511,-20.5496,93.4962
468.0000,0.1780,0.4277,-1.0979,-38.3435,-20.0916,103.1985
428.0000,0.1729,0.4390,-1.0920,-37.4580,-18.8397,111.0534
461.0000,0.1677,0.4351,-1.0898,-36.2901,-17.6031,118.1679
450.0000,0.1479,0.4150,-1.0886,-33.2519,-16.5878,124.0076
444.0000,0.1428,0.3774,-1.0930,-29.3740,-14.6260,129.6031
450.0000,0.1348,0.3359,-1.1003,-25.0076,-12.8855,133.2290
470.0000,0.1355,0.2891,-1.1111,-23.8855,-12.1756,136.4046
419.0000,0.1423,0.2383,-1.1509,-24.9847,-12.3130,139.8550
444.0000,0.1436,0.2039,-1.1396,-26.8397,-11.8321,144.2824
439.0000,0.1353,0.1748,-1.1541,-30.0992,-11.2519,148.6794
446.0000,0.1382,0.1450,-1.1655,-33.8397,-10.9466,151.9695
454.0000,0.1345,0.1162,-1.1589,-36.5649,-11.5878,154.7481
457.0000,0.1311,0.0916,-1.1572,-37.8626,-12.3282,158.2214
458.0000,0.1304,0.0637,-1.1611,-39.0458,-13.0763,160.8931
444.0000,0.1208,0.0515,-1.1543,-40.0992,-14.4504,163.8779
436.0000,0.1191,0.0452,-1.1443,-43.4504,-16.5114,167.1908
458.0000,0.1162,0.0625,-1.1230,-43.3053,-17.7557,171.5954
448.0000,0.1167,0.0864,-1.0937,-42.0611,-17.1679,175.5572
460.0000,0.1228,0.0942,-1.0837,-38.0305,-16.1603,178.7633
462.0000,0.1143,0.1038,-1.0603,-33.9542,-14.3893,181.2824
446.0000,0.1206,0.1077,-1.0447,-29.3511,-11.8092,182.8168
464.0000,0.1062,0.0984,-1.0608,-23.7557,-9.1527,182.9466
452.0000,0.1079,0.0830,-1.0662,-22.7710,-7.0305,182.7939
446.0000,0.0996,0.0583,-1.0767,-24.0611,-4.8473,182.4427
448.0000,0.0959,0.0400,-1.0767,-25.5420,-2.0076,181.5420
468.0000,0.0994,0.0156,-1.0889,-27.8321,0.2672,180.5572
463.0000,0.1028,-0.0054,-1.0940,-31.1221,-0.5191,179.0687
438.0000,0.1008,-0.0061,-1.1067,-34.6794,-1.2443,178.8855
461.0000,0.1096,-0.0083,-1.1155,-36.4198,-0.2748,179.1221
444.0000,0.0854,-0.0303,-1.1477,-38.7557,-3.8092,178.6107
483.0000,0.1353,-0.0354,-1.1543,-43.6794,0.3511,178.5878
476.0000,0.1292,-0.0669,-1.1604,-41.3130,-0.8015,178.1145
459.0000,0.1367,-0.0857,-1.1667,-38.5267,-3.2519,177.4122
443.0000,0.1326,-0.1194,-1.1702,-33.8397,-7.2977,177.4122
490.0000,0.1504,-0.1350,-1.1633,-30.4809,-8.0229,177.6260
478.0000,0.1541,-0.1365,-1.1677,-30.0229,-8.1069,177.9695
469.0000,0.1675,-0.1357,-1.1746,-32.2824,-9.1298,178.6870
429.0000,0.1738,-0.1196,-1.1729,-36.1450,-8.4656,180.0992
455.0000,0.1863,-0.1023,-1.1628,-37.0153,-6.8015,181.2824
448.0000,0.1965,-0.0840,-1.1321,-34.3206,-5.7252,181.2595
439.0000,0.2021,-0.0762,-1.1421,-30.8626,-5.7099,180.9618
430.0000,0.1990,-0.0713,-1.1194,-27.8702,-5.0916,181.1450
447.0000,0.1943,-0.0698,-1.1282,-26.2443,-4.1679,181.5725
487.0000,0.1794,-0.0593,-1.1296,-23.9466,-1.6260,182.2824
434.0000,0.1755,-0.0425,-1.1267,-21.4809,1.0992,182.2595
478.0000,0.1755,-0.0500,-1.1499,-20.9618,3.3053,180.4046
451.0000,0.1812,-0.0618,-1.1748,-21.7328,4.1679,178.0305
447.0000,0.1716,-0.0784,-1.1765,-24.4962,5.9160,175.4809
496.0000,0.1636,-0.1187,-1.1731,-27.6641,6.2366,173.3740
460.0000,0.1711,-0.1511,-1.1799,-29.8244,6.4122,172.3359
503.0000,0.1819,-0.1741,-1.1748,-29.6260,8.7634,171.0305
454.0000,0.1790,-0.2158,-1.1501,-26.9542,9.2214,170.3664
496.0000,0.1768,-0.2300,-1.1426,-24.4351,9.6260,170.6565
489.0000,0.1875,-0.2236,-1.1472,-22.8397,11.6031,171.7481
504.0000,0.1987,-0.2319,-1.1509,-22.2366,13.1145,171.4122
487.0000,0.2195,-0.2268,-1.1528,-25.0000,18.3359,171.0611
453.0000,0.1550,-0.2354,-1.1855,-22.0840,6.8321,172.7252
473.0000,0.1682,-0.1985,-1.1924,-20.8626,6.4962,174.9389
516.0000,0.1921,-0.1833,-1.1829,-17.0229,11.0076,174.5649
435.0000,0.1882,-0.1758,-1.1702,-10.6183,11.2061,173.1221
473.0000,0.1587,-0.1724,-1.1882,-12.4962,7.7405,171.6260
413.0000,0.1697,-0.1616,-1.1477,-9.4962,8.6718,171.3359
477.0000,0.1594,-0.1731,-1.1306,2.0840,7.6641,169.9847
477.0000,0.1755,-0.1765,-1.1040,6.9924,15.9771,167.2977
494.0000,0.1511,-0.2058,-1.0969,14.3435,13.6947,163.7252
426.0000,0.1428,-0.2214,-1.1023,16.4580,10.1527,159.3893
507.0000,0.1470,-0.2485,-1.1206,14.8092,13.2595,155.2901
402.0000,0.1572,-0.2524,-1.1267,7.3588,17.9771,149.7099
438.0000,0.1418,-0.2761,-1.1240,-0.2519,17.2519,142.9466
459.0000,0.1150,-0.2971,-1.1257,-8.2672,14.2519,137.7176
412.0000,0.1672,-0.3013,-1.1206,-14.3206,18.8321,134.8931
424.0000,0.1797,-0.3240,-1.0918,-12.1145,16.8931,131.8931
472.0000,0.1858,-0.3074,-1.0759,-10.6260,15.3053,129.3893
512.0000,0.1924,-0.2920,-1.0637,-7.7557,14.8397,128.3435
412.0000,0.1987,-0.2827,-1.0657,-2.0611,14.8168,126.9084
467.0000,0.2031,-0.2839,-1.0767,3.7786,12.6183,124.0687
416.0000,0.2087,-0.2979,-1.0884,6.2519,12.2366,119.5878
464.0000,0.2058,-0.3064,-1.1152,4.0382,11.1374,113.3130
411.0000,0.1943,-0.3091,-1.1394,-3.0000,8.6489,104.6489
472.0000,0.1978,-0.2988,-1.1365,-11.2901,8.0000,98.5802
381.0000,0.1953,-0.3220,-1.1309,-16.3130,0.8702,94.2214
478.0000,0.2109,-0.3132,-1.0996,-19.7328,0.2901,90.1679
499.0000,0.2356,-0.3035,-1.0764,-16.9160,3.5802,85.5115
465.0000,0.2212,-0.3123,-1.0706,-14.2443,2.5802,80.4657
475.0000,0.2283,-0.3188,-1.0823,-13.5038,3.2748,76.5573
485.0000,0.2349,-0.3311,-1.0972,-11.4962,5.7786,73.2137
416.0000,0.2251,-0.3601,-1.1182,-8.9542,3.9695,68.5878
480.0000,0.2422,-0.3521,-1.0972,-9.8397,7.5649,62.1450
546.0000,0.2471,-0.3665,-1.1111,-9.4885,6.3053,55.3511
477.0000,0.2688,-0.3552,-1.1104,-10.7481,9.5496,48.2748
488.0000,0.2634,-0.3384,-1.1101,-9.1985,9.5802,41.4580
484.0000,0.2708,-0.3538,-1.1199,-7.7634,9.1908,34.5802
472.0000,0.2556,-0.3633,-1.1182,-1.9542,6.2061,28.6260
487.0000,0.2712,-0.3713,-1.1111,0.8321,9.0687,23.0382
485.0000,0.2898,-0.4001,-1.1106,2.9160,13.0229,15.7557
476.0000,0.2717,-0.4202,-1.1235,2.5191,11.7710,7.5954
481.0000,0.2566,-0.4258,-1.1289,-1.3969,8.5649,1.0000
498.0000,0.2578,-0.4185,-1.1394,-4.6107,8.2214,-4.8626
471.0000,0.2681,-0.4077,-1.1394,-7.3359,7.4275,-12.0458
485.0000,0.2727,-0.3828,-1.1292,-9.9389,4.6641,-20.9008
507.0000,0.2761,-0.3469,-1.1367,-10.1298,2.8092,-29.8626
474.0000,0.2649,-0.3594,-1.1448,-8.6412,1.0916,-38.6260
479.0000,0.2532,-0.3682,-1.1577,-7.9618,-1.2443,-46.1527
494.0000,0.2644,-0.3818,-1.1533,-7.6947,-1.6870,-53.2977
470.0000,0.2568,-0.4028,-1.1411,-5.0076,-2.8168,-59.2748
481.0000,0.2593,-0.4131,-1.1184,-1.5115,-2.6031,-64.4657
509.0000,0.2529,-0.4243,-1.0940,6.7023,-2.3740,-69.9924
480.0000,0.2419,-0.4309,-1.0664,17.0916,-0.4275,-74.6412
470.0000,0.2385,-0.4351,-1.0613,26.5954,2.6031,-78.5267
519.0000,0.2388,-0.4292,-1.0679,32.2977,5.3206,-81.9313
478.0000,0.2395,-0.4087,-1.0745,33.2901,6.8397,-85.8168
475.0000,0.2319,-0.3896,-1.1057,31.0305,8.5038,-90.0916
505.0000,0.2187,-0.3657,-1.1130,27.0305,9.7786,-94.0611
476.0000,0.2036,-0.3618,-1.1304,23.2137,10.2214,-97.9695
475.0000,0.2087,-0.3591,-1.1404,20.4046,9.7328,-101.8244
490.0000,0.2102,-0.3647,-1.1396,18.3282,8.3817,-106.6794
474.0000,0.2124,-0.3838,-1.1128,13.4275,5.9389,-112.1069
462.0000,0.2119,-0.3872,-1.1091,10.6794,6.9542,-117.8397
481.0000,0.1960,-0.4026,-1.1084,9.1374,3.3740,-122.8702
481.0000,0.1748,-0.4053,-1.1265,7.6565,1.2443,-126.9008
463.0000,0.1670,-0.3892,-1.1379,6.3053,-1.1069,-130.9771
483.0000,0.1682,-0.3831,-1.1460,4.9008,-2.7099,-135.5191
485.0000,0.1924,-0.3550,-1.1677,5.0076,-3.9084,-139.8931
473.0000,0.2197,-0.3479,-1.1772,7.0687,-4.8092,-144.8550
477.0000,0.2197,-0.3479,-1.1772,7.0687,-4.8092,-144.8550
481.0000,0.2197,-0.3479,-1.1772,7.0687,-4.8092,-144.8550
485.0000,0.2197,-0.3479,-1.1772,7.0687,-4.8092,-144.8550
461.0000,0.2197,-0.3479,-1.1772,7.0687,-4.8092,-144.8550
488.0000,0.2197,-0.3479,-1.1772,7.0687,-4.8092,-144.8550
490.0000,0.2197,-0.3479,-1.1772,7.0687,-4.8092,-144.8550
479.0000,0.2197,-0.3479,-1.1772,7.0687,-4.8092,-144.8550
475.0000,0.2197,-0.3479,-1.1772,7.0687,-4.8092,-144.8550
485.0000,0.2197,-0.3479,-1.1772,7.0687,-4.8092,-144.8550
479.0000,0.2002,-0.2463,-1.0815,33.0153,4.7405,-165.6565
462.0000,0.2168,-0.2212,-1.0942,27.1756,8.4046,-168.4886
477.0000,0.2300,-0.2085,-1.1235,19.3282,7.7863,-171.9847
479.0000,0.2593,-0.1958,-1.1489,8.8244,7.8244,-175.9924
457.0000,0.2705,-0.1860,-1.1335,2.7710,5.9237,-179.3130
485.0000,0.2869,-0.1958,-1.1340,-1.6794,3.7328,-182.6412
484.0000,0.2896,-0.2168,-1.1216,-3.2443,0.9695,-185.6336
448.0000,0.2847,-0.2249,-1.1062,-1.7099,-1.2137,-187.0763
483.0000,0.2661,-0.2173,-1.0752,0.7252,-1.3206,-187.0763
480.0000,0.2581,-0.2119,-1.0715,6.4275,-2.2595,-185.2366
443.0000,0.2583,-0.2075,-1.0618,12.6031,-1.8321,-182.9618
490.0000,0.2642,-0.1875,-1.0610,19.2977,1.0458,-180.6794
459.0000,0.2676,-0.1655,-1.0493,25.7176,2.3969,-179.0000
460.0000,0.2708,-0.1558,-1.0522,28.7252,1.4351,-177.5420
491.0000,0.2983,-0.1338,-1.0491,31.7252,3.5420,-176.5572
468.0000,0.3040,-0.1211,-1.0627,31.9466,5.5115,-175.2595
459.0000,0.3152,-0.1084,-1.0811,31.7557,4.1374,-174.1679
479.0000,0.3328,-0.0762,-1.0791,26.7405,4.1679,-172.7481
480.0000,0.3330,-0.0535,-1.0886,24.0000,0.6794,-171.9237
461.0000,0.3374,-0.0332,-1.0952,20.1374,-0.2443,-171.2595
473.0000,0.3506,-0.0115,-1.0964,17.2137,0.9237,-170.3435
478.0000,0.3472,0.0007,-1.0886,17.9847,-2.6565,-170.0382
452.0000,0.3542,0.0120,-1.0750,18.7939,-2.7405,-169.1450
485.0000,0.3545,0.0164,-1.0596,21.8168,-3.0763,-168.0611
483.0000,0.3333,0.0144,-1.0527,27.2443,-4.2977,-166.2214
452.0000,0.3127,0.0203,-1.0166,32.5878,-3.1985,-163.5954
484.0000,0.3232,0.0117,-1.0037,37.4275,-0.2290,-161.5878
481.0000,0.3325,0.0051,-1.0100,38.8092,2.7176,-160.7481
464.0000,0.3284,0.0193,-1.0256,36.8855,3.8397,-158.7557
474.0000,0.3228,0.0496,-1.0659,33.5573,5.3359,-154.8626
474.0000,0.3159,0.0742,-1.0801,31.0611,5.5115,-151.1450
477.0000,0.3391,0.0842,-1.0854,30.5573,7.0992,-148.7405
485.0000,0.3525,0.0918,-1.0847,29.8092,6.6031,-148.6717
493.0000,0.3533,0.0918,-1.0911,27.1756,6.3053,-148.1527
479.0000,0.3528,0.0967,-1.0911,27.5191,5.8855,-147.0534
484.0000,0.3608,0.1023,-1.1086,29.4198,4.9008,-144.6107
483.0000,0.3584,0.1072,-1.1035,30.7710,2.9008,-142.3969
481.0000,0.3472,0.1096,-1.0994,32.8015,-0.3435,-140.1527
484.0000,0.3242,0.1121,-1.0811,35.8626,-3.0382,-138.1221
487.0000,0.3154,0.1094,-1.0359,37.6641,-2.1069,-136.6641
476.0000,0.3281,0.1006,-1.0200,38.1756,-0.6794,-135.4886
482.0000,0.3293,0.1003,-1.0154,37.8855,2.0382,-134.3588
495.0000,0.3328,0.1033,-1.0442,35.7557,4.1985,-133.0992
485.0000,0.3406,0.1094,-1.0657,30.8855,7.2214,-131.7405
485.0000,0.3347,0.1184,-1.0940,26.5344,7.6718,-129.6260
494.0000,0.3362,0.1331,-1.1191,23.4962,6.2977,-126.8855
483.0000,0.3364,0.1311,-1.1226,21.5649,5.8855,-124.1298
479.0000,0.3469,0.1309,-1.1323,20.8550,5.5344,-120.8779
490.0000,0.3462,0.1426,-1.1357,21.2519,4.3664,-117.6794
488.0000,0.3438,0.1445,-1.1445,23.6260,1.7176,-114.3970
473.0000,0.3367,0.1509,-1.1443,27.7099,0.1756,-110.6183
497.0000,0.3376,0.1648,-1.1367,30.9160,-1.0916,-107.8092
483.0000,0.3428,0.1577,-1.1230,32.7939,-4.0763,-107.0382
487.0000,0.3359,0.1504,-1.0862,33.3893,-5.8473,-106.8779
494.0000,0.3386,0.1296,-1.0542,32.7176,-5.1832,-106.2214
484.0000,0.3467,0.1130,-1.0195,33.4504,-1.1298,-105.6718
484.0000,0.3574,0.1118,-1.0439,31.8397,0.7634,-104.9160
505.0000,0.3618,0.1050,-1.0696,27.2977,1.2443,-102.8779
481.0000,0.3669,0.1216,-1.1033,23.8702,3.2214,-98.7634
488.0000,0.3542,0.1345,-1.1250,22.5420,2.5725,-94.5115
500.0000,0.3567,0.1619,-1.1353,21.3664,0.7557,-91.3283
482.0000,0.3667,0.1741,-1.1306,22.0076,-0.8855,-89.3283
493.0000,0.3723,0.1824,-1.1230,22.7634,-1.6794,-87.6565
506.0000,0.3796,0.1770,-1.1318,22.9466,-2.4580,-86.1756
486.0000,0.3801,0.1794,-1.1409,20.8702,-5.7786,-84.3130
489.0000,0.3809,0.1758,-1.1650,17.7405,-9.3206,-82.1145
507.0000,0.3870,0.1804,-1.1646,15.2748,-12.9313,-79.9542
488.0000,0.3723,0.1880,-1.1445,13.5038,-18.1069,-78.4962
493.0000,0.3457,0.1885,-1.0935,15.1145,-22.5649,-77.3206
504.0000,0.3384,0.1782,-1.0251,16.4733,-22.5802,-77.1908
493.0000,0.3376,0.1772,-0.9685,19.0763,-19.0229,-76.3588
483.0000,0.3413,0.1726,-0.9663,20.6412,-13.9771,-74.9924
508.0000,0.3579,0.1702,-0.9971,19.7557,-8.5496,-73.2519
487.0000,0.3579,0.1714,-1.0452,18.3817,-4.6031,-70.5649
478.0000,0.3586,0.1980,-1.0986,14.7634,-2.9847,-66.3817
519.0000,0.3696,0.2148,-1.1257,12.2137,-2.8550,-61.2748
488.0000,0.3772,0.2219,-1.1389,12.0153,-3.2519,-57.1832
489.0000,0.3777,0.2183,-1.1240,12.4809,-3.5725,-53.4656
518.0000,0.3672,0.2068,-1.1116,12.0763,-4.2901,-49.7481
494.0000,0.3721,0.1960,-1.1130,11.0763,-4.9618,-46.3817
477.0000,0.3723,0.1887,-1.1167,9.7863,-5.2137,-43.4580
512.0000,0.3684,0.1875,-1.1201,8.3588,-6.1679,-40.4351
474.0000,0.3674,0.1990,-1.1084,7.3817,-7.3511,-37.0916
481.0000,0.3745,0.2095,-1.1021,6.6260,-7.6794,-33.7863
491.0000,0.3623,0.2100,-1.0996,6.0305,-7.0687,-30.7176
493.0000,0.3604,0.2429,-1.1033,4.5038,-6.1908,-27.1527
487.0000,0.3706,0.2651,-1.0940,1.7405,-5.5038,-23.3817
496.0000,0.3647,0.2849,-1.0925,-1.0840,-4.5038,-19.8321
482.0000,0.3586,0.2988,-1.1016,-3.5267,-3.0382,-15.4809
478.0000,0.3477,0.3123,-1.0974,-4.9542,-2.2595,-11.0458
486.0000,0.3481,0.3154,-1.0964,-4.6947,-1.5573,-7.1679
479.0000,0.3481,0.3049,-1.0908,-3.9771,-0.4885,-3.3206
499.0000,0.3342,0.2808,-1.0806,-3.6565,-0.1221,0.5878
496.0000,0.3362,0.2737,-1.0920,-4.0916,-0.2443,4.5344
473.0000,0.3333,0.2590,-1.0928,-5.7405,-0.3359,8.7634
483.0000,0.3320,0.2629,-1.1079,-8.2977,-1.1298,13.6870
492.0000,0.3228,0.2607,-1.1206,-10.8702,-2.1832,19.4046
496.0000,0.3206,0.2686,-1.1235,-13.0611,-3.6718,25.1450
460.0000,0.3191,0.2837,-1.1208,-14.3130,-5.2824,30.9618
498.0000,0.3096,0.2932,-1.1086,-14.0076,-7.3130,36.3588
488.0000,0.3013,0.2891,-1.0981,-12.5954,-9.0611,41.4809
469.0000,0.3027,0.2817,-1.0747,-10.2519,-9.6183,46.6718
486.0000,0.3013,0.2781,-1.0798,-7.8015,-10.0229,51.7939
481.0000,0.2976,0.2878,-1.0811,-6.3511,-10.2672,57.0229
467.0000,0.2856,0.2803,-1.0942,-4.2137,-10.2137,62.4122
481.0000,0.2786,0.2764,-1.0996,-3.6641,-9.6794,67.5954
431.0000,0.2686,0.2837,-1.0947,-4.3282,-10.6412,72.7328
459.0000,0.2527,0.2913,-1.1082,-5.2977,-10.6336,78.6794
481.0000,0.2476,0.2988,-1.1162,-6.8168,-11.1221,84.1374
506.0000,0.2390,0.3062,-1.1282,-8.4504,-12.0153,89.5267
468.0000,0.2356,0.3040,-1.1311,-9.4885,-11.5878,94.3435
489.0000,0.2349,0.2898,-1.1328,-10.5344,-11.6794,98.5496
497.0000,0.2195,0.2834,-1.1375,-11.7557,-11.7939,102.5267
499.0000,0.2175,0.2629,-1.1362,-12.3893,-10.9695,107.3664
504.0000,0.2124,0.2493,-1.1306,-12.4733,-10.3359,112.2366
486.0000,0.2095,0.2349,-1.1213,-12.5725,-8.9771,116.1679
476.0000,0.2004,0.2097,-1.1211,-13.7023,-8.3511,120.3283
513.0000,0.1965,0.1877,-1.1477,-16.1298,-8.5191,124.8473
513.0000,0.1941,0.1704,-1.1497,-17.2366,-7.3664,129.2672
484.0000,0.1821,0.1597,-1.1443,-17.1450,-7.2061,132.9466
456.0000,0.1853,0.1443,-1.1523,-18.1374,-6.8092,136.1374
496.0000,0.1848,0.1365,-1.1550,-19.6183,-8.0000,140.0153
489.0000,0.1790,0.1436,-1.1609,-21.4427,-7.8015,144.7863
491.0000,0.1821,0.1448,-1.1470,-22.5114,-6.8168,148.9008
505.0000,0.1763,0.1289,-1.1492,-22.2137,-6.0840,152.0611
485.0000,0.1636,0.1277,-1.1467,-22.4275,-5.7252,155.3130
524.0000,0.1587,0.1182,-1.1521,-21.6794,-4.4962,158.2137
506.0000,0.1516,0.1096,-1.1404,-21.9008,-3.3588,160.2061
500.0000,0.1516,0.0957,-1.1511,-23.8550,-2.9924,161.2366
464.0000,0.1602,0.0820,-1.1484,-25.6031,-2.0229,162.7176
510.0000,0.1541,0.0720,-1.1536,-28.3130,0.1221,163.4122
486.0000,0.1519,0.0544,-1.1584,-31.4809,2.1603,163.6717
481.0000,0.1567,0.0256,-1.1665,-35.1069,2.2595,164.5572
506.0000,0.1462,-0.0020,-1.1633,-37.5038,2.4885,165.8702
517.0000,0.1401,-0.0237,-1.1758,-39.2290,1.4809,167.1069
450.0000,0.1433,-0.0337,-1.1619,-40.7481,2.5573,168.0611
520.0000,0.1409,-0.0449,-1.1724,-41.7481,-0.2824,169.0611
480.0000,0.1323,-0.0454,-1.1829,-43.6794,-4.5954,171.1985
520.0000,0.1252,-0.0283,-1.1770,-46.2977,-7.4809,174.7863
453.0000,0.1182,-0.0002,-1.1611,-46.1908,-7.5954,177.4733
438.0000,0.1172,0.0059,-1.1541,-44.0611,-5.7405,178.5038
465.0000,0.1135,0.0037,-1.1111,-37.1832,-3.4962,178.6565
504.0000,0.1128,-0.0166,-1.1077,-28.9160,-0.9618,178.8244
493.0000,0.1113,-0.0339,-1.0764,-24.7176,2.4885,179.0000
498.0000,0.1138,-0.0498,-1.0723,-21.0687,8.2443,179.2672
487.0000,0.1240,-0.0662,-1.0898,-21.3282,14.2748,179.1298
498.0000,0.1299,-0.0635,-1.1108,-24.3282,17.5114,178.6717
468.0000,0.1375,-0.0610,-1.1130,-28.8473,21.3053,178.2061
511.0000,0.1387,-0.0662,-1.1216,-33.1985,24.7099,178.3893
465.0000,0.1453,-0.0815,-1.1199,-35.6412,27.9924,177.2290
516.0000,0.1521,-0.1147,-1.1289,-36.0458,30.5420,174.4122
512.0000,0.1570,-0.1575,-1.1370,-36.4198,29.8550,171.4198
502.0000,0.1624,-0.1760,-1.1682,-37.0916,25.0458,170.3969
522.0000,0.1814,-0.1892,-1.1597,-41.9084,25.5420,170.8702
510.0000,0.1819,-0.1855,-1.1565,-43.3053,23.5114,171.1832
491.0000,0.1606,-0.1870,-1.1345,-43.2595,18.5191,172.5038
437.0000,0.1702,-0.1880,-1.1416,-41.2214,15.8855,174.2290
492.0000,0.1775,-0.1895,-1.1162,-37.9313,15.5420,175.0611
460.0000,0.1792,-0.1855,-1.0984,-35.6947,12.9008,173.7557
491.0000,0.1716,-0.1738,-1.0859,-35.7099,10.8626,172.5802
472.0000,0.1716,-0.1628,-1.1191,-36.5725,9.7405,172.6565
516.0000,0.1870,-0.1479,-1.1274,-37.2595,10.4656,171.9160
452.0000,0.1931,-0.1416,-1.1506,-36.5878,9.3359,169.7481
507.0000,0.2017,-0.1479,-1.1697,-37.0382,8.3130,166.8779
513.0000,0.2090,-0.1770,-1.1626,-36.2595,8.0534,164.1145
477.0000,0.2014,-0.1907,-1.1533,-32.3435,9.3282,161.4733
464.0000,0.2151,-0.2334,-1.1292,-27.5267,10.9924,158.2366
464.0000,0.2104,-0.2566,-1.1223,-22.9542,12.0763,155.7023
445.0000,0.2166,-0.2832,-1.1189,-21.5114,11.8931,154.3664
518.0000,0.2212,-0.2974,-1.1479,-21.7557,12.3282,154.9237
447.0000,0.2461,-0.2830,-1.1499,-21.9237,17.9542,155.7481
480.0000,0.2036,-0.2937,-1.1541,-20.7710,13.4275,156.8092
513.0000,0.2187,-0.2861,-1.1260,-20.5344,15.4046,157.6641
460.0000,0.2190,-0.2917,-1.1057,-14.4198,17.7557,158.4886
504.0000,0.2302,-0.3049,-1.0952,-9.1450,17.5649,159.2824
510.0000,0.2219,-0.2852,-1.0884,-5.6718,17.1679,159.6794
493.0000,0.2307,-0.2732,-1.0820,-0.0305,19.2290,158.5191
436.0000,0.2524,-0.2681,-1.0950,6.2366,24.1756,155.4427
508.0000,0.2246,-0.2617,-1.0967,8.6870,22.1450,150.4809
466.0000,0.2129,-0.2649,-1.0942,3.3664,21.2901,145.4046
402.0000,0.1987,-0.2695,-1.0898,-3.4427,21.1908,142.8702
486.0000,0.2087,-0.2852,-1.0803,-5.4885,23.3969,141.0611
484.0000,0.2212,-0.3110,-1.0632,-2.0992,23.5649,137.7939
539.0000,0.2131,-0.3345,-1.0725,1.0458,23.5344,134.0000
533.0000,0.2021,-0.3352,-1.0879,2.9771,23.9389,130.9237
434.0000,0.1897,-0.3574,-1.1062,2.9389,21.8015,127.3588
428.0000,0.1902,-0.3679,-1.1216,1.0305,17.8168,123.6794
498.0000,0.2019,-0.3718,-1.1282,-2.1832,17.1756,119.4351
510.0000,0.2107,-0.3838,-1.1287,-4.0076,13.2290,115.8702
497.0000,0.2219,-0.3757,-1.1311,-5.4427,10.1985,112.3435
539.0000,0.2332,-0.3601,-1.1130,-4.8779,8.9389,108.4733
487.0000,0.2473,-0.3381,-1.0920,-1.6336,9.6794,103.5725
464.0000,0.2507,-0.3271,-1.0937,2.7557,9.2977,98.2137
547.0000,0.2529,-0.3289,-1.1182,5.7176,8.7481,91.3740
493.0000,0.2585,-0.3401,-1.1189,5.7023,8.5420,83.9237
469.0000,0.2532,-0.3318,-1.1140,3.0305,7.8702,77.5038
508.0000,0.2588,-0.3416,-1.1079,-0.1985,9.1145,71.4886
481.0000,0.2629,-0.3428,-1.0845,-1.2672,11.3893,65.5802
493.0000,0.2673,-0.3542,-1.0645,-2.3740,12.8931,59.0458
527.0000,0.2681,-0.3613,-1.0693,-3.2366,13.4351,52.3588
497.0000,0.2593,-0.3699,-1.0750,-3.6107,13.2137,45.9389
479.0000,0.2476,-0.3843,-1.0852,-5.0611,12.2595,39.5115
510.0000,0.2439,-0.4133,-1.0776,-7.7557,9.1985,33.0229
509.0000,0.2561,-0.4241,-1.0847,-10.4962,6.6412,26.0916
500.0000,0.2686,-0.4419,-1.0818,-10.4275,6.3282,19.3664
519.0000,0.2734,-0.4407,-1.1055,-10.8702,1.4733,11.0687
491.0000,0.2805,-0.4409,-1.0974,-11.2824,-0.5725,2.6641
489.0000,0.2734,-0.4570,-1.0920,-9.0763,-2.5420,-6.0305
489.0000,0.2671,-0.4656,-1.0908,-6.9618,-3.1679,-14.5878
498.0000,0.2588,-0.4734,-1.0781,-4.8855,-3.9771,-22.8015
490.0000,0.2478,-0.4631,-1.0703,-3.6260,-4.5802,-29.8626
500.0000,0.2534,-0.4434,-1.0579,-1.6870,-2.5496,-35.5420
502.0000,0.2561,-0.4207,-1.0581,0.0000,-0.3130,-41.3893
462.0000,0.2654,-0.3992,-1.0505,1.2443,2.1145,-48.0153
496.0000,0.2625,-0.3794,-1.0696,2.5267,4.9466,-54.6641
493.0000,0.2600,-0.3870,-1.0833,4.0000,6.7176,-61.8168
478.0000,0.2664,-0.4055,-1.1096,5.6107,6.6412,-69.0534
502.0000,0.2700,-0.4338,-1.1448,5.4351,4.0916,-75.4122
494.0000,0.3035,-0.4387,-1.1453,5.8168,7.0458,-81.0763
475.0000,0.2776,-0.4521,-1.1289,9.5573,5.6641,-85.3817
497.0000,0.2649,-0.4531,-1.1240,13.1908,3.6947,-88.6183
490.0000,0.2598,-0.4475,-1.1138,17.9466,4.0305,-91.2519
472.0000,0.2539,-0.4377,-1.0994,23.1527,3.2137,-93.6565
473.0000,0.2632,-0.4124,-1.0889,26.5573,2.2824,-95.9695
493.0000,0.2717,-0.3770,-1.0745,28.1603,1.5267,-98.3359
471.0000,0.2751,-0.3608,-1.0908,28.0611,1.2901,-100.0687
500.0000,0.2712,-0.3376,-1.0818,27.3359,1.8550,-102.1450
487.0000,0.2744,-0.3335,-1.1055,26.2824,2.5725,-105.0687
470.0000,0.2664,-0.3250,-1.1123,23.4275,0.2977,-109.3893
486.0000,0.2725,-0.3286,-1.1284,20.3206,1.4427,-113.6641
493.0000,0.2727,-0.3318,-1.1565,19.3740,0.6107,-116.8855
457.0000,0.2744,-0.3408,-1.1570,19.1908,-0.1069,-119.3817
494.0000,0.2515,-0.3464,-1.1550,21.1832,-2.7176,-120.9771
489.0000,0.2488,-0.3315,-1.1216,24.5191,-4.3893,-122.0076
470.0000,0.2378,-0.3186,-1.0776,30.7252,-6.0305,-122.6260
493.0000,0.2527,-0.3018,-1.0325,35.8321,-5.4427,-122.5649
486.0000,0.2539,-0.2856,-1.0227,39.1527,-7.0305,-122.7863
470.0000,0.2480,-0.2661,-1.0322,38.1069,-10.6489,-121.7863
496.0000,0.2583,-0.2517,-1.0574,37.8473,-13.5496,-120.0305
496.0000,0.2688,-0.2427,-1.0632,40.8473,-16.4580,-117.9847
470.0000,0.2822,-0.2327,-1.0852,46.0153,-17.9847,-116.2901
494.0000,0.2844,-0.2329,-1.0833,56.6107,-22.9313,-115.4886
498.0000,0.2834,-0.2512,-1.0603,67.1603,-26.1603,-114.5115
465.0000,0.3008,-0.2612,-1.0330,75.3511,-30.6565,-115.1374
496.0000,0.3066,-0.3130,-1.0242,78.8931,-35.4809,-117.8092
496.0000,0.2917,-0.3491,-1.0054,75.2137,-38.0382,-120.7176
465.0000,0.3105,-0.3518,-1.0034,64.6260,-35.1756,-123.5878
498.0000,0.2959,-0.3511,-1.0227,56.9847,-39.3206,-125.6641
490.0000,0.3035,-0.3462,-1.0596,44.0000,-38.0382,-127.0687
479.0000,0.3047,-0.3069,-1.0881,26.2824,-34.7557,-126.8321
494.0000,0.3179,-0.2625,-1.1057,16.8550,-31.9008,-126.9618
489.0000,0.3057,-0.2251,-1.1250,12.9008,-34.6412,-127.7252
477.0000,0.3142,-0.2202,-1.1487,11.1985,-33.5954,-127.9618
496.0000,0.2949,-0.2322,-1.1431,12.7328,-36.2061,-129.4962
491.0000,0.2959,-0.2661,-1.0881,19.9084,-37.4885,-132.8321
477.0000,0.2766,-0.3210,-1.0305,34.5038,-40.3969,-136.7939
505.0000,0.2507,-0.4092,-0.9338,47.7710,-40.9084,-139.6107
496.0000,0.2402,-0.4749,-0.8582,60.0153,-33.6947,-141.3817
478.0000,0.2285,-0.4973,-0.8428,65.0840,-26.2290,-143.8550
496.0000,0.2295,-0.4834,-0.8794,60.6870,-19.8244,-145.5191
496.0000,0.2332,-0.4077,-0.9800,51.1145,-16.8931,-145.1603
472.0000,0.2502,-0.3057,-1.0688,46.3130,-15.8244,-143.8473
498.0000,0.2446,-0.2263,-1.1404,31.9771,-16.6489,-142.2595
484.0000,0.2607,-0.1665,-1.1919,23.5649,-18.0229,-141.5802
470.0000,0.2798,-0.1572,-1.2024,12.8626,-18.8015,-144.3588
500.0000,0.2920,-0.1738,-1.1882,11.4962,-19.5649,-149.4809
481.0000,0.2986,-0.2170,-1.1584,12.6107,-23.6641,-154.2214
471.0000,0.2883,-0.2554,-1.1279,18.3130,-30.3664,-156.4275
500.0000,0.3052,-0.2803,-1.1187,25.9084,-33.4427,-156.4275
496.0000,0.3081,-0.2847,-1.1191,28.9237,-38.7176,-156.3282
468.0000,0.3042,-0.2678,-1.0645,28.7252,-39.4427,-155.6107
497.0000,0.2957,-0.2427,-0.9944,30.1985,-39.8244,-154.9389
489.0000,0.3022,-0.2087,-0.9697,26.5954,-37.0534,-156.2519
470.0000,0.3164,-0.1921,-0.9749,19.2977,-32.4198,-157.8702
502.0000,0.3264,-0.1819,-1.0032,9.4427,-26.9389,-157.6641
487.0000,0.3291,-0.1626,-1.0486,0.7786,-20.5420,-155.3817
474.0000,0.3347,-0.1292,-1.0857,-2.2672,-16.9466,-152.9771
492.0000,0.3213,-0.1206,-1.1094,0.6718,-18.5573,-150.9466
488.0000,0.3308,-0.1062,-1.1206,3.5496,-20.1832,-149.3664
476.0000,0.3301,-0.1052,-1.1331,8.6565,-23.4427,-148.7252
488.0000,0.3450,-0.0933,-1.1443,11.3588,-26.0153,-147.3359
486.0000,0.3545,-0.0740,-1.1348,11.0305,-25.9542,-146.2519
481.0000,0.3494,-0.0527,-1.1204,10.3511,-29.4046,-145.1603
482.0000,0.3479,-0.0225,-1.1152,7.5344,-29.6412,-142.5878
486.0000,0.3430,-0.0183,-1.0913,7.3511,-30.2595,-140.0458
472.0000,0.3306,-0.0076,-1.0752,6.5420,-28.7863,-137.9771
496.0000,0.3396,0.0015,-1.0488,7.2519,-26.0229,-136.8473
485.0000,0.3425,-0.0039,-1.0613,5.4198,-22.6260,-135.8779
480.0000,0.3347,0.0105,-1.0820,3.0382,-20.0687,-133.9771
494.0000,0.3252,0.0220,-1.0894,-0.5191,-17.9618,-131.3130
495.0000,0.3318,0.0493,-1.1213,-3.3588,-16.0534,-127.1145
462.0000,0.3271,0.0796,-1.1379,-4.3130,-14.8092,-123.0916
497.0000,0.3359,0.0938,-1.1436,-3.6794,-14.0840,-119.6641
487.0000,0.3359,0.0962,-1.1331,-1.9771,-14.1374,-117.1527
473.0000,0.3328,0.0989,-1.1062,0.7252,-13.2672,-115.2061
492.0000,0.3337,0.0908,-1.1187,3.1679,-12.0458,-112.8092
492.0000,0.3325,0.0815,-1.1165,4.2748,-12.2443,-110.0305
473.0000,0.3218,0.0791,-1.1199,3.2748,-12.6107,-106.7252
495.0000,0.3225,0.0776,-1.1326,1.2748,-10.4122,-103.4198
489.0000,0.3237,0.0784,-1.1318,1.3740,-9.8550,-100.3588
473.0000,0.3167,0.0776,-1.1267,2.0458,-10.9313,-97.3053
482.0000,0.3206,0.0686,-1.1074,2.0992,-8.7786,-94.6565
501.0000,0.3301,0.0664,-1.1152,2.8092,-8.6183,-92.7481
469.0000,0.3330,0.0713,-1.1091,0.6794,-8.2824,-90.3664
495.0000,0.3262,0.0745,-1.1189,-1.9542,-6.7176,-87.4657
501.0000,0.3389,0.0813,-1.1213,-3.4275,-5.6489,-84.3053
501.0000,0.3389,0.0952,-1.1318,-4.7405,-5.4656,-80.8397
484.0000,0.3315,0.0972,-1.1260,-4.8931,-4.5267,-77.2824
502.0000,0.3411,0.0884,-1.1389,-2.9389,-3.8626,-74.0153
495.0000,0.3413,0.0984,-1.1367,-0.2137,-3.5878,-71.1679
506.0000,0.3386,0.1050,-1.1318,2.4580,-4.2595,-68.2901
498.0000,0.3381,0.1104,-1.1365,3.5649,-5.0153,-65.2137
495.0000,0.3452,0.1062,-1.1326,3.5496,-5.2290,-61.8473
508.0000,0.3528,0.1206,-1.1448,1.9618,-5.0992,-58.3740
473.0000,0.3625,0.1392,-1.1458,-0.3817,-2.7710,-54.6031
495.0000,0.3608,0.1501,-1.1514,-0.4580,-3.4885,-51.0000
498.0000,0.3745,0.1548,-1.1680,-1.3282,-2.7710,-47.8092
508.0000,0.3821,0.1309,-1.1279,1.2672,-2.4962,-44.3969
503.0000,0.3628,0.1318,-1.0825,4.2824,-1.7023,-41.6489
500.0000,0.3572,0.1582,-1.0381,8.5038,-0.5725,-38.0534
516.0000,0.3662,0.1658,-1.0320,10.1908,3.5725,-35.4198
495.0000,0.3696,0.1707,-1.0425,10.8168,8.8015,-32.4046
490.0000,0.3748,0.1704,-1.0720,8.8015,13.7176,-29.2443
528.0000,0.3748,0.1641,-1.1182,4.4580,17.1679,-26.2214
499.0000,0.3860,0.1643,-1.1492,1.4733,18.1985,-23.2901
500.0000,0.3792,0.1577,-1.1526,0.5267,15.8931,-19.3588
517.0000,0.3867,0.1631,-1.1667,-0.1145,14.4580,-14.9389
487.0000,0.3901,0.1665,-1.1536,1.6794,12.2214,-9.5420
484.0000,0.3962,0.1680,-1.1292,4.7099,10.3359,-4.4580
540.0000,0.3904,0.1672,-1.1116,6.5802,8.6794,0.8931
495.0000,0.3921,0.1794,-1.0979,5.4122,7.8626,5.4275
475.0000,0.3933,0.2122,-1.0933,2.4351,8.5954,10.4809
494.0000,0.3970,0.2419,-1.0845,-1.2977,9.7252,16.0534
496.0000,0.3892,0.2708,-1.0725,-3.4656,11.1145,21.9695
492.0000,0.3784,0.2888,-1.0649,-2.9313,12.0229,27.9542
506.0000,0.3740,0.3120,-1.0796,-1.0382,12.2137,33.3130
475.0000,0.3711,0.3101,-1.0991,1.0000,12.8092,38.0000
492.0000,0.3667,0.3018,-1.1335,2.0000,13.4275,41.3740
531.0000,0.3774,0.2866,-1.1396,0.2901,14.2061,44.7710
461.0000,0.3718,0.2593,-1.1377,-2.4504,15.0611,47.9084
478.0000,0.3621,0.2322,-1.1394,-6.0000,14.8321,52.0916
503.0000,0.3574,0.2109,-1.1367,-9.1298,14.2137,57.3740
458.0000,0.3596,0.1931,-1.1582,-11.2214,13.4046,63.0000
469.0000,0.3564,0.1780,-1.1533,-12.4504,12.5649,68.0305
477.0000,0.3584,0.1675,-1.1514,-13.2290,11.5038,72.9237
505.0000,0.3623,0.1631,-1.1462,-15.4580,10.8015,77.3130
475.0000,0.3496,0.1604,-1.1475,-20.1908,9.5115,80.8626
515.0000,0.3533,0.1797,-1.1445,-27.6031,9.6107,83.9313
515.0000,0.3398,0.1863,-1.1304,-36.5878,10.1756,87.5496
474.0000,0.3149,0.1956,-1.1116,-44.6107,10.5496,93.0000
469.0000,0.3005,0.2234,-1.1045,-48.2748,11.0611,99.3053
518.0000,0.2957,0.2336,-1.0903,-47.3511,11.4504,104.4886
476.0000,0.2905,0.2312,-1.0903,-41.4504,12.0153,109.2061
513.0000,0.2888,0.2012,-1.0996,-33.1527,11.1450,111.5420
496.0000,0.2825,0.1682,-1.1040,-28.1069,9.6107,112.7557
449.0000,0.2786,0.1309,-1.1182,-27.9466,9.1450,114.3053
506.0000,0.2925,0.0891,-1.1228,-30.6565,11.6718,115.7786
502.0000,0.2881,0.0713,-1.1252,-33.9847,14.6031,118.6031
467.0000,0.2908,0.0481,-1.1021,-37.4504,17.0382,122.0611
503.0000,0.2854,0.0291,-1.0801,-39.7252,19.9847,125.8779
446.0000,0.2756,0.0161,-1.0710,-39.9084,23.4427,130.5038
487.0000,0.2996,0.0183,-1.0930,-39.7710,28.5878,135.4733
468.0000,0.3052,0.0034,-1.1299,-39.8626,31.2977,138.7252
499.0000,0.3127,-0.0005,-1.1980,-40.6641,28.6641,140.9847
482.0000,0.3062,0.0010,-1.2285,-42.7557,26.6718,142.6183
441.0000,0.2896,0.0095,-1.2400,-47.5420,21.6336,144.0992
513.0000,0.2681,0.0051,-1.2249,-51.7710,15.4656,145.9847
479.0000,0.2593,0.0154,-1.1897,-52.9389,11.7252,148.4656
518.0000,0.2590,0.0000,-1.1902,-53.1069,8.5420,149.5878
446.0000,0.2451,-0.0005,-1.1702,-54.2214,6.2366,149.2748
499.0000,0.2227,-0.0085,-1.1550,-56.1221,3.6794,149.1985
472.0000,0.2190,-0.0237,-1.1301,-58.4275,3.6031,149.9084
502.0000,0.2200,-0.0376,-1.1204,-60.9695,4.1985,150.5649
415.0000,0.2249,-0.0635,-1.1226,-63.3130,5.4275,151.4122
501.0000,0.2312,-0.0845,-1.1067,-64.2290,5.4427,153.4504
485.0000,0.2209,-0.0701,-1.1235,-61.6641,5.9771,156.7939
434.0000,0.2285,-0.0710,-1.1279,-58.5038,7.2366,159.2672
444.0000,0.2239,-0.0806,-1.1467,-55.6031,7.8931,160.5725
487.0000,0.2222,-0.0898,-1.1738,-56.4046,7.9084,161.0763
473.0000,0.2324,-0.0933,-1.1921,-60.2366,6.4122,160.9084
447.0000,0.2166,-0.1030,-1.1951,-64.7786,5.1679,161.5802
505.0000,0.2080,-0.1074,-1.1934,-67.2824,3.8855,162.4046
509.0000,0.1882,-0.1038,-1.1709,-67.3664,0.8779,163.7176
514.0000,0.1738,-0.0977,-1.1536,-63.3511,-4.0916,165.6488
563.0000,0.1743,-0.1003,-1.1240,-58.0992,-6.2443,168.3511
496.0000,0.1785,-0.0930,-1.1101,-53.3817,-6.7863,170.7939
552.0000,0.1741,-0.0994,-1.0911,-48.1832,-10.1756,172.7786
506.0000,0.1611,-0.0684,-1.0969,-44.3817,-10.5725,175.3130
464.0000,0.1606,-0.0710,-1.0784,-39.5573,-7.5267,176.1756
477.0000,0.1606,-0.0752,-1.0676,-35.4656,-2.8473,176.6412
506.0000,0.1687,-0.0752,-1.0952,-35.5420,2.0229,175.6336
470.0000,0.1436,-0.0793,-1.1196,-37.3740,3.6183,174.3053
503.0000,0.1218,-0.0786,-1.1211,-39.3740,0.8015,173.6870
490.0000,0.1194,-0.0637,-1.1208,-41.6718,2.2290,173.4351
505.0000,0.1169,-0.0549,-1.0959,-41.8779,3.8244,173.4351
547.0000,0.1089,-0.0474,-1.0798,-37.0763,2.9695,172.9237
521.0000,0.0999,-0.0674,-1.0852,-32.2672,6.0611,171.2137
520.0000,0.0969,-0.0918,-1.0823,-28.8168,10.4046,167.9084
541.0000,0.0798,-0.1348,-1.0715,-27.7939,9.9924,164.8321
503.0000,0.1106,-0.1709,-1.0815,-30.7481,13.2061,163.2824
537.0000,0.1301,-0.1899,-1.0889,-31.5649,18.3817,161.7863
457.0000,0.1299,-0.2407,-1.0894,-28.6107,18.6870,159.5038
540.0000,0.1379,-0.2502,-1.0942,-27.5496,20.0534,157.9618
472.0000,0.1448,-0.2688,-1.1179,-25.2290,20.4198,156.7633
496.0000,0.1594,-0.2756,-1.1250,-25.4885,20.6183,154.8702
513.0000,0.1572,-0.2766,-1.1345,-27.4885,17.8855,152.1450
430.0000,0.1648,-0.2795,-1.1287,-28.6031,15.1985,149.8015
509.0000,0.1721,-0.2727,-1.1089,-29.3511,12.8702,147.6794
562.0000,0.1714,-0.2605,-1.0803,-29.7634,10.2519,146.1298
466.0000,0.1873,-0.2537,-1.0598,-25.2672,8.3053,145.7939
537.0000,0.1982,-0.2373,-1.0337,-19.7176,6.1756,144.3053
543.0000,0.1953,-0.2332,-1.0334,-14.9618,7.6947,141.4275
481.0000,0.1973,-0.2354,-1.0427,-13.2672,7.7939,138.0534
451.0000,0.2205,-0.2461,-1.0527,-13.4656,10.7405,132.9389
505.0000,0.2217,-0.2642,-1.0583,-15.5725,11.5573,127.6107
468.0000,0.2261,-0.2842,-1.0750,-22.7328,14.0229,123.2214
532.0000,0.2427,-0.3176,-1.1086,-22.0305,13.6107,120.1069
500.0000,0.2690,-0.3494,-1.1487,-22.9313,16.5725,115.8321
431.0000,0.2686,-0.3735,-1.1677,-22.8779,16.4351,111.0153
479.0000,0.2395,-0.3958,-1.1663,-24.7634,12.3740,107.4580
508.0000,0.2395,-0.4011,-1.1523,-23.8168,10.5344,104.8092
471.0000,0.2510,-0.4063,-1.1296,-18.7023,8.7634,104.7099
455.0000,0.2751,-0.4097,-1.1033,-11.4122,7.2901,103.9389
409.0000,0.2769,-0.3992,-1.0781,-4.3817,7.0611,101.9008
450.0000,0.2825,-0.3728,-1.0715,-0.7023,6.2290,98.6794
535.0000,0.2859,-0.3516,-1.0776,-1.1069,4.8931,94.0840
486.0000,0.2778,-0.3401,-1.0889,-3.2748,4.2443,89.5725
513.0000,0.2825,-0.3401,-1.0981,-6.0305,3.2290,84.9542
505.0000,0.2827,-0.3394,-1.0837,-6.4733,3.2214,81.2748
496.0000,0.2925,-0.3384,-1.0647,-5.0000,4.1145,76.8321
498.0000,0.2961,-0.3384,-1.0674,-2.2824,4.4962,72.4657
502.0000,0.3013,-0.3611,-1.0852,-2.3053,3.9695,67.4428
507.0000,0.3120,-0.3901,-1.1011,-4.5420,3.0840,62.9160
502.0000,0.3042,-0.4077,-1.1089,-8.4962,2.5115,58.1298
503.0000,0.3013,-0.4395,-1.1221,-13.2519,0.9084,53.4809
519.0000,0.3088,-0.4387,-1.1130,-16.2595,-0.8779,49.3588
497.0000,0.3220,-0.4656,-1.0964,-15.1298,0.3893,44.5191
499.0000,0.3093,-0.4585,-1.0789,-9.2824,0.7405,39.5267
516.0000,0.2966,-0.4644,-1.0784,-2.4122,0.7710,34.3359
499.0000,0.3076,-0.4546,-1.0779,1.0000,2.4885,28.3359
490.0000,0.3071,-0.4607,-1.0903,1.9847,3.0534,20.8321
520.0000,0.3096,-0.4504,-1.0867,-0.4046,1.8473,12.3969
488.0000,0.3062,-0.4238,-1.0872,-2.7405,0.5573,3.9389
498.0000,0.3027,-0.4343,-1.0918,-6.0611,0.8626,-5.1298
536.0000,0.2954,-0.4226,-1.0955,-9.1298,0.2290,-14.6794
499.0000,0.2954,-0.4172,-1.0974,-13.9160,-1.7099,-24.0076
476.0000,0.3120,-0.4207,-1.1040,-15.7328,-0.5725,-32.6718
537.0000,0.3167,-0.4463,-1.1042,-16.5267,-0.7557,-40.5420
499.0000,0.2966,-0.4607,-1.0796,-16.5725,-1.6107,-47.3130
498.0000,0.2952,-0.4778,-1.0632,-14.7328,-0.1450,-52.6031
492.0000,0.2888,-0.4868,-1.0471,-12.5649,-1.1527,-56.4809
499.0000,0.2971,-0.4761,-1.0393,-11.1603,-1.1069,-59.9160
484.0000,0.2937,-0.4473,-1.0396,-9.8244,0.0840,-63.1145
504.0000,0.2903,-0.4023,-1.0452,-8.3969,-0.8092,-65.9618
499.0000,0.2932,-0.3621,-1.0645,-8.0840,-0.6031,-69.8550
490.0000,0.3049,-0.3467,-1.0747,-6.9008,0.7786,-74.6107
503.0000,0.3179,-0.3533,-1.0908,-5.9847,0.9466,-80.0000
499.0000,0.3223,-0.3696,-1.0928,-5.4809,0.6336,-84.9924
478.0000,0.3223,-0.3860,-1.0933,-4.0687,0.0992,-89.3053
512.0000,0.3110,-0.3967,-1.0859,-1.9542,-0.3740,-92.5191
498.0000,0.3049,-0.4041,-1.0857,0.6107,-1.0000,-95.1298
493.0000,0.3003,-0.3967,-1.0996,2.5954,-1.3282,-97.0305
501.0000,0.2932,-0.3765,-1.1145,3.9695,-0.2366,-98.9771
494.0000,0.2813,-0.3464,-1.1187,5.9924,-1.1527,-101.0000
470.0000,0.2813,-0.3267,-1.1157,7.5344,-0.6260,-103.4046
492.0000,0.2705,-0.3032,-1.1130,9.5496,0.5115,-105.8550
493.0000,0.2605,-0.2900,-1.1301,12.0763,3.3893,-108.7863
475.0000,0.2639,-0.2747,-1.1338,14.6947,5.2824,-111.9160
501.0000,0.2661,-0.2773,-1.1387,17.6489,6.5878,-116.3893
482.0000,0.2566,-0.2817,-1.1450,20.0840,6.3740,-120.8931
473.0000,0.2529,-0.2947,-1.1667,21.3206,6.3893,-124.7252
496.0000,0.2520,-0.2991,-1.1562,22.4656,7.1374,-128.0458
494.0000,0.2583,-0.3000,-1.1711,24.2901,8.6641,-131.0229
478.0000,0.2480,-0.2969,-1.1677,27.4656,9.8473,-133.3664
494.0000,0.2417,-0.2825,-1.1606,31.1298,9.0534,-135.2214
488.0000,0.2739,-0.2932,-1.1531,34.7557,11.5802,-137.1756
472.0000,0.2627,-0.3069,-1.1577,38.5496,11.5038,-139.5802
510.0000,0.2468,-0.2996,-1.1604,38.9924,9.7481,-141.1756
493.0000,0.2385,-0.2754,-1.1423,39.4275,9.8779,-141.8550
480.0000,0.2390,-0.2666,-1.1240,41.8702,9.3130,-142.6947
500.0000,0.2556,-0.2686,-1.1174,44.2443,8.2977,-144.0611
485.0000,0.2668,-0.2524,-1.1208,46.7176,9.9389,-145.7710
471.0000,0.2659,-0.2493,-1.1355,49.5267,10.8855,-147.6794
497.0000,0.2710,-0.2629,-1.1318,51.8779,11.7634,-149.9695
496.0000,0.2573,-0.2695,-1.1221,54.1756,9.9313,-152.0534
478.0000,0.2544,-0.2742,-1.1077,54.7176,9.4351,-153.8931
502.0000,0.2600,-0.2764,-1.1035,55.3053,9.7099,-154.7481
498.0000,0.2578,-0.2688,-1.0928,57.1908,10.5115,-154.6717
472.0000,0.2683,-0.2507,-1.0813,58.8168,11.7557,-153.6488
500.0000,0.2893,-0.2297,-1.0754,61.3817,13.4504,-152.4275
492.0000,0.2993,-0.2112,-1.0781,65.5267,14.4656,-151.6794
473.0000,0.3250,-0.2080,-1.0674,68.8855,16.2595,-152.0229
499.0000,0.3247,-0.2102,-1.0759,70.7023,14.8168,-154.3969
492.0000,0.3289,-0.2209,-1.0820,68.1450,13.1069,-157.9771
472.0000,0.3225,-0.2419,-1.0803,62.4656,11.4809,-161.5954
487.0000,0.3123,-0.2666,-1.0701,54.9695,9.5878,-164.6336
492.0000,0.3137,-0.2649,-1.0544,48.0687,8.7023,-166.6717
473.0000,0.3235,-0.2542,-1.0444,43.0000,7.9924,-168.2137
496.0000,0.3467,-0.2302,-1.0430,38.6947,7.3893,-169.5267
489.0000,0.3711,-0.2063,-1.0586,34.2519,6.3206,-170.5420
471.0000,0.3811,-0.1792,-1.0579,31.3740,5.3282,-170.9008
493.0000,0.3794,-0.1531,-1.0627,29.7557,3.6489,-171.0305
492.0000,0.3960,-0.1313,-1.0774,28.1374,1.3588,-172.0992
476.0000,0.3899,-0.1223,-1.0710,25.2290,-2.3359,-173.0840
491.0000,0.3835,-0.1199,-1.0532,23.8626,-5.3664,-172.8550
495.0000,0.3845,-0.1104,-1.0400,26.1374,-7.0305,-171.9008
469.0000,0.3804,-0.1116,-1.0232,29.1679,-9.2214,-171.0382
493.0000,0.3835,-0.1028,-1.0225,30.9618,-11.9695,-169.8702
499.0000,0.4080,-0.0786,-1.0269,30.4351,-10.7328,-168.1985
471.0000,0.4048,-0.0410,-1.0488,31.7481,-17.0000,-167.9084
494.0000,0.4075,-0.0300,-1.0618,26.7328,-20.2443,-168.0992
496.0000,0.4282,-0.0151,-1.0574,22.0305,-22.4656,-169.0076
462.0000,0.4185,-0.0181,-1.0408,17.6565,-24.2595,-169.9542
499.0000,0.4229,-0.0156,-1.0354,13.8397,-25.1679,-169.8015
494.0000,0.4114,-0.0054,-1.0317,11.1527,-26.3969,-168.9008
473.0000,0.4216,0.0046,-1.0500,8.1832,-26.1985,-168.8321
495.0000,0.4150,0.0076,-1.0488,4.6107,-24.6336,-168.9237
493.0000,0.4155,0.0173,-1.0569,1.8168,-24.9160,-168.4351
470.0000,0.4089,0.0298,-1.0491,-0.8397,-24.4962,-167.6565
500.0000,0.4009,0.0388,-1.0642,-0.4046,-23.7557,-166.3130
491.0000,0.4031,0.0398,-1.0657,1.2901,-23.7176,-164.9542
471.0000,0.4094,0.0364,-1.0762,3.1832,-23.4962,-163.6870
493.0000,0.3992,0.0500,-1.0769,3.9542,-24.5344,-162.2977
493.0000,0.4028,0.0645,-1.0747,6.1985,-24.6641,-159.2595
477.0000,0.3855,0.0720,-1.0693,10.5954,-25.9084,-155.9008
499.0000,0.3728,0.0945,-1.0740,15.0458,-25.4275,-152.9771
501.0000,0.3733,0.1099,-1.0662,17.1985,-22.7405,-150.0687
473.0000,0.3855,0.1270,-1.0618,17.1603,-19.7786,-149.0763
496.0000,0.3833,0.1326,-1.0540,17.6870,-19.4275,-147.7099
497.0000,0.3799,0.1448,-1.0532,15.4351,-15.5573,-146.0916
478.0000,0.3640,0.1528,-1.0542,15.8015,-14.4351,-144.2672
496.0000,0.3452,0.1577,-1.0623,16.8702,-14.0000,-142.4046
503.0000,0.3618,0.1643,-1.0576,15.9695,-10.4427,-139.7328
480.0000,0.3655,0.1760,-1.0601,16.7939,-7.0458,-137.8244
496.0000,0.3689,0.1865,-1.0613,16.6565,-6.5420,-135.8168
507.0000,0.3601,0.1985,-1.0691,15.7710,-7.5878,-132.9771
489.0000,0.3623,0.2190,-1.0613,15.5038,-5.3969,-129.4351
497.0000,0.3569,0.2229,-1.0605,18.7939,-5.9008,-126.0382
505.0000,0.3438,0.2410,-1.0659,19.9771,-6.0000,-122.7099
499.0000,0.3403,0.2471,-1.0618,19.1221,-5.5649,-119.2519
498.0000,0.3413,0.2522,-1.0564,18.2061,-2.8931,-116.5573
504.0000,0.3293,0.2463,-1.0566,17.8473,-1.4427,-113.5420
497.0000,0.3240,0.2505,-1.0610,17.7939,-1.3206,-110.5496
495.0000,0.3320,0.2512,-1.0615,17.9466,-1.9466,-107.3053
507.0000,0.3342,0.2529,-1.0608,19.3588,-2.8550,-103.4809
495.0000,0.3337,0.2612,-1.0601,20.1069,-3.5878,-100.1221
497.0000,0.3274,0.2676,-1.0615,20.2672,-4.5878,-96.4046
498.0000,0.3401,0.2690,-1.0642,19.6260,-5.4198,-92.9008
494.0000,0.3372,0.2715,-1.0503,18.9084,-6.0305,-89.3511
492.0000,0.3218,0.2749,-1.0408,17.7863,-5.9771,-85.6183
509.0000,0.3208,0.2793,-1.0427,17.2977,-5.5115,-81.6794
505.0000,0.3262,0.2864,-1.0303,17.6336,-5.8702,-78.0458
496.0000,0.3154,0.2964,-1.0393,18.1908,-6.9466,-73.8550
508.0000,0.3235,0.3030,-1.0476,17.1832,-7.4046,-69.8473
494.0000,0.3252,0.3179,-1.0618,15.7557,-6.7176,-66.3588
500.0000,0.3242,0.3259,-1.0708,15.0305,-8.7863,-63.1756
506.0000,0.3257,0.3257,-1.0640,12.9542,-8.9618,-59.7328
495.0000,0.3213,0.3250,-1.0769,13.6412,-9.4504,-55.8931
499.0000,0.3296,0.3074,-1.0686,14.1679,-9.4885,-52.1908
514.0000,0.3318,0.2964,-1.0557,13.4885,-10.0687,-48.5344
493.0000,0.3386,0.2917,-1.0596,12.9542,-9.7252,-44.4809
495.0000,0.3464,0.3003,-1.0779,11.4427,-10.2290,-39.7481
507.0000,0.3445,0.3096,-1.0720,9.5038,-10.1221,-35.1374
499.0000,0.3281,0.3198,-1.0913,7.8015,-11.5802,-30.2290
508.0000,0.3384,0.3352,-1.0867,5.4122,-10.5496,-25.7023
516.0000,0.3413,0.3381,-1.0903,4.3282,-9.6412,-21.2901
489.0000,0.3306,0.3450,-1.1050,2.8015,-9.6107,-17.0687
502.0000,0.3215,0.3506,-1.0884,1.5191,-10.2977,-11.9389
521.0000,0.3230,0.3623,-1.0964,0.3435,-10.3740,-6.8550
480.0000,0.3274,0.3682,-1.0864,0.2595,-9.3053,-2.1145
509.0000,0.3271,0.3721,-1.0874,0.1908,-7.9160,2.0687
523.0000,0.3364,0.3652,-1.0876,-0.5115,-6.9084,6.5802
512.0000,0.3325,0.3789,-1.1128,-2.1908,-6.7863,11.8168
491.0000,0.3274,0.3696,-1.1001,-4.6870,-7.0229,17.0534
516.0000,0.3286,0.3694,-1.1228,-6.9084,-7.0229,22.3053
495.0000,0.3279,0.3752,-1.1226,-8.2748,-6.8931,27.1374
496.0000,0.3232,0.3728,-1.1221,-9.2748,-6.8397,32.8092
472.0000,0.3098,0.3674,-1.1194,-9.9160,-7.0229,38.7099
503.0000,0.2961,0.3706,-1.1152,-9.6947,-6.8473,44.3435
491.0000,0.2964,0.3647,-1.0999,-9.1527,-6.4962,49.9695
509.0000,0.2922,0.3691,-1.0991,-8.1221,-6.0076,55.3206
507.0000,0.2856,0.3647,-1.1174,-7.5878,-6.0076,60.6336
468.0000,0.2974,0.3672,-1.1245,-7.0229,-5.3053,65.8550
463.0000,0.2878,0.3672,-1.1262,-7.4809,-5.3817,71.0153
492.0000,0.2795,0.3586,-1.1292,-8.4275,-5.4427,76.0382
492.0000,0.2693,0.3486,-1.1240,-10.1603,-6.4656,80.4122
491.0000,0.2568,0.3474,-1.1311,-12.9008,-6.7786,85.2061
489.0000,0.2522,0.3435,-1.1287,-16.9466,-7.3053,89.6183
476.0000,0.2502,0.3391,-1.1355,-21.6641,-7.4733,93.6870
464.0000,0.2402,0.3252,-1.1426,-25.7481,-7.3130,97.3893
495.0000,0.2273,0.3069,-1.1299,-29.9313,-8.4733,100.5573
459.0000,0.2361,0.2959,-1.1406,-34.3969,-9.8244,103.6718
499.0000,0.2324,0.2817,-1.1382,-37.5725,-10.3053,107.0076
490.0000,0.2319,0.2888,-1.1155,-39.5344,-11.3206,112.4962
492.0000,0.2278,0.2939,-1.0884,-40.0840,-14.2672,117.7481
501.0000,0.2219,0.3076,-1.0869,-39.7328,-15.5802,123.8092
519.0000,0.2341,0.3286,-1.0566,-35.3664,-13.5344,129.1603
491.0000,0.2141,0.3342,-1.0781,-28.9160,-15.5649,133.5649
511.0000,0.2102,0.3210,-1.0911,-26.1908,-14.5496,136.5649
494.0000,0.2161,0.3188,-1.0918,-23.2901,-12.0382,138.9847
483.0000,0.2095,0.2874,-1.0923,-22.7939,-9.9313,140.0000
493.0000,0.2161,0.2510,-1.1003,-23.2519,-6.8397,140.4504
506.0000,0.2112,0.1929,-1.1106,-26.2901,-5.2901,141.8702
495.0000,0.2046,0.1379,-1.1250,-28.6565,-4.4351,145.1832
483.0000,0.2065,0.1099,-1.1353,-29.7023,-3.8168,148.4886
492.0000,0.2175,0.0791,-1.1433,-29.0611,-2.8244,151.6412
475.0000,0.1897,0.0505,-1.1650,-27.3359,-7.4580,154.9084
505.0000,0.2129,0.0474,-1.1699,-31.1832,-4.2672,158.0305
485.0000,0.2156,0.0427,-1.1455,-30.2061,-3.8015,160.6260
489.0000,0.2073,0.0173,-1.1228,-27.3053,-4.4962,162.0153
486.0000,0.2104,0.0054,-1.1104,-24.8244,-4.1298,163.0076
463.0000,0.2231,-0.0002,-1.1238,-23.5802,-1.8931,163.7786
485.0000,0.2297,0.0010,-1.1201,-25.8397,-1.7481,165.1450
515.0000,0.2385,0.0076,-1.1177,-28.5954,-2.6031,167.4962
493.0000,0.2419,0.0254,-1.1133,-31.0076,-4.6107,170.6488
510.0000,0.2551,0.0464,-1.1091,-33.3664,-5.9466,173.2672
506.0000,0.2437,0.0798,-1.1006,-32.7557,-7.4351,175.6183
503.0000,0.2280,0.0833,-1.1018,-30.9084,-9.0076,177.6488
473.0000,0.2290,0.0750,-1.0977,-29.2595,-7.8779,177.5038
502.0000,0.2178,0.0681,-1.0920,-27.0916,-6.2290,176.3969
523.0000,0.2173,0.0417,-1.1033,-26.9466,-5.4580,175.5649
464.0000,0.2161,0.0098,-1.1257,-29.7710,-3.6260,174.2290
496.0000,0.2070,-0.0154,-1.1396,-33.4885,-1.9160,173.3130
523.0000,0.2080,-0.0527,-1.1465,-37.7023,-0.8092,172.4122
478.0000,0.2058,-0.0610,-1.1687,-41.4275,-3.0458,172.4351
522.0000,0.2073,-0.0696,-1.1672,-45.9237,-3.0305,172.6565
510.0000,0.2117,-0.0820,-1.1814,-48.0611,-3.9160,174.2061
442.0000,0.1941,-0.0889,-1.1716,-47.8168,-6.4351,176.0382
538.0000,0.2014,-0.0815,-1.1536,-47.5573,-7.6641,177.9847
518.0000,0.2021,-0.0845,-1.1448,-45.6641,-7.9466,179.7786
496.0000,0.1990,-0.0874,-1.1331,-42.4198,-8.3359,181.0076
526.0000,0.1919,-0.0657,-1.1033,-36.7099,-8.6947,182.9847
507.0000,0.1672,-0.0488,-1.1094,-35.8397,-11.4198,185.0000
467.0000,0.1931,-0.0088,-1.1206,-34.7557,-6.8473,187.6947
509.0000,0.1799,0.0051,-1.1252,-24.6183,-7.0458,189.2214
505.0000,0.1724,0.0066,-1.1228,-19.2061,-2.6947,187.6717
515.0000,0.1755,-0.0083,-1.1060,-12.9237,4.1069,184.5191
495.0000,0.1729,-0.0457,-1.1145,-11.1985,8.6031,180.2901
535.0000,0.1777,-0.0818,-1.1265,-13.3435,13.3511,175.7328
555.0000,0.1592,-0.1321,-1.1580,-17.7939,13.1985,171.2443
392.0000,0.1592,-0.1655,-1.1885,-23.9008,13.6794,167.9466
493.0000,0.1545,-0.1782,-1.2183,-30.9695,11.3969,165.6565
476.0000,0.1726,-0.1943,-1.2175,-39.6260,10.6947,164.2977
520.0000,0.1765,-0.2100,-1.2058,-45.5420,10.2748,163.6336
469.0000,0.1904,-0.2317,-1.1699,-44.1145,9.7481,162.8092
469.0000,0.1929,-0.2717,-1.1462,-36.3893,8.3435,161.9008
417.0000,0.1917,-0.2844,-1.1333,-28.7099,6.3664,161.8779
498.0000,0.1846,-0.2942,-1.1284,-25.3817,4.8473,162.7481
492.0000,0.1870,-0.2791,-1.1257,-22.7863,2.6718,165.3740
551.0000,0.1929,-0.2559,-1.1218,-15.8092,-0.1221,167.5038
502.0000,0.2080,-0.2134,-1.1394,-13.1679,-0.5038,167.7481
518.0000,0.2209,-0.1763,-1.1482,-7.9771,-0.3893,166.4046
620.0000,0.2207,-0.1418,-1.1511,-6.5649,4.0229,162.8855
580.0000,0.1692,-0.1555,-1.1565,-5.1450,-0.6870,159.0153
463.0000,0.1685,-0.1516,-1.1440,-6.0687,0.3130,153.9084
660.0000,0.1663,-0.1523,-1.1472,-9.1985,2.5802,149.1756
528.0000,0.1792,-0.1614,-1.1665,-12.3206,1.9313,146.2901
499.0000,0.1797,-0.1816,-1.1772,-15.6718,0.0534,144.0305
559.0000,0.1880,-0.1890,-1.1423,-15.7405,3.5191,141.1832
497.0000,0.2080,-0.2119,-1.1328,-13.5878,9.1145,138.8015
518.0000,0.2109,-0.2327,-1.1033,-11.2443,12.0534,136.1450
513.0000,0.1941,-0.2595,-1.0889,-7.3359,13.4427,132.5954
514.0000,0.2056,-0.2649,-1.0698,-6.4733,16.7634,130.4809
574.0000,0.1990,-0.2585,-1.0476,-2.5191,17.9618,128.9695
493.0000,0.2144,-0.2607,-1.0552,3.5344,18.0000,126.2672
503.0000,0.2227,-0.2588,-1.0588,9.2519,19.3817,122.4046
559.0000,0.2197,-0.2507,-1.0579,13.7710,18.7634,118.7939
502.0000,0.2163,-0.2527,-1.0842,10.8779,17.6565,114.2977
513.0000,0.2200,-0.2512,-1.0903,4.9542,17.4809,108.8244
527.0000,0.2246,-0.2717,-1.1135,-1.8321,14.7634,104.1450
561.0000,0.2207,-0.2935,-1.1033,-8.9389,11.7634,99.5725
513.0000,0.2180,-0.3044,-1.1050,-12.7099,9.6336,95.3359
379.0000,0.2366,-0.3352,-1.0911,-11.5496,9.1679,91.1908
531.0000,0.2432,-0.3340,-1.0815,-8.5267,8.3511,86.9389
511.0000,0.2446,-0.3467,-1.0713,-6.2290,8.4885,82.8779
409.0000,0.2417,-0.3557,-1.0747,-1.1298,6.2901,79.4733
494.0000,0.2546,-0.3457,-1.0879,2.7099,6.3588,76.0763
516.0000,0.2703,-0.3394,-1.0801,5.8550,7.5191,70.7863
500.0000,0.2810,-0.3301,-1.0679,6.3130,6.5802,64.7405
503.0000,0.2830,-0.3196,-1.1018,4.3664,5.6260,58.7176
542.0000,0.2756,-0.3242,-1.1257,0.1527,5.0229,51.9237
502.0000,0.2683,-0.3376,-1.1194,-3.3740,3.7634,44.6031
533.0000,0.2600,-0.3489,-1.1184,-6.1374,0.4427,37.2824
534.0000,0.2637,-0.3679,-1.1055,-7.3664,-0.2748,30.5420
487.0000,0.2729,-0.3835,-1.0793,-5.8473,-0.0840,23.9695
496.0000,0.2742,-0.3945,-1.0671,-2.2443,-0.4962,17.0229
520.0000,0.2844,-0.4072,-1.0740,2.9237,-0.3435,9.2061
500.0000,0.2986,-0.4316,-1.0706,5.7710,-1.1756,1.0992
491.0000,0.2871,-0.4346,-1.0959,3.1374,-2.5115,-7.2290
515.0000,0.2734,-0.4229,-1.1116,-2.0000,-3.2519,-15.2977
481.0000,0.2761,-0.4011,-1.1250,-5.5954,-2.7099,-23.3359
438.0000,0.2795,-0.3828,-1.1252,-7.4351,-2.3053,-31.8779
496.0000,0.2827,-0.3699,-1.1362,-6.8550,-3.0534,-40.7939
511.0000,0.2952,-0.3843,-1.1260,-4.2061,-1.8092,-49.1756
516.0000,0.2908,-0.3926,-1.1104,0.4351,-0.9008,-56.8931
546.0000,0.2874,-0.4065,-1.1084,4.8779,0.0916,-62.6794
502.0000,0.2805,-0.4202,-1.0972,9.3130,0.9542,-67.7252
471.0000,0.2927,-0.4189,-1.0942,12.1450,1.7557,-72.0382
481.0000,0.2976,-0.4138,-1.0957,14.0763,3.3206,-75.6565
499.0000,0.2976,-0.4243,-1.0925,16.5649,5.0916,-79.4122
475.0000,0.2991,-0.4333,-1.0845,19.6718,7.2214,-84.1221
500.0000,0.3040,-0.4353,-1.1003,22.3130,8.5038,-87.8397
491.0000,0.2993,-0.4302,-1.1135,24.0153,10.6870,-90.7634
475.0000,0.2888,-0.4216,-1.1133,24.3435,12.3893,-93.7557
497.0000,0.2898,-0.4080,-1.1265,21.9313,12.5420,-96.9313
490.0000,0.3020,-0.3877,-1.1306,18.0153,12.8244,-100.8550
486.0000,0.2981,-0.3591,-1.1191,15.5878,11.8626,-104.2214
501.0000,0.2917,-0.3374,-1.1282,14.2366,11.0687,-106.9771
495.0000,0.2786,-0.3225,-1.1243,13.9771,9.3893,-110.4809
472.0000,0.2627,-0.3108,-1.1165,13.8015,5.5573,-115.1374
492.0000,0.2512,-0.3184,-1.1218,10.9771,1.1603,-120.9389
496.0000,0.2522,-0.3206,-1.1238,7.7023,-1.9924,-126.3359
471.0000,0.2344,-0.3364,-1.1309,4.1450,-4.4351,-131.2901
497.0000,0.2271,-0.3523,-1.1423,1.3359,-7.4656,-135.1908
488.0000,0.2175,-0.3660,-1.1360,1.4122,-10.1756,-138.5114
481.0000,0.2046,-0.3662,-1.1304,5.4733,-12.3740,-140.9771
501.0000,0.1919,-0.3672,-1.1448,11.4580,-14.4809,-142.8321
501.0000,0.1895,-0.3452,-1.1519,17.5191,-15.1832,-143.5572
484.0000,0.2019,-0.3315,-1.1467,22.6565,-13.0153,-145.0153
507.0000,0.2217,-0.3003,-1.1333,26.8244,-8.9695,-146.8702
497.0000,0.2493,-0.2913,-1.1140,30.9618,-3.5649,-149.4580
475.0000,0.2546,-0.2720,-1.1006,36.4656,0.6794,-151.7328
499.0000,0.2424,-0.2568,-1.1179,39.8321,2.9924,-152.9160
499.0000,0.2451,-0.2346,-1.1287,42.5878,6.8244,-153.2977
468.0000,0.2480,-0.2207,-1.1282,44.7481,8.3359,-154.7023
499.0000,0.2515,-0.2129,-1.1362,45.5420,8.5038,-156.8626
500.0000,0.2422,-0.2207,-1.1318,44.8855,8.5954,-158.9924
474.0000,0.2395,-0.2356,-1.1365,45.5649,7.1069,-160.9084
500.0000,0.2236,-0.2495,-1.1467,46.0611,2.7176,-162.1374
496.0000,0.2593,-0.2573,-1.1357,45.5954,5.7023,-163.0305
471.0000,0.2739,-0.2654,-1.1218,49.8244,3.6718,-164.8397
505.0000,0.2505,-0.2705,-1.0994,51.6336,-3.2443,-165.0840
485.0000,0.2534,-0.2644,-1.0447,53.0534,-3.9160,-163.6641
475.0000,0.2747,-0.2559,-1.0190,59.0840,-0.5267,-162.7557
494.0000,0.2830,-0.2454,-0.9912,62.3740,-1.6107,-163.2595
487.0000,0.2991,-0.2249,-0.9956,58.7023,-0.6870,-164.2901
468.0000,0.3101,-0.1948,-1.0220,51.2824,1.9313,-164.9237
495.0000,0.3079,-0.1550,-1.0479,42.5038,1.6718,-164.7939
488.0000,0.3174,-0.1282,-1.0684,35.7786,1.8626,-164.6565
467.0000,0.3267,-0.1165,-1.0908,32.2290,1.1450,-165.1985
500.0000,0.3423,-0.1155,-1.0916,30.4198,1.4275,-166.4504
496.0000,0.3342,-0.1196,-1.0872,29.7710,1.8550,-167.7481
470.0000,0.3381,-0.1177,-1.0845,30.4275,0.2901,-168.0458
500.0000,0.3389,-0.1130,-1.0891,31.6565,0.2290,-167.9695
499.0000,0.3508,-0.0962,-1.0957,32.1908,-1.4809,-166.4351
463.0000,0.3613,-0.0745,-1.0881,31.2748,-4.0229,-165.4427
489.0000,0.3677,-0.0732,-1.0381,31.5344,-8.2061,-164.4656
498.0000,0.3494,-0.0764,-1.0103,33.6260,-9.4122,-162.5420
472.0000,0.3562,-0.0823,-0.9495,36.7786,-6.8702,-161.7099
484.0000,0.3779,-0.0825,-0.9329,39.3359,-5.3893,-162.8092
503.0000,0.3909,-0.0771,-0.9653,34.6641,-1.8168,-163.7557
482.0000,0.4021,-0.0454,-1.0208,26.0992,0.8473,-163.4962
501.0000,0.4106,-0.0376,-1.0688,17.8626,1.3435,-162.7023
496.0000,0.4011,-0.0271,-1.0969,9.5191,-1.7710,-162.3053
503.0000,0.3877,-0.0149,-1.0984,4.1985,-5.0611,-161.2366
497.0000,0.3835,-0.0081,-1.0886,3.5344,-5.9847,-159.2595
507.0000,0.3713,0.0017,-1.0610,7.0153,-7.8168,-157.2061
497.0000,0.3599,0.0220,-1.0518,12.0534,-10.5573,-155.6260
498.0000,0.3611,0.0427,-1.0547,17.8702,-12.5191,-153.2824
501.0000,0.3535,0.0635,-1.0569,22.4504,-16.3359,-150.8321
492.0000,0.3538,0.0840,-1.0625,24.0534,-20.8015,-148.6565
490.0000,0.3655,0.0862,-1.0452,23.6947,-19.9618,-147.3435
507.0000,0.3672,0.0842,-1.0100,23.4351,-17.5878,-147.1603
494.0000,0.3687,0.0725,-0.9812,20.7557,-17.1679,-147.6412
500.0000,0.3667,0.0679,-0.9958,17.8779,-13.7786,-147.2443
503.0000,0.3735,0.0688,-1.0256,17.2137,-10.8015,-146.1985
495.0000,0.3760,0.0728,-1.0754,15.0763,-11.6412,-144.1832
495.0000,0.3862,0.0813,-1.1016,13.6107,-11.4122,-142.1908
506.0000,0.3816,0.0928,-1.1331,9.6565,-13.0916,-140.2824
493.0000,0.3716,0.1069,-1.1316,5.1221,-14.7405,-138.6565
496.0000,0.3630,0.1140,-1.1282,2.0382,-14.8015,-136.7710
508.0000,0.3491,0.1184,-1.1108,1.0840,-13.8855,-134.1908
506.0000,0.3469,0.1301,-1.0928,3.2672,-13.4427,-131.4504
491.0000,0.3474,0.1387,-1.0830,7.5115,-13.9924,-128.9924
507.0000,0.3608,0.1387,-1.0803,12.9237,-13.2137,-126.1145
500.0000,0.3628,0.1406,-1.0789,17.5878,-11.7710,-123.9084
495.0000,0.3586,0.1431,-1.0798,21.2519,-11.6489,-122.0916
507.0000,0.3508,0.1472,-1.0823,22.2595,-10.6260,-119.8550
502.0000,0.3528,0.1511,-1.0776,21.3359,-8.1374,-117.8473
497.0000,0.3572,0.1555,-1.0947,19.3893,-5.9924,-115.7863
502.0000,0.3589,0.1687,-1.1035,15.9542,-4.4504,-113.2137
498.0000,0.3613,0.1697,-1.1191,14.5344,-3.6260,-110.5573
487.0000,0.3733,0.1770,-1.1240,14.4351,-3.0687,-107.7863
513.0000,0.3721,0.1741,-1.1150,15.3969,-3.2214,-105.3053
490.0000,0.3696,0.1741,-1.0898,16.9008,-2.5802,-102.2137
504.0000,0.3662,0.1692,-1.0845,19.0992,-2.2443,-99.3511
504.0000,0.3586,0.1650,-1.0820,21.4580,-0.8473,-95.8473
497.0000,0.3611,0.1775,-1.0750,24.4809,0.0611,-92.0992
502.0000,0.3616,0.1877,-1.0781,26.7176,0.5344,-89.2977
509.0000,0.3652,0.2007,-1.0896,26.7405,0.9008,-86.7176
500.0000,0.3560,0.2104,-1.0823,26.4427,1.8244,-83.9542
497.0000,0.3503,0.2129,-1.0815,25.9389,2.4962,-80.8550
517.0000,0.3521,0.2158,-1.0735,25.3664,3.0916,-78.3511
507.0000,0.3562,0.2068,-1.0725,24.7939,4.2977,-75.8244
501.0000,0.3677,0.2100,-1.0754,24.0840,4.9542,-73.2137
507.0000,0.3633,0.2034,-1.0808,22.4122,4.1603,-71.3435
502.0000,0.3547,0.1982,-1.0979,20.5267,3.2061,-69.6565
498.0000,0.3481,0.1960,-1.0884,17.7176,4.5878,-67.6718
521.0000,0.3560,0.1838,-1.0791,15.8168,4.6260,-66.1756
501.0000,0.3469,0.1848,-1.0789,15.2901,3.5725,-64.2977
501.0000,0.3601,0.1870,-1.0889,14.6336,2.2595,-62.0763
509.0000,0.3672,0.1892,-1.0994,14.0382,1.0534,-58.5725
505.0000,0.3655,0.1892,-1.1021,13.6947,0.1527,-55.2595
501.0000,0.3599,0.2026,-1.1025,14.5115,-1.1069,-52.0611
518.0000,0.3477,0.2012,-1.0991,15.2290,-3.1069,-49.2977
498.0000,0.3367,0.2031,-1.0928,15.3588,-4.1527,-46.7634
496.0000,0.3347,0.2051,-1.0886,14.7939,-4.3282,-44.0916
526.0000,0.3462,0.2083,-1.0972,13.4962,-4.3969,-41.7634
495.0000,0.3391,0.2112,-1.0955,11.6947,-4.7328,-40.5115
500.0000,0.3408,0.2043,-1.1077,8.8931,-4.6412,-38.9771
513.0000,0.3445,0.1978,-1.1089,6.8168,-4.7634,-37.4580
502.0000,0.3542,0.1921,-1.1167,6.3511,-4.5344,-34.6489
490.0000,0.3562,0.1885,-1.1189,6.4504,-5.1527,-31.6260
509.0000,0.3679,0.1968,-1.1130,5.5802,-5.8626,-28.8015
499.0000,0.3726,0.2102,-1.1047,5.6489,-6.7023,-25.8015
494.0000,0.3782,0.2187,-1.0850,5.4885,-7.3282,-22.6489
499.0000,0.3638,0.2332,-1.0869,4.7634,-7.5267,-18.9160
503.0000,0.3748,0.2500,-1.0776,5.1527,-6.3511,-14.3359
486.0000,0.3975,0.2664,-1.0647,5.9084,-5.5115,-10.0305
516.0000,0.3892,0.2798,-1.0615,7.5267,-4.4427,-6.1603
480.0000,0.3972,0.2805,-1.0503,8.9695,-3.4351,-3.0534
486.0000,0.4106,0.2834,-1.0525,9.2672,-2.6183,-0.5420
502.0000,0.3970,0.2778,-1.0647,8.2214,-2.0076,1.5878
504.0000,0.3965,0.2705,-1.0610,5.6718,-2.3817,4.4198
491.0000,0.3921,0.2629,-1.0806,2.1603,-2.2748,7.3817
498.0000,0.3958,0.2690,-1.0828,-1.1679,-2.0687,10.3511
484.0000,0.3821,0.2644,-1.0894,-4.3511,-2.2977,13.4427
480.0000,0.3730,0.2734,-1.1042,-7.5573,-3.2061,16.8473
508.0000,0.3760,0.2656,-1.1079,-9.8702,-4.1221,20.8473
496.0000,0.3633,0.2798,-1.1086,-11.0534,-5.0229,25.2214
475.0000,0.3542,0.2754,-1.1062,-10.7405,-6.0763,30.5420
498.0000,0.3591,0.2825,-1.0896,-8.8015,-6.0305,35.6641
496.0000,0.3628,0.2854,-1.0791,-6.0229,-5.6260,40.0687
474.0000,0.3696,0.2822,-1.0828,-3.9389,-5.4580,44.6641
506.0000,0.3633,0.2830,-1.0857,-3.0916,-5.8244,49.4504
507.0000,0.3628,0.2903,-1.0994,-2.5649,-6.5420,54.8168
511.0000,0.3416,0.2979,-1.1155,-3.8626,-7.0000,60.2366
483.0000,0.3403,0.2971,-1.1152,-4.9008,-6.9771,65.3206
509.0000,0.3357,0.2969,-1.1226,-6.4656,-7.2977,69.1679
516.0000,0.3289,0.2886,-1.1270,-8.9847,-8.8779,72.9313
525.0000,0.3098,0.2834,-1.1204,-10.7252,-9.5725,77.3283
475.0000,0.3057,0.2832,-1.1296,-10.8550,-8.7939,82.0153
501.0000,0.3081,0.2817,-1.1267,-11.4733,-9.3588,86.4275
502.0000,0.2937,0.2791,-1.1355,-11.5802,-8.9389,90.8931
523.0000,0.2844,0.2744,-1.1460,-13.6947,-8.4351,95.3283
504.0000,0.2847,0.2634,-1.1519,-13.8321,-7.6489,99.3970
507.0000,0.2771,0.2400,-1.1599,-15.4656,-8.5115,101.9008
531.0000,0.2612,0.2151,-1.1719,-17.6794,-9.4885,104.5496
468.0000,0.2568,0.1855,-1.1729,-19.3969,-10.6489,107.7939
522.0000,0.2461,0.1619,-1.1738,-20.8779,-11.1908,111.9084
464.0000,0.2349,0.1353,-1.1692,-22.4809,-11.4580,115.3740
524.0000,0.2292,0.1179,-1.1626,-23.5725,-12.2290,119.8244
402.0000,0.2256,0.1082,-1.1521,-23.5954,-13.1832,124.4504
517.0000,0.2119,0.0962,-1.1499,-19.7710,-12.0916,129.4733
518.0000,0.2061,0.1011,-1.1248,-15.4656,-13.7481,134.7863
517.0000,0.2080,0.1155,-1.1245,-9.7023,-16.1756,139.4733
499.0000,0.2173,0.1108,-1.1138,-4.1221,-14.0458,143.4962
501.0000,0.2178,0.1172,-1.1143,-2.0000,-10.5267,146.5191
514.0000,0.2307,0.1267,-1.1223,-5.1298,-6.8397,148.6565
529.0000,0.2263,0.1362,-1.1355,-12.7099,-5.0992,150.0992
487.0000,0.2278,0.1511,-1.1438,-21.1298,-2.8855,151.3130
511.0000,0.2185,0.1543,-1.1460,-28.9237,-0.2290,151.7633
440.0000,0.2136,0.1375,-1.1531,-35.2977,0.3511,151.0000
509.0000,0.2048,0.1138,-1.1431,-40.3282,-0.2214,149.9389
419.0000,0.1987,0.0969,-1.1389,-44.5573,-0.3359,149.5649
513.0000,0.1995,0.0815,-1.1362,-46.8092,-0.1450,150.2672
495.0000,0.2051,0.0647,-1.1545,-49.5344,-0.1756,151.2290
507.0000,0.1990,0.0439,-1.1577,-51.9695,-1.6870,152.5038
541.0000,0.1965,0.0337,-1.1423,-54.8321,-2.6336,154.8015
495.0000,0.1846,0.0366,-1.1372,-54.9695,-3.1450,159.1298
514.0000,0.1804,0.0405,-1.1150,-52.7328,-2.7939,163.9389
569.0000,0.1731,0.0537,-1.0999,-48.8015,-1.2901,168.7023
427.0000,0.1746,0.0659,-1.0840,-44.5496,0.4656,172.5572
483.0000,0.1831,0.0615,-1.0935,-40.3588,3.0611,175.5572
577.0000,0.1755,0.0591,-1.1157,-38.3130,5.3511,177.0382
518.0000,0.1589,0.0344,-1.1270,-37.8855,7.2519,177.5191
485.0000,0.1538,0.0120,-1.1423,-39.2595,9.2290,177.4580
530.0000,0.1436,-0.0007,-1.1675,-42.3740,9.3130,177.0153
492.0000,0.1504,-0.0159,-1.1814,-47.8015,7.6031,176.7786
523.0000,0.1519,-0.0317,-1.2004,-53.8168,5.8855,176.7176
492.0000,0.1619,-0.0337,-1.1841,-57.9389,5.4580,176.7786
520.0000,0.1653,-0.0286,-1.1782,-59.9695,3.9542,176.4275
529.0000,0.1670,-0.0410,-1.1763,-60.3664,1.3664,176.2366
524.0000,0.1575,-0.0425,-1.1589,-59.0000,0.4809,176.7786
505.0000,0.1492,-0.0588,-1.1401,-55.8168,2.2443,177.8168
504.0000,0.1470,-0.0698,-1.1248,-51.8244,4.3053,178.6794
534.0000,0.1538,-0.0728,-1.1230,-48.3664,6.5802,179.9466
483.0000,0.1523,-0.0703,-1.1206,-44.6489,8.8702,181.3206
484.0000,0.1604,-0.0808,-1.1440,-42.5573,11.7405,182.3740
520.0000,0.1484,-0.0894,-1.1394,-40.5115,14.2901,182.6641
420.0000,0.1509,-0.1040,-1.1633,-39.2977,17.7405,182.1298
484.0000,0.1519,-0.1208,-1.1614,-39.4809,18.5420,179.8168
549.0000,0.1624,-0.1345,-1.1736,-39.9618,17.5496,177.7557
509.0000,0.1758,-0.1514,-1.1716,-40.6260,19.3817,176.4351
470.0000,0.1860,-0.1536,-1.1587,-39.8626,21.2519,174.7786
553.0000,0.1909,-0.1621,-1.1445,-39.0076,21.5267,174.5267
530.0000,0.1943,-0.1685,-1.1426,-36.8779,21.7481,173.9084
495.0000,0.1831,-0.1816,-1.1399,-34.4427,22.3664,173.4122
470.0000,0.1799,-0.2112,-1.1392,-33.1756,21.4885,172.6412
504.0000,0.1741,-0.2268,-1.1375,-32.5802,21.2443,172.4198
507.0000,0.1777,-0.2385,-1.1416,-32.7863,19.2061,170.8779
526.0000,0.1760,-0.2280,-1.1453,-32.8931,17.4580,170.3969
527.0000,0.1907,-0.2280,-1.1521,-32.6565,16.4580,169.8931
521.0000,0.1992,-0.2271,-1.1506,-30.0840,15.4504,168.7481
534.0000,0.1990,-0.2263,-1.1316,-24.5344,14.9084,166.5649
500.0000,0.1829,-0.2317,-1.1182,-19.5573,12.9008,163.7405
522.0000,0.1831,-0.2166,-1.1204,-18.6489,10.1527,160.9695
512.0000,0.1748,-0.2212,-1.1182,-20.4504,5.4733,158.2214
498.0000,0.1912,-0.2156,-1.1226,-25.0076,3.5038,157.6717
590.0000,0.1960,-0.2058,-1.1079,-21.5496,2.2061,155.8931
519.0000,0.2119,-0.2036,-1.0552,-16.8473,9.5649,151.5267
463.0000,0.1951,-0.2273,-1.0400,-11.2061,12.1756,146.3969
536.0000,0.2065,-0.2454,-1.0576,-7.8626,14.5115,144.5191
506.0000,0.2056,-0.2642,-1.0889,-7.8473,16.6183,142.3969
552.0000,0.2126,-0.2668,-1.1248,-10.0382,13.2824,138.8168
563.0000,0.2175,-0.2729,-1.1458,-13.1145,10.9160,134.6031
526.0000,0.2275,-0.2637,-1.1404,-14.7557,11.8626,130.6336
503.0000,0.2212,-0.2815,-1.1077,-15.9237,12.5878,127.6412
430.0000,0.2322,-0.2935,-1.0745,-11.3435,14.2901,125.7557
554.0000,0.2522,-0.3032,-1.0542,-2.9466,17.4046,123.3359
507.0000,0.2378,-0.3237,-1.0581,1.8626,16.3893,119.8092
533.0000,0.2332,-0.3296,-1.0813,-0.8473,13.8168,116.6031
565.0000,0.2388,-0.3113,-1.0974,-7.7252,11.6794,113.9160
489.0000,0.2537,-0.3076,-1.1003,-13.7481,10.9542,111.7252
490.0000,0.2659,-0.2947,-1.0913,-15.8168,11.3664,108.7252
558.0000,0.2847,-0.2852,-1.0881,-13.9924,10.8550,105.2137
515.0000,0.2913,-0.2815,-1.1025,-9.6870,10.6183,102.7023
540.0000,0.2869,-0.2827,-1.1067,-6.9313,10.5725,98.1145
555.0000,0.2788,-0.3076,-1.1196,-6.8779,9.3511,93.3740
524.0000,0.2825,-0.3462,-1.1255,-8.0382,7.7023,88.6183
483.0000,0.2776,-0.3643,-1.1116,-8.4656,6.5649,85.0458
514.0000,0.2852,-0.3796,-1.1030,-8.8015,5.7786,81.3435
444.0000,0.2839,-0.3831,-1.0957,-8.0305,5.0840,77.1069
494.0000,0.2820,-0.3745,-1.0837,-7.5802,4.4122,71.9466
501.0000,0.2661,-0.3640,-1.0898,-7.5725,3.2748,66.6107
504.0000,0.2664,-0.3647,-1.0913,-7.4580,3.4809,60.5115
482.0000,0.2737,-0.3762,-1.0964,-4.7099,4.1145,54.8855
503.0000,0.2939,-0.3865,-1.0874,0.4046,4.5878,49.2824
469.0000,0.2949,-0.4075,-1.0747,3.5191,5.3664,42.6565
488.0000,0.2922,-0.4114,-1.0647,4.4046,4.6183,35.0763
492.0000,0.2993,-0.4199,-1.0554,2.9695,4.7176,27.2824
498.0000,0.2932,-0.4373,-1.0645,3.2214,3.4122,19.7099
476.0000,0.2966,-0.4333,-1.0776,2.4275,4.5802,10.7405
496.0000,0.2947,-0.4294,-1.0725,0.6489,2.7710,1.2290
489.0000,0.3010,-0.4324,-1.1038,-3.5573,0.3893,-8.6260
474.0000,0.3018,-0.4417,-1.1062,-7.6870,-2.0382,-18.0534
498.0000,0.3074,-0.4724,-1.1016,-10.3282,-4.4198,-26.9237
505.0000,0.3113,-0.4822,-1.0867,-8.8702,-5.4122,-34.0916
464.0000,0.3032,-0.4827,-1.0625,-3.3511,-5.5649,-39.7786
509.0000,0.3093,-0.4678,-1.0542,5.1985,-5.6718,-44.3206
497.0000,0.3196,-0.4624,-1.0527,13.1374,-4.9695,-49.3359
468.0000,0.3347,-0.4519,-1.0779,19.7405,-3.9084,-54.0534
504.0000,0.3384,-0.4387,-1.0996,22.5878,-3.7328,-58.4809
492.0000,0.3240,-0.4121,-1.1091,22.7557,-2.6183,-63.2137
461.0000,0.3118,-0.3984,-1.1152,21.3511,-3.6947,-68.5649
511.0000,0.3052,-0.3916,-1.1233,19.7252,-3.8855,-74.8931
508.0000,0.2932,-0.3965,-1.1301,18.1374,-3.5038,-81.2443
469.0000,0.2822,-0.3870,-1.1406,15.7710,-5.1832,-87.3283
500.0000,0.2764,-0.3862,-1.1577,13.3053,-7.2290,-93.4428
510.0000,0.2815,-0.3730,-1.1567,10.9771,-9.4504,-98.7939
484.0000,0.2869,-0.3645,-1.1562,9.5115,-11.2443,-103.6794
493.0000,0.2822,-0.3657,-1.1375,7.8168,-12.3130,-107.9084
504.0000,0.2744,-0.3579,-1.1306,7.0229,-12.9847,-111.0687
494.0000,0.2690,-0.3440,-1.1064,7.2901,-14.2519,-113.9542
501.0000,0.2537,-0.3398,-1.1062,7.1298,-16.5344,-116.6718
516.0000,0.2498,-0.3511,-1.0967,5.8397,-17.6260,-119.0153
494.0000,0.2627,-0.3567,-1.0945,6.6336,-16.1298,-121.2519
501.0000,0.2583,-0.3555,-1.0820,9.2290,-13.8244,-123.4198
508.0000,0.2561,-0.3645,-1.0798,12.2824,-11.7176,-126.1374
501.0000,0.2471,-0.3582,-1.0837,14.3740,-10.3053,-128.2519
499.0000,0.2339,-0.3528,-1.0940,15.6794,-9.6794,-129.5878
500.0000,0.2327,-0.3430,-1.1035,16.6183,-8.3664,-131.3053
500.0000,0.2278,-0.3250,-1.0989,17.6794,-7.4504,-133.1221
505.0000,0.2197,-0.3079,-1.1018,18.7328,-6.9160,-135.0840
505.0000,0.2163,-0.2805,-1.1001,19.8550,-7.2519,-137.0916
502.0000,0.2119,-0.2761,-1.1003,20.8702,-8.6641,-139.6870
504.0000,0.2061,-0.2637,-1.1008,22.0229,-10.2443,-142.5572
489.0000,0.2026,-0.2632,-1.0886,23.4351,-11.6031,-145.2748
503.0000,0.2102,-0.2861,-1.0496,27.0000,-12.3130,-148.2824
500.0000,0.1934,-0.3074,-1.0322,30.4122,-12.0763,-150.1298
513.0000,0.1860,-0.3115,-1.0142,32.2901,-10.7176,-151.2443
511.0000,0.1875,-0.3081,-0.9988,33.3359,-9.4351,-151.8702
494.0000,0.2114,-0.2874,-1.0347,33.6870,-7.9847,-152.4198
512.0000,0.2144,-0.2651,-1.0386,32.9466,-7.6641,-152.7557
494.0000,0.2278,-0.2312,-1.0562,31.6947,-7.9695,-152.6717
496.0000,0.2405,-0.2046,-1.0610,29.5649,-9.5649,-152.6717
493.0000,0.2659,-0.1755,-1.0686,31.0534,-5.1145,-155.1756
497.0000,0.2480,-0.1790,-1.0872,31.9771,-10.0305,-157.8550
499.0000,0.2769,-0.1641,-1.1074,30.6183,-10.9008,-161.2519
503.0000,0.2927,-0.1592,-1.1238,29.6183,-13.2977,-164.0687
496.0000,0.3081,-0.1797,-1.1306,27.4962,-15.8473,-166.5267
499.0000,0.3130,-0.1694,-1.1416,26.5038,-17.4885,-168.5649
492.0000,0.3193,-0.1677,-1.1504,26.8855,-19.5802,-169.0305
501.0000,0.3193,-0.1602,-1.1357,26.9237,-19.9237,-169.4046
499.0000,0.3318,-0.1550,-1.1138,27.5496,-21.4046,-170.1450
513.0000,0.3286,-0.1704,-1.0806,29.4733,-21.0458,-170.4809
497.0000,0.3306,-0.1978,-1.0491,32.9313,-18.3206,-171.1145
497.0000,0.3318,-0.2283,-1.0195,36.2366,-14.6718,-171.8931
494.0000,0.3054,-0.2454,-1.0076,37.7939,-13.2672,-172.7405
500.0000,0.3179,-0.2366,-1.0205,32.4580,-6.0916,-172.7939
505.0000,0.3108,-0.2078,-1.0347,25.3817,-3.2977,-172.3588
501.0000,0.3005,-0.1719,-1.0613,18.2214,-1.9542,-170.5572
499.0000,0.3088,-0.1548,-1.0828,14.4580,-0.6031,-169.9389
482.0000,0.3049,-0.1365,-1.0854,13.7176,2.4733,-169.6717
506.0000,0.3093,-0.1255,-1.0876,13.2595,3.6870,-169.7557
485.0000,0.3135,-0.1238,-1.0884,13.8092,3.7786,-170.4351
496.0000,0.3086,-0.1138,-1.0884,16.6183,0.5191,-171.3893
499.0000,0.3000,-0.1099,-1.0757,20.1908,-4.0763,-172.0305
489.0000,0.2898,-0.1201,-1.0466,24.3282,-7.9695,-172.1069
496.0000,0.2817,-0.1211,-1.0208,28.3206,-9.3817,-171.2061
497.0000,0.2747,-0.1113,-1.0085,31.1603,-9.0305,-171.2519
499.0000,0.2798,-0.0852,-1.0103,31.7710,-7.8550,-171.7176
490.0000,0.2869,-0.0640,-1.0269,28.4580,-8.5267,-171.6183
510.0000,0.2913,-0.0376,-1.0488,24.3740,-8.5496,-170.9771
497.0000,0.2849,-0.0100,-1.0732,21.7023,-8.7710,-169.9008
498.0000,0.2847,0.0046,-1.0857,20.3282,-8.0229,-169.3359
497.0000,0.2869,0.0095,-1.0967,18.8168,-8.5954,-170.0229
496.0000,0.2905,0.0186,-1.1001,17.1985,-9.8015,-171.2748
492.0000,0.2939,0.0176,-1.0876,16.5496,-11.1374,-171.3359
499.0000,0.2893,0.0237,-1.0781,15.5878,-11.4122,-170.0916
497.0000,0.2971,0.0352,-1.0928,15.7176,-11.8626,-168.7710
484.0000,0.2859,0.0547,-1.0876,17.2824,-11.5420,-166.3282
510.0000,0.2864,0.0698,-1.1001,21.5420,-10.5573,-163.4886
487.0000,0.2830,0.0959,-1.1016,26.7939,-10.2595,-160.9924
500.0000,0.2864,0.1064,-1.1138,30.6412,-10.5649,-159.5649
506.0000,0.2979,0.1072,-1.1091,31.6412,-10.7176,-159.4809
498.0000,0.3000,0.1035,-1.1199,30.2443,-9.8855,-159.1908
502.0000,0.3027,0.1042,-1.1248,27.0534,-8.1756,-158.1603
514.0000,0.3025,0.0945,-1.1401,24.2061,-6.4198,-156.4809
490.0000,0.3010,0.1025,-1.1316,22.2366,-5.0076,-154.6870
506.0000,0.3005,0.0967,-1.1357,20.4580,-4.2824,-153.0000
519.0000,0.3030,0.1018,-1.1436,19.7557,-4.0000,-150.7633
491.0000,0.2957,0.1147,-1.1628,20.2061,-4.0229,-147.5725
501.0000,0.2947,0.1233,-1.1545,21.6718,-4.1832,-143.9084
506.0000,0.2888,0.1421,-1.1487,23.7176,-3.6794,-139.7405
501.0000,0.2722,0.1594,-1.1431,26.1298,-3.1603,-135.4504
498.0000,0.2673,0.1714,-1.1404,28.4580,-2.6489,-131.1832
516.0000,0.2646,0.1960,-1.1340,31.1221,-0.7023,-127.1069
495.0000,0.2649,0.2073,-1.1445,32.6641,0.3511,-123.9160
503.0000,0.2695,0.2197,-1.1531,32.4733,1.1679,-121.0992
512.0000,0.2688,0.2361,-1.1494,30.8473,1.4580,-118.0534
497.0000,0.2805,0.2378,-1.1499,28.9160,1.4122,-114.9084
494.0000,0.2891,0.2390,-1.1643,26.9160,0.6260,-112.3893
512.0000,0.2976,0.2390,-1.1606,25.3282,0.7557,-109.4657
501.0000,0.2983,0.2334,-1.1475,23.6718,0.2519,-106.6794
504.0000,0.2917,0.2397,-1.1389,21.6641,-0.4809,-103.5191
520.0000,0.2886,0.2412,-1.1443,20.2901,-0.7023,-99.4428
499.0000,0.2939,0.2466,-1.1636,18.5114,-0.7099,-94.7176
508.0000,0.2935,0.2605,-1.1438,16.6794,-2.0229,-90.7863
511.0000,0.2874,0.2622,-1.1431,15.6794,-2.2901,-86.4657
483.0000,0.2913,0.2820,-1.1414,14.7710,-1.6183,-81.4962
499.0000,0.2947,0.2776,-1.1245,15.9847,-1.5267,-76.5878
522.0000,0.3062,0.2693,-1.1335,18.0840,-1.9237,-72.1527
496.0000,0.3108,0.2725,-1.1057,19.2290,-1.4351,-67.3435
491.0000,0.3215,0.2642,-1.1160,19.4885,-1.5573,-62.7786
525.0000,0.3247,0.2632,-1.1174,19.4962,-2.3130,-58.4351
501.0000,0.3181,0.2600,-1.1179,18.4885,-2.3130,-53.0916
494.0000,0.3154,0.2627,-1.1216,17.7710,-2.3664,-47.9771
524.0000,0.3098,0.2585,-1.1287,17.0305,-3.4733,-43.8626
498.0000,0.3125,0.2578,-1.1084,15.9618,-4.4656,-40.3664
503.0000,0.3018,0.2502,-1.1006,14.8092,-5.7557,-36.8397
523.0000,0.2881,0.2532,-1.0745,13.6336,-6.5573,-33.3130
507.0000,0.2834,0.2583,-1.0747,12.2366,-5.9542,-28.9313
494.0000,0.2854,0.2673,-1.0769,10.5420,-5.0687,-24.2824
503.0000,0.2927,0.2820,-1.0950,8.3053,-5.2443,-20.2977
505.0000,0.2966,0.2734,-1.1064,4.2595,-6.1756,-17.1145
493.0000,0.2979,0.2720,-1.1082,-0.2595,-6.8092,-13.8092
502.0000,0.2966,0.2600,-1.1123,-3.1832,-7.1985,-10.1450
511.0000,0.2981,0.2356,-1.1084,-5.6336,-7.5878,-6.5954
486.0000,0.2988,0.2217,-1.1089,-9.0076,-8.6412,-2.6947
507.0000,0.3062,0.2139,-1.1040,-11.5038,-8.9084,1.7634
535.0000,0.3018,0.2187,-1.1167,-13.2214,-8.5496,7.0382
471.0000,0.3010,0.2256,-1.1228,-14.8626,-8.3435,12.2214
495.0000,0.2976,0.2510,-1.1292,-15.7405,-9.8626,18.1527
498.0000,0.3015,0.2712,-1.1362,-15.8244,-9.9695,24.2748
485.0000,0.2993,0.2871,-1.1306,-15.9389,-9.2672,30.5573
503.0000,0.3076,0.2947,-1.1184,-14.3206,-8.4504,36.2290
496.0000,0.3005,0.2954,-1.1189,-11.2366,-5.8321,42.5802
487.0000,0.2852,0.3027,-1.1182,-7.9084,-3.8397,48.8015
517.0000,0.2939,0.3164,-1.1206,-5.1298,-2.6107,55.0305
468.0000,0.2876,0.3103,-1.1296,-3.0458,-1.6107,60.9084
467.0000,0.2864,0.3108,-1.1409,-2.4504,-0.5344,66.0763
503.0000,0.2966,0.3066,-1.1421,-4.0458,-0.1374,71.1679
487.0000,0.2764,0.3076,-1.1353,-6.8397,0.4809,76.3511
482.0000,0.2734,0.3071,-1.1392,-9.4122,1.3130,81.6794
502.0000,0.2773,0.3035,-1.1399,-11.5573,1.8626,86.3206
509.0000,0.2754,0.2947,-1.1514,-13.5267,2.5954,91.0000
483.0000,0.2676,0.2808,-1.1575,-15.3969,2.2595,95.3588
491.0000,0.2634,0.2852,-1.1594,-18.5114,1.7634,100.6794
502.0000,0.2476,0.2737,-1.1555,-21.9618,1.0153,105.9084
473.0000,0.2422,0.2678,-1.1343,-21.5954,1.5191,112.0153
512.0000,0.2275,0.2703,-1.1125,-18.5573,2.7863,118.9160
507.0000,0.2109,0.2659,-1.0896,-13.6107,4.0305,125.8473
471.0000,0.2068,0.2727,-1.0823,-8.0611,6.2443,132.0458
489.0000,0.2073,0.2629,-1.0686,-2.2672,9.1145,137.4122
488.0000,0.2126,0.2419,-1.0806,1.8397,13.0534,142.0687
502.0000,0.2078,0.2249,-1.0972,2.8473,16.5878,146.2366
514.0000,0.2097,0.1943,-1.1099,0.1374,19.1221,149.0611
536.0000,0.2134,0.1599,-1.1348,-5.0076,20.6031,151.0000
500.0000,0.2180,0.1326,-1.1609,-10.8855,21.6641,153.4275
483.0000,0.2278,0.1045,-1.1836,-15.6183,21.4580,156.2977
515.0000,0.2371,0.0696,-1.2129,-13.3282,20.8092,158.2443
508.0000,0.2375,0.0464,-1.2268,-16.6794,20.6260,160.5649
487.0000,0.2319,0.0215,-1.2246,-18.0153,18.4351,163.6031
525.0000,0.2249,0.0046,-1.2095,-14.9847,18.4198,166.7405
521.0000,0.2200,-0.0103,-1.1799,-9.7634,16.5649,168.3969
480.0000,0.2073,-0.0149,-1.1477,-4.4504,14.6947,170.0534
503.0000,0.2058,-0.0227,-1.1472,-4.3664,12.7252,171.5420
501.0000,0.2278,-0.0144,-1.1211,-3.1756,18.4962,174.8550
476.0000,0.2124,-0.0005,-1.1243,-10.1374,18.9924,176.5802
549.0000,0.2136,0.0254,-1.1035,-15.7252,24.5725,177.8931
477.0000,0.2061,0.0437,-1.1133,-23.4504,27.1374,176.6870
495.0000,0.1946,0.0349,-1.1079,-31.2595,27.8626,175.2290
517.0000,0.2075,0.0232,-1.1069,-37.9008,31.1603,174.3206
504.0000,0.1956,0.0144,-1.1145,-45.0305,33.9542,173.2061
501.0000,0.1958,0.0007,-1.1460,-52.8931,34.6641,171.9771
519.0000,0.2039,-0.0288,-1.1599,-58.9466,33.6718,170.2366
522.0000,0.2092,-0.0500,-1.1821,-63.1985,31.9847,167.8244
428.0000,0.1865,-0.0901,-1.1711,-65.0458,28.8397,166.0153
539.0000,0.1724,-0.1082,-1.1550,-64.1069,26.3969,165.6717
470.0000,0.1692,-0.1221,-1.1418,-61.3206,24.9160,166.4962
526.0000,0.1675,-0.1238,-1.1326,-58.1527,23.5038,166.8168
502.0000,0.1848,-0.1309,-1.1313,-56.2137,24.2519,167.1679
481.0000,0.1953,-0.1348,-1.1199,-54.7481,22.9695,167.7405
542.0000,0.1956,-0.1411,-1.1101,-55.0992,22.8168,168.8550
547.0000,0.2031,-0.1370,-1.1040,-54.7099,25.7405,170.4962
509.0000,0.1956,-0.1531,-1.1082,-53.3588,27.3206,171.7710
491.0000,0.1821,-0.1428,-1.1033,-51.6107,26.0305,172.4198
524.0000,0.1833,-0.1462,-1.1233,-49.3664,25.3817,173.2748
500.0000,0.1860,-0.1440,-1.1370,-47.6412,25.9160,173.2901
555.0000,0.1885,-0.1431,-1.1509,-47.6794,26.3282,172.2824
446.0000,0.1943,-0.1487,-1.1753,-47.9695,22.5344,169.8855
495.0000,0.2056,-0.1497,-1.1636,-50.4427,21.5344,167.4046
524.0000,0.2051,-0.1587,-1.1599,-51.2214,19.2061,164.8244
550.0000,0.2102,-0.1670,-1.1362,-50.2824,18.1069,162.2137
490.0000,0.2197,-0.1860,-1.1025,-46.2519,19.6183,160.0305
503.0000,0.2102,-0.2024,-1.0901,-41.8168,19.9466,158.4122
494.0000,0.2195,-0.2300,-1.0864,-39.3817,20.4427,157.6260
410.0000,0.2117,-0.2444,-1.1069,-38.7252,18.8779,156.8702
511.0000,0.2080,-0.2456,-1.1191,-41.6031,15.9542,156.3511
471.0000,0.2202,-0.2422,-1.1221,-46.5191,16.1221,156.2214
511.0000,0.2192,-0.2361,-1.1206,-49.3817,12.8473,155.1374
507.0000,0.2344,-0.2236,-1.1260,-52.5496,10.2824,154.4427
526.0000,0.2568,-0.2244,-1.1018,-50.4504,11.7405,153.1145
469.0000,0.2585,-0.2332,-1.0874,-44.0534,10.4351,151.3282
524.0000,0.2656,-0.2407,-1.0808,-38.4122,11.1756,150.0382
519.0000,0.2432,-0.2542,-1.0942,-31.4427,7.2214,148.1679
495.0000,0.2483,-0.2710,-1.0955,-27.8397,3.9160,146.2443
500.0000,0.2344,-0.2688,-1.0710,-27.4580,3.2519,144.3817
516.0000,0.2317,-0.2700,-1.0974,-28.1450,0.5954,143.4504
539.0000,0.2600,-0.2559,-1.0837,-29.0458,5.4962,141.9237
504.0000,0.2373,-0.2600,-1.0852,-25.7710,4.2672,140.2290
518.0000,0.2383,-0.2493,-1.0835,-23.4656,4.0305,138.2061
545.0000,0.2642,-0.2495,-1.0657,-22.9695,8.3664,135.8779
478.0000,0.2644,-0.2615,-1.0874,-19.9618,7.4580,133.4962
501.0000,0.2739,-0.2600,-1.0713,-19.2290,9.4962,130.5496
556.0000,0.2678,-0.2935,-1.0823,-18.1679,9.8397,127.5725
504.0000,0.2778,-0.3032,-1.0732,-17.2748,11.2977,125.4504
529.0000,0.2898,-0.3054,-1.0779,-19.6183,13.3206,124.0382
530.0000,0.3057,-0.2976,-1.0520,-20.9466,20.3817,121.2824
503.0000,0.2891,-0.2957,-1.0415,-22.9847,23.1374,117.8931
443.0000,0.2805,-0.3069,-1.0520,-23.4198,23.8550,117.4962
479.0000,0.2954,-0.3157,-1.0818,-20.5038,24.1298,117.7786
508.0000,0.2986,-0.3184,-1.0950,-18.4962,21.3664,114.9313
523.0000,0.2976,-0.3091,-1.0979,-18.5038,20.1527,111.7710
461.0000,0.2893,-0.3228,-1.1101,-17.6870,17.7939,109.6718
566.0000,0.2881,-0.3337,-1.1052,-17.8092,15.7405,107.9466
511.0000,0.2993,-0.3364,-1.0786,-16.2977,14.9847,106.3970
423.0000,0.3149,-0.3521,-1.0708,-13.4198,14.4122,105.0611
483.0000,0.3052,-0.3484,-1.0681,-7.2137,14.4504,104.8321
519.0000,0.3069,-0.3398,-1.0540,-2.0687,15.9160,104.5496
506.0000,0.2925,-0.3389,-1.0483,0.5954,15.2214,102.3359
455.0000,0.2996,-0.3264,-1.0649,-0.6412,15.6565,101.1603
507.0000,0.3013,-0.3325,-1.0986,-4.1145,17.0382,97.2290
503.0000,0.2905,-0.3462,-1.1089,-9.4656,15.1908,92.1221
541.0000,0.2903,-0.3513,-1.1211,-15.4885,12.2748,86.9389
514.0000,0.3022,-0.3672,-1.1077,-18.0992,11.9160,82.2977
508.0000,0.3071,-0.3767,-1.0920,-17.2061,11.2748,77.2443
511.0000,0.3066,-0.3882,-1.0691,-14.8931,11.0153,72.4580
524.0000,0.3020,-0.3835,-1.0649,-12.2366,10.0992,67.6412
482.0000,0.2866,-0.4023,-1.0750,-12.6260,9.1527,63.0611
506.0000,0.2881,-0.4106,-1.0881,-15.0153,8.0382,57.9008
508.0000,0.3105,-0.4165,-1.0935,-16.7176,6.3359,52.1298
497.0000,0.3147,-0.4236,-1.0933,-15.2748,3.7557,46.5191
501.0000,0.3159,-0.4221,-1.0823,-12.9389,3.1985,41.3282
514.0000,0.3140,-0.4126,-1.0623,-8.8931,3.1756,35.7176
485.0000,0.3145,-0.4104,-1.0422,-4.4809,2.2290,29.7710
516.0000,0.2942,-0.4146,-1.0493,-0.9924,2.5191,23.3969
505.0000,0.2881,-0.4221,-1.0525,1.2443,2.4275,15.9695
500.0000,0.2981,-0.4321,-1.0640,0.0534,1.5802,7.2595
489.0000,0.3042,-0.4543,-1.0635,-3.2977,-0.3511,-2.7481
523.0000,0.2947,-0.4614,-1.0679,-7.7252,-1.6641,-12.5649
502.0000,0.2969,-0.4636,-1.0745,-11.6336,-2.6336,-21.9008
508.0000,0.3076,-0.4656,-1.0764,-13.3282,-3.5038,-30.4275
529.0000,0.3169,-0.4580,-1.0684,-12.2214,-3.7176,-38.1679
509.0000,0.3083,-0.4502,-1.0562,-9.3359,-4.0229,-44.8015
501.0000,0.3176,-0.4558,-1.0422,-5.1221,-3.5649,-49.6183
566.0000,0.3079,-0.4448,-1.0449,0.1527,-1.5344,-53.8397
504.0000,0.2986,-0.4421,-1.0200,5.8702,-0.4733,-57.4275
498.0000,0.2969,-0.4507,-1.0190,11.1985,-0.4275,-61.3359
499.0000,0.2971,-0.4521,-1.0305,16.1221,0.4198,-64.9466
504.0000,0.2949,-0.4568,-1.0437,19.9237,0.5344,-68.9618
489.0000,0.3010,-0.4309,-1.0435,21.7481,-0.5344,-73.0992
482.0000,0.2915,-0.4014,-1.0598,21.9389,-1.8092,-77.9008
509.0000,0.2820,-0.3872,-1.0823,21.1221,-4.5191,-83.3664
486.0000,0.2917,-0.3708,-1.0962,17.0305,-7.5954,-89.2061
508.0000,0.2905,-0.3589,-1.1023,12.1069,-9.9313,-95.1298
538.0000,0.2876,-0.3428,-1.1082,6.7099,-12.8931,-100.9008
511.0000,0.2893,-0.3384,-1.1147,0.8397,-16.2290,-106.1298
501.0000,0.2998,-0.3494,-1.1172,-3.5115,-18.1756,-110.5115
503.0000,0.2952,-0.3633,-1.1147,-5.7557,-19.5878,-114.1145
488.0000,0.2783,-0.3704,-1.1001,-5.6489,-20.0382,-116.5038
502.0000,0.2649,-0.3684,-1.0876,-2.7176,-19.9313,-118.0305
498.0000,0.2651,-0.3596,-1.0815,2.0382,-19.6489,-118.7557
498.0000,0.2795,-0.3401,-1.0708,6.7634,-18.3740,-119.4046
484.0000,0.2976,-0.3105,-1.0837,9.8779,-16.4733,-120.7405
506.0000,0.3201,-0.2783,-1.0769,11.8779,-14.2748,-122.5496
492.0000,0.3228,-0.2629,-1.0930,10.6565,-13.6412,-124.7939
503.0000,0.3235,-0.2456,-1.1116,6.8779,-14.7099,-127.0687
497.0000,0.3567,-0.2173,-1.1416,1.8015,-13.1298,-129.3282
509.0000,0.3457,-0.2178,-1.1511,-1.9160,-14.5649,-132.0458
513.0000,0.3284,-0.2136,-1.1650,-7.2061,-16.2672,-134.2290
513.0000,0.3274,-0.2183,-1.1680,-10.2595,-17.0763,-135.7557
499.0000,0.3201,-0.2236,-1.1436,-12.4656,-17.9695,-137.2443
506.0000,0.3115,-0.2358,-1.1257,-11.7099,-19.0153,-137.8702
506.0000,0.3198,-0.2429,-1.0901,-8.5115,-16.8626,-137.9160
495.0000,0.3076,-0.2480,-1.0688,-0.3588,-16.3206,-137.4886
504.0000,0.3054,-0.2439,-1.0693,3.6489,-14.4427,-135.8015
507.0000,0.3088,-0.2273,-1.0720,7.9695,-11.2061,-133.3130
491.0000,0.3171,-0.1980,-1.0913,10.8702,-10.3206,-130.7252
506.0000,0.3062,-0.1577,-1.1047,11.3053,-9.6870,-129.1985
497.0000,0.3013,-0.1157,-1.1221,10.8626,-9.4656,-128.5038
486.0000,0.3083,-0.0984,-1.1313,8.6107,-9.5725,-129.4656
497.0000,0.3042,-0.0730,-1.1243,6.5649,-10.9847,-131.0153
456.0000,0.2993,-0.0676,-1.1399,5.2977,-12.6107,-133.2366
489.0000,0.2920,-0.0818,-1.1313,5.0305,-14.7634,-135.7557
510.0000,0.2847,-0.1064,-1.1011,6.3206,-15.5191,-137.7176
491.0000,0.2686,-0.1240,-1.0767,7.8015,-15.3130,-139.7863
455.0000,0.2666,-0.1357,-1.0603,8.1679,-15.2519,-140.8244
506.0000,0.2668,-0.1504,-1.0657,7.4351,-14.7252,-141.0382
498.0000,0.2700,-0.1523,-1.0754,4.4351,-15.4275,-140.5725
485.0000,0.2942,-0.1416,-1.0913,1.3053,-15.4198,-139.0076
485.0000,0.3044,-0.1257,-1.0876,0.6947,-13.6183,-136.8855
497.0000,0.3105,-0.1108,-1.0874,2.6794,-11.5573,-135.1145
488.0000,0.3149,-0.0918,-1.0693,5.8321,-9.0916,-133.3359
501.0000,0.2898,-0.0774,-1.0493,9.8397,-6.9618,-131.7633
486.0000,0.2893,-0.0645,-1.0588,14.1450,-6.0000,-130.5191
468.0000,0.2964,-0.0557,-1.0674,18.0076,-4.9466,-129.5191
503.0000,0.2888,-0.0452,-1.0981,20.9771,-4.7176,-129.1679
506.0000,0.2898,-0.0430,-1.1309,21.6260,-4.5038,-129.2137
481.0000,0.2893,-0.0300,-1.1323,20.8855,-5.0229,-128.9695
497.0000,0.2998,-0.0159,-1.1379,19.8244,-8.3206,-128.9237
484.0000,0.3052,0.0015,-1.1421,18.1756,-9.4809,-128.6336
483.0000,0.3037,0.0110,-1.1228,17.5573,-10.5344,-128.6947
502.0000,0.3093,0.0259,-1.0923,17.3206,-10.0763,-129.8244
499.0000,0.2908,0.0073,-1.0857,18.0763,-16.7099,-130.8473
472.0000,0.3083,0.0129,-1.0618,14.9389,-15.8626,-131.4580
520.0000,0.3096,0.0093,-1.0391,13.3817,-15.9542,-132.4962
499.0000,0.3176,-0.0156,-1.0286,8.3817,-14.5267,-133.4275
475.0000,0.3167,-0.0283,-1.0229,4.7176,-12.2443,-134.7328
492.0000,0.3030,-0.0371,-1.0325,2.1298,-10.7252,-135.0916
499.0000,0.2961,-0.0332,-1.0264,-2.1221,-10.7939,-134.8168
477.0000,0.2927,-0.0222,-1.0566,-5.9313,-9.6947,-133.7863
493.0000,0.2893,-0.0110,-1.0654,-9.0534,-11.1603,-132.2137
492.0000,0.2910,0.0107,-1.0803,-11.8321,-12.8321,-130.0000
474.0000,0.3059,0.0400,-1.0906,-11.8931,-11.7786,-127.6565
492.0000,0.3135,0.0564,-1.0754,-8.9847,-12.3435,-125.3664
473.0000,0.3123,0.0745,-1.0710,-5.6412,-11.5573,-122.8473
472.0000,0.3040,0.0742,-1.0662,2.1527,-14.8244,-119.6107
495.0000,0.2996,0.0715,-1.0593,9.7328,-16.0916,-116.5725
481.0000,0.2849,0.0791,-1.0652,20.4046,-19.5649,-114.7634
477.0000,0.2791,0.0645,-1.0657,28.0000,-22.0840,-114.1374
503.0000,0.2854,0.0708,-1.0474,31.3511,-21.7863,-115.3970
477.0000,0.2600,0.0491,-1.0398,35.3511,-25.3664,-114.4046
482.0000,0.2593,0.0564,-1.0166,30.4427,-24.0611,-114.3740
482.0000,0.2791,0.0559,-1.0093,25.0763,-18.3511,-114.9618
497.0000,0.3018,0.0552,-1.0391,18.1527,-14.6183,-115.7557
478.0000,0.3066,0.0769,-1.0513,11.8168,-10.6565,-115.8015
508.0000,0.3071,0.1016,-1.0605,8.6412,-10.5115,-113.2901
495.0000,0.2988,0.1262,-1.0764,6.2137,-10.0763,-109.9924
469.0000,0.2981,0.1367,-1.0791,6.5420,-9.0916,-106.0916
501.0000,0.2944,0.1506,-1.0920,9.4351,-10.5496,-102.7939
482.0000,0.2959,0.1716,-1.0779,11.7863,-8.1527,-100.8168
483.0000,0.2866,0.1660,-1.0842,16.9008,-8.6718,-99.6641
497.0000,0.2915,0.1558,-1.0911,18.8092,-8.3893,-98.1756
489.0000,0.2881,0.1426,-1.1111,19.5267,-8.0229,-96.7328
462.0000,0.2954,0.1396,-1.1045,19.6718,-5.6336,-95.0763
495.0000,0.2854,0.1526,-1.1169,19.2519,-4.3969,-93.2977
499.0000,0.2817,0.1462,-1.1255,18.9847,-3.5878,-91.7099
472.0000,0.2817,0.1548,-1.1399,18.8855,-4.0305,-89.7481
496.0000,0.2786,0.1697,-1.1252,18.4122,-3.8092,-87.4428
497.0000,0.2876,0.1782,-1.1252,18.2748,-3.3588,-85.0458
481.0000,0.2751,0.1855,-1.1284,18.4885,-2.1679,-82.0916
488.0000,0.2769,0.1890,-1.1279,19.4885,-1.4885,-79.5267
506.0000,0.2744,0.1917,-1.1208,20.9466,0.4275,-77.0153
495.0000,0.2727,0.1902,-1.1196,23.2901,1.2137,-74.2290
492.0000,0.2690,0.1877,-1.1226,24.5038,2.2290,-71.5725
507.0000,0.2622,0.1824,-1.1282,25.5954,3.1603,-69.2290
500.0000,0.2795,0.1748,-1.1357,25.5496,5.3130,-67.0153
503.0000,0.2649,0.1682,-1.1333,25.8397,5.4962,-64.2977
510.0000,0.2554,0.1658,-1.1445,24.6641,5.7176,-61.9008
502.0000,0.2573,0.1631,-1.1545,22.8168,7.4351,-59.7405
497.0000,0.2610,0.1631,-1.1611,21.6107,8.2672,-57.2137
507.0000,0.2561,0.1565,-1.1504,19.9008,8.2901,-54.0458
498.0000,0.2610,0.1626,-1.1445,19.9008,7.9618,-50.8550
504.0000,0.2632,0.1606,-1.1431,20.6489,8.6107,-48.3817
511.0000,0.2761,0.1653,-1.1416,21.1527,9.9771,-46.1985
494.0000,0.2773,0.1611,-1.1470,22.4122,9.6794,-44.2748
503.0000,0.2876,0.1519,-1.1372,22.3206,10.3588,-42.3130
507.0000,0.2937,0.1484,-1.1401,21.9771,10.9924,-40.0229
503.0000,0.3057,0.1455,-1.1255,21.4809,11.6947,-37.8168
503.0000,0.3054,0.1335,-1.1367,21.1908,12.1298,-35.6718
502.0000,0.3130,0.1379,-1.1211,20.9008,12.1603,-33.5420
501.0000,0.3018,0.1326,-1.1262,20.6260,11.8626,-31.5420
501.0000,0.2922,0.1226,-1.1294,20.8473,11.3893,-29.0382
512.0000,0.3035,0.1360,-1.1189,21.5573,11.7634,-26.8931
495.0000,0.3020,0.1343,-1.1169,22.3969,11.3282,-25.0687
499.0000,0.3064,0.1245,-1.1089,23.3282,10.0458,-22.6947
515.0000,0.3035,0.1277,-1.1211,23.3817,10.1603,-21.1221
497.0000,0.3042,0.1155,-1.1140,23.5649,9.6107,-19.7863
492.0000,0.3086,0.1138,-1.1023,22.5038,9.8092,-17.9084
514.0000,0.3042,0.1057,-1.1016,22.4885,9.3435,-16.5114
500.0000,0.3101,0.1023,-1.1121,21.7099,8.8244,-15.2214
496.0000,0.3093,0.0850,-1.1072,19.8702,7.9084,-14.4504